1
186.5980,215.1927,40.5796,98.5905
186.4135,217.5013,39.3409,95.5810
185.1956,219.7393,38.1400,92.6634
185.5259,221.4055,36.9758,89.8348
184.8695,223.0207,35.8471,87.0926
184.7066,224.5867,34.7529,84.4340
177.9556,224.8437,35.8636,87.1325
178.1924,225.0805,35.8636,87.1325
182.7654,225.2264,34.7688,84.4728
184.9031,229.5001,33.7075,81.8942
189.6463,230.0823,32.6786,79.3944
192.0870,231.0783,31.6810,76.9709
192.2962,227.9406,31.6810,76.9709
194.9277,226.0830,32.6936,79.4308
197.7340,224.1402,32.6936,79.4308
200.9720,220.0387,32.6936,79.4308
201.0972,216.3948,33.7384,81.9695
206.1273,213.5255,34.8167,84.5892
206.7204,211.9439,35.9295,87.2927
204.9601,208.8883,37.0778,90.0825
213.1153,212.4666,35.9460,87.3327
218.6482,214.5115,34.8487,84.6669
226.7734,215.5737,33.7849,82.0824
229.6734,215.7967,33.7849,82.0824
231.2350,216.4660,33.7849,82.0824
223.4273,226.0583,33.7849,82.0824
231.2350,223.1583,33.7849,82.0824
230.0258,230.9927,34.8647,84.7057
238.1548,225.6096,33.8004,82.1201
242.7477,224.5205,34.8807,84.7446
245.6450,226.1603,35.9955,87.4531
249.7595,225.3560,34.8967,84.7835
253.7484,220.8896,33.8315,82.1955
257.6155,221.4740,32.7988,79.6865
262.2308,222.9068,31.7976,77.2540
264.9602,223.5366,31.7976,77.2540
268.9494,225.8461,31.7976,77.2540
272.0987,227.3158,31.7976,77.2540
277.8329,229.1248,30.8270,74.8958
281.6147,232.6095,31.8122,77.2895
284.2571,237.4659,32.8289,79.7596
285.2498,238.5757,33.8781,82.3088
285.8269,237.4841,34.9609,84.9394
286.5195,236.3299,34.9609,84.9394
285.7299,233.3567,36.0782,87.6540
283.4859,232.6707,37.2313,90.4554
283.1367,231.4710,38.4212,93.3464
282.9621,230.6125,37.2484,90.4970
281.2405,229.8747,37.2484,90.4970
281.0712,229.5343,36.1113,87.7345
278.3482,229.3245,37.2655,90.5385
276.7024,227.5076,36.1279,87.7748
274.9324,226.8206,37.2826,90.5801
274.6862,226.5744,37.2826,90.5801
274.4400,225.8359,37.2826,90.5801
273.2092,225.0974,37.2826,90.5801
272.0550,226.7261,36.1445,87.8151
270.9361,228.7823,35.0412,85.1345
268.9258,230.7758,33.9715,82.5358
266.0797,232.2598,32.9345,80.0163
265.9300,239.7875,31.9292,77.5738
269.1580,248.3503,30.9546,75.2058
266.9097,253.0512,30.9546,75.2058
262.6176,253.2556,30.9546,75.2058
257.0132,253.4845,31.9439,77.6094
250.8965,253.6954,31.9439,77.6094
246.4672,253.9064,31.9439,77.6094
241.1056,252.0334,32.9648,80.0898
236.1672,253.9088,31.9585,77.6450
233.4240,253.6978,31.9585,77.6450
230.1700,251.8239,32.9799,80.1266
227.6832,250.7613,34.0340,82.6874
213.8808,247.8669,35.1217,85.3301
208.9134,247.6628,36.2442,88.0573
194.3152,246.9449,36.2442,88.0573
187.9282,245.1778,35.1378,85.3693
179.8802,246.2487,34.0652,82.7634
176.5763,253.5849,33.0254,80.2370
175.0499,257.2920,33.0254,80.2370
168.6345,255.3556,34.0809,82.8014
173.7157,254.2575,35.1701,85.4477
152.5834,252.1675,35.1701,85.4477
150.8603,253.3565,36.2941,88.1786
150.0407,250.7492,37.4541,90.9968
143.7542,247.5639,38.6511,93.9050
138.3948,234.0379,38.6511,93.9050
132.0941,232.1535,37.4713,91.0386
129.4496,231.8111,36.3275,88.2596
124.0075,232.9183,35.2185,85.5654
121.5220,233.5266,34.1435,82.9535
120.3947,235.1047,34.1435,82.9535
120.0746,234.4554,35.2347,85.6047
115.6542,231.4310,35.2347,85.6047
119.6817,233.9008,34.1592,82.9916
119.5265,234.9419,33.1164,80.4583
121.9999,233.7646,32.1056,78.0023
120.1580,232.6233,31.1255,75.6212
116.1669,230.3873,32.1203,78.0381
113.4097,227.6302,32.1203,78.0381
115.3185,226.5697,32.1203,78.0381
118.5659,211.8544,31.1398,75.6559
118.8355,207.0464,30.1893,73.3465
120.6916,202.7838,29.2677,71.1076
123.2641,201.7434,28.3743,68.9370
124.9502,198.9331,28.3743,68.9370
127.7605,197.6216,28.3743,68.9370
131.3202,197.0596,28.3743,68.9370
135.3129,200.1726,27.5082,66.8327
138.0374,200.7175,27.5082,66.8327
142.9981,204.4620,26.6685,64.7926
146.0464,205.6270,25.8544,62.8148
148.5354,200.6969,26.6807,64.8223
150.4732,195.5880,26.6807,64.8223
153.1158,192.2408,26.6807,64.8223
155.4059,187.4842,26.6807,64.8223
161.2195,189.7744,26.6807,64.8223
164.9191,188.1889,26.6807,64.8223
168.6186,189.0697,26.6807,64.8223
172.3181,189.2459,26.6807,64.8223
175.3130,189.4221,26.6807,64.8223
179.3649,189.2459,26.6807,64.8223
183.4168,187.3080,26.6807,64.8223
185.6329,185.0390,27.5334,66.8941
186.8291,179.4251,28.4134,69.0320
189.2681,176.9861,28.4134,69.0320
192.0822,175.2977,28.4134,69.0320
194.4423,174.3821,29.3215,71.2383
197.7336,174.1885,29.3215,71.2383
200.6377,174.3821,29.3215,71.2383
203.5417,175.7374,29.3215,71.2383
207.6678,177.0183,28.4265,69.0637
210.5417,178.2601,27.5587,66.9555
211.0876,175.5306,27.5587,66.9555
214.2377,173.4591,26.7175,64.9117
214.7669,170.4601,26.7175,64.9117
216.0567,168.4518,25.9019,62.9302
217.5960,166.9126,25.9019,62.9302
217.7670,167.0836,25.9019,62.9302
219.3062,166.9126,25.9019,62.9302
220.1614,168.1097,25.9019,62.9302
221.6288,167.2751,26.7298,64.9415
222.8642,167.0986,26.7298,64.9415
224.8056,165.5102,26.7298,64.9415
226.0411,164.6278,26.7298,64.9415
227.9083,161.6486,27.5840,67.0170
229.1833,160.0094,27.5840,67.0170
230.0939,158.0059,27.5840,67.0170
233.6112,158.4824,26.7420,64.9713
235.2554,159.2974,25.9257,62.9880
237.4088,160.1739,26.7543,65.0011
239.2778,161.7850,27.6094,67.0785
241.7045,165.5433,26.7666,65.0309
244.3555,164.3062,26.7666,65.0309
246.0012,164.0616,25.9495,63.0458
247.5433,161.8341,25.9495,63.0458
250.1667,162.6250,25.1574,61.1214
250.6651,160.4656,25.1574,61.1214
252.4923,159.9673,25.1574,61.1214
252.9906,160.1334,25.1574,61.1214
254.7480,159.6550,25.9614,63.0748
255.6051,160.1693,25.9614,63.0748
257.8336,158.2836,25.9614,63.0748
259.3764,157.4265,25.9614,63.0748
262.6867,156.5036,25.1690,61.1494
266.5608,156.6060,24.4007,59.2828
269.9944,156.0608,23.6558,57.4732
271.7125,155.9046,23.6558,57.4732
274.6146,155.7671,24.4119,59.3100
278.3722,157.1559,23.6667,57.4996
280.0255,157.9560,24.4231,59.3373
281.7993,158.7623,24.4231,59.3373
283.5054,158.6204,25.2036,61.2337
284.0565,158.0573,24.4343,59.3645
285.1859,158.2186,24.4343,59.3645
285.9926,157.7346,24.4343,59.3645
285.5085,156.6053,24.4343,59.3645
285.6021,156.1406,25.2152,61.2618
285.0327,155.6611,26.0211,63.2197
284.1736,156.1766,26.0211,63.2197
283.6582,156.3484,26.0211,63.2197
283.4864,156.1766,26.0211,63.2197
284.3454,153.9430,26.0211,63.2197
284.2271,153.3616,25.2268,61.2899
285.0600,151.1962,25.2268,61.2899
284.4903,149.7171,26.0330,63.2487
283.9746,149.2014,26.0330,63.2487
284.1465,149.7171,26.0330,63.2487
283.9746,150.9203,26.0330,63.2487
284.4181,152.1442,26.8651,65.2702
284.2407,153.3859,26.8651,65.2702
284.4733,157.0429,26.0450,63.2778
284.3013,158.9346,26.0450,63.2778
284.8173,159.4505,26.0450,63.2778
287.1064,161.2761,25.2500,61.3462
287.6586,161.0454,24.4792,59.4736
286.5775,161.4682,23.7320,57.6581
286.9818,161.6437,24.4904,59.5009
287.0755,161.5014,25.2732,61.4025
287.9099,160.3333,25.2732,61.4025
288.0768,158.4977,25.2732,61.4025
288.6294,158.2667,24.5017,59.5282
288.7911,158.7521,24.5017,59.5282
289.5321,157.9626,25.2848,61.4307
290.3668,158.4634,25.2848,61.4307
290.7975,157.9826,26.0929,63.3941
291.3144,160.2224,26.0929,63.3941
290.0360,159.7262,26.9268,65.4201
289.5580,163.7471,26.1048,63.4232
289.3856,164.6090,26.1048,63.4232
288.1791,164.7814,26.1048,63.4232
287.3172,165.2984,26.1048,63.4232
286.7277,164.4573,26.9391,65.4502
285.7636,164.3008,27.8001,67.5420
284.7687,163.0379,28.6886,69.7006
283.5017,163.5334,27.8129,67.5730
284.1099,163.6466,26.9639,65.5103
284.2879,163.1125,26.9639,65.5103
284.1099,162.9344,26.9639,65.5103
284.2879,163.1125,26.9639,65.5103
284.1099,165.4270,26.9639,65.5103
282.9190,167.6731,26.1408,63.5106
283.0916,173.7142,26.1408,63.5106
280.5564,179.3438,25.3429,61.5719
279.0504,181.5192,25.3429,61.5719
277.1394,180.7026,26.1528,63.5397
275.8580,180.2053,26.9887,65.5704
274.1793,180.7613,27.8512,67.6661
272.5815,182.3457,27.0010,65.6005
271.3891,183.5253,26.1768,63.5981
270.2331,183.6317,25.3778,61.6567
267.7718,182.0593,24.6031,59.7746
266.3097,180.5973,24.6031,59.7746
264.1979,180.4348,24.6031,59.7746
262.4109,180.2724,24.6031,59.7746
260.0248,181.6720,23.8521,57.9500
258.9714,183.0290,23.1240,56.1810
257.0341,184.6499,22.4181,54.4661
254.5177,188.9425,22.4181,54.4661
253.4193,191.1807,23.1346,56.2068
250.7583,193.1848,23.8740,58.0032
248.0123,193.6766,24.6370,59.8570
245.2468,193.1886,24.6370,59.8570
242.8067,192.7006,24.6370,59.8570
239.9729,190.6054,25.4244,61.7700
237.0485,189.4504,26.2370,63.7442
234.3771,188.6050,27.0755,65.7815
231.2628,188.4477,27.9408,67.8838
228.7869,184.9646,28.8338,70.0534
226.2319,182.5124,29.7554,72.2923
223.6778,180.7442,29.7554,72.2923
222.3026,180.5477,29.7554,72.2923
220.0588,179.1960,30.7063,74.6028
218.7027,180.5374,29.7690,72.3255
216.8511,181.1507,30.7204,74.6370
215.4312,184.5990,30.7204,74.6370
214.4802,186.7524,29.7827,72.3587
213.1037,188.5222,29.7827,72.3587
212.1204,188.3256,29.7827,72.3587
209.2319,188.0534,28.8736,70.1499
206.2921,187.5043,29.7964,72.3919
202.9475,191.2424,29.7964,72.3919
201.5703,191.0457,29.7964,72.3919
199.7997,190.0620,29.7964,72.3919
199.2094,189.4718,29.7964,72.3919
196.5691,187.7247,30.7487,74.7056
195.5540,185.8974,30.7487,74.7056
194.9449,184.4763,30.7487,74.7056
194.3358,183.0551,30.7487,74.7056
193.7267,182.4460,30.7487,74.7056
194.3358,181.8369,30.7487,74.7056
193.3207,182.8520,30.7487,74.7056
193.9298,183.4611,30.7487,74.7056
194.1328,185.6944,30.7487,74.7056
193.5237,186.7096,30.7487,74.7056
194.1328,186.9126,30.7487,74.7056
193.5237,186.3035,30.7487,74.7056
193.2354,184.5006,31.7314,77.0932
191.7688,183.4530,31.7314,77.0932
191.9783,183.2435,31.7314,77.0932
191.2617,180.1259,32.7455,79.5571
191.0455,179.9097,32.7455,79.5571
187.8023,179.2611,32.7455,79.5571
187.6534,181.1240,31.7459,77.1286
187.7749,180.9395,32.7605,79.5936
187.5586,182.8863,32.7605,79.5936
189.0728,183.9679,32.7605,79.5936
190.2218,185.8316,31.7605,77.1640
190.7628,182.7112,32.7756,79.6301
192.7105,181.1963,32.7756,79.6301
194.7256,180.0311,31.7751,77.1994
197.0335,177.7233,31.7751,77.1994
198.9218,177.9331,31.7751,77.1994
196.2596,180.1604,30.8052,74.8429
192.8018,184.4318,30.8052,74.8429
192.1916,187.4828,30.8052,74.8429
190.7678,189.7202,30.8052,74.8429
189.7508,191.5508,30.8052,74.8429
189.6107,193.3033,29.8648,72.5583
186.2585,193.5005,29.8648,72.5583
184.4009,193.3270,30.8193,74.8772
179.6350,191.9270,31.8043,77.2703
176.4850,194.2370,31.8043,77.2703
174.0868,196.5722,32.8207,79.7398
172.0453,197.6817,33.8697,82.2883
169.2077,200.5031,32.8358,79.7765
167.7576,203.6720,31.8335,77.3413
165.0251,204.7230,31.8335,77.3413
163.6193,207.7951,30.8618,74.9804
160.6261,208.3282,29.9197,72.6916
158.5146,209.2401,29.0064,70.4727
157.9400,210.9638,29.0064,70.4727
155.8929,212.9971,28.1210,68.3215
154.2796,213.8542,27.2626,66.2359
151.9956,215.4051,26.4304,64.2141
149.7269,215.2306,26.4304,64.2141
148.5596,218.1304,25.6236,62.2539
148.7815,218.5730,24.8414,60.3536
147.5644,217.4445,25.6353,62.2825
145.7025,217.2752,25.6353,62.2825
144.2318,210.9474,24.8528,60.3813
143.6706,200.3006,25.6471,62.3111
141.7367,199.4742,26.4668,64.3025
139.3914,203.5146,27.3127,66.3576
137.3319,205.5200,28.1856,68.4784
136.6954,206.1007,29.0864,70.6670
135.3510,205.5245,29.0864,70.6670
135.1590,204.9483,29.0864,70.6670
134.9669,205.1404,29.0864,70.6670
135.6029,206.4110,28.1985,68.5099
136.1615,206.2248,28.1985,68.5099
137.0924,207.9005,28.1985,68.5099
138.0234,208.0867,28.1985,68.5099
138.5819,209.0177,28.1985,68.5099
139.5129,209.2039,28.1985,68.5099
140.4438,209.7625,28.1985,68.5099
141.7472,209.9486,28.1985,68.5099
143.4229,210.1348,28.1985,68.5099
144.3538,210.6934,28.1985,68.5099
146.4019,210.8796,28.1985,68.5099
146.5881,211.8105,28.1985,68.5099
147.1467,211.6243,28.1985,68.5099
148.4500,212.1829,28.1985,68.5099
148.6362,212.3691,28.1985,68.5099
149.1948,212.1829,28.1985,68.5099
149.7534,213.1139,28.1985,68.5099
149.5672,213.3001,28.1985,68.5099
149.3810,213.1139,28.1985,68.5099
149.6252,213.9733,27.3377,66.4186
149.4447,214.5148,27.3377,66.4186
148.9031,214.3343,27.3377,66.4186
148.0568,215.5286,26.5033,64.3911
148.5818,216.0536,26.5033,64.3911
147.3568,216.5786,26.5033,64.3911
146.1319,216.4035,26.5033,64.3911
145.8833,215.5496,27.3503,66.4491
144.6755,216.0220,26.5154,64.4207
144.4268,216.2181,27.3629,66.4796
144.2462,215.3147,27.3629,66.4796
143.7604,213.9807,26.5276,64.4503
143.9356,214.5061,26.5276,64.4503
144.8114,214.3310,26.5276,64.4503
144.9865,214.1558,26.5276,64.4503
146.2672,215.3146,25.7178,62.4829
145.7578,214.8052,25.7178,62.4829
145.9276,215.6543,25.7178,62.4829
146.4370,215.8241,25.7178,62.4829
147.2861,216.6731,25.7178,62.4829
147.7955,217.1826,25.7178,62.4829
147.9653,218.0316,25.7178,62.4829
148.4747,218.2014,25.7178,62.4829
149.6634,218.3712,25.7178,62.4829
149.4936,217.5222,25.7178,62.4829
150.6823,217.3524,25.7178,62.4829
150.8521,217.8618,25.7178,62.4829
151.3615,218.3712,25.7178,62.4829
152.5502,218.2014,25.7178,62.4829
153.7389,220.0694,25.7178,62.4829
153.5691,219.8995,25.7178,62.4829
155.0974,219.7297,25.7178,62.4829
155.2672,220.2392,25.7178,62.4829
155.7766,221.7675,25.7178,62.4829
156.2860,221.9373,25.7178,62.4829
157.8143,222.1071,25.7178,62.4829
157.9841,223.2957,25.7178,62.4829
158.8332,223.1259,25.7178,62.4829
159.3426,224.3146,25.7178,62.4829
160.1917,223.8052,25.7178,62.4829
160.3615,224.3146,25.7178,62.4829
160.8709,224.1448,25.7178,62.4829
161.0936,225.6079,24.9328,60.5756
160.8598,226.1215,25.7296,62.5116
161.0297,226.2914,25.7296,62.5116
160.8598,226.1215,25.7296,62.5116
160.2788,226.9914,26.5520,64.5095
160.1035,226.8161,26.5520,64.5095
160.2788,226.6407,26.5520,64.5095
159.0516,226.1148,26.5520,64.5095
159.5775,228.0433,26.5520,64.5095
159.0516,227.8680,26.5520,64.5095
159.2269,227.6927,26.5520,64.5095
159.0516,227.1667,26.5520,64.5095
159.9282,226.9914,26.5520,64.5095
160.4541,226.4654,26.5520,64.5095
161.0347,225.1709,25.7415,62.5403
162.9043,225.0009,25.7415,62.5403
163.0743,224.1511,25.7415,62.5403
163.9241,224.3210,25.7415,62.5403
164.7740,224.1511,25.7415,62.5403
165.2838,223.9811,25.7415,62.5403
165.0425,223.4916,26.5641,64.5391
167.3226,223.3162,26.5641,64.5391
167.1472,223.1408,26.5641,64.5391
168.7258,224.0178,26.5641,64.5391
168.9012,223.8424,26.5641,64.5391
169.3537,222.6357,27.4131,66.6018
170.3152,222.7472,26.5763,64.5687
170.4906,223.2736,26.5763,64.5687
171.3680,223.0981,26.5763,64.5687
171.5435,223.9755,26.5763,64.5687
171.7190,224.1510,26.5763,64.5687
172.2454,224.3265,26.5763,64.5687
172.0699,223.8000,26.5763,64.5687
173.2983,223.9755,26.5763,64.5687
173.1228,224.1510,26.5763,64.5687
174.3512,224.6774,26.5763,64.5687
174.8776,224.5020,26.5763,64.5687
176.8079,225.0284,26.5763,64.5687
177.6853,225.5548,26.5763,64.5687
178.5627,225.7303,26.5763,64.5687
179.7910,226.2568,26.5763,64.5687
181.7213,226.4322,26.5763,64.5687
184.0572,227.5932,25.7651,62.5977
185.5883,227.4231,25.7651,62.5977
187.1724,228.2084,24.9786,60.6869
189.6464,227.7136,24.9786,60.6869
190.8009,226.8889,24.9786,60.6869
192.6151,227.0539,24.9786,60.6869
193.7696,227.5486,24.9786,60.6869
195.9137,228.3733,24.9786,60.6869
197.7279,228.5382,24.9786,60.6869
199.2123,228.7032,24.9786,60.6869
201.6862,228.5382,24.9786,60.6869
202.8407,229.3629,24.9786,60.6869
203.9953,229.5278,24.9786,60.6869
205.8095,229.3629,24.9786,60.6869
207.2939,228.2084,24.9786,60.6869
209.4379,227.7136,24.9786,60.6869
211.9119,226.8889,24.9786,60.6869
214.7671,227.3204,24.2161,58.8344
217.1655,226.2011,24.2161,58.8344
220.2533,226.2996,23.4769,57.0385
222.9369,228.5653,22.7603,55.2974
225.5385,229.2590,22.0655,53.6094
228.9348,231.6799,21.3920,51.9730
231.9451,232.8969,20.7390,50.3865
233.9416,234.6935,21.4018,51.9968
236.3439,236.5305,21.4018,51.9968
239.8173,237.2541,22.0858,53.6586
245.5501,237.6355,21.4116,52.0207
250.2596,239.1364,20.7580,50.4327
253.9026,239.2899,21.4214,52.0446
260.5945,239.3770,20.7675,50.4559
267.5879,238.6914,20.7675,50.4559
274.3497,237.9531,20.1336,48.9157
279.8002,238.6178,20.1336,48.9157
286.8459,238.2190,20.1336,48.9157
293.0382,235.9750,20.7771,50.4791
296.9590,235.8543,21.4411,52.0924
302.7635,234.2970,21.4411,52.0924
312.2929,233.2516,20.7866,50.5022
317.9630,231.4147,20.1521,48.9606
326.3873,228.5693,19.5369,47.4661
332.2324,229.6808,18.9406,46.0172
337.6490,231.7588,18.3624,44.6125
342.9003,234.7433,17.8019,43.2507
345.7895,234.6399,18.3708,44.6330
351.2480,234.5186,18.3708,44.6330
357.2295,235.8063,17.8101,43.2705
363.7339,236.1139,17.2664,41.9497
371.5525,233.0494,17.8182,43.2904
377.0327,220.4749,18.3877,44.6740
375.8890,219.3968,18.9754,46.1018
395.7577,213.5231,19.5818,47.5752
399.4529,213.1508,20.2077,49.0957
400.6538,220.7561,20.2077,49.0957
401.3625,221.9058,19.5908,47.5970
405.8355,221.2745,20.2169,49.1182
423.5335,215.0166,20.8631,50.6880
424.7155,218.4770,21.5299,52.3080
424.5136,223.4696,22.2180,53.9798
427.6400,231.7752,21.5397,52.3320
427.1536,225.3923,22.2282,54.0046
425.1839,220.8600,22.9386,55.7305
422.5455,215.8801,23.6717,57.5117
420.7605,210.1157,24.4282,59.3498
417.3055,207.3931,25.2090,61.2466
412.7414,204.5834,26.0146,63.2040
409.4778,203.0374,26.0146,63.2040
406.9012,200.1173,26.0146,63.2040
403.2940,197.5408,26.0146,63.2040
401.0610,194.9642,26.0146,63.2040
397.7974,191.7006,26.0146,63.2040
394.5337,189.8111,26.0146,63.2040
390.9265,187.5781,26.0146,63.2040
388.0064,186.3757,26.0146,63.2040
384.3993,185.8604,26.0146,63.2040
381.4070,185.0221,26.8461,65.2240
377.7397,184.4223,26.0266,63.2330
375.8494,184.9379,26.0266,63.2330
374.3027,186.1408,26.0266,63.2330
372.0687,187.6874,26.0266,63.2330
369.4188,187.1925,26.8584,65.2540
368.1028,186.6818,27.7168,67.3395
366.3789,185.7887,28.6026,69.4917
366.2488,184.3942,27.7295,67.3704
363.8686,182.7463,27.7295,67.3704
363.6855,181.4647,27.7295,67.3704
362.0377,179.8168,27.7295,67.3704
360.3899,177.8028,27.7295,67.3704
357.6435,175.7888,27.7295,67.3704
357.1512,175.5354,26.8831,65.3139
355.5537,174.6479,26.8831,65.3139
354.9466,174.1367,27.7422,67.4013
355.5532,173.5168,26.8954,65.3439
353.9549,172.9840,26.8954,65.3439
354.5430,174.1589,26.0744,63.3492
355.1131,175.2980,25.2785,61.4155
354.9982,176.4022,24.5068,59.5408
354.5128,177.8586,24.5068,59.5408
353.7037,177.6968,24.5068,59.5408
352.8946,178.1822,24.5068,59.5408
351.4383,178.9913,24.5068,59.5408
349.9139,179.8198,25.2901,61.4437
349.0790,180.9887,25.2901,61.4437
347.9101,182.1576,25.2901,61.4437
346.3371,180.6748,26.0984,63.4074
345.4755,179.8131,26.0984,63.4074
345.3031,179.6408,26.0984,63.4074
343.7522,179.4685,26.0984,63.4074
343.9245,179.2962,26.0984,63.4074
343.0629,180.5024,26.0984,63.4074
341.0950,179.6615,26.9325,65.4339
340.2058,179.8393,26.9325,65.4339
340.4390,182.7942,26.1103,63.4365
339.9756,184.6244,25.3133,61.5001
339.4741,185.1258,25.3133,61.5001
337.3013,186.2958,25.3133,61.5001
336.8520,189.0730,24.5406,59.6228
335.4441,191.1172,23.7915,57.8028
332.7075,190.0365,24.5519,59.6502
330.9243,189.2259,24.5519,59.6502
330.4380,188.4153,24.5519,59.6502
328.3305,186.9563,24.5519,59.6502
327.5704,185.7593,23.8024,57.8293
326.7846,185.2878,23.8024,57.8293
325.6184,182.6349,24.5632,59.6776
323.7662,181.5191,25.3482,61.5849
322.5947,181.6864,25.3482,61.5849
321.0180,181.8739,26.1583,63.5531
318.4272,184.1192,26.1583,63.5531
318.1819,182.9310,26.9943,65.5843
318.0037,183.1092,26.9943,65.5843
316.7560,182.2180,26.9943,65.5843
315.7899,179.5658,27.8571,67.6803
313.7666,179.3819,27.8571,67.6803
311.6660,178.8521,28.7474,69.8434
308.4392,178.2827,28.7474,69.8434
305.5920,178.4725,28.7474,69.8434
303.1244,178.2827,28.7474,69.8434
302.4752,176.5972,29.6662,72.0756
299.9287,176.4013,29.6662,72.0756
298.9493,176.5972,29.6662,72.0756
297.5782,174.4425,29.6662,72.0756
298.1658,173.4631,29.6662,72.0756
297.9699,170.9166,29.6662,72.0756
298.1658,171.1125,29.6662,72.0756
298.3617,170.9166,29.6662,72.0756
298.8670,171.1360,30.6143,74.3791
298.6649,170.5296,30.6143,74.3791
299.7386,171.8670,29.6798,72.1087
299.9956,173.1635,28.7738,69.9075
300.9455,172.9735,28.7738,69.9075
301.1355,173.1635,28.7738,69.9075
299.8056,173.3535,28.7738,69.9075
299.6156,173.1635,28.7738,69.9075
298.6657,172.2135,28.7738,69.9075
297.7157,171.2636,28.7738,69.9075
297.1458,170.3137,28.7738,69.9075
295.4359,168.6038,28.7738,69.9075
295.2459,165.7539,28.7738,69.9075
294.6759,164.0440,28.7738,69.9075
296.3858,162.3341,28.7738,69.9075
296.1958,161.7642,28.7738,69.9075
296.7658,160.8142,28.7738,69.9075
297.7157,161.0042,28.7738,69.9075
298.2857,162.3341,28.7738,69.9075
298.8557,164.0440,28.7738,69.9075
300.5656,164.9940,28.7738,69.9075
301.4357,165.2068,29.6934,72.1418
303.9845,165.4028,29.6934,72.1418
305.3569,164.0304,29.6934,72.1418
308.2978,161.4816,29.6934,72.1418
311.2998,159.2497,28.7870,69.9396
312.3094,160.1270,27.9083,67.8047
315.8680,160.6091,27.0564,65.7350
317.8331,160.7878,27.0564,65.7350
320.1556,160.6091,27.0564,65.7350
321.0488,162.2169,27.0564,65.7350
323.3712,162.3956,27.0564,65.7350
326.0510,162.5742,27.0564,65.7350
328.3734,162.3956,27.0564,65.7350
331.0532,161.5023,27.0564,65.7350
331.9464,160.9664,27.0564,65.7350
334.6261,159.3586,27.0564,65.7350
335.5194,158.4653,27.0564,65.7350
336.3376,157.9508,27.9211,67.8358
337.2594,157.3978,27.9211,67.8358
337.4437,156.8447,27.9211,67.8358
340.2665,155.4834,27.0688,65.7651
339.0711,153.4487,26.2425,63.7576
338.1319,150.8704,27.0812,65.7953
335.4497,144.6119,27.0812,65.7953
333.1252,141.2145,27.0812,65.7953
331.7983,138.5537,27.9467,67.8981
331.6138,133.5715,27.9467,67.8981
334.0701,132.2089,27.0936,65.8255
330.2382,127.0425,27.9596,67.9293
330.7920,123.5348,27.9596,67.9293
329.8690,123.3502,27.9596,67.9293
330.0536,125.0117,27.9596,67.9293
330.6649,126.9716,27.1061,65.8558
331.6156,136.3886,26.2787,63.8455
332.5372,142.7420,25.4765,61.8966
333.3783,147.2839,25.4765,61.8966
333.2625,150.7518,24.6988,60.0072
334.4040,153.5242,24.6988,60.0072
332.9871,156.8863,23.9449,58.1754
333.8269,157.2999,23.2140,56.3996
335.1420,158.6978,23.9559,58.2021
336.9312,156.8972,23.2246,56.4255
338.6658,157.2983,22.5157,54.7031
338.5171,157.1497,22.5157,54.7031
338.6658,157.8930,22.5157,54.7031
338.8608,159.4712,21.8284,53.0333
339.0498,161.5778,21.1621,51.4144
338.9536,162.7817,20.5161,49.8450
337.1357,164.0172,21.1718,51.4380
335.8775,166.1141,21.1718,51.4380
334.5606,168.5074,21.8484,53.0820
335.5099,168.9575,22.5467,54.7785
335.9565,170.5951,22.5467,54.7785
337.2963,172.5304,22.5467,54.7785
338.6362,175.0612,22.5467,54.7785
340.9156,180.2146,21.8585,53.1063
341.9259,181.5135,21.8585,53.1063
343.4529,184.2731,22.5571,54.8036
342.9435,181.4611,23.2780,56.5551
335.9624,191.7775,24.0219,58.3626
337.6405,196.7136,24.7897,60.2279
340.0269,207.6999,25.5820,62.1528
342.8275,208.5648,26.3996,64.1392
345.4965,211.1125,25.5937,62.1813
346.7321,203.4430,24.8124,60.2832
349.2406,199.9396,24.0550,58.4431
348.1783,203.5318,23.3208,56.6591
348.0243,207.3813,23.3208,56.6591
347.2543,208.7672,23.3208,56.6591
347.7643,209.7859,22.6089,54.9295
347.0179,212.3238,22.6089,54.9295
347.1044,213.6852,23.3315,56.6851
346.9984,214.7045,22.6193,54.9548
347.1477,214.5551,22.6193,54.9548
348.2397,212.8549,21.9288,53.2772
348.9637,212.4205,21.9288,53.2772
349.3980,211.1174,21.9288,53.2772
349.7715,208.6733,22.6296,54.9800
351.3524,207.3464,23.3529,56.7371
350.9378,207.4414,22.6400,55.0052
351.7319,208.1315,21.9489,53.3262
351.8159,206.5547,22.6504,55.0305
352.2646,205.5078,22.6504,55.0305
353.0124,205.3582,22.6504,55.0305
353.1619,206.7042,22.6504,55.0305
353.9097,207.1529,22.6504,55.0305
354.0592,207.6016,22.6504,55.0305
353.6572,206.1981,21.9590,53.3507
353.4513,206.6505,22.6608,55.0557
354.1365,205.3219,23.3851,56.8153
353.6733,204.8586,23.3851,56.8153
354.4934,208.0419,22.6712,55.0810
354.6898,208.1341,21.9792,53.3997
354.2996,207.9333,21.3083,51.7696
354.7217,207.5112,21.3083,51.7696
354.0620,207.8792,20.6578,50.1893
353.4225,208.5089,20.0272,48.6573
354.2926,206.8056,20.6673,50.2124
353.3799,208.8002,20.0364,48.6796
352.7184,210.2555,20.0364,48.6796
353.8535,208.5515,20.6768,50.2354
351.8056,209.2341,20.6768,50.2354
351.3387,206.9296,21.3376,51.8410
350.0707,207.0704,21.3376,51.8410
350.2115,206.3660,21.3376,51.8410
350.0707,205.0980,21.3376,51.8410
349.9298,203.8300,21.3376,51.8410
350.1146,204.1986,20.6863,50.2585
349.1584,203.5156,20.6863,50.2585
349.0219,204.4717,20.6863,50.2585
349.4316,204.8815,20.6863,50.2585
349.5682,205.2913,20.6863,50.2585
349.1010,205.7174,21.3474,51.8648
347.5506,206.1403,21.3474,51.8648
349.3830,215.5842,21.3474,51.8648
350.0285,216.3059,22.0297,53.5224
349.5921,215.8695,22.0297,53.5224
347.0582,210.7959,22.7338,55.2329
346.5448,212.1649,23.4603,56.9982
343.5366,209.5501,24.2101,58.8198
339.5900,209.0092,23.4711,57.0243
338.2435,207.8648,22.7546,55.2836
336.0366,206.4549,22.0600,53.5961
333.6058,205.3794,21.3867,51.9601
331.5316,203.4894,20.7338,50.3740
328.9731,201.9309,20.1009,48.8363
