0.18765
0.2198
0.055518
0.028835
0.037197
0.032244
0.026266
0.022461
0.022118
0.021841
0.021736
0.021913
0.02188
0.02199
0.022371
0.02226
0.020955
0.021734
0.021579
0.021795
0.022083
0.022336
0.021638
0.02183
0.021707
0.021676
0.021643
0.021859
0.020992
0.021599
0.021558
0.022164
0.022171
0.021933
0.022023
0.021598
0.021855
0.021811
0.021576
0.021629
0.021801
0.022149
0.022638
0.021672
0.022558
0.021821
0.021615
0.021788
0.02171
0.021534
0.021455
0.021442
0.020873
0.021607
0.021358
0.021395
0.021371
0.021441
0.021405
0.021562
0.021622
0.021712
0.021914
0.021952
0.020821
0.021397
0.021411
0.021507
0.021493
0.021536
0.021467
0.021432
0.021659
0.021482
0.021662
0.02187
0.020786
0.021368
0.021316
0.021348
0.021292
0.021281
0.021292
0.02133
0.021305
0.021833
0.021556
0.021369
0.02062
0.021165
0.021487
0.021426
0.021533
0.021251
0.021179
0.021239
0.021389
0.02137
0.021441
0.021279
0.021184
0.022038
0.021959
0.021423
0.021426
0.021231
0.021236
0.021188
0.0211
0.021173
0.021168
0.021719
0.021365
0.021789
0.021416
0.021574
0.02133
0.021096
0.021091
0.02109
0.02112
0.021133
0.021089
0.021208
0.020542
0.021764
0.021873
0.021877
0.022027
0.021872
0.021916
0.021875
0.021861
0.021365
0.021097
0.021239
0.020518
0.021122
0.021116
0.021108
0.021086
0.021141
0.021122
0.021076
0.02115
0.021089
0.021146
0.021125
0.020573
0.021118
0.020967
0.021199
0.021084
0.021104
0.021053
0.021053
0.021087
0.021175
0.021233
0.021149
0.020517
0.021099
0.021083
0.021075
0.021107
0.021128
0.021137
0.021433
0.022423
0.022008
0.021966
0.021845
0.021345
0.02186
0.021923
0.021793
0.021811
0.021563
0.021195
0.021502
0.021369
0.021222
0.021195
0.021172
0.020507
0.021052
0.021038
0.021026
0.021005
0.021043
0.021027
0.021033
0.021056
0.021109
0.021121
0.021139
0.020558
0.021102
0.021057
0.02111
0.021407
0.021177
0.021278
0.021187
0.021128
0.021305
0.02115
0.021223
0.020596
0.021252
0.021002
0.020884
0.021044
0.021117
0.021279
0.021214
0.021142
0.021103
0.021113
0.021202
0.020521
0.021113
0.021087
0.02114
0.021331
0.021141
0.021085
0.021185
0.021226
0.021147
0.021225
0.02123
0.020513
0.021176
0.021148
0.021115
0.021139
0.021182
0.02113
0.021248
0.021207
0.021314
0.021331
0.021222
0.020554
0.021129
0.02109
0.021163
0.021498
0.021197
0.021805
0.021783
0.021688
0.02166
0.021408
0.021165
0.020597
0.021152
0.021277
0.021209
0.021249
0.021112
0.021178
0.02119
0.021122
0.021277
0.021151
0.021174
0.020452
0.021153
0.021223
0.021156
0.021175
0.02115
0.02117
0.021201
0.021171
0.021099
0.021118
0.021275
0.020486
0.021086
0.021089
0.021115
0.021096
0.021064
0.021173
0.021126
0.021129
0.021091
0.021149
0.021146
0.020531
0.020932
0.021019
0.021084
0.021097
0.021223
0.021129
0.021424
0.021175
0.021107
0.021071
0.02108
0.020594
0.021028
0.021103
0.021194
0.02116
0.021104
0.021157
0.021163
0.021187
0.021292
0.021357
0.021375
0.020636
0.021131
0.021415
0.021184
0.021157
0.021132
0.021147
0.021233
0.021451
0.021437
0.021174
0.021167
0.020615
0.021095
0.021288
0.021241
0.021283
0.021302
0.02173
0.021799
0.021649
0.021574
0.021707
0.021358
0.020623
0.021128
0.021142
0.021362
0.021169
0.021186
0.021218
0.021161
0.021191
0.021135
0.021174
0.021176
0.02055
0.021083
0.021097
0.021056
0.021119
0.021149
0.021225
0.021165
0.021171
0.021187
0.021656
0.021264
0.020736
0.021272
0.021358
0.021248
0.021206
0.021308
0.021264
0.021289
0.021249
0.021244
0.021267
0.021285
0.020722
0.021283
0.021316
0.021262
0.0213
0.021383
0.021262
0.021251
0.021289
0.021406
0.02128
0.021274
0.020734
0.021248
0.021403
0.021533
0.021312
0.021283
0.021343
0.021303
0.021315
0.021361
0.021376
0.021395
0.020717
0.02122
0.021293
0.021222
0.021351
0.021205
0.021255
0.021264
0.021363
0.021297
0.021262
0.021286
0.02065
0.021207
0.021253
0.021249
0.021257
0.021233
0.021341
0.021286
0.021304
0.02127
0.021313
0.021318
0.020699
0.021198
0.021219
0.021241
0.021302
0.021268
0.021251
0.021302
0.021324
0.021284
0.021244
0.021237
0.020778
0.02122
0.021299
0.021386
0.021298
0.021278
0.021377
0.021257
0.020103
0.021317
0.02129
0.021261
0.020753
0.021294
0.021291
0.021285
0.021496
0.021348
0.021358
0.021343
0.021399
0.021312
0.021327
0.021362
0.020736
0.021372
0.021337
0.021307
0.021353
0.021502
0.021296
0.021314
0.021368
0.021325
0.021411
0.021439
0.020702
0.021258
0.021486
0.021355
0.021291
0.021285
0.02131
0.021283
0.021289
0.021518
0.021363
0.021321
0.02067
0.021253
0.021264
0.021351
0.021375
0.021337
0.02143
0.021482
0.021392
0.021279
0.021611
0.021308
0.020614
0.021218
0.021233
0.021381
0.021745
0.021908
0.022125
0.021827
0.021959
0.021801
0.022005
0.021897
0.020726
0.021195
0.021249
0.021249
0.021224
0.021218
0.021238
0.021263
0.021244
0.021279
0.021401
0.02121
0.020762
0.02132
0.021288
0.021178
0.021221
0.02127
0.021317
0.021254
0.02134
0.021297
0.021281
0.021367
0.020707
0.021186
0.021265
0.021213
0.02126
0.021265
0.021302
0.021275
0.021335
0.021393
0.021355
0.021331
0.020802
0.021257
0.021243
0.021284
0.02129
0.021264
0.021266
0.021273
0.021334
0.021267
0.021333
0.021277
0.020776
0.021217
0.021295
0.021238
0.021321
0.021256
0.021292
0.021311
0.021325
0.021299
0.021311
0.02128
0.020747
0.021239
0.021319
0.021384
0.021303
0.021342
0.021312
0.021313
0.021372
0.02135
0.021417
0.021597
0.020826
0.021378
0.021355
0.021322
0.021277
0.021397
0.02133
0.021327
0.021369
0.021347
0.021349
0.021371
0.020667
0.021313
0.021362
0.021269
0.02134
0.021222
0.021302
0.021291
0.021339
0.021366
0.021341
0.021318
0.020674
0.021201
0.021326
0.021301
0.021323
0.021205
0.021252
0.021262
0.021302
0.021389
0.021408
0.02126
0.020702
0.021204
0.021197
0.021339
0.02128
0.021339
0.021348
0.02133
0.021427
0.021406
0.021389
0.021387
0.020682
0.021432
0.021379
0.021436
0.021352
0.021391
0.021409
0.021404
0.021382
0.021481
0.02187
0.021448
0.020664
0.021295
0.021331
0.021338
0.021414
0.021396
0.021417
0.021379
0.021381
0.020836
0.020772
0.021421
0.021389
0.021354
0.021377
0.021353
0.021336
0.021315
0.021373
0.021336
0.021336
0.021325
0.020687
0.021408
0.021416
0.021689
0.021449
0.021338
0.021441
0.021383
0.021351
0.021456
0.021403
0.021419
0.020768
0.021271
0.020342
0.020824
0.020739
0.021355
0.021297
0.021302
0.021283
0.021283
0.021352
0.021404
0.021308
0.021348
0.021305
0.021331
0.020757
0.021298
0.021356
0.021435
0.021419
0.021324
0.021396
0.021434
0.021346
0.02087
0.020766
0.02137
0.021359
0.021362
0.021355
0.021392
0.021385
0.021367
0.021342
0.021385
0.021421
0.021407
0.020734
0.02126
0.021315
0.021338
0.02135
0.021364
0.021332
0.0213
0.021318
0.021283
0.021413
0.02137
0.020846
