1
40.2462,602.2105,84.5532,52.0136
53.8590,605.6804,84.5532,52.0136
67.4718,609.6842,84.5532,52.0136
66.8133,607.7242,86.4240,53.1644
77.9991,603.6318,86.4240,53.1644
97.9152,600.0851,86.4240,53.1644
109.6966,596.3834,88.3361,54.3406
139.5345,592.2005,88.3361,54.3406
177.1806,590.8062,88.3361,54.3406
222.6346,589.4119,88.3361,54.3406
260.2807,591.9217,88.3361,54.3406
298.4844,590.5274,88.3361,54.3406
329.4378,590.8063,88.3361,54.3406
366.3611,587.6013,90.2906,55.5429
407.6499,600.8856,92.2882,56.7718
428.9174,595.3502,92.2882,56.7718
449.6022,591.5628,92.2882,56.7718
479.0271,588.9408,92.2882,56.7718
509.6173,586.9015,92.2882,56.7718
530.8848,584.8621,92.2882,56.7718
543.4122,586.3188,92.2882,56.7718
563.8518,584.1794,94.3301,58.0279
574.8572,583.8465,96.4172,59.3117
576.6326,585.4008,98.5504,60.6240
588.7657,607.4892,98.5504,60.6240
598.3269,601.3314,100.7308,61.9653
612.7184,589.7589,102.9595,63.3363
601.9927,586.1836,102.9595,63.3363
2
0
0
0
0
1
729.5689,396.3951,82.2074,83.3248
718.8159,391.5074,82.2074,83.3248
711.9730,385.9680,82.2074,83.3248
705.6260,379.6328,80.4543,81.5478
695.1110,367.9000,78.7385,79.8088
693.8449,363.6371,77.0594,78.1069
689.0728,360.0538,75.4161,76.4412
685.7846,357.3635,75.4161,76.4412
680.7028,357.6624,75.4161,76.4412
683.2801,354.0255,77.0847,78.1325
692.0535,354.5641,75.4408,76.4663
697.1370,354.2651,75.4408,76.4663
698.6321,354.5641,75.4408,76.4663
698.3331,354.8631,75.4408,76.4663
697.1883,353.0865,77.1100,78.1581
695.0488,354.6147,77.1100,78.1581
693.5206,354.9204,77.1100,78.1581
689.5472,354.6147,77.1100,78.1581
691.0754,354.9204,77.1100,78.1581
704.2181,355.8373,77.1100,78.1581
715.7322,354.0214,78.8160,79.8874
719.0739,354.1099,80.5598,81.6549
733.1672,354.0573,78.8419,79.9136
745.7552,354.0057,77.1605,78.2094
756.3060,357.4928,75.5151,76.5415
759.1307,358.5974,73.9047,74.9093
762.4599,360.8079,72.3286,73.3118
760.1915,360.7606,70.7862,71.7484
760.4721,360.4800,70.7862,71.7484
762.5790,363.6790,69.2767,70.2184
762.8536,362.3060,69.2767,70.2184
764.3863,364.3780,67.7993,68.7209
763.8141,363.8156,66.3535,67.2554
763.5511,364.6047,66.3535,67.2554
756.4499,363.8156,66.3535,67.2554
774.1420,362.7583,64.9385,65.8212
765.1331,365.0748,64.9385,65.8212
762.1040,365.5286,63.5536,64.4175
746.5137,366.4582,62.1983,63.0438
723.1766,364.9918,60.8719,61.6994
682.4002,363.3028,60.8719,61.6994
662.4514,360.8680,62.2187,63.0645
629.6511,365.0605,62.2187,63.0645
620.5262,364.3207,62.2187,63.0645
616.8269,368.0199,62.2187,63.0645
591.4252,373.1989,62.2187,63.0645
2
0
0
0
0
1
468.5975,364.2935,109.0385,47.3286
467.6922,363.3882,109.0385,47.3286
474.6327,363.0864,109.0385,47.3286
478.5555,359.7671,109.0385,47.3286
483.6854,363.0864,109.0385,47.3286
2
0
0
0
0
1
790.6854,353.2505,95.8977,64.3693
799.7901,350.4249,95.8977,64.3693
807.0111,348.8551,95.8977,64.3693
823.6508,347.2853,95.8977,64.3693
808.8948,350.7388,95.8977,64.3693
806.0692,348.5411,95.8977,64.3693
774.3596,350.1109,95.8977,64.3693
2
0
0
0
0
1
793.1230,227.0382,82.4359,38.7743
789.6025,225.3953,82.4359,38.7743
795.0007,224.2218,82.4359,38.7743
799.9294,223.0483,82.4359,38.7743
809.0827,224.2218,82.4359,38.7743
832.3181,224.9259,82.4359,38.7743
856.0229,223.2830,82.4359,38.7743
879.2583,220.7013,82.4359,38.7743
895.9221,214.8337,82.4359,38.7743
912.7857,204.9082,84.2598,39.6321
920.7022,208.5066,84.2598,39.6321
2
0
0
0
0
1
921.7555,117.5005,63.2899,64.2573
926.5443,116.0076,61.9402,62.8870
907.1324,113.7961,61.9402,62.8870
891.9246,110.4404,60.6193,61.5459
876.1139,108.5469,59.3266,60.2334
859.4039,111.6065,59.3266,60.2334
848.9210,117.0125,58.0615,58.9489
844.5446,118.6249,58.0615,58.9489
836.5054,120.8075,56.8233,57.6918
832.1140,120.3363,55.6115,56.4615
817.1842,123.7026,54.4256,55.2574
796.7458,125.7486,53.2649,54.0791
782.8533,123.6775,52.1290,52.9258
770.4530,122.4479,51.0174,51.7972
763.3891,122.4150,49.9294,50.6926
762.2033,120.8554,48.8647,49.6115
753.4801,120.6616,48.8647,49.6115
743.5938,122.4062,48.8647,49.6115
740.5648,122.0010,47.8226,48.5536
738.6976,121.9701,46.8028,47.5181
731.8594,123.3716,45.8047,46.5048
730.0709,123.6923,44.8279,45.5131
728.6634,123.3206,43.8719,44.5425
710.7370,125.2351,43.8719,44.5425
704.9980,126.8843,42.9363,43.5926
700.0380,126.5282,42.0207,42.6630
689.3995,123.9303,41.1246,41.7532
672.2694,123.4409,41.1246,41.7532
654.7190,122.1327,42.0345,42.6770
642.4698,120.8197,41.1381,41.7669
634.8863,118.9056,40.2608,40.8762
631.7748,118.5717,39.4022,40.0045