0.0289
0.0299
0.0289
0.0299
0.0299
0.0299
0.0289
0.0289
0.0289
0.0289
0.0289
0.0299
0.0289
0.0299
0.0289
0.0289
0.0289
0.0289
0.0299
0.0299
0.0289
0.0289
0.0299
0.0289
0.0289
0.0289
0.0289
0.0309
0.0289
0.0289
0.0289
0.0289
0.0289
0.0299
0.0299
0.0289
0.0289
0.0289
0.0289
0.0289
0.0289
0.0299
0.0289
0.0299
0.0289
0.0289
0.0289
0.0289
0.0299
0.0289
0.0289
0.0299
0.0289
0.0289
0.0349
0.0289
0.0289
0.0289
0.0289
0.0289
0.0289
0.0289
0.0289
0.0299
0.0289
0.0299
0.0289
0.0299
0.0289
0.0299
0.0289
0.0289
0.0299
0.0289
0.0289
0.0299
0.0299
0.0289
0.0299
0.0309
0.0289
0.0289
0.0289
0.0289
0.0289
0.0289
0.0289
0.0289
0.0299
0.0289
0.0299
0.0289
0.0289
0.0289
0.0289
0.0299
0.0299
0.0289
0.0289
0.0319
0.0289
0.0289
0.0289
0.0289
0.0289