0.19165
0.21948
0.053948
0.026768
0.037144
0.030062
0.02428
0.021317
0.020732
0.020376
0.020208
0.020206
0.02039
0.020122
0.020481
0.0201
0.02045
0.020041
0.019967
0.019993
0.020767
0.020339
0.020205
0.020055
0.020009
0.020023
0.020074
0.020267
0.020083
0.019996
0.019975
0.020483
0.020293
0.020276
0.020021
0.020035
0.020107
0.020163
0.019911
0.019989
0.020464
0.02046
0.020769
0.020167
0.020505
0.019997
0.020003
0.01995
0.019971
0.019843
0.019933
0.019973
0.020055
0.020029
0.019839
0.019851
0.020066
0.01983
0.019893
0.019831
0.019828
0.019878
0.019993
0.020071
0.019779
0.019842
0.019922
0.019916
0.020079
0.019879
0.019776
0.019765
0.019799
0.019837
0.019795
0.019971
0.019868
0.019625
0.019756
0.019692
0.019658
0.019693
0.01958
0.019724
0.019657
0.020052
0.019715
0.019596
0.01969
0.019651
0.019608
0.019608
0.01991
0.019769
0.019679
0.019694
0.019925
0.019791
0.019624
0.019687
0.019999
0.02006
0.020017
0.01976
0.019765
0.019576
0.019849
0.019595
0.019868
0.019662
0.019609
0.020059
0.020091
0.02023
0.019962
0.019948
0.020078
0.019647
0.019662
0.019666
0.019561
0.018613
0.019688
0.01964
0.019588
0.020523
0.020377
0.020328
0.02017
0.020091
0.020113
0.020033
0.019963
0.019975
0.019543
0.019536
0.019591
0.019569
0.019583
0.019625
0.019502
0.019596
0.019738
0.019568
0.019525
0.019682
0.020109
0.019715
0.019691
0.019654
0.019723
0.019634
0.019632
0.019724
0.019673
0.019868
0.01991
0.019701
0.019722
0.019679
0.019923
0.019875
0.01968
0.019674
0.019671
0.019914
0.019732
0.019977
0.020914
0.020487
0.020267
0.020208
0.019819
0.020129
0.063043
0.026808
0.019627
0.019772
0.019661
0.019839
0.019995
0.019608
0.019592
0.019552
0.019663
0.019791
0.019579
0.019527
0.019583
0.019505
0.01966
0.019545
0.019561
0.019656
0.019591
0.019526
0.019575
0.019581
0.019639
0.019625
0.020084
0.020011
0.019829
0.019605
0.019611
0.019561
0.019557
0.019539
0.019588
0.019726
0.019569
0.019614
0.019656
0.019527
0.0196
0.019608
0.019588
0.019613
0.019605
0.019528
0.019579
0.019658
0.019714
0.019505
0.019712
0.0196
0.01951
0.019455
0.019656
0.019583
0.019675
0.0195
0.019547
0.019575
0.019597
0.019493
0.019637
0.0196
0.01955
0.019617
0.019642
0.019602
0.019663
0.019599
0.019644
0.019548
0.019516
0.019618
0.019591
0.019592
0.020008
0.020337
0.020287
0.019642
0.019618
0.019561
0.019577
0.019653
0.019864
0.019526
0.019628
0.019601
0.019562
0.019565
0.019707
0.019509
0.019582
0.019516
0.019528
0.019499
0.019568
0.019526
0.019521
0.019587
0.019577
0.019487
0.019523
0.019658
0.019556
0.019509
0.019608
0.019479
0.019516
0.01953
0.019571
0.019486
0.019661
0.019506
0.019646
0.019558
0.019587
0.019569
0.019585
