1
537.9123,203.0569,21.8424,21.7355
536.1109,210.3485,21.8424,21.7355
532.9369,217.2970,21.8424,21.7355
531.9933,223.9023,21.8424,21.7355
530.5350,231.5370,21.8424,21.7355
528.9051,238.6570,21.8424,21.7355
529.1625,245.2623,21.8424,21.7355
529.5913,249.9804,21.8424,21.7355
531.3928,254.5269,21.8424,21.7355
534.3952,256.6715,21.8424,21.7355
540.0025,258.1435,21.3766,21.2720
546.2994,260.0696,20.9208,20.8183
552.6260,261.4664,20.9208,20.8183
559.2813,262.6988,20.9208,20.8183
570.3734,265.4102,20.9208,20.8183
581.7941,266.3140,20.9208,20.8183
592.8667,268.0407,20.4746,20.3744
603.5483,269.7305,20.0380,19.9399
611.9688,271.3831,20.0380,19.9399
622.9076,275.0819,20.0380,19.9399
630.8560,277.2067,20.0380,19.9399
638.9618,279.6463,20.0380,19.9399
645.0214,280.6693,20.0380,19.9399
650.6089,282.0072,20.0380,19.9399
653.9928,283.0302,20.0380,19.9399
659.8951,281.8498,20.0380,19.9399
660.4460,282.4006,20.0380,19.9399
681.3006,288.7751,20.0380,19.9399
684.6845,287.9094,20.0380,19.9399
687.4389,287.5159,20.0380,19.9399
690.6655,286.9650,20.0380,19.9399
694.5959,286.7984,19.6107,19.5147
698.1456,284.4082,19.1925,19.0985
701.7648,282.0691,18.7832,18.6912
705.7335,281.0596,18.3827,18.2926
711.0038,277.8108,18.3827,18.2926
716.2796,274.8745,17.9906,17.9025
728.5254,265.0544,17.6070,17.5208
731.3125,260.1092,17.2315,17.1471
738.2148,255.5304,16.8640,16.7815
739.4732,252.6825,16.8640,16.7815
757.6335,245.5566,17.2372,17.1527
769.0742,242.6457,17.2372,17.1527
778.2133,240.0055,17.2372,17.1527
796.6349,234.9695,17.6185,17.5322
815.4641,229.2478,18.0083,17.9201
834.2063,223.5191,18.0083,17.9201
839.3746,223.2329,17.6243,17.5380
858.2100,219.0892,18.0142,17.9260
877.4622,212.9454,18.4128,18.3226
896.1290,209.5861,18.0202,17.9319
901.5736,208.4812,17.6359,17.5495
919.4528,202.7268,17.2598,17.1753
937.4159,195.2026,17.2598,17.1753
946.4202,192.0536,16.8917,16.8090
961.7546,183.4728,16.5315,16.4505
970.8000,177.6999,16.8972,16.8145
988.3858,172.3247,16.8972,16.8145
1005.9716,164.9585,16.8972,16.8145
1008.3905,163.7946,16.5369,16.4559
1026.0637,159.9065,16.9028,16.8200
1029.1232,159.2541,16.5423,16.4613
1046.8023,159.2742,16.9083,16.8255
1055.8793,164.3820,16.5478,16.4667
1065.1385,171.0095,16.1949,16.1156
1067.7021,171.8557,15.8495,15.7719
1070.0052,169.3035,15.8495,15.7719
1074.5492,161.0247,15.8495,15.7719
1076.9381,154.7732,15.5115,15.4355
1079.3139,148.0112,15.5115,15.4355
1082.0042,140.4838,15.1807,15.1064
1084.2102,136.2507,15.1807,15.1064
1086.7739,131.6600,15.1807,15.1064
1089.1768,125.7872,14.8570,14.7842
1088.7166,121.5019,14.5402,14.4690
1089.6972,118.7390,14.2301,14.1604
1093.4416,116.4477,14.2301,14.1604
1096.1251,110.6195,13.9266,13.8584
1096.9589,96.7970,13.6296,13.5629
1098.9740,85.0399,13.9312,13.8630
1100.7795,78.9668,13.9312,13.8630
1103.0663,76.1455,14.2394,14.1697
1107.1530,71.4993,13.9358,13.8675
1111.5862,64.2201,13.9358,13.8675
1115.9179,57.9909,14.2441,14.1743
1121.8544,53.1329,14.5592,14.4879
1127.8037,50.7776,14.8814,14.8085
1133.7633,47.4001,15.2106,15.1361
1138.4742,43.5886,14.8862,14.8133
1146.3668,42.5947,14.8862,14.8133
1152.2071,41.8849,15.2156,15.1411
1158.5323,40.9520,14.8911,14.8182
1164.6098,38.7989,14.5736,14.5022
1170.5649,35.9663,14.8960,14.8231
1176.7076,37.0778,14.8960,14.8231
1184.4884,39.5934,14.8960,14.8231
1192.6389,42.6463,15.2256,15.1510
1199.2327,46.6353,15.5625,15.4862
1207.5871,53.4573,15.2306,15.1560
1214.1490,66.7063,14.9058,14.8328
1219.0252,82.6372,15.2356,15.1610
1225.8199,98.0821,14.9107,14.8376
1230.5632,110.0869,14.9107,14.8376
1236.7120,125.7223,14.9107,14.8376
1240.0101,141.7799,15.2406,15.1659
1242.8843,158.0685,15.5778,15.5015
1246.7109,172.8134,15.9224,15.8444
1251.6510,189.3846,15.9224,15.8444
1254.2148,206.0810,15.9224,15.8444
1255.4011,223.2282,16.2747,16.1950
1254.0937,240.7547,16.6348,16.5533
1257.2310,258.6690,17.0028,16.9196
1258.0821,276.9797,17.3790,17.2939
1259.3858,290.3872,17.0084,16.9251
1257.3137,298.1006,16.6457,16.5642
1257.1762,304.7673,16.2907,16.2109
1255.0648,307.7744,16.2907,16.2109
1251.6321,310.3166,16.6512,16.5696
1248.5585,313.1286,16.6512,16.5696
1244.1770,316.4637,16.6512,16.5696
1238.2405,320.6114,16.2961,16.2163
1231.2644,327.3314,16.2961,16.2163
1224.3442,335.3386,15.9485,15.8704
1216.3641,343.8995,15.6084,15.5320
1207.5982,352.4202,15.6084,15.5320
1198.2038,362.9965,15.9538,15.8756
1189.3693,372.0817,15.9538,15.8756
1180.2871,380.4218,16.3068,16.2269
1171.2635,389.9157,15.9590,15.8808
1162.5515,400.6335,15.9590,15.8808
1150.9952,412.2277,16.3121,16.2322
1141.8341,425.6170,16.3121,16.2322
1134.8512,435.9312,16.3121,16.2322
1127.8682,440.9922,16.3121,16.2322
1122.8072,445.0282,16.3121,16.2322
1118.2587,449.9611,16.3121,16.2322
1112.9415,454.7659,16.3121,16.2322
1107.6242,459.8269,16.3121,16.2322
1103.4140,463.1491,15.9642,15.8861
1100.6230,466.6422,15.6238,15.5473
1097.2483,467.4399,15.6238,15.5473
1094.9901,466.7185,15.2906,15.2157
1094.6322,464.0445,14.9645,14.8912
1093.1491,461.2010,14.6454,14.5737
1091.4811,457.8075,14.6454,14.5737
1089.6980,453.1486,14.6454,14.5737
1086.9947,451.5956,14.6454,14.5737
1083.2560,450.7328,14.6454,14.5737
1079.5174,449.7550,14.6454,14.5737
1074.7435,448.0870,14.6454,14.5737
1068.9341,445.4987,14.6454,14.5737
1064.3902,447.0517,14.6454,14.5737
1057.5456,447.9144,14.6454,14.5737
1052.8866,447.5118,14.6454,14.5737
1046.3871,446.3039,14.6454,14.5737
1040.8079,445.3261,14.6454,14.5737
1038.2197,445.6137,14.6454,14.5737
1029.4195,440.9548,14.6454,14.5737
1026.8312,436.6409,14.6454,14.5737
1024.9361,434.6342,14.3331,14.2629
1022.3219,432.5618,14.0274,13.9587
1020.1733,430.3030,14.0274,13.9587
1007.4473,424.0778,14.0274,13.9587
1002.9850,421.3783,14.0274,13.9587
998.5227,420.3316,14.0274,13.9587
992.1872,419.8358,14.0274,13.9587
987.7249,419.2298,14.0274,13.9587
982.2709,419.9460,14.0274,13.9587
978.5798,420.5520,14.0274,13.9587
974.1174,420.1663,14.0274,13.9587
970.2060,420.0010,14.0274,13.9587
967.0658,418.6238,14.0274,13.9587
963.4849,414.4920,14.0274,13.9587
961.4465,411.7925,14.0274,13.9587
960.3998,407.9912,14.0274,13.9587
954.5051,403.7492,14.0274,13.9587
951.5853,398.9563,14.0274,13.9587
950.6488,394.3838,14.0274,13.9587
948.2799,390.1418,14.0274,13.9587
945.9110,382.3740,14.0274,13.9587
945.0846,374.1655,14.0274,13.9587
944.3684,367.9402,14.0274,13.9587
948.1697,365.1306,14.0274,13.9587
949.3266,361.1089,14.0274,13.9587
952.4668,356.3160,14.0274,13.9587
2
0
0
0
0
1
903.0679,336.3949,25.0000,10.0000
899.9049,333.5011,25.0000,10.0000
896.0690,331.9533,25.0000,10.0000
891.9639,330.5400,25.0000,10.0000
886.9166,328.7230,25.0000,10.0000
882.2731,328.1173,25.0000,10.0000
876.0144,327.3771,25.0000,10.0000
870.0250,328.9249,25.0000,10.0000
863.4971,332.0879,25.0000,10.0000
857.6423,332.8281,25.0000,10.0000
850.3069,333.5684,25.0000,10.0000
843.2577,332.6897,25.5531,10.2213
835.7670,331.6489,26.1185,10.4474
828.8065,330.0318,26.1185,10.4474
821.5648,329.5396,26.1185,10.4474
813.3388,332.0004,26.1185,10.4474
806.2376,335.7267,26.1185,10.4474
799.1365,339.3125,26.1185,10.4474
791.6135,341.2108,26.1185,10.4474
784.3718,342.5466,26.1185,10.4474
778.3956,341.7733,26.1185,10.4474
771.9976,340.8592,26.1185,10.4474
766.0214,339.5234,26.1185,10.4474
758.3578,336.2189,26.1185,10.4474
753.6472,332.6332,26.1185,10.4474
748.6553,326.6570,26.1185,10.4474
743.8040,321.2433,26.1185,10.4474
739.5152,315.2671,26.1185,10.4474
734.5233,307.8847,26.1185,10.4474
729.9533,299.7993,26.1185,10.4474
726.0864,291.9951,26.1185,10.4474
720.9539,284.7534,26.1185,10.4474
716.2432,278.9178,26.1185,10.4474
712.0951,273.5041,26.1185,10.4474
707.8062,268.5122,26.1185,10.4474
703.6799,263.9477,25.5615,10.2246
700.3082,259.1999,25.5615,10.2246
696.1109,255.8283,25.5615,10.2246
692.8769,252.4567,25.5615,10.2246
689.6672,249.2738,26.1271,10.4508
687.1664,246.8771,25.5699,10.2280
675.1209,237.4472,25.5699,10.2280
671.8859,235.0381,25.5699,10.2280
667.9625,233.4550,25.5699,10.2280
665.0028,230.9082,25.5699,10.2280
661.3547,229.8758,25.5699,10.2280
657.9820,227.4667,25.5699,10.2280
652.2003,224.7113,26.1356,10.4542
647.2052,223.0931,26.1356,10.4542
642.4915,220.4900,26.1356,10.4542
636.5114,218.8719,26.1356,10.4542
630.2498,217.9572,26.1356,10.4542
624.4104,217.4648,26.1356,10.4542
617.4453,216.8316,26.1356,10.4542
609.3460,218.1028,26.7139,10.6855
609.4229,218.5633,26.1442,10.4577
611.2618,217.6573,25.5867,10.2347
613.1943,214.7790,25.0410,10.0164
606.5094,214.1711,24.5070,9.8028
2
0
0
0
0
1
534.3426,212.0325,23.3227,17.8232
528.2815,212.9214,23.3227,17.8232
522.5324,213.8125,22.8254,17.4431
516.9169,214.3662,22.8254,17.4431
511.6178,214.7616,22.8254,17.4431
507.5159,215.7862,22.3386,17.0711
502.4570,216.4904,21.8622,16.7071
498.5935,217.6267,21.8622,16.7071
495.0330,218.4600,21.8622,16.7071
491.4726,218.9903,21.8622,16.7071
487.9121,219.5206,21.8622,16.7071
484.5675,220.5019,21.3960,16.3508
481.3795,221.6140,21.3960,16.3508
478.7847,224.8019,21.3960,16.3508
476.7829,228.2865,21.3960,16.3508
473.4467,233.1055,21.3960,16.3508
471.0001,236.2934,21.3960,16.3508
467.8121,238.8883,21.3960,16.3508
465.6621,242.2245,21.3960,16.3508
464.9949,245.7090,21.3960,16.3508
462.8449,249.4901,21.3960,16.3508
461.2879,253.5677,21.3960,16.3508
460.6207,257.4971,21.3960,16.3508
459.9535,260.5368,21.3960,16.3508
458.8414,262.8351,21.3960,16.3508
458.0259,264.6885,21.3960,16.3508
459.0400,267.7927,20.9398,16.0021
458.0968,270.6224,20.9398,16.0021
457.8791,273.8875,20.9398,16.0021
459.2577,277.5880,20.9398,16.0021
459.4754,280.8531,20.9398,16.0021
460.9991,284.9888,20.9398,16.0021
463.1033,288.5442,20.9398,16.0021
463.9014,291.2288,20.9398,16.0021
465.5702,293.3330,20.9398,16.0021
466.9488,296.1627,20.9398,16.0021
468.6176,298.5571,20.9398,16.0021
471.0121,301.2417,20.9398,16.0021
473.4065,302.9106,20.9398,16.0021
474.0595,304.4343,20.9398,16.0021
475.3318,305.9337,20.4932,15.6609
476.2549,309.4132,20.4932,15.6609
476.8940,312.3246,20.4932,15.6609
477.2490,314.5259,20.4932,15.6609
476.7520,320.1357,20.4932,15.6609
477.4830,322.5410,20.9466,16.0074
474.5583,325.8598,20.4999,15.6660
467.8618,324.9998,20.0628,15.3319
472.3805,324.5132,20.0628,15.3319
469.8472,325.4138,19.6349,15.0050
467.1937,326.2982,19.6349,15.0050
464.5403,324.8694,19.6349,15.0050
462.4312,323.9850,19.6349,15.0050
461.1385,324.4612,19.6349,15.0050
458.4851,324.3932,19.6349,15.0050
454.0627,325.2777,19.6349,15.0050
453.4196,326.6836,19.2162,14.6850
450.6896,327.5492,19.2162,14.6850
449.4244,328.6812,19.2162,14.6850
446.9980,329.2870,18.8064,14.3718
445.3689,331.6982,18.8064,14.3718
443.7397,330.8510,18.8064,14.3718
444.1287,331.9464,18.4054,14.0653
441.8739,334.2390,18.8126,14.3765
442.5909,333.9131,18.8126,14.3765
442.1346,333.0656,18.8126,14.3765
444.0231,333.3800,19.2288,14.6946
444.8061,332.8303,18.8187,14.3812
445.5233,335.5038,18.8187,14.3812
448.6302,336.4948,19.2351,14.6994
449.3633,335.8949,19.2351,14.6994
449.0301,335.6950,19.2351,14.6994
448.4302,336.0283,19.2351,14.6994
448.8968,337.0280,19.2351,14.6994
447.3638,339.7607,19.2351,14.6994
445.1643,340.4939,19.2351,14.6994
441.4985,342.4267,19.2351,14.6994
437.1662,341.2937,19.2351,14.6994
431.9008,340.4272,19.2351,14.6994
426.5018,340.6104,19.6607,15.0246
420.2107,340.4423,19.2414,14.7042
415.4770,339.4422,19.2414,14.7042
410.3432,337.9087,19.2414,14.7042
403.9293,335.4307,18.8311,14.3907
399.1616,331.2446,18.4295,14.0838
392.5840,327.8600,18.4295,14.0838
387.2837,324.4755,18.4295,14.0838
381.2636,321.1172,18.0365,13.7834
376.2012,317.5548,18.0365,13.7834
371.3889,314.8674,18.0365,13.7834
367.4248,312.0627,17.6519,13.4895
364.1830,308.8210,17.6519,13.4895
361.0636,305.2122,17.6519,13.4895
358.3112,302.4598,17.6519,13.4895
356.6598,299.9521,17.6519,13.4895
355.1306,296.9550,17.6519,13.4895
352.1336,294.5696,17.6519,13.4895
350.8491,293.1628,17.6519,13.4895