1
115.6687,45.5056,104.0026,104.2788
110.3386,38.5355,104.0026,104.2788
108.2886,31.5655,104.0026,104.2788
105.8409,26.7496,101.7847,102.0550
103.4454,22.8100,99.6141,99.8787
107.1571,22.7394,97.4898,97.7487
112.2714,24.1521,95.4108,95.6642
117.1611,24.5282,95.4108,95.6642
125.0599,25.6566,95.4108,95.6642
139.2236,28.1105,97.5218,97.7808
154.2173,26.9571,97.5218,97.7808
169.9799,25.0348,97.5218,97.7808
178.8015,24.2247,95.4421,95.6956
185.2590,27.0583,93.4068,93.6548
190.7825,28.8995,93.4068,93.6548
194.0965,30.7406,93.4068,93.6548
195.9377,33.3182,93.4068,93.6548
197.0424,36.6323,93.4068,93.6548
198.8836,42.1558,93.4068,93.6548
201.4612,47.6793,93.4068,93.6548
201.8294,51.7298,93.4068,93.6548
202.9341,55.0439,93.4068,93.6548
203.3023,58.3580,93.4068,93.6548
198.5153,60.9356,93.4068,93.6548
193.7283,62.0403,93.4068,93.6548
197.7789,60.9356,93.4068,93.6548
185.6427,65.8384,91.4149,91.6576
177.3540,69.8025,91.4149,91.6576
182.1496,68.3484,89.4654,89.7030
183.4435,65.5654,87.5575,87.7901
186.7060,54.1918,85.6903,85.9179
191.2013,40.4558,83.8630,84.0857
2
0
0
0
0
1
186.9630,137.8131,74.8171,74.6288
186.4406,134.2405,76.4724,76.2799
189.1468,131.5343,76.4724,76.2799
190.6503,128.2267,76.4724,76.2799
190.3496,127.3246,76.4724,76.2799
188.2447,126.4225,76.4724,76.2799
189.7482,130.9329,76.4724,76.2799
190.6503,137.2475,76.4724,76.2799
190.9510,144.7648,76.4724,76.2799
190.6503,154.6877,76.4724,76.2799
193.9579,165.8133,76.4724,76.2799
198.5410,176.7705,74.8416,74.6532
202.4591,185.7922,73.2456,73.0612
206.2032,194.1444,73.2456,73.0612
209.9473,200.7685,73.2456,73.0612
214.2674,207.9687,73.2456,73.0612
220.3155,215.1688,73.2456,73.0612
225.7876,221.2169,73.2456,73.0612
232.9877,226.6890,73.2456,73.0612
239.0359,232.7371,73.2456,73.0612
248.5400,237.6332,73.2456,73.0612
254.5882,239.0733,73.2456,73.0612
264.0923,239.3613,73.2456,73.0612
273.0205,239.0733,73.2456,73.0612
282.5247,236.4812,73.2456,73.0612
292.6049,232.7371,73.2456,73.0612
300.3810,220.9289,73.2456,73.0612
303.6604,190.8948,71.6836,71.5032
301.1236,170.3188,71.6836,71.5032
304.7878,155.9437,71.6836,71.5032
310.1432,142.1324,71.6836,71.5032
315.5261,137.1896,70.1550,69.9784
325.0482,131.2887,68.6589,68.4861
338.2768,120.2199,68.6589,68.4861
340.5982,112.4599,70.1780,70.0013
331.4921,117.1510,70.1780,70.0013
341.7020,121.8420,70.1780,70.0013
364.0534,128.1887,70.1780,70.0013
365.9850,139.5024,70.1780,70.0013
2
0
0
0
0
1
380.5415,-30.3548,122.3675,124.4548
373.2535,-30.8407,122.3675,124.4548
363.3303,-31.7134,125.0749,127.2084
351.1267,-33.6359,127.8422,130.0229
340.4670,-32.1131,127.8422,130.0229
329.0466,-33.0248,130.6707,132.8997
320.2264,-32.5060,130.6707,132.8997
309.3309,-29.9118,130.6707,132.8997
297.3977,-28.3553,130.6707,132.8997
277.1120,-26.0574,133.5618,135.8401
265.1806,-25.9096,136.5169,138.8455
253.7976,-23.1993,136.5169,138.8455
240.4775,-21.9235,139.5373,141.9175
226.8628,-19.4697,142.6246,145.0574
212.9468,-19.3118,145.7801,148.2668
202.3261,-17.9493,149.0055,151.5472
193.9257,-16.5567,152.3023,154.9002
187.8490,-18.8977,155.6720,158.3274
180.3554,-16.1602,159.1162,161.8304
175.3178,-21.2278,162.6366,165.4108
170.1687,-21.0478,166.2350,169.0706
166.8685,-21.7078,166.2350,169.0706
161.6056,-25.6325,169.9129,172.8112
155.5337,-24.9579,169.9129,172.8112
149.4619,-25.6325,169.9129,172.8112
143.3901,-26.3072,169.9129,172.8112
140.6500,-22.5138,166.2895,169.1260
134.0153,-27.8098,169.9686,172.8679
129.2912,-31.1842,169.9686,172.8679
124.5671,-30.5093,169.9686,172.8679
121.1927,-36.5831,169.9686,172.8679
116.4686,-41.3072,169.9686,172.8679
31.7676,-55.7259,166.3440,169.1814
20.1726,-60.9246,162.7967,165.5736
16.3012,-67.2585,159.3250,162.0427
2
0
0
0
0
1
74.3307,146.1233,96.6740,91.1374
79.8757,136.1423,96.6740,91.1374
86.1600,123.2039,96.6740,91.1374
93.9230,111.7442,96.6740,91.1374
101.6861,101.0239,96.6740,91.1374
110.9277,91.7822,96.6740,91.1374
123.1268,80.3225,96.6740,91.1374
130.8785,69.7261,98.8129,93.1538
137.2337,53.4070,100.9991,95.2148
144.5308,44.7406,103.2337,97.3215
151.2416,36.4508,103.2337,97.3215
156.3733,28.9505,103.2337,97.3215
158.3471,22.2398,103.2337,97.3215
156.3733,17.8975,103.2337,97.3215
152.5278,14.7499,101.0323,95.2460
2
0
0
0
0
1
216.0553,152.6491,48.3803,45.4748
215.1316,156.8980,48.3803,45.4748
216.4248,161.8857,48.3803,45.4748
217.7179,167.9819,48.3803,45.4748
220.1194,172.9697,48.3803,45.4748
221.7820,177.2185,48.3803,45.4748
221.9667,180.7284,48.3803,45.4748
221.0431,183.4994,48.3803,45.4748
220.8583,185.5314,48.3803,45.4748
221.4125,187.9329,48.3803,45.4748
223.3689,189.5381,49.4507,46.4809
227.3341,192.3704,49.4507,46.4809
230.9217,194.4474,49.4507,46.4809
233.3763,194.2586,49.4507,46.4809
231.8498,192.3731,50.5448,47.5093
231.2708,189.8642,50.5448,47.5093
232.1132,187.5365,51.6631,48.5604
235.8613,186.5502,51.6631,48.5604