1
81.3522,145.9317,27.3665,25.0685
81.4554,143.9711,27.3665,25.0685
81.3522,142.4232,27.3665,25.0685
80.8363,141.9072,27.3665,25.0685
80.9395,140.3593,27.3665,25.0685
80.8117,139.6491,28.2411,25.8697
81.1312,137.8387,28.2411,25.8697
80.1474,136.0410,29.1437,26.6965
79.3520,134.1857,30.0751,27.5497
79.2117,131.8175,31.0363,28.4302
77.4283,129.6077,32.0283,29.3388
78.0035,127.3273,33.0519,30.2765
75.6058,125.2233,34.1082,31.2441
74.1605,122.7948,35.1983,32.2427
74.0277,120.5384,35.1983,32.2427
73.3641,118.2821,35.1983,32.2427
73.2314,114.6985,35.1983,32.2427
72.8332,111.9112,35.1983,32.2427
72.1696,107.5313,35.1983,32.2427
71.7398,104.7597,36.3233,33.2732
72.7051,101.2955,35.2145,32.2575
73.1035,98.7725,35.2145,32.2575
74.2986,96.5151,35.2145,32.2575
74.3998,93.4767,36.3399,33.2884
74.5042,89.7931,37.5014,34.3523
76.0597,87.3891,37.5014,34.3523
76.7332,84.1533,38.6999,35.4502
79.5128,83.0892,37.5186,34.3681
79.6206,82.3985,38.7177,35.4665
80.0239,80.5178,39.9551,36.6000
81.6883,79.1178,38.7354,35.4828
80.6311,76.3598,39.9734,36.6168
79.8416,71.1020,41.2510,37.7871
79.9972,68.4576,41.2510,37.7871
80.7823,65.4567,39.9918,36.6336
79.4251,63.7979,39.9918,36.6336
77.7663,62.4407,39.9918,36.6336
77.9243,60.1346,38.7710,35.5154
79.2470,57.3141,37.5875,34.4313
79.3955,56.2805,36.4402,33.3802
77.8906,55.5533,35.3278,32.3613
76.9581,55.6865,35.3278,32.3613
77.3640,54.9815,34.2494,31.3735
76.9827,54.5563,33.2039,30.4158
77.3584,54.4311,33.2039,30.4158
77.2034,54.0703,34.2651,31.3879
76.8219,55.1954,33.2192,30.4297
77.2037,55.7851,32.2052,29.5009
77.8166,57.8141,31.2221,28.6003
77.9344,57.2254,31.2221,28.6003
79.2014,55.7088,32.2199,29.5144
79.3229,56.8022,32.2199,29.5144
78.2006,60.0969,33.2497,30.4577
79.8305,62.4791,33.2497,30.4577
79.6753,64.6253,34.3124,31.4311
82.1336,65.0135,34.3124,31.4311
85.1156,67.6928,33.2650,30.4717
87.7498,70.3269,33.2650,30.4717
88.6338,72.1718,32.2495,29.5415
90.9154,73.0374,33.2802,30.4857
92.3018,73.6282,32.2643,29.5551
93.6111,73.7642,33.2955,30.4997
94.7471,73.3509,32.2792,29.5686
98.5261,73.4370,31.2938,28.6660
99.3578,74.7005,30.3386,27.7910
100.6216,75.4679,29.4125,26.9427
101.4033,76.4337,28.5146,26.1202
102.3761,77.3699,27.6442,25.3229
102.6888,77.6827,27.6442,25.3229
101.9591,78.4123,27.6442,25.3229
102.6640,77.4865,28.5277,26.1322
102.5564,76.9486,28.5277,26.1322
101.7779,76.6386,29.4395,26.9674
101.8625,76.0966,30.3804,27.8293
100.8314,75.5239,30.3804,27.8293
100.9460,75.1802,30.3804,27.8293
101.0660,75.0321,29.4530,26.9798
101.1771,74.6990,29.4530,26.9798
101.0660,75.9206,29.4530,26.9798
100.7064,75.1563,30.3943,27.8421
101.5087,74.1248,30.3943,27.8421
100.9084,73.7945,31.3657,28.7319
100.2889,73.2171,32.3682,29.6502
100.9050,72.8153,31.3801,28.7451
101.2599,71.5136,31.3801,28.7451
101.6149,72.3419,31.3801,28.7451
101.2318,71.5276,32.3830,29.6638
101.1097,70.6728,32.3830,29.6638
101.2318,70.7950,32.3830,29.6638
101.6039,71.3698,31.3945,28.7583
101.2206,71.0286,32.3979,29.6774
101.5929,71.3594,31.4089,28.7715
101.4745,71.0041,31.4089,28.7715
101.3561,70.6488,31.4089,28.7715
101.2376,70.2935,31.4089,28.7715
101.8017,70.4259,32.4128,29.6910
101.4350,70.5481,32.4128,29.6910
101.3128,70.6703,32.4128,29.6910
100.9170,70.5626,33.4487,30.6400
100.5087,70.4513,34.5177,31.6192
101.4198,70.0608,34.5177,31.6192
100.5087,70.7116,34.5177,31.6192
99.8269,70.5968,35.6209,32.6298
99.9612,71.2684,35.6209,32.6298
100.8695,70.6127,36.7593,33.6726
102.6715,69.9196,36.7593,33.6726
102.4999,69.2429,37.9342,34.7488
102.6089,68.2585,39.1465,35.8594
101.8708,68.4061,39.1465,35.8594
101.7303,68.8058,37.9516,34.7647
100.7285,69.8076,37.9516,34.7647
102.8819,69.0502,36.7931,33.7035
101.6333,70.0214,36.7931,33.7035
99.8297,70.7151,36.7931,33.7035
98.5480,70.5927,37.9690,34.7807
97.5458,70.4495,37.9690,34.7807
96.5436,70.3064,37.9690,34.7807
95.5414,70.1632,37.9690,34.7807
96.5095,71.7550,39.1825,35.8923
96.0663,73.3803,39.1825,35.8923
96.5095,72.6415,39.1825,35.8923
95.7356,72.2157,40.4348,37.0394
95.5832,72.6731,40.4348,37.0394
95.4307,73.4355,40.4348,37.0394
94.3634,74.1978,40.4348,37.0394
95.7429,75.2206,39.2005,35.9088
94.4125,75.9596,39.2005,35.9088
95.4543,78.1337,38.0039,34.8127
97.3241,79.3816,36.8438,33.7500
97.1852,79.5205,36.8438,33.7500
97.6086,77.9517,35.7191,32.7198
98.2884,78.8551,34.6288,31.7210
98.4190,82.1196,34.6288,31.7210
98.8107,85.6452,34.6288,31.7210
98.6491,87.3581,35.7355,32.7348
98.7518,87.5088,36.8776,33.7810
98.5797,87.3861,38.0562,34.8606
97.8280,87.8336,39.2725,35.9748
100.3526,88.5307,38.0737,34.8766
101.6447,86.9515,38.0737,34.8766
103.2308,87.3402,36.9115,33.8120
105.6036,86.8820,35.7848,32.7799
108.1738,84.8185,34.6924,31.7793
110.1361,84.1644,34.6924,31.7793
112.6279,82.1639,33.6334,30.8092
113.9928,81.0374,34.7083,31.7939
115.4387,81.3918,33.6489,30.8233
115.7891,80.5186,34.7243,31.8085
116.4127,79.3556,35.8341,32.8251
117.6288,77.8692,35.8341,32.8251
117.7318,77.2096,36.9793,33.8741
118.1170,77.0866,38.1612,34.9568
118.8364,76.6549,38.1612,34.9568
118.6925,77.0866,38.1612,34.9568
119.1311,78.3396,36.9963,33.8897
116.7595,78.2001,36.9963,33.8897
116.3078,77.2400,38.1787,34.9728
115.8759,76.5202,38.1787,34.9728
118.8649,74.9536,39.3989,36.0905
118.7163,74.2108,39.3989,36.0905
119.7634,73.7216,38.1962,34.9889
122.2188,73.2475,37.0303,33.9208
121.2081,72.8450,38.2138,35.0049
121.0640,72.1245,38.2138,35.0049
121.7502,72.5739,39.4351,36.1237
122.4584,71.8479,40.6954,37.2782
124.1537,71.0358,39.4532,36.1403
124.9046,70.8435,38.2489,35.0371
125.9211,70.9456,37.0813,33.9676
126.3073,70.8223,38.2664,35.0532
125.8401,70.1178,39.4894,36.1735
125.6912,69.3733,39.4894,36.1735
126.9959,68.6463,40.7515,37.3296
128.0716,66.9560,40.7515,37.3296
127.2667,66.5131,42.0539,38.5226
126.7533,65.1047,43.3980,39.7538
127.8988,64.6137,43.3980,39.7538
128.0624,65.1047,43.3980,39.7538
128.8807,65.2683,43.3980,39.7538
128.7170,65.4319,43.3980,39.7538
130.8444,66.5775,43.3980,39.7538
130.6808,67.7230,43.3980,39.7538
134.7797,69.8025,42.0732,38.5403
136.2151,71.5013,40.7889,37.3638
137.5993,71.9627,40.7889,37.3638
139.5988,72.4242,40.7889,37.3638
141.2980,73.4558,39.5438,36.2233
139.6578,74.4996,39.5438,36.2233
140.7016,76.1399,39.5438,36.2233
139.9560,77.7801,39.5438,36.2233
139.5158,77.8856,38.3368,35.1176
141.4019,78.5662,37.1665,34.0456
142.6699,78.9457,36.0320,33.0063
140.6319,80.7120,36.0320,33.0063
140.4960,81.9348,36.0320,33.0063
140.3666,84.2049,34.9321,31.9988
2
0
0
0
0
1
134.2293,92.4667,39.4946,23.1550
133.1288,91.8554,39.4946,23.1550
131.7838,91.7331,39.4946,23.1550
130.9279,91.8554,39.4946,23.1550
130.4191,91.6076,40.7568,23.8950
129.6531,91.3414,39.5127,23.1656
129.7755,93.4210,39.5127,23.1656
127.4512,93.0540,39.5127,23.1656
126.1056,99.5375,39.5127,23.1656
122.5581,105.7762,39.5127,23.1656
118.8684,108.9536,40.7756,23.9060
116.0823,109.1922,39.5309,23.1763
113.5122,108.8251,39.5309,23.1763
113.0029,108.5771,40.7943,23.9170
113.1292,109.2086,40.7943,23.9170
112.6036,109.2053,42.0981,24.6814
115.4499,117.0219,43.4435,25.4702
115.5844,118.5013,43.4435,25.4702
115.9879,117.8288,43.4435,25.4702
114.8902,117.2873,44.8320,26.2842
113.6410,117.7037,44.8320,26.2842
111.5590,118.6753,44.8320,26.2842
111.4202,119.3693,44.8320,26.2842
110.7262,120.3409,44.8320,26.2842
108.4958,121.9912,43.4635,25.4819
2
0
0
0
0
1
130.2824,83.7304,22.4467,31.5054
130.5999,83.4129,22.4467,31.5054
132.1874,82.2487,22.4467,31.5054
133.6278,81.4278,23.1641,32.5124
135.4844,80.0080,23.1641,32.5124
136.9042,79.6804,23.1641,32.5124
139.4160,78.2606,23.1641,32.5124
141.0542,76.8409,23.1641,32.5124
142.7591,75.9937,23.9044,33.5514
146.0275,75.4302,23.9044,33.5514
148.9139,74.3305,24.6684,34.6238
145.9175,77.5340,23.9154,33.5669
149.7779,76.3550,23.1853,32.5422
152.3589,74.1953,23.9263,33.5823
154.2766,73.1800,23.9263,33.5823
155.2058,73.1285,23.1960,32.5572
156.8462,71.4881,23.1960,32.5572
158.4867,69.6289,23.1960,32.5572
157.8564,69.5790,22.4879,31.5633
157.3263,69.4730,22.4879,31.5633
156.1600,69.1549,22.4879,31.5633
155.6299,69.2609,22.4879,31.5633
154.4637,68.9429,22.4879,31.5633
157.9625,61.8392,22.4879,31.5633
158.6238,60.5185,21.8015,30.5999
158.7893,60.1323,22.4982,31.5778
159.3845,58.6731,23.2173,32.5871
160.6554,56.7293,23.9593,33.6285
161.2892,54.7234,24.7251,34.7033
162.8758,52.6534,25.5153,35.8124
164.1991,50.8490,25.5153,35.8124
166.0035,49.0445,25.5153,35.8124
167.5674,47.4806,25.5153,35.8124
168.8907,45.6762,25.5153,35.8124
172.2876,43.9371,24.7364,34.7192
172.2421,43.0324,25.5270,35.8289
173.5660,41.4678,25.5270,35.8289
175.0388,40.6908,24.7478,34.7352
175.3888,40.3407,24.7478,34.7352
175.0388,39.7574,24.7478,34.7352
174.9934,40.9525,25.5387,35.8453
172.7791,41.9450,26.3549,36.9909
172.9793,42.2236,27.1972,38.1732
172.4164,41.7419,28.0664,39.3932
173.8720,41.8742,28.0664,39.3932
173.4750,41.4772,28.0664,39.3932
173.6074,41.8742,28.0664,39.3932
173.4750,42.0065,28.0664,39.3932
173.6074,42.4035,28.0664,39.3932
174.4327,43.4017,27.2097,38.1907
174.3044,44.0432,27.2097,38.1907
174.4327,44.4280,27.2097,38.1907
175.0741,44.2997,27.2097,38.1907
174.6893,45.1977,27.2097,38.1907
174.3828,45.2289,28.0793,39.4113
174.5152,44.5669,28.0793,39.4113
173.5884,45.4936,28.0793,39.4113
173.1913,45.6260,28.0793,39.4113
173.0589,45.7584,28.0793,39.4113
172.2130,45.7906,28.9767,40.6708
171.5299,44.8342,28.9767,40.6708
170.3004,44.6976,28.9767,40.6708
170.7102,44.5610,28.9767,40.6708
169.7539,45.5173,28.9767,40.6708
169.3441,45.1075,28.9767,40.6708
169.8373,44.3209,29.9028,41.9707
169.2185,44.6371,30.8585,43.3121
169.0730,44.7826,30.8585,43.3121
169.2185,44.6371,30.8585,43.3121
169.6550,44.4916,30.8585,43.3121
170.0914,44.3462,30.8585,43.3121
170.4169,43.4068,29.9166,41.9900
171.4043,43.5479,29.9166,41.9900
170.9811,42.5605,29.9166,41.9900
170.2759,42.1374,29.9166,41.9900
170.4169,42.5605,29.9166,41.9900
170.2759,41.8553,29.9166,41.9900
169.8527,41.7142,29.9166,41.9900
168.8654,41.5732,29.9166,41.9900
168.4422,41.4321,29.9166,41.9900
169.3220,43.0604,29.0034,40.7082
168.6383,42.6501,29.0034,40.7082
167.4076,42.5134,29.0034,40.7082
167.3544,43.3670,29.9303,42.0092
166.6488,42.9437,29.9303,42.0092
165.0965,42.5204,29.9303,42.0092
165.2377,42.0970,29.9303,42.0092
165.0965,42.8026,29.9303,42.0092
163.8265,43.2259,29.9303,42.0092
162.8387,44.7782,29.9303,42.0092
162.4154,44.9193,29.9303,42.0092
161.4276,46.4715,29.9303,42.0092
160.1576,48.0238,29.9303,42.0092
159.4520,48.1649,29.9303,42.0092
158.4642,49.1527,29.9303,42.0092
157.7587,49.2938,29.9303,42.0092
156.2064,49.9994,29.9303,42.0092
155.5870,49.7514,30.8869,43.3518
153.9852,50.4795,30.8869,43.3518
153.7284,50.9956,29.9440,42.0285
152.0678,52.9076,29.0300,40.7456
150.7316,53.9401,28.1438,39.5018
153.3337,52.6454,29.0433,40.7643
151.9111,53.2264,29.9715,42.0671
151.2046,56.4765,29.9715,42.0671
152.6512,56.9772,29.0567,40.7830
152.7881,57.3882,29.0567,40.7830
152.2727,57.8737,28.1697,39.5381
151.7729,58.6099,27.3098,38.3312
151.0309,58.5512,26.4762,37.1611
150.3116,58.2446,25.6680,36.0268
149.7065,58.3656,25.6680,36.0268
149.0091,58.3104,24.8844,34.9270
149.7409,58.0222,24.1248,33.8609
148.7172,58.3634,24.1248,33.8609
148.2892,58.9939,23.3884,32.8273
149.1975,58.9436,22.6745,31.8252
148.4492,59.2643,22.6745,31.8252
147.9147,58.7298,22.6745,31.8252
147.3801,58.8367,22.6745,31.8252
148.0469,58.7879,21.9823,30.8537
147.7360,59.0989,21.9823,30.8537
147.4251,58.5807,21.9823,30.8537
147.9433,59.5134,21.9823,30.8537
147.6324,60.4462,21.9823,30.8537
146.9069,61.7935,21.9823,30.8537
146.8665,63.6842,22.6849,31.8398
146.3318,65.5024,22.6849,31.8398
146.6526,66.8928,22.6849,31.8398
147.4666,68.4161,23.4099,32.8574
146.2525,70.0717,23.4099,32.8574
146.5836,70.8443,23.4099,32.8574
