0.20659
0.23506
0.070844
0.043844
0.052627
0.04711
0.040094
0.037311
0.036699
0.037063
0.036443
0.036977
0.036353
0.037272
0.036626
0.036609
0.036159
0.036785
0.035949
0.036525
0.036175
0.036734
0.03597
0.036925
0.036235
0.036775
0.036058
NaN
NaN
NaN
NaN
0.20814
0.23668
0.071042
0.044476
0.052951
0.047667
0.041098
0.037698
0.037808
0.037367
0.03787
0.037311
0.037197
0.037212
0.037492
0.037304
0.037256
0.037686
0.037317
0.037659
0.037345
0.037413
0.037387
0.037286
0.037498
0.037463
0.03726
0.037486
0.035176
0.037381
0.03737
0.037767
0.037502
0.037582
0.03758
0.037291
0.037324
0.037499
0.037367
0.037377
0.037963
0.037618
0.038489
0.037524
0.037901
0.037438
0.037396
0.037323
0.037329
0.037326
0.037289
0.037313
0.037359
0.078762
NaN
0.038345
0.037216
0.037155
0.037293
0.03721
0.037114
0.037272
0.037191
0.037274
0.037448
0.037243
0.037133
0.037171
0.037107
0.037349
0.037166
0.037436
0.037111
0.037214
0.037223
0.0371
0.037278
0.037117
0.037138
0.036971
0.042039
0.046159
0.037051
0.036955
0.037008
0.037333
0.037358
0.036935
0.037006
0.037045
0.036872
0.03714
0.037143
0.037177
0.036948
0.037078
0.037008
0.037064
0.037076
0.037026
0.037082
0.037699
0.037447
0.037019
0.037023
0.037082
0.037087
0.036982
0.03705
0.037133
0.037028
0.037043
0.0376
0.037522
0.037144
0.036908
0.037396
0.037093
0.03699
0.03709
0.036937
0.037178
0.037047
0.040203
0.048108
0.039524
0.037681
0.037673
0.037707
0.03754
0.03764
0.037002
0.036957
0.037037
0.036982
0.036923
0.037017
0.037168
0.037255
0.036911
0.039347
0.036952
0.037073
0.036983
0.039216
0.039628
0.037064
0.037
0.037118
0.036983
0.039137
0.037146
0.037032
0.037118
0.037083
0.037245
0.0372
0.03704
0.037106
0.03706
0.037081
0.035903
0.037066
0.037234
0.036949
0.037079
0.037118
0.037118
0.037369
0.038179
0.037756
0.037793
0.037601
0.037635
0.037249
0.037137
0.037186
0.03714
0.037376
0.037457
0.037441
0.037229
0.037172
0.036997
0.037148
0.037104
0.037056
0.037114
0.037127
0.037048
0.037148
0.037157
0.036993
0.037117
0.037149
0.037138
0.037109
0.037205
0.037167
0.037118
0.037108
0.037281
0.037171
0.037173
0.03711
0.037134
0.037
0.039097
0.039034
0.039125
0.039184
0.03914
0.039095
0.039052
0.039076
0.038995
0.037108
0.038931
0.03691
0.037083
0.039127
0.03713
0.037082
0.03718
0.03719
0.037087
0.03703
0.037091
0.037129
0.03713
0.037197
0.037132
0.037108
0.037049
0.036984
0.037009
0.037121
0.036961
0.037058
0.037008
0.037128
0.037127
0.037016
0.036927
0.037146
0.037144
0.037083
0.037387
0.0372
0.037
0.037131
0.037626
0.037636
0.037203
0.037046
0.03697
0.037214
0.03713
0.037215
0.037066
0.037068
0.037111
0.037089
0.037092
0.037062
0.037154
0.037109
0.037064
0.037023
0.036951
0.03703
0.037046
0.037146
0.036911
0.037083
0.037113
0.037147
0.037122
0.037183
0.039086
0.039077
0.03708
0.037201
0.037169
0.039032
0.03714
0.039152
0.037087
0.037134
0.037115
0.037158
NaN
NaN
NaN
NaN
0.20424
0.23665
0.071489
0.044447
0.052646
NaN
NaN
NaN
NaN
0.24598
0.23538
0.070901
0.044462
