0.20551
0.23102
0.065509
0.038534
0.046164
0.041866
0.035808
0.032118
0.032023
0.031763
0.032205
0.031779
0.031836
0.031815
0.032042
0.031885
0.031785
0.031683
0.031547
0.031303
0.031527
0.031421
0.031461
0.031532
0.031634
0.031562
0.031588
0.031351
0.031308
0.031455
0.031433
0.034251
0.033146
0.032959
0.033061
0.033524
0.03279
0.033114
0.032676
0.03251
0.033232
NaN
NaN
NaN
NaN
0.20282
0.23175
0.067568
0.039252
0.047714
0.04299
0.037374
0.03242
0.033272
0.032518
0.031948
0.032421
0.032326
0.032276
0.032523
0.031558
0.031513
0.031568
0.031686
0.031569
0.033514
0.033189
0.033223
0.033117
0.034343
0.031643
0.033025
NaN
NaN
NaN
NaN
0.20004
0.28828
0.06793
0.040969
0.049005
0.044768
0.038341
0.034469
0.034397
0.034183
0.034038
0.033593
0.033927
0.03403
0.034153
0.033858
0.033342
0.033883
0.033973
0.033238
0.033543
0.034057
0.0339
0.033976
0.034078
0.033652
0.033889
0.033553
0.03344
0.033614
0.034337
0.033984
0.033963
0.033534
0.033351
0.033462
0.033466
0.034077
0.03389
0.03388
0.03396
0.034219
