0.19381
0.22523
0.058582
0.028182
0.037903
0.032767
0.026563
0.023792
0.023274
0.022983
0.023023
0.023104
0.022906
0.022985
0.023521
0.022704
0.022888
0.022654
0.0228
0.022704
0.02324
0.022908
0.022982
0.022933
0.02301
0.022837
0.023147
0.022837
0.022659
0.022937
0.02277
0.023187
0.023119
0.022957
0.022763
0.022994
0.02289
0.023075
0.02302
0.022952
0.023522
0.024522
0.025485
0.026816
0.026269
0.02589
0.025062
0.024509
0.024151
0.02362
0.023593
0.024224
0.023735
0.024559
0.024325
0.023739
0.024267
0.024103
0.024196
0.024304
0.024225
0.02407
0.024239
0.024555
0.024057
0.024167
0.023876
0.024246
0.02408
0.023734
0.024126
0.023931
0.024213
0.024275
0.024185
0.024616
0.024479
0.023966
0.024228
0.024327
0.024244
0.023577
0.024423
0.023949
0.024338
0.024141
0.024113
0.024321
0.023456
0.024198
0.024279
0.024317
0.024691
0.02421
0.024174
0.024376
0.024189
0.023696
0.022571
0.022681
0.023261
0.023459
0.02335
0.022572
0.022765
0.022922
0.022751
0.022953
0.022748
0.022614
0.022879
0.023504
0.023614
0.023642
0.023007
0.023182
0.022882
0.02279
0.02265
0.02263
0.022871
0.022718
0.022991
0.022992
0.022972
0.023446
0.023766
0.023437
0.023435
0.023056
0.023257
0.023088
0.022945
0.022638
0.022806
0.022753
0.023717
0.023201
0.023397
0.023078
0.023232
0.02308
0.023442
0.022525
0.022822
0.022379
0.022678
0.022358
0.022594
0.022553
0.022615
0.02236
0.022603
0.022312
0.022623
0.022332
