0.19643
0.2214
0.054201
0.025959
0.035213
0.029551
0.023596
0.020214
0.020647
0.020397
0.020328
0.020265
0.020154
0.019851
0.020901
0.020414
0.021319
0.020568
0.020648
0.020265
0.020966
0.02044
0.020481
0.019916
0.020598
0.021961
0.021821
0.02197
0.021992
0.022075
0.021866
0.021506
NaN
NaN
NaN
NaN
0.1885
0.22117
0.053267
0.026423
0.035221
0.029293
0.023665
0.020176
0.020753
0.020254
0.020695
0.020931
0.020868
0.020825
0.02119
0.020988
0.021048
0.020899
0.020869
0.020558
0.021241
0.021189
0.021043
0.020974
0.021001
0.02102
0.020997
0.021177
0.020854
0.020787
0.020852
0.021233
0.021171
0.021282
0.020856
0.020956
0.020541
0.02092
0.023033
0.022215
0.022912
0.022432
0.024265
0.022434
0.02271
0.021503
0.021502
0.022091
0.02201
0.021784
0.021876
0.020838
0.02104
0.020915
0.020952
0.020859
0.020517
0.020952
0.021135
0.020586
0.02113
0.020938
0.020494
0.020622
0.020403
0.020438
0.020831
0.019648
0.01967
0.021094
0.020889
0.020563
0.020867
0.020897
0.020678
0.061773
0.027038
0.020596
0.02026
0.018252
0.020576
0.020461
0.020602
0.020232
0.019312
0.019356
0.019327
0.019394
0.019385
0.019396
0.019588
0.019421
0.019676
0.019454
0.01943
0.019394
0.019405
0.019884
0.019427
NaN
NaN
NaN
NaN
0.19135
0.22194
0.054483
0.025947
0.035435
NaN
NaN
NaN
NaN
0.19152
0.22098
0.054852
0.028025
0.036489
0.032212
0.026218
0.022629
0.022709
0.021471
0.02105
0.020531
0.020532
0.020641
0.020859
0.020469
0.020261
NaN
NaN
NaN
NaN
0.19194
0.22335
0.055091
0.025766
0.036208
0.030493
0.024963
0.021382
0.023173
0.020822
0.020917
0.020929
0.021147
0.020803
0.024458
0.059326
0.020865
0.019407
0.019492
0.019423
0.022703
0.020826
0.020579
0.020421
0.020184
0.020576
0.020203
0.0219
0.0206
0.020659
0.020308
0.023961
0.022161
0.022204
0.020325
0.020494
0.020742
0.020527
0.020199
0.019354
0.023325
0.023466
0.024142
0.020435
0.022922
0.019583
0.019336
0.01943
0.019313
0.019284
0.019291
0.019254
0.019342
0.019476
0.017167
0.019278
0.019271
0.019333
0.019369
0.019242
0.019226
0.019319
0.025775
0.020848
0.019372
0.019261
0.019316
0.019349
0.019302
0.019247
0.019321
0.020398
0.019184
0.019242
0.019179
0.019801
0.019458
0.019207
0.027948
0.019339
0.019176
0.019112
NaN
NaN
NaN
NaN
0.19214
0.22027
0.05414
0.025619
0.035411
0.029571
0.023932
0.020175
0.020681
0.019945
0.0202
0.01987
