0.20541
0.21601
0.058356
0.030127
0.038766
0.034293
0.028207
0.023472
0.023665
0.02324
0.023213
0.023142
0.02376
0.023098
0.023623
0.022589
0.02284
0.022471
0.022434
0.022799
0.02329
0.023334
0.023101
0.022522
0.023157
0.023181
0.022652
0.023318
0.023205
0.02313
0.022832
0.023834
0.022818
0.022942
0.022796
0.02281
0.02264
0.023545
0.023532
0.02249
0.023317
0.023832
0.024455
0.023323
0.024125
0.023288
0.023197
0.022529
0.02311
0.022508
0.02242
0.02249
0.022463
0.022743
0.022558
0.023345
0.023583
0.022443
0.022424
0.022363
0.022656
0.022618
0.022367
0.022867
0.022408
0.022393
0.022394
0.022386
0.022587
0.022388
0.022638
0.022436
0.022447
0.022396
0.022358
0.023642
0.022334
0.02252
0.022194
0.022292
0.022212
0.022186
0.022398
0.022264
0.022357
0.022257
0.022192
0.0222
0.022152
0.02231
0.022228
0.022268
0.022618
0.022259
0.023211
0.022329
0.023086
0.022232
0.022303
0.02219
0.022981
0.023165
0.022679
0.022411
0.022286
0.02263
0.022214
0.022247
0.022282
0.022188
0.023315
0.023218
0.024004
0.023876
0.022946
0.02398
0.024652
0.023973
0.025392
0.024792
0.024884
0.023043
0.023005
0.02299
0.024036
0.023802
0.024084
0.023884
0.023905
0.023948
0.068989
0.029218
0.022972
0.023025
0.0233
0.02327
0.022894
0.023397
0.022869
0.022839
0.023151
0.031956
0.022873
0.022919
0.022977
0.022937
0.022896
0.022883
0.022814
0.022911
0.026231
0.022869
0.022862
0.022814
0.022888
0.02301
0.022991
0.022984
0.022952
0.033612
0.022989
0.025164
0.022962
0.022969
0.022892
0.025039
0.02295
0.024831
0.023461
0.02565
0.022953
0.022927
0.02334
0.022955
0.023127
0.022891
0.022816
0.023154
0.023031
0.023237
0.023087
0.023073
0.022869
0.022906
0.024815
0.024812
0.024665
0.025031
0.024766
0.022886
0.022002
0.022044
0.022132
0.020673
0.022087
0.021994
0.022132
0.022012
0.022019
0.022139
0.022275
0.022104
0.022019
0.021986
0.022098
0.022105
0.021968
0.022078
0.022081
0.022071
0.021948
0.021961
0.022111
0.022056
0.022081
0.022057
0.021996
0.021227
0.02196
0.02121
0.021973
0.02225
0.022087
0.022014
0.022058
0.022017
0.021219
0.02111
0.021112
0.021948
0.021214
0.021193
0.021133
0.021253
0.021269
0.021179
0.021374
0.021202
0.021197
0.021802
0.021449
0.02141
0.02143
0.021436
0.021374
0.021362
0.02225
0.022146
0.02214
0.022179
0.02261
0.022639
0.02272
0.022435
0.022101
0.022536
0.022401
0.022089
0.022143
0.021996
0.022199
0.022054
0.022073
0.022162
0.022005
0.021195
0.021218
0.021167
0.021101
0.022378
0.021198
0.02192
0.021225
0.021185
0.021208
0.021324
0.021276
0.021202
0.021269
0.021215
0.021285
0.021195
0.021329
0.021188
0.021414
0.02204
0.022028
0.022011
0.022112
0.022011
0.022075
0.021997
0.022094
0.023846
0.023887
0.023853
0.023878
0.023722
0.021966
0.023771
0.023816
0.023898
0.023782
0.023921
0.02393
0.023875
0.023809
0.023844
0.022128
0.023808
0.0242
0.02389
0.023793
0.023816
0.022104
0.023808
0.023776
0.022038
0.021981
0.022113
0.022275
0.024461
0.024008
0.023942
0.024039
0.024061
0.024153
0.024
0.024043
0.023901
0.024054
0.022047
0.02211
0.022316
0.022536
0.022587
0.02258
0.022413
0.022449
0.022038
0.022115
0.022144
0.022097
0.022056
0.022244
0.022088
0.02213
0.022225
0.0221
0.022097
0.022228
0.022112
0.022189
0.022142
0.022117
0.021987
0.022098
0.022051
0.022113
0.022031
0.022049
0.022012
0.022281
0.022052
0.022129
0.022135
