1
184.5631,21.9864,48.2116,37.7428
184.6371,22.5654,49.7525,38.9491
184.1142,23.4369,49.7525,38.9491
183.9399,26.0511,49.7525,38.9491
183.7657,27.2711,49.7525,38.9491
181.8485,29.1883,49.7525,38.9491
181.3257,30.4083,49.7525,38.9491
179.4085,31.9768,49.7525,38.9491
179.9936,33.7913,48.2338,37.7601
180.8987,35.5504,46.7614,36.6075
179.9877,36.4397,48.2559,37.7775
178.7094,37.3574,49.7982,38.9848
178.8839,38.9274,49.7982,38.9848
178.7094,39.4507,49.7982,38.9848
177.0414,40.7466,51.3897,40.2308
176.8614,42.0068,51.3897,40.2308
177.0414,42.5468,51.3897,40.2308
176.4002,44.2442,53.0321,41.5166
177.0239,45.0636,51.4133,40.2493
176.8438,46.3244,51.4133,40.2493
176.6637,47.9453,51.4133,40.2493
176.4836,48.4856,51.4133,40.2493
175.5830,50.8270,51.4133,40.2493
174.9416,52.1649,53.0565,41.5356
174.7557,53.0942,53.0565,41.5356
174.5698,53.6518,53.0565,41.5356
174.3840,54.5811,53.0565,41.5356
174.5698,55.8821,53.0565,41.5356
174.0123,56.8114,53.0565,41.5356
174.9416,57.7407,53.0565,41.5356
175.4991,57.5548,53.0565,41.5356
174.0937,57.8204,54.7522,42.8631
174.1778,57.7108,56.5021,44.2330
174.8422,57.3963,54.7773,42.8828
173.1837,57.4751,53.1052,41.5738
174.5524,57.9236,51.4842,40.3047
176.6006,58.3584,49.9126,39.0744
176.7754,58.5333,49.9126,39.0744
177.3000,58.3584,49.9126,39.0744
178.8736,57.8339,49.9126,39.0744
179.1109,57.9057,48.3890,37.8817
179.2804,57.0582,48.3890,37.8817
180.1884,57.1278,46.9119,36.7253
179.7541,57.8527,45.4799,35.6043
181.1879,58.3307,45.4799,35.6043
182.6218,57.8527,45.4799,35.6043
182.3730,58.0803,46.9334,36.7422
183.1950,57.9159,46.9334,36.7422
183.6883,57.7515,46.9334,36.7422
183.5239,57.2583,46.9334,36.7422
184.9112,57.4932,48.4334,37.9164
186.0035,57.0570,49.9814,39.1283
186.5288,55.8314,49.9814,39.1283
188.1046,56.0064,49.9814,39.1283
189.6804,54.7808,49.9814,39.1283
192.0190,54.8528,48.4557,37.9339
193.5467,53.3251,48.4557,37.9339
195.1349,53.0553,46.9765,36.7759
195.6286,53.2199,46.9765,36.7759
196.7806,52.0680,46.9765,36.7759
199.3077,51.1482,45.5426,35.6533
200.1624,50.5756,44.1524,34.5650
201.8637,49.8023,44.1524,34.5650
202.6371,49.9570,44.1524,34.5650
202.1730,49.8023,44.1524,34.5650
202.9464,49.6476,44.1524,34.5650
203.1010,49.1836,44.1524,34.5650
203.6203,49.8658,42.8046,33.5099
203.7702,49.4160,42.8046,33.5099
204.8734,50.0774,41.4980,32.4870
206.8151,50.7186,40.2312,31.4953
207.8016,51.1414,40.2312,31.4953
208.2244,50.4367,40.2312,31.4953
209.7746,49.7321,40.2312,31.4953
210.4793,49.8730,40.2312,31.4953
210.6202,49.7321,40.2312,31.4953
210.9639,50.2153,41.5170,32.5019
210.7367,50.1322,42.8439,33.5407
210.5023,50.0465,44.2132,34.6126
210.5702,49.6483,45.6263,35.7188
211.9189,48.2783,47.0845,36.8604
212.3211,47.8542,48.5893,38.0385
212.8317,47.3436,48.5893,38.0385
214.7648,46.0519,47.1061,36.8773
216.5799,45.8869,47.1061,36.8773
218.0651,45.7218,47.1061,36.8773
219.5502,45.2268,47.1061,36.8773
220.7053,45.0618,47.1061,36.8773
222.9094,44.7995,45.6682,35.7516
222.7494,43.6797,45.6682,35.7516
222.8195,42.9484,47.1277,36.8943
223.5522,42.8541,48.6339,38.0734
224.6491,42.0753,50.1883,39.2902
224.8249,40.1414,50.1883,39.2902
224.3602,40.9169,48.6563,38.0909
224.9324,39.6234,47.1710,36.9281
224.1062,37.4752,47.1710,36.9281
223.6695,38.5346,45.7311,35.8009
222.2277,37.4132,45.7311,35.8009
221.6571,35.7197,47.1927,36.9451
220.2283,34.1344,45.7521,35.8173
220.0680,32.3714,45.7521,35.8173
218.3622,31.7962,44.3555,34.7240
217.0193,29.9955,43.0015,33.6640
215.7173,28.8523,41.6889,32.6364
215.6234,28.6202,40.4163,31.6402
214.1165,28.1121,39.1826,30.6744
213.4303,26.3277,39.1826,30.6744
213.8420,24.5434,39.1826,30.6744
213.3531,23.0924,40.4349,31.6547
212.6955,22.0174,39.2006,30.6885
213.4311,22.0738,38.0040,29.7517
213.5642,21.6744,38.0040,29.7517
213.6974,20.4763,38.0040,29.7517
214.0968,18.7456,38.0040,29.7517
213.0901,17.0720,39.2186,30.7025
213.5513,16.0294,38.0214,29.7653
214.7975,15.0186,36.8608,28.8567
214.9267,12.3069,36.8608,28.8567
215.8766,11.8435,35.7356,27.9759
216.7976,10.6431,34.6448,27.1219
216.9623,9.4793,33.5872,26.2940
218.5338,9.2924,32.5620,25.4914
219.1449,8.1986,31.5680,24.7132
220.6219,8.2440,30.6044,23.9589
220.9818,7.0015,29.6702,23.2275
221.7465,6.0049,28.7645,22.5185
222.6893,5.4417,27.8865,21.8311
224.1895,5.8726,27.0352,21.1647
224.6969,6.6692,26.2099,20.5186
227.5759,7.0741,25.4099,19.8923
229.1209,5.8645,24.6342,19.2851
229.9283,4.5193,23.8823,18.6964
231.2131,3.8844,23.1533,18.1257
232.9164,5.4254,23.1533,18.1257
233.9707,6.1554,23.1533,18.1257
233.3574,5.9468,23.8932,18.7050
237.3212,4.9768,23.1639,18.1340
238.8919,3.8741,22.4568,17.5805
239.7853,2.3331,21.7713,17.0438
236.5331,3.7372,21.1067,16.5235
235.3025,3.6198,20.4624,16.0192
231.2423,1.4988,19.8378,15.5302
230.6417,1.1104,19.2323,15.0561
231.4068,1.2728,18.6452,14.5965
230.9729,0.7771,18.0760,14.1509
231.4388,0.6765,17.5243,13.7190
232.0132,1.1928,16.9893,13.3002
233.2842,1.4553,16.4707,12.8942
237.2330,2.2301,16.9971,13.3063
238.0926,1.9580,17.5404,13.7316
240.2087,1.8000,18.1009,14.1704
240.8706,2.5247,18.6795,14.6233
241.2919,2.2255,19.2764,15.0907
240.1060,2.5921,19.8925,15.5730
236.5129,3.1098,20.5283,16.0707
235.7219,4.1885,20.5283,16.0707
235.3219,4.7227,21.1844,16.5843
234.5321,4.9016,20.5377,16.0781
233.5564,4.8605,21.1941,16.5919
233.8057,4.5940,20.5471,16.0855
232.5820,4.2342,20.5471,16.0855
231.6463,4.7380,20.5471,16.0855
231.2460,4.2650,21.2038,16.5996
228.9699,4.5927,20.5566,16.0929
227.5612,5.1276,21.2136,16.6072
226.5535,6.8687,21.8915,17.1379
225.5839,6.4400,21.2233,16.6148
224.2782,6.3976,21.9016,17.1458
222.6671,6.9346,21.9016,17.1458
221.6266,6.7374,22.6016,17.6938
219.9194,6.2171,23.3239,18.2593
218.5305,7.1158,23.3239,18.2593
216.9322,6.7424,24.0694,18.8429
216.5106,6.1521,24.0694,18.8429
215.0299,6.7785,24.8386,19.4451
214.9429,6.3435,24.8386,19.4451
214.8559,7.1266,24.8386,19.4451
214.4518,6.4662,24.0804,18.8515
213.5239,7.2254,24.0804,18.8515
213.3922,7.3459,24.8500,19.4540
212.5598,7.8185,25.6442,20.0758
211.5212,8.8452,26.4638,20.7174
210.2640,8.9777,27.3096,21.3795
210.3597,9.6473,27.3096,21.3795
209.3073,11.6563,27.3096,21.3795
210.3938,13.0350,26.4760,20.7269
209.7777,15.2990,25.6678,20.0942
210.7989,18.0334,24.8843,19.4808
211.4091,19.5153,24.8843,19.4808
211.5273,21.8176,24.1247,18.8861
211.6119,21.3950,24.1247,18.8861
211.5273,22.6627,24.1247,18.8861
210.7193,22.2763,24.8957,19.4897
209.9344,22.5380,24.8957,19.4897
209.2749,22.3137,25.6913,20.1126
207.7771,22.1707,24.9071,19.4987
207.3408,21.7345,24.9071,19.4987
205.2850,21.5101,25.7031,20.1219
203.5743,21.2400,25.7031,20.1219
202.2237,20.9699,25.7031,20.1219
200.5130,20.8799,25.7031,20.1219
199.7348,23.0778,24.9185,19.5077
198.9491,23.3397,24.9185,19.5077
197.6398,24.6490,24.9185,19.5077
195.2829,26.3076,24.9185,19.5077
192.7515,27.4423,24.9185,19.5077
190.8693,28.0908,25.7149,20.1311
188.4372,28.9015,25.7149,20.1311
186.7256,31.3337,25.7149,20.1311
185.5546,32.5048,25.7149,20.1311
184.4157,34.1632,24.9300,19.5166
183.4551,35.2985,24.9300,19.5166
182.4454,36.2966,25.7267,20.1404
181.4862,37.2349,24.9414,19.5256
180.3504,38.1959,24.9414,19.5256
177.9423,38.4955,25.7386,20.1496
175.8685,38.9463,25.7386,20.1496
173.0228,38.1735,26.5612,20.7936
170.5106,38.4527,26.5612,20.7936
167.3878,38.5856,27.4101,21.4581
166.1396,38.6816,27.4101,21.4581
165.2215,38.0507,28.2861,22.1439
165.1578,38.6859,27.4226,21.4680
165.0960,40.6466,26.5856,20.8127
165.0029,40.3672,26.5856,20.8127
164.1647,40.4604,26.5856,20.8127
162.9017,41.1522,27.4352,21.4779
159.9567,42.5372,26.5978,20.8222
157.4410,43.0031,26.5978,20.8222
154.3139,42.7635,27.4478,21.4877
150.1794,43.8212,27.4478,21.4877
146.8142,44.6865,27.4478,21.4877
143.4489,45.1673,27.4478,21.4877
141.8486,45.3991,26.6100,20.8318
139.1454,45.8652,26.6100,20.8318
137.9336,44.4669,26.6100,20.8318
136.5353,43.8144,26.6100,20.8318
137.3743,42.7890,26.6100,20.8318
136.7218,42.1365,26.6100,20.8318
135.1371,42.0433,26.6100,20.8318
135.0439,42.1365,26.6100,20.8318
134.5778,42.2297,26.6100,20.8318
133.9253,41.7637,26.6100,20.8318
133.4592,40.3654,26.6100,20.8318
133.6865,39.3800,27.4604,21.4976
134.5522,38.3219,27.4604,21.4976
135.4180,37.6485,27.4604,21.4976
135.8990,37.3599,27.4604,21.4976
135.4180,37.0713,27.4604,21.4976
135.1294,36.9751,27.4604,21.4976
133.8789,36.4942,27.4604,21.4976
133.2055,36.5904,27.4604,21.4976
133.3017,36.4942,27.4604,21.4976
133.7827,36.3980,27.4604,21.4976
133.8789,37.0713,27.4604,21.4976
134.1134,36.6316,28.3381,22.1846
134.8083,37.9221,28.3381,22.1846
135.6460,37.8654,29.2437,22.8937
138.2070,39.4020,29.2437,22.8937
142.4072,39.5045,29.2437,22.8937
146.4024,41.4509,29.2437,22.8937
148.7586,42.9875,29.2437,22.8937
153.5733,45.5486,29.2437,22.8937
158.7979,47.0852,29.2437,22.8937
164.1698,46.4120,30.1784,23.6253
170.6185,47.7864,30.1784,23.6253
174.6820,47.3031,31.1429,24.3804
179.3731,48.0668,31.1429,24.3804
183.5665,47.3499,32.1382,25.1596
191.8252,49.4226,31.1572,24.3916
197.8282,49.7500,31.1572,24.3916
200.7138,49.2511,32.1530,25.1712
203.0791,49.3638,32.1530,25.1712
205.7098,51.4374,31.1715,24.4028
207.5048,50.0647,32.1677,25.1827
210.5473,50.1774,32.1677,25.1827
212.6883,50.2901,32.1677,25.1827
212.1249,51.0789,32.1677,25.1827
212.6883,50.9662,32.1677,25.1827
214.3786,49.9520,32.1677,25.1827
215.3928,49.3886,32.1677,25.1827
216.1816,49.0506,32.1677,25.1827
216.9704,48.0364,32.1677,25.1827
217.5338,46.7969,32.1677,25.1827
218.0972,45.5573,32.1677,25.1827
217.7592,44.9939,32.1677,25.1827
218.0972,45.1066,32.1677,25.1827
217.5338,45.2193,32.1677,25.1827
218.0972,45.3320,32.1677,25.1827
218.4353,45.4446,32.1677,25.1827
218.4846,44.0281,33.1958,25.9876
217.9032,43.6792,33.1958,25.9876
218.2521,44.0281,33.1958,25.9876
219.2987,43.9118,33.1958,25.9876
219.8801,45.1909,33.1958,25.9876
220.5030,45.2387,32.1825,25.1943
221.0034,44.9488,33.2110,25.9995
222.7485,45.0652,33.2110,25.9995
224.2609,44.0181,33.2110,25.9995
226.0060,43.4364,33.2110,25.9995
226.5877,43.3201,33.2110,25.9995
226.9367,43.6691,33.2110,25.9995
228.4491,44.4835,33.2110,25.9995
229.2635,44.5998,33.2110,25.9995
231.4740,45.8795,33.2110,25.9995
232.7952,47.7888,32.1973,25.2058
234.8749,47.2732,33.2263,26.0114
236.1552,47.1568,33.2263,26.0114
237.9011,47.0404,33.2263,26.0114
238.7158,45.9929,33.2263,26.0114
239.9962,46.1093,33.2263,26.0114
242.4820,45.4587,32.2120,25.2174
243.6598,44.9429,33.2415,26.0234
245.8723,44.3607,33.2415,26.0234
248.5921,43.7099,32.2268,25.2290
250.2855,43.8228,32.2268,25.2290
253.1078,44.6130,32.2268,25.2290
255.4786,44.9517,32.2268,25.2290
256.8828,44.6614,33.2568,26.0353
260.2613,45.7099,33.2568,26.0353
263.4068,46.2924,33.2568,26.0353
265.1543,46.4089,33.2568,26.0353
267.8338,46.5254,33.2568,26.0353
268.8823,46.4089,33.2568,26.0353
270.8628,46.9914,33.2568,26.0353
272.8433,47.3409,33.2568,26.0353
274.8238,47.9234,33.2568,26.0353
277.5033,48.2729,33.2568,26.0353
279.4183,47.5074,34.3197,26.8674
282.4239,47.3871,34.3197,26.8674
285.4295,45.5838,34.3197,26.8674
287.9542,43.2995,34.3197,26.8674
290.7193,42.4580,34.3197,26.8674
294.9272,40.4142,34.3197,26.8674
297.2114,38.1299,34.3197,26.8674
302.3810,36.0861,34.3197,26.8674
308.2044,33.3725,35.4165,27.7261
314.2837,30.5190,35.4165,27.7261
318.3778,28.9062,35.4165,27.7261
322.7201,28.5340,35.4165,27.7261
328.3031,26.6730,35.4165,27.7261
332.1491,26.0527,35.4165,27.7261
336.4915,25.9286,35.4165,27.7261
339.5931,25.0601,35.4165,27.7261
342.4466,23.6954,35.4165,27.7261
345.0520,23.5713,35.4165,27.7261
347.6574,23.9435,35.4165,27.7261
349.5183,25.3083,35.4165,27.7261
351.1312,25.4323,35.4165,27.7261
353.4885,26.5489,35.4165,27.7261
354.6050,27.6655,35.4165,27.7261
355.7216,29.0302,35.4165,27.7261
357.0864,30.1468,35.4165,27.7261
357.9548,30.2709,35.4165,27.7261
358.5752,31.8838,35.4165,27.7261
358.9474,33.7447,35.4165,27.7261
359.5677,35.1095,35.4165,27.7261
357.6370,36.5274,36.5485,28.6122
357.2529,37.9357,36.5485,28.6122
355.8446,40.1123,36.5485,28.6122
355.9726,42.0327,36.5485,28.6122
355.8446,43.9532,36.5485,28.6122
355.2044,45.1055,36.5485,28.6122
355.8446,46.0017,36.5485,28.6122
