0.1938
0.22264
0.057507
0.030623
0.039007
0.03124
0.027505
0.024039
0.024254
0.023855
0.023767
0.023842
0.023662
0.023638
0.024064
0.023654
0.023762
0.023672
0.02362
0.023827
0.024016
0.023765
0.023619
0.024073
0.024083
0.023669
0.023641
0.023758
0.023837
0.023819
0.023707
0.023846
0.025105
0.025087
0.024976
0.024836
0.025024
0.025117
0.026188
0.025785
0.027072
0.026093
0.026902
0.026162
0.025371
0.024736
0.024734
0.024903
0.024164
0.025519
0.026026
0.026098
0.025019
0.0263
0.026025
0.026052
0.02607
0.02561
0.025066
0.025092
0.026191
0.026643
0.026312
0.025843
0.025756
0.026107
0.026178
0.026161
0.026368
0.026226
0.025677
0.025692
0.025633
0.024965
0.026452
0.025785
0.025013
0.025467
0.02399
NaN
NaN
NaN
NaN
0.20354
0.22107
0.065478
0.038771
0.046126
0.040489
0.036465
0.036221
0.034778
0.035942
0.033202
0.031628
0.0327
0.031636
0.03202
0.031151
0.031273
0.031533
0.031235
NaN
NaN
NaN
NaN
0.20277
0.22317
0.058822
0.030519
0.039992
0.03512
0.02922
0.025351
0.024221
0.024111
0.024013
0.024169
0.024153
0.02399
0.024192
0.023935
0.023762
0.023698
0.023817
0.023684
0.024058
0.023859
0.023779
0.023717
0.024011
