0.20141
0.23191
0.065958
0.038811
0.047186
0.041959
0.035591
0.032195
0.032257
0.032477
0.032103
0.031829
0.031845
0.032026
0.03207
0.031766
0.031696
0.03179
0.032233
0.031776
0.031985
0.03198
0.031732
0.032022
0.031793
0.03181
0.031748
0.031794
0.031744
0.031843
0.032344
0.032011
0.031613
0.03162
0.031728
0.031519
0.031754
0.031855
0.03152
0.031538
0.032598
0.031864
0.032257
0.03162
0.031975
0.031632
0.031573
0.031598
0.03142
0.031393
0.031347
0.031553
0.031431
0.031631
0.031507
0.031554
0.031532
0.031569
0.031548
0.031423
0.031787
0.031619
0.031554
0.031658
0.03162
0.031549
0.03161
0.031738
0.032058
0.03185
0.031463
0.031653
0.031492
0.031534
0.031502
0.03166
0.031553
0.031489
0.031297
0.031555
0.031353
0.031659
0.031362
0.031447
0.031516
0.031651
0.031524
0.031379
0.031504
0.03152
0.031322
0.031888
0.031644
0.03155
0.031397
0.031459
0.031368
0.031395
0.031347
0.031518
0.031924
0.031771
0.031385
0.031427
0.031417
