0.20178
0.22996
0.061524
0.03204
0.043557
0.035957
0.030413
0.027365
0.027055
0.026797
0.026853
0.026864
0.026187
0.025806
0.030589
0.025899
0.025306
0.02557
0.025678
0.025649
0.028079
0.025792
0.025529
0.025622
0.025561
0.025592
0.02557
0.027084
0.025051
0.025554
0.025577
0.030627
0.025844
0.027583
0.025558
0.025644
0.025171
0.025724
0.025371
0.025495
0.031349
0.026703
0.031442
0.026325
0.028608
0.025759
0.025381
0.02574
0.024893
0.025306
0.025031
0.025276
0.024941
0.025506
0.025014
0.025338
0.024737
0.025119
0.024974
0.025015
0.024675
0.024932
0.025176
0.026412
0.024784
0.025326
0.024559
0.025119
0.024426
0.024937
0.024388
0.024752
0.024431
0.024754
0.024089
0.025248
0.024535
0.024741
0.024024
0.024482
0.024396
0.024399
0.023976
0.024285
0.024921
0.028235
0.024028
0.024167
0.023955
0.024092
0.023884
0.024101
0.025812
0.024214
0.023988
0.024103
0.02387
0.024074
0.024087
0.065441
0.039331
0.030936
0.026606
0.02391
0.023627
0.023935
0.032863
0.02394
0.023755
0.023837
0.026731
0.029564
0.030661
0.030001
0.024983
0.028344
0.023806
0.023988
0.023782
0.023948
0.023956
0.023965
0.023703
0.023996
0.023867
0.03
0.030687
0.031051
0.030849
0.030782
0.03032
0.030848
0.027815
0.024155
0.023806
0.023967
0.023789
0.024035
0.023849
0.024013
0.023711
0.024139
0.023815
0.023912
0.023697
0.023918
0.023688
0.023837
0.023661
0.023889
0.023686
0.023856
0.023823
0.023992
0.023827
0.024135
0.023823
0.024055
0.023801
0.023825
0.023829
0.023875
0.023603
0.023883
0.023659
0.023782
0.023696
0.024753
0.031093
0.030944
0.030601
0.030786
0.030671
0.030965
0.030466
0.031116
0.03048
0.029685
0.023799
0.028247
0.023893
0.023974
0.02443
0.024154
0.023436
0.02387
0.023482
0.023857
0.023619
0.023879
0.023644
0.023729
0.023432
0.022501
0.023326
0.02375
0.023383
0.023761
0.023377
0.023638
0.028725
0.029397
0.02358
0.023676
0.023186
0.023527
0.022661
0.023578
0.02305
0.023691
0.023292
0.023852
0.023415
0.023875
0.023426
0.024019
0.023239
0.023861
0.02323
0.023811
0.0231
0.023827
0.023176
0.02382
0.026929
0.02838
0.023266
0.023936
0.023308
0.024288
0.023504
0.024159
0.023552
0.024366
0.023809
0.024491
0.024058
0.024512
0.024133
0.024522
0.024102
0.024644
0.024558
0.024212
0.024512
0.024548
0.024554
0.023994
0.024419
0.024309
0.030508
0.030994
0.029437
0.02436
0.024667
0.02441
0.024772
0.024337
0.024782
0.024367
0.024706
0.024385
0.024721
0.02415
0.035514
0.026558
0.026803
0.024063
0.024351
0.024172
0.024462
0.023901
0.024343
0.024021
0.024577
0.02422
0.024595
0.024241
0.024695
0.024262
0.024523
0.024247
0.024542
0.024227
0.02457
0.023913
0.024596
0.024557
0.026429
0.024065
0.024449
0.027252
0.023992
0.024553
0.023937
0.024793
0.024014
0.024521
0.024251
0.02378
0.024447
0.024383
0.023858
0.024374
0.023592
0.02439
0.024251
0.023847
0.024281
0.024256
0.024523
0.024681
0.024239
0.024903
0.024694
0.024601
0.024708
0.024782
0.024715
0.025028
0.024641
0.025002
0.024996
0.02508
0.025337
0.024879
0.024843
0.026993
0.026664
0.026917
0.02484
0.025122
0.024923
0.025303
0.029052
0.032379
0.032044
0.031849
0.031658
0.025268
0.025179
0.025107
0.02683
0.026949
0.026922
0.026874
0.026908
0.025165
0.026875
0.027266
