1
275.2848,68.5018,21.7312,65.1306
275.7815,68.3362,21.7312,65.1306
275.6160,68.1706,21.7312,65.1306
276.1127,68.3362,21.7312,65.1306
275.6160,68.5018,21.7312,65.1306
275.7815,68.6674,21.7312,65.1306
274.9537,68.1706,21.7312,65.1306
274.7881,67.6740,21.7312,65.1306
274.6064,66.7987,22.4258,67.2121
275.4607,66.9696,22.4258,67.2121
275.6321,68.1663,21.7412,65.1605
275.7978,67.6694,21.7412,65.1605
275.9634,67.8350,21.7412,65.1605
276.4604,68.0006,21.7412,65.1605
276.6260,67.1724,21.7412,65.1605
276.7916,67.3381,21.7412,65.1605
275.6321,67.5037,21.7412,65.1605
275.1352,67.6694,21.7412,65.1605
275.3008,67.5037,21.7412,65.1605
275.1191,66.2968,22.4361,67.2430
275.6319,66.1259,22.4361,67.2430
275.4609,66.6387,22.4361,67.2430
275.9743,67.8359,21.7512,65.1904
276.1400,67.3388,21.7512,65.1904
276.3058,65.8473,21.7512,65.1904
276.8029,66.0130,21.7512,65.1904
276.6372,65.5159,21.7512,65.1904
276.4715,65.6816,21.7512,65.1904
276.6372,65.8473,21.7512,65.1904
275.4772,65.6816,21.7512,65.1904
275.9743,65.1844,21.7512,65.1904
275.4772,64.3558,21.7512,65.1904
275.9743,64.5216,21.7512,65.1904
276.1400,65.3502,21.7512,65.1904
276.3058,65.1844,21.7512,65.1904
276.4715,64.6873,21.7512,65.1904
276.9686,64.8530,21.7512,65.1904
276.8029,65.0187,21.7512,65.1904
276.6372,64.1901,21.7512,65.1904
276.4715,64.3558,21.7512,65.1904
276.6372,64.5216,21.7512,65.1904
275.4772,65.0187,21.7512,65.1904
275.6267,62.8169,22.4464,67.2738
274.7717,63.6720,22.4464,67.2738
274.9427,63.8430,22.4464,67.2738
275.4557,64.3561,22.4464,67.2738
275.2847,64.1851,22.4464,67.2738
275.4563,65.0408,21.7612,65.2203
275.9537,64.5434,21.7612,65.2203
275.7879,64.7092,21.7612,65.2203
275.9537,64.8750,21.7612,65.2203
275.7879,65.0408,21.7612,65.2203
275.2905,64.2119,21.7612,65.2203
275.4563,64.0461,21.7612,65.2203
275.2905,63.5487,21.7612,65.2203
275.1247,63.7145,21.7612,65.2203
275.2743,63.5012,22.4567,67.3047
275.1032,63.6723,22.4567,67.3047
275.2743,63.8434,22.4567,67.3047
275.1032,64.0145,22.4567,67.3047
275.6165,63.5012,22.4567,67.3047
276.1304,65.0417,21.7712,65.2502
275.9645,64.5441,21.7712,65.2502
275.7986,65.0417,21.7712,65.2502
274.9693,64.5441,21.7712,65.2502
274.8034,64.3783,21.7712,65.2502
274.6375,64.2124,21.7712,65.2502
274.4716,64.0465,21.7712,65.2502
274.9693,64.5441,21.7712,65.2502
274.8034,65.0417,21.7712,65.2502
274.6375,64.5441,21.7712,65.2502
274.1399,64.3783,21.7712,65.2502
274.3058,64.2124,21.7712,65.2502
274.8034,64.0465,21.7712,65.2502
274.6375,63.8807,21.7712,65.2502
274.1399,64.0465,21.7712,65.2502
273.9740,63.5489,21.7712,65.2502
273.8082,63.3830,21.7712,65.2502
273.6423,63.2172,21.7712,65.2502
273.1447,62.7196,21.7712,65.2502
273.3105,63.2172,21.7712,65.2502
273.4764,62.7196,21.7712,65.2502
272.9788,62.5537,21.7712,65.2502
272.4812,61.7243,21.7712,65.2502
272.9788,61.8902,21.7712,65.2502
272.8135,63.0520,21.1066,63.2585
272.9743,63.5344,21.1066,63.2585
273.4410,62.3627,21.7812,65.2802
272.9432,62.1968,21.7812,65.2802
272.4454,61.3670,21.7812,65.2802
273.6070,61.5330,21.7812,65.2802
274.4367,63.0265,21.7812,65.2802
275.9302,63.5243,21.7812,65.2802
274.7686,67.3411,21.7812,65.2802
274.2713,70.4948,21.1163,63.2875
274.7545,72.5869,20.4717,61.3556
275.2229,73.3673,19.8468,59.4827
276.5843,75.9385,19.2410,57.6670
276.7309,75.4987,19.2410,57.6670
277.4639,75.6453,19.2410,57.6670
275.2654,74.9129,18.6536,55.9067
275.1233,76.1920,18.6536,55.9067
274.9812,76.0499,18.6536,55.9067
273.6883,76.1513,19.2498,57.6935
273.5421,76.2986,18.6622,55.9324
273.1160,74.4508,18.0925,54.2250
271.8754,73.4859,18.0925,54.2250
272.0133,72.2453,18.0925,54.2250
272.1516,73.2107,17.5402,52.5698
272.2852,73.3444,17.5402,52.5698
272.6861,72.4089,17.5402,52.5698
273.0870,72.0080,17.5402,52.5698
272.6861,72.1417,17.5402,52.5698
273.6216,72.2753,17.5402,52.5698
274.8247,72.6767,17.0048,50.9651
274.9543,73.8428,17.0048,50.9651
276.6385,73.9723,17.0048,50.9651
277.2863,73.3245,17.0048,50.9651
277.1441,72.3805,17.5483,52.5939
277.7996,70.3368,18.1091,54.2748
280.1316,69.8834,18.6879,56.0094
281.4131,70.3106,18.6879,56.0094
283.2640,70.4529,18.6879,56.0094
284.2611,71.1654,18.1175,54.2997
285.5034,69.9231,18.1175,54.2997
285.0893,69.5090,18.1175,54.2997
285.5034,69.9231,18.1175,54.2997
285.9175,71.7175,18.1175,54.2997
286.6077,71.8556,18.1175,54.2997
286.1801,70.5738,18.6965,56.0351
286.3226,69.2918,18.6965,56.0351
287.6046,69.4342,18.6965,56.0351
288.6017,69.5767,18.6965,56.0351
289.8837,70.8587,18.6965,56.0351
288.8866,71.0011,18.6965,56.0351
288.7441,68.5795,18.6965,56.0351
288.6017,68.4371,18.6965,56.0351
289.0290,68.0098,18.6965,56.0351
288.8866,68.1522,18.6965,56.0351
290.1547,68.8237,19.2940,57.8260
290.0077,67.5007,19.2940,57.8260
290.4344,67.0176,19.9107,59.6742
291.1929,66.5625,19.9107,59.6742
291.9514,65.5006,19.9107,59.6742
292.4064,67.1693,19.9107,59.6742
292.5581,68.2312,19.9107,59.6742
292.7098,68.3829,19.9107,59.6742
293.1649,67.6244,19.9107,59.6742
292.7098,68.3829,19.9107,59.6742
293.1649,69.7481,19.9107,59.6742
292.6950,69.5530,20.5470,61.5813
292.8516,69.7096,20.5470,61.5813
293.0081,67.3614,20.5470,61.5813
293.7756,66.5339,21.2037,63.5495
294.2602,66.0492,21.2037,63.5495
294.0987,65.5646,21.2037,63.5495
294.5833,66.6954,21.2037,63.5495
295.7142,64.5953,21.2037,63.5495
295.2295,61.5259,21.2037,63.5495
294.7449,59.7489,21.2037,63.5495
294.9064,58.9412,21.2037,63.5495
294.4060,59.0565,21.8814,65.5805
294.9062,60.2234,21.8814,65.5805
295.0566,58.3419,22.5807,67.6765
294.5405,55.7613,22.5807,67.6765
295.4007,55.9334,22.5807,67.6765
295.5728,55.7613,22.5807,67.6765
295.7448,55.9334,22.5807,67.6765
295.5728,56.4495,22.5807,67.6765
295.7448,55.9334,22.5807,67.6765
295.2119,55.3680,23.3024,69.8394
295.3895,54.8354,23.3024,69.8394
294.8568,55.3680,23.3024,69.8394
294.6793,56.6108,23.3024,69.8394
295.2119,58.2086,23.3024,69.8394
296.0996,56.9659,23.3024,69.8394
295.9221,56.4332,23.3024,69.8394
296.0996,56.2557,23.3024,69.8394
296.2771,55.7231,23.3024,69.8394
297.1648,56.2557,23.3024,69.8394
297.3423,56.4332,23.3024,69.8394
297.8750,56.2557,23.3024,69.8394
297.6974,55.0130,23.3024,69.8394
297.1648,55.5456,23.3024,69.8394
296.9873,55.0130,23.3024,69.8394
296.8098,56.2557,23.3024,69.8394
296.2771,56.4332,23.3024,69.8394
297.8577,56.5600,24.0471,72.0715
297.6744,55.2775,24.0471,72.0715
297.4912,55.0943,24.0471,72.0715
297.6744,54.9111,24.0471,72.0715
297.8577,55.8271,24.0471,72.0715
299.4887,56.6907,24.8157,74.3749
300.0375,55.6913,25.6088,76.7519
299.8234,53.0990,26.4272,79.2049
298.8167,52.4950,26.4272,79.2049
298.6153,52.2937,26.4272,79.2049
297.2065,53.7039,25.6205,76.7871
297.7921,54.6799,25.6205,76.7871
298.7681,55.2655,25.6205,76.7871
298.9633,54.6799,25.6205,76.7871
299.1585,54.0943,25.6205,76.7871
299.3537,54.6799,25.6205,76.7871
299.1395,53.2576,26.4394,79.2413
299.7438,54.2648,26.4394,79.2413
299.5424,54.4662,26.4394,79.2413
299.3409,53.4591,26.4394,79.2413
298.7366,52.8547,26.4394,79.2413
298.9381,53.0562,26.4394,79.2413
298.7366,52.8547,26.4394,79.2413
298.5352,55.0705,26.4394,79.2413
298.3338,54.8691,26.4394,79.2413
298.5352,55.0705,26.4394,79.2413
300.3285,53.6028,27.2844,81.7738
300.9521,53.3950,27.2844,81.7738
300.7443,53.6028,27.2844,81.7738
300.9521,55.0580,27.2844,81.7738
301.1600,55.2658,27.2844,81.7738
301.3679,52.5635,27.2844,81.7738
300.7443,52.3556,27.2844,81.7738
300.5364,52.1477,27.2844,81.7738
300.3285,51.9398,27.2844,81.7738
301.3679,53.8107,27.2844,81.7738
301.1397,53.5433,28.1564,84.3873
301.7833,52.4707,28.1564,84.3873
301.9978,51.3982,28.1564,84.3873
302.6414,51.6127,28.1564,84.3873
303.2856,52.6861,27.2969,81.8113
303.9095,54.1419,27.2969,81.8113
303.6813,52.6266,28.1693,84.4260
303.0374,51.5535,28.1693,84.4260
303.2521,50.9097,28.1693,84.4260
303.0165,49.7752,29.0696,87.1243
301.9091,50.8825,29.0696,87.1243
302.1306,51.5470,29.0696,87.1243
302.7951,52.2114,29.0696,87.1243
303.4595,51.1040,29.0696,87.1243
303.6810,50.8825,29.0696,87.1243
303.9032,52.4338,28.1822,84.4648
304.5473,52.2190,28.1822,84.4648
304.3326,53.2926,28.1822,84.4648
304.9767,52.6485,28.1822,84.4648
305.6209,52.0043,28.1822,84.4648
305.4062,51.7896,28.1822,84.4648
306.0503,51.5749,28.1822,84.4648
305.3853,51.2987,29.0829,87.1643
305.1421,51.0137,30.0124,89.9501
304.4561,51.6997,30.0124,89.9501
303.7701,50.5564,30.0124,89.9501
304.4569,50.7860,29.0963,87.2043
303.7918,51.0077,29.0963,87.2043
304.0135,50.7860,29.0963,87.2043
302.9051,52.3377,29.0963,87.2043
304.4569,52.1161,29.0963,87.2043
304.2352,50.5643,29.0963,87.2043
303.1268,50.3426,29.0963,87.2043
302.4618,50.1210,29.0963,87.2043
303.1268,50.3426,29.0963,87.2043
302.9051,51.4510,29.0963,87.2043
304.0135,52.1161,29.0963,87.2043
303.3485,51.4510,29.0963,87.2043
303.5702,50.7860,29.0963,87.2043
303.7918,51.0077,29.0963,87.2043
304.4569,50.7860,29.0963,87.2043
303.7918,52.3377,29.0963,87.2043
304.4569,52.1161,29.0963,87.2043
303.7702,50.0575,30.0262,89.9914
304.4573,50.2872,29.1096,87.2443
302.9048,50.5090,29.1096,87.2443
304.0137,51.1743,29.1096,87.2443
303.7919,50.9525,29.1096,87.2443
304.4573,50.2872,29.1096,87.2443
304.2355,49.1783,29.1096,87.2443
304.0137,49.8436,29.1096,87.2443
303.7919,50.5090,29.1096,87.2443
304.4573,51.1743,29.1096,87.2443
304.2355,51.8397,29.1096,87.2443
303.9921,51.9980,30.0400,90.0327
303.3055,49.4804,30.0400,90.0327
303.9929,51.5411,29.1230,87.2844
302.8834,51.7630,29.1230,87.2844
303.5275,52.8089,30.0538,90.0740
303.2985,52.1220,30.0538,90.0740
303.9854,51.4351,30.0538,90.0740
303.7564,50.2902,30.0538,90.0740
303.5275,50.0612,30.0538,90.0740
303.2985,49.8323,30.0538,90.0740
303.9862,51.4360,29.1364,87.3245
303.7642,53.4339,29.1364,87.3245
303.9862,53.2119,29.1364,87.3245
302.4323,52.1020,29.1364,87.3245
302.6543,51.8800,29.1364,87.3245
302.4323,52.1020,29.1364,87.3245
302.2103,54.5438,29.1364,87.3245
302.4106,53.8143,30.0676,90.1154
303.0979,53.5852,30.0676,90.1154
302.8688,52.4398,30.0676,90.1154
302.6397,52.6689,30.0676,90.1154
301.9302,51.4579,31.0285,92.9955
302.1666,54.0584,31.0285,92.9955
301.9302,54.7676,31.0285,92.9955
301.2209,53.5856,31.0285,92.9955
300.9846,51.9307,31.0285,92.9955
299.8026,51.6943,31.0285,92.9955
298.1478,51.9307,31.0285,92.9955
297.4155,53.0451,32.0202,95.9676
295.7078,52.3132,32.0202,95.9676
294.4880,52.0693,32.0202,95.9676
293.2445,50.7797,33.0436,99.0347
291.9857,49.5209,33.0436,99.0347
292.2383,49.7737,32.0349,96.0117
292.4824,50.9940,32.0349,96.0117
291.7264,54.0970,33.0587,99.0802
287.9484,53.8452,33.0587,99.0802
287.1927,53.5933,33.0587,99.0802
285.4052,52.7656,34.1153,102.2468
281.5064,52.5057,34.1153,102.2468
282.2608,54.2507,35.2056,105.5146
279.8477,56.1294,34.1310,102.2937
280.1077,56.3894,34.1310,102.2937
279.8223,53.4546,35.2218,105.5630
280.6273,52.1128,35.2218,105.5630
281.4324,50.2344,35.2218,105.5630
280.6273,53.7229,35.2218,105.5630
280.8696,53.3778,36.3475,108.9368
280.0397,54.2096,35.2380,105.6115
278.1613,50.7206,34.1623,102.3877
275.8196,50.9819,33.1195,99.2623
274.5580,47.7016,33.1195,99.2623
274.8112,52.4969,32.1085,96.2322
274.5665,51.7631,32.1085,96.2322
273.3195,53.4054,33.1347,99.3078
273.5720,52.6481,33.1347,99.3078
272.8146,51.3859,33.1347,99.3078
273.0671,51.1334,33.1347,99.3078
272.8146,53.9103,33.1347,99.3078
271.5524,57.6970,33.1347,99.3078
269.7861,59.4652,32.1232,96.2764
269.0280,55.7240,33.1499,99.3534
269.2814,51.9366,32.1380,96.3206
269.5271,50.2236,31.1570,93.3804
269.2897,50.4610,31.1570,93.3804
270.9514,49.7488,31.1570,93.3804
271.6404,51.3426,32.1528,96.3648
270.3917,51.0275,33.1804,99.4447
269.6333,48.2467,33.1804,99.4447
269.8861,47.4883,33.1804,99.4447
270.6453,48.2477,32.1675,96.4091
269.4199,51.9239,32.1675,96.4091
269.1509,56.0201,33.1956,99.4903
270.9221,55.2624,32.1823,96.4533
268.7154,53.0557,32.1823,96.4533
269.9414,49.8682,32.1823,96.4533
270.1874,48.1528,31.1999,93.5091
270.4251,50.7676,31.1999,93.5091
270.6396,52.8389,32.1971,96.4976
271.8423,52.5234,33.2261,99.5817
272.6017,48.2200,33.2261,99.5817
273.3365,46.3755,34.2880,102.7643
274.1201,45.5918,34.2880,102.7643
274.3814,47.9429,34.2880,102.7643
274.1210,52.9074,33.2413,99.6274
274.8808,54.6802,33.2413,99.6274
275.1340,53.4139,33.2413,99.6274
276.9077,50.6291,32.2266,96.5863
276.6622,49.8925,32.2266,96.5863
276.9077,49.6470,32.2266,96.5863
277.1532,52.8389,32.2266,96.5863
276.8838,53.9962,33.2566,99.6731
278.6327,51.1366,34.3195,102.8587
280.4630,47.7374,34.3195,102.8587
281.2474,47.4759,34.3195,102.8587
283.6007,47.7374,34.3195,102.8587
283.3392,50.6136,34.3195,102.8587
283.5752,53.4150,35.4163,106.1461
285.4649,53.1463,34.3352,102.9059
284.1570,50.2687,34.3352,102.9059
283.8699,47.8395,35.4326,106.1948
283.5999,48.1095,35.4326,106.1948
283.8699,48.3794,35.4326,106.1948
287.9201,52.9697,34.3510,102.9532
287.1094,52.1097,35.4488,106.2436
289.5138,47.4411,36.5818,109.6391
290.3499,45.4901,36.5818,109.6391
293.4158,45.7688,36.5818,109.6391
295.3396,48.1974,37.7509,113.1432
296.1744,50.1284,38.9575,116.7592
295.8487,49.1530,40.2025,120.4908
296.1550,47.0090,40.2025,120.4908
295.8188,43.5520,41.4874,124.3417
294.8706,41.9716,41.4874,124.3417
294.5545,41.0233,41.4874,124.3417
295.5038,41.9729,40.2210,120.5462
296.3932,44.0302,41.5065,124.3988
296.7095,42.4491,41.5065,124.3988
298.9231,38.9705,41.5065,124.3988
299.8409,36.6664,42.8330,128.3746
303.4317,36.3414,41.5255,124.4559
303.7481,40.4543,41.5255,124.4559
305.3300,44.5672,41.5255,124.4559
306.2802,46.7831,40.2579,120.6569
307.2003,44.0226,40.2579,120.6569
306.8946,42.4902,39.0291,116.9738
306.0025,42.7876,39.0291,116.9738
304.5157,43.0850,39.0291,116.9738
303.6237,45.7612,39.0291,116.9738
303.3263,45.4638,39.0291,116.9738
303.0290,43.9770,39.0291,116.9738
303.9220,40.1126,37.8377,113.4031
304.7868,39.2478,37.8377,113.4031
305.6517,39.5361,37.8377,113.4031
305.3634,40.9774,37.8377,113.4031
303.8939,45.2191,39.0470,117.0275
301.7825,44.2415,40.2949,120.7677
300.2475,40.2505,40.2949,120.7677
297.4845,39.3295,40.2949,120.7677
295.9495,39.0225,40.2949,120.7677
295.0285,39.3295,40.2949,120.7677
295.3355,43.3205,40.2949,120.7677
296.2565,43.6275,40.2949,120.7677
298.4055,39.6365,40.2949,120.7677
301.7835,37.4887,39.0649,117.0812
303.2716,36.5958,39.0649,117.0812
305.3550,36.8935,39.0649,117.0812
305.6527,40.1674,39.0649,117.0812
304.7308,42.7608,40.3134,120.8231
304.3937,39.2944,41.6018,124.6846
302.7780,34.4493,42.9314,128.6696
301.1107,30.1036,44.3035,132.7818
299.3901,28.9943,45.7195,137.0255
297.6485,30.0393,45.7195,137.0255
297.9968,32.4776,45.7195,137.0255
299.0418,34.9159,45.7195,137.0255
301.4801,30.3877,45.7195,137.0255
303.8845,27.8497,47.1807,141.4049
307.1208,27.4917,45.7404,137.0885
307.4693,29.9311,45.7404,137.0885
307.0869,33.6647,47.2023,141.4698
307.4114,35.3599,48.7109,145.9912
309.2670,32.0198,48.7109,145.9912
309.6382,26.4530,48.7109,145.9912
308.4886,23.0067,50.2677,150.6571
304.2758,21.8578,50.2677,150.6571
305.4248,22.2408,50.2677,150.6571
305.0045,25.5780,51.8743,155.4721
306.1902,26.7636,51.8743,155.4721
308.1675,22.4178,50.2908,150.7262
310.0833,19.7357,50.2908,150.7262
313.4944,17.7103,51.8981,155.5434
314.6806,18.8965,51.8981,155.5434
315.8668,23.2459,51.8981,155.5434
316.2622,27.5953,51.8981,155.5434
318.2007,24.7143,53.5567,160.5146
317.7927,20.2259,53.5567,160.5146
318.2007,19.8179,53.5567,160.5146
317.7940,19.4115,51.9219,155.6148
315.7775,20.4850,53.5813,160.5883
316.1858,25.7919,53.5813,160.5883
319.0433,27.8331,53.5813,160.5883
324.3516,28.2429,51.9457,155.6863
324.7088,22.9847,53.6059,160.6620
325.8943,20.0089,55.3192,165.7968
328.0016,21.2733,55.3192,165.7968
326.6961,23.2600,57.0872,171.0956
324.4791,26.1801,58.9117,176.5639
323.1326,25.7312,58.9117,176.5639
320.8446,18.8702,60.7945,182.2068
319.4551,12.8489,60.7945,182.2068
315.2880,14.2403,58.9387,176.6449
313.8971,16.3570,60.8224,182.2905
312.4618,17.6145,62.7663,188.1165
311.0271,19.0491,62.7663,188.1165
310.5490,19.5273,62.7663,188.1165
308.1113,15.0866,64.7723,194.1287
307.6178,14.5931,64.7723,194.1287
307.1244,15.0866,64.7723,194.1287
306.6309,20.5150,64.7723,194.1287
303.1284,23.8281,66.8424,200.3331
302.6208,22.3024,64.8020,194.2178
301.1412,20.8233,62.8239,188.2893
298.7496,21.3038,60.9062,182.5417
297.3575,22.6959,60.9062,182.5417
295.9654,27.8003,60.9062,182.5417
296.4294,31.9766,60.9062,182.5417
299.6792,33.3706,59.0470,176.9695
300.1291,31.1212,59.0470,176.9695
305.0776,24.3732,59.0470,176.9695
309.1279,23.0254,57.2446,171.5675
308.6493,21.5922,59.0741,177.0508
308.1553,24.6139,60.9621,182.7093
307.6456,28.6611,62.9105,188.5487
306.1610,28.0446,64.9211,194.5747
305.6664,20.6253,64.9211,194.5747
303.1933,17.1629,64.9211,194.5747
302.6987,15.6790,64.9211,194.5747
300.2256,18.1521,64.9211,194.5747
299.7309,23.5930,64.9211,194.5747
296.2702,33.9820,62.9394,188.6353
290.9955,31.5844,62.9394,188.6353
293.3931,24.3916,62.9394,188.6353
296.7030,17.0615,64.9509,194.6641
295.2184,15.5769,64.9509,194.6641
293.6857,16.9198,67.0267,200.8855
291.0826,21.3696,69.1689,207.3058
288.4477,26.1125,69.1689,207.3058
284.7588,23.4776,69.1689,207.3058
281.0699,19.7887,69.1689,207.3058
276.2757,15.9490,71.3796,213.9313
274.5912,14.1618,73.6609,220.7686
278.5197,18.0903,73.6609,220.7686
282.4481,23.1412,73.6609,220.7686
283.0093,21.4575,73.6609,220.7686
280.1486,14.0012,76.0151,227.8243
279.5714,12.2661,73.6947,220.8699
276.7640,10.5817,73.6947,220.8699
275.0796,10.0202,73.6947,220.8699
272.2723,17.3193,73.6947,220.8699
264.9185,22.2118,76.0500,227.9289
255.0704,32.0641,73.7285,220.9713
238.7823,37.1219,71.4779,214.2261
225.1679,37.6664,71.4779,214.2261
214.7679,40.2335,73.7624,221.0728
204.0902,44.1673,73.7624,221.0728
201.2803,51.4731,73.7624,221.0728
204.0354,47.3784,76.1198,228.1383
210.4148,46.7984,76.1198,228.1383
215.6362,46.2208,73.7962,221.1743
234.1920,45.6609,71.5436,214.4229
245.6404,48.3884,69.3597,207.8775
260.9136,50.8794,71.5764,214.5213
270.1842,56.8780,71.5764,214.5213
274.0032,60.6975,69.3915,207.9730
268.1895,51.7120,67.2733,201.6245
259.4779,57.3521,65.2198,195.4699
256.9935,58.8428,65.2198,195.4699
251.5276,61.3272,65.2198,195.4699
245.0695,65.8013,63.2289,189.5031
252.2971,73.0292,61.2988,183.7185
249.9619,73.4962,61.2988,183.7185
249.4965,73.9651,59.4277,178.1104
254.4769,69.8902,59.4277,178.1104
261.2684,73.0596,59.4277,178.1104
268.9670,78.0419,57.6136,172.6735
270.2838,83.7482,57.6136,172.6735
276.8695,83.3110,55.8550,167.4026
281.5519,78.6317,54.1500,162.2926
287.7403,77.3940,54.1500,162.2926
295.5803,79.4585,52.4970,157.3386
295.1413,78.9441,54.1748,162.3671
299.6829,88.4389,52.5211,157.4108
300.8847,92.0419,50.9179,152.6058
302.0497,91.6555,49.3636,147.9474
305.3979,88.1630,50.9413,152.6758
305.7482,85.3352,52.5694,157.5554
304.5467,81.7305,52.5694,157.5554
306.5506,85.3368,50.9647,152.7459
306.9402,84.9500,49.4090,148.0833
308.8236,93.6096,47.9007,143.5630
306.2334,94.6000,49.4316,148.1513
319.4160,106.2765,47.9227,143.6289
315.3997,107.3718,47.9227,143.6289
312.1137,114.3090,47.9227,143.6289
311.0196,116.1360,46.4599,139.2446
291.5524,116.4914,45.0417,134.9941
281.6018,102.4231,43.6668,130.8734
287.2575,121.3863,43.6668,130.8734
297.5709,122.3844,43.6668,130.8734
297.2382,124.0479,43.6668,130.8734
291.5836,127.7088,42.3338,126.8784
290.6170,124.1622,41.0416,123.0054
274.0445,118.2211,41.0416,123.0054
270.5745,114.6921,42.3532,126.9367
271.5111,116.2131,43.7069,130.9936
275.1751,119.2114,42.3727,126.9950
267.7186,114.9222,43.7269,131.0537
264.7203,115.2554,43.7269,131.0537
263.7219,116.9224,42.3921,127.0533
265.3379,122.4144,41.0981,123.1749
273.1669,131.4961,39.8436,119.4150
278.9355,133.6222,38.6273,115.7698
286.8824,139.8036,37.4482,112.2359
286.5981,142.9432,36.3051,108.8099
286.8756,145.4337,35.1969,105.4884
285.5357,145.7030,34.1225,102.2683
286.3164,150.6435,33.0809,99.1466
289.0889,150.3914,33.0809,99.1466
294.3825,152.1567,32.0711,96.1201
298.5371,155.3342,31.0921,93.1860
298.7740,156.5186,31.0921,93.1860
298.0641,158.6515,30.1430,90.3415
296.4573,159.3414,29.2229,87.5838
295.7894,157.7829,29.2229,87.5838
300.0203,162.0140,28.3308,84.9102
303.2588,164.8209,27.4660,82.3183
302.6310,165.0302,27.4660,82.3183
302.4224,166.9144,26.6276,79.8055
299.7857,167.9295,25.8148,77.3694
299.9831,170.0938,25.0268,75.0077
296.3609,172.1920,24.2629,72.7181
296.9160,172.7473,23.5222,70.4983
293.8700,174.3609,22.8042,68.3464
289.5271,176.9677,22.1081,66.2601
289.0223,175.1156,21.4332,64.2374
291.4723,175.9327,20.7790,62.2766
290.3647,175.4584,20.1447,60.3756
292.6673,176.2265,19.5298,58.5326
292.5190,177.8638,18.9336,56.7459
292.9522,176.8546,18.3557,55.0137
291.1342,175.5960,18.3557,55.0137
292.6730,176.2958,17.7954,53.3344
293.3513,176.1607,17.2521,51.7063
294.7972,175.7664,17.2521,51.7063
293.8771,175.3721,17.2521,51.7063
295.3230,173.9262,17.2521,51.7063
294.9158,173.4943,17.8035,53.3589
295.3232,174.1730,17.2601,51.7301
295.7181,173.7791,16.7332,50.1510
295.0811,174.4170,16.2224,48.6201
293.9692,174.7883,15.7272,47.1360
296.2458,172.9910,15.7272,47.1360
295.6467,173.8297,15.7272,47.1360
298.8823,170.1157,15.2471,45.6971
300.1488,163.2287,15.7344,47.1576
298.0992,160.6770,16.2373,48.6648
299.4604,160.0589,15.7417,47.1793
296.7023,160.4192,15.2611,45.7391
295.8888,160.0709,14.7953,44.3429
295.1001,159.5077,14.3437,42.9893
295.2098,162.0216,13.9058,41.6771
295.1042,163.1875,13.4813,40.4048
293.3581,163.7010,13.4813,40.4048
291.4066,163.5983,13.4813,40.4048
286.3637,161.6174,13.9122,41.6962
284.9754,160.4211,14.3568,43.0288
283.3240,159.4053,14.8157,44.4040
283.2112,159.0667,14.8157,44.4040
280.8297,158.6958,15.2892,45.8231
280.0030,157.1481,15.7778,47.2877
279.1619,158.9517,15.2962,45.8442
277.4138,158.6021,15.2962,45.8442
275.4326,158.4856,15.2962,45.8442
273.4515,158.3690,15.2962,45.8442
269.8392,159.8845,14.8293,44.4448
269.5006,162.0316,14.3766,43.0881
266.3241,161.0458,14.3766,43.0881
264.2434,162.2511,13.9378,41.7728
262.4381,162.5697,13.9378,41.7728
261.2701,163.1006,13.9378,41.7728
259.2525,162.7821,13.9378,41.7728
257.8720,163.1006,13.9378,41.7728
255.8544,164.2687,13.9378,41.7728
254.4740,164.1625,13.9378,41.7728
253.5079,162.1145,14.3832,43.1079
250.7683,162.0050,14.3832,43.1079
248.9054,161.4570,14.3832,43.1079
246.5935,161.0969,14.8429,44.4856
243.7667,163.0199,14.3898,43.1277
242.5611,162.9107,13.9506,41.8112
240.3295,164.2928,13.5247,40.5349
238.3720,164.8084,13.1119,39.2975
235.8648,164.0806,13.5309,40.5535
234.5146,162.5047,13.9634,41.8496
231.8550,162.3983,13.9634,41.8496
229.1954,162.2919,13.9634,41.8496
226.3230,162.3983,13.9634,41.8496
224.7276,163.3562,13.5371,40.5721
223.5931,163.2531,13.5371,40.5721
221.2209,162.9437,13.5371,40.5721
220.2827,161.9859,13.9698,41.8688
216.9836,162.5185,13.5434,40.5907
215.2294,162.4153,13.5434,40.5907
212.4438,165.2017,13.1299,39.3517
210.7435,165.7023,12.7291,38.1505
208.7070,165.6053,12.7291,38.1505
207.0586,167.2544,12.3406,36.9859
206.0244,166.7843,12.3406,36.9859
204.6141,166.5022,12.3406,36.9859
203.7679,168.1006,12.3406,36.9859
198.2210,167.0667,11.9639,35.8569
195.9425,167.5228,11.5987,34.7624
194.7937,167.0810,11.5987,34.7624
192.5759,165.7302,11.9694,35.8734
190.4696,164.7010,12.3519,37.0199
188.2959,164.7681,12.7467,38.2030
186.6355,163.6721,13.1541,39.4240
184.9318,163.7723,13.1541,39.4240
182.6271,164.6747,12.7525,38.2206
181.3641,164.9662,12.7525,38.2206
180.6839,164.4804,12.7525,38.2206
178.8379,164.5775,12.7525,38.2206
177.7692,164.4804,12.7525,38.2206
176.8853,163.3838,13.1601,39.4421
175.5818,163.2835,13.1601,39.4421
174.6794,163.5843,13.1601,39.4421
173.9779,164.2866,12.7584,38.2381
171.7422,164.1894,12.7584,38.2381
170.0901,165.6478,12.3689,37.0709
169.0538,165.9309,11.9914,35.9393
168.4146,166.5708,11.6253,34.8422
169.0346,166.3051,11.6253,34.8422
168.7689,166.0394,11.6253,34.8422
168.1402,165.9254,11.9969,35.9558
167.4915,165.4423,12.3803,37.1049
167.3975,165.9143,12.0024,35.9723
167.6721,167.4692,11.6360,34.8742
167.3975,166.8233,12.0079,35.9888
166.9401,166.7318,12.0079,35.9888
166.6567,166.2482,12.3917,37.1390
165.4202,164.9938,12.7877,38.3260
165.7125,164.5067,12.7877,38.3260
164.6313,163.9916,13.1964,39.5509
164.9329,163.4889,13.1964,39.5509
164.8327,164.3942,12.7936,38.3436
164.7257,163.6840,13.2025,39.5690
166.2349,164.5897,12.7995,38.3612
167.3079,165.4677,12.4087,37.1902
167.2137,165.5627,12.0300,36.0549
167.3053,165.6543,12.0300,36.0549
167.3970,165.9293,12.0300,36.0549
168.0385,166.3876,12.0300,36.0549
168.1302,166.1126,12.0300,36.0549
168.4052,165.8376,12.0300,36.0549
168.8634,166.2959,12.0300,36.0549
169.5050,165.6543,12.0300,36.0549
169.2211,165.1698,12.4144,37.2073
169.3157,164.6969,12.4144,37.2073
168.2753,164.9807,12.4144,37.2073
169.5049,164.6969,12.4144,37.2073
168.4644,165.3590,12.4144,37.2073
168.3699,164.8861,12.4144,37.2073
168.2753,165.3590,12.4144,37.2073
169.5052,165.2648,12.0355,36.0715
169.2301,165.3565,12.0355,36.0715
168.9550,165.4482,12.0355,36.0715
169.5969,165.7233,12.0355,36.0715
169.3218,165.9984,12.0355,36.0715
169.0467,165.3565,12.0355,36.0715
168.4048,165.6316,12.0355,36.0715
168.6799,165.7233,12.0355,36.0715
169.1384,165.8150,12.0355,36.0715
168.8633,165.9066,12.0355,36.0715
169.1384,166.1817,12.0355,36.0715
168.6799,165.7233,12.0355,36.0715
169.1384,166.5485,12.0355,36.0715
168.6799,166.6402,12.0355,36.0715
168.9550,166.9153,12.0355,36.0715
169.0467,167.0070,12.0355,36.0715
169.3221,167.4659,11.6681,34.9704
170.1221,167.1992,11.6681,34.9704
170.7447,167.9996,11.3119,33.9029
171.0033,168.7753,11.3119,33.9029
171.6066,169.2062,11.3119,33.9029
172.5546,169.4647,11.3119,33.9029
175.2263,168.3443,11.3119,33.9029
177.2085,168.4305,11.3119,33.9029
178.4928,167.6302,11.6735,34.9865
182.1393,167.5413,11.6735,34.9865
182.2282,167.4523,11.6735,34.9865
183.0287,167.3634,11.6735,34.9865
184.7188,167.9863,11.3171,33.9185
185.6588,167.7030,11.6788,35.0025
186.9848,166.1649,12.0521,36.1212
187.6276,165.8894,12.0521,36.1212
191.7599,167.2671,11.6842,35.0186
193.0865,165.5502,12.0576,36.1378
196.1184,167.2960,11.6895,35.0347
197.6324,166.4945,11.6895,35.0347
200.0284,165.8456,12.0631,36.1544
201.7746,165.5699,12.0631,36.1544
204.9913,165.2941,12.0631,36.1544
206.3699,165.5699,12.0631,36.1544
208.1072,165.4516,12.4487,37.3099
210.6588,164.0018,12.8465,38.5023
211.7258,163.0929,13.2571,39.7328
212.8369,163.1940,13.2571,39.7328
214.9580,162.4869,13.2571,39.7328
216.8770,162.7899,13.2571,39.7328
219.6041,163.2950,13.2571,39.7328
223.1392,162.3859,13.2571,39.7328
226.2707,163.2954,12.8524,38.5200
227.7395,163.1974,12.8524,38.5200
229.7863,162.6798,13.2632,39.7511
231.0901,162.1456,13.6871,41.0215
233.9060,164.3359,13.2693,39.7693
237.2421,164.6392,13.2693,39.7693
239.5674,165.1447,13.2693,39.7693
241.6904,164.6392,13.2693,39.7693
246.0378,165.1451,12.8642,38.5553
248.4884,166.2236,12.4716,37.3784
250.6646,166.1014,12.8701,38.5730
253.3121,166.1994,12.8701,38.5730
256.7345,165.2889,13.2815,39.8058
260.0638,163.1350,13.7060,41.0780
262.8833,163.0305,13.7060,41.0780
264.6483,162.4785,14.1440,42.3909
267.5578,161.9397,14.1440,42.3909
270.4673,162.2630,14.1440,42.3909
272.7303,163.0173,14.1440,42.3909
274.9933,162.9096,14.1440,42.3909
277.9028,163.0173,14.1440,42.3909
281.4589,163.1251,14.1440,42.3909
285.4464,163.2333,13.7122,41.0969
288.4659,162.2632,14.1505,42.4104
292.6708,164.9588,13.7185,41.1158
296.5384,165.6909,13.2998,39.8607
297.6431,164.7499,13.7248,41.1346
303.3947,165.2732,13.3059,39.8790
306.7400,164.9691,13.3059,39.8790
308.8689,164.8677,13.3059,39.8790
311.5961,165.1428,13.7311,41.1535
315.0484,165.2474,13.7311,41.1535
319.7561,164.7243,13.7311,41.1535
322.5705,163.1252,14.1700,42.4688
328.0659,162.3385,14.6229,43.8261
332.1880,163.1184,14.6229,43.8261
336.5221,161.8610,15.0902,45.2268
336.8558,160.5635,15.5725,46.6722
336.9745,159.9702,15.5725,46.6722
339.2291,161.9877,15.0971,45.2475
340.7132,159.3092,15.5796,46.6936
341.2951,157.9696,16.0776,48.1860
343.3774,157.8471,16.0776,48.1860
357.2195,159.1950,15.5868,46.7151
360.1887,160.0267,15.1110,45.2891
360.5344,161.2936,14.6497,43.9066
360.8696,162.9683,14.2025,42.5664
361.4001,161.9634,14.6565,43.9268
362.1821,163.4155,14.2091,42.5859
362.5073,164.3903,13.7753,41.2860
364.7116,164.9155,13.3548,40.0257
367.6626,166.4421,12.9472,38.8039
369.1426,167.5275,12.5520,37.6194
369.6207,167.0494,12.5520,37.6194
369.7164,166.9538,12.5520,37.6194
370.0032,166.4756,12.5520,37.6194
369.7070,165.0138,12.9531,38.8217
370.2005,165.5072,12.9531,38.8217
370.4966,165.2111,12.9531,38.8217
370.7830,164.2947,13.3671,40.0625
370.6812,164.3965,13.3671,40.0625
370.3756,164.0910,13.3671,40.0625
369.6627,162.9708,13.3671,40.0625
369.1535,163.0726,13.3671,40.0625
