0.0309
0.0309
0.0299
0.0309
0.0309
0.0309
0.0309
0.0309
0.0299
0.0299
0.0309
0.0309
0.0319
0.0309
0.0309
0.0359
0.0309
0.0309
0.0309
0.0319
0.0299
0.0319
0.0309
0.0309
0.0309
0.0299
0.0309
0.0309
0.0309
0.0299
0.0309
0.0309
0.0309
0.0299
0.0309
0.0309
0.0309
0.0299
0.0299
0.0309
0.0309
0.0309
0.0309
0.0299
0.0309
0.0309
0.0309
0.0299
0.0309
0.0309
0.0309
0.0309
0.0309
0.0309
0.0309
0.0299
0.0309
NaN
NaN
NaN
NaN
0.0339
0.0379
0.0359
0.0369
0.0369
0.0369
0.0359
0.0399
0.0369
0.0369
0.0379
0.0359
0.0409
0.0369
0.0369
0.0369
0.0369
0.0509
NaN
NaN
NaN
NaN
0.0319
0.0399
0.0359
0.0389
0.0369
0.0349
0.0349
0.0359
0.0359
0.0359
0.0359
0.0359
0.0359
0.0349
0.0359
0.0359
0.0349
0.0349
0.0359
0.0359
0.0359
0.0359
0.0359
0.0359
0.0349
0.0349
0.0419
0.0349
0.0349
0.0359
0.0349
0.0379
0.0339
0.0329
0.0319
0.0329
0.0409
0.0339
0.0339
0.0339
0.0349
0.0349
0.0359
0.0369
0.0469
0.0349
0.0359
0.0349
0.0349
0.0379
0.0359
0.0349
0.0359
0.0359
0.0359