0.20807
0.23229
0.068223
0.041154
0.049208
0.045022
0.038586
0.034842
0.034804
0.034585
0.034872
0.034686
0.034325
0.034413
0.03488
0.03457
0.033962
0.03402
0.033789
0.033909
0.034187
0.03392
0.033817
0.033909
0.033667
0.033839
0.033662
0.033877
0.033661
0.033803
0.033614
0.034221
0.03366
0.033927
0.033844
0.033796
0.033751
0.03396
0.033781
0.033967
0.034615
0.034011
0.034392
0.033972
0.034058
0.033754
0.033574
0.033635
0.033567
0.033669
0.033552
0.03391
0.033638
0.033844
0.03362
0.033628
0.033577
0.033815
0.03367
0.033724
0.033705
0.033727
0.033555
0.034076
0.034117
0.033595
0.033538
0.033998
0.033696
0.033955
0.033488
0.033567
0.033485
0.033563
0.033495
0.033673
0.033396
0.03346
0.033537
0.033682
0.033326
0.033425
0.033343
0.033439
0.033494
0.033761
0.033664
0.033426
0.033475
0.033434
0.033369
0.033422
0.033514
0.033425
0.033499
0.033665
0.033404
0.033432
0.033422
0.033508
0.034267
0.033847
0.033402
0.0335
0.033528
0.033533
0.033472
0.033305
0.033279
0.033441
0.033355
0.033889
0.034109
0.033696
0.033359
0.033642
0.033273
0.03343
0.033423
0.033416
0.033295
0.033442
0.033299
0.033427
0.033101
0.033974
0.034045
0.03386
0.033824
0.033889
0.033777
0.033573
0.033576
0.033622
0.032259
0.033583
0.033477
0.033322
