0.20898
0.23278
0.065211
0.039048
0.047516
0.041709
0.035755
0.03197
0.032084
0.031702
0.03176
0.031576
0.03147
0.031632
0.031934
0.031617
0.031534
0.031753
0.032392
0.031999
0.031972
0.032079
0.032525
0.031824
0.031748
0.031585
0.031527
0.031848
0.032193
0.03162
0.031691
0.032246
0.031746
0.031663
0.03161
0.031553
0.032456
0.032067
0.031478
0.031532
0.0324
0.032464
0.032475
0.031345
0.032188
0.031534
0.031479
0.031198
0.031566
0.031665
0.031447
0.031492
0.03139
0.031696
0.03159
0.031459
0.031479
0.031413
0.031476
0.031376
0.031506
0.031358
0.031138
0.031773
0.031444
0.031595
0.03147
0.031406
0.031434
0.031335
0.031419
0.031462
0.031291
0.031338
0.031319
0.031549
0.075179
0.032815
0.031716
0.031135
0.031133
0.031265
0.031096
0.03113
0.031195
0.031291
0.031173
0.031254
0.031419
0.030971
0.031064
0.030973
0.030984
0.031004
0.031545
0.031048
0.030965
0.031089
0.031022
0.031174
0.03195
0.031818
0.031293
0.031339
0.031306
0.031266
0.031307
0.033412
0.03285
0.032892
0.032867
0.038881
0.043853
0.0372
0.04424
0.03578
0.036483
0.035659
0.032295
0.032799
0.032884
0.032795
0.031107
0.031475
0.03155
0.032047
0.032121
0.031975
0.031956
0.031893
0.031513
0.031294
0.031274
0.031389
0.031267
0.031258
0.031416
0.031353
0.03142
0.031324
0.030087
0.03132
0.031569
0.031437
0.031288
0.031496
0.031327
0.0313
0.031347
0.031289
0.031353
0.031389
0.031306
0.033971
0.031526
0.03166
0.031559
0.032006
0.032168
0.032036
0.032036
0.032119
0.031971
0.03179
0.031321
0.033385
0.031473
0.031344
0.032166
0.031441
0.033405
0.031362
0.031366
0.0314
0.031316
0.031372
0.031535
0.031575
0.031631
0.031818
0.031534
0.031434
0.031189
0.031449
0.031457
0.031486
0.033403
0.033461
0.033476
0.031421
0.031544
0.031516
0.031466
0.031492
0.031657
0.031536
0.031634
0.03153
0.031541
0.031538
0.031645
0.031713
0.031793
0.031521
0.031903
0.031475
0.031769
0.031546
0.031581
0.031755
0.031548
0.031642
0.031585
0.031502
0.031533
0.031527
0.031502
0.031621
0.031547
0.03167
0.03158
0.03164
0.031686
0.031628
0.031623
0.031623
0.031664
0.031717
0.031515
0.031526
0.0316
0.031544
0.031642
0.031851
0.031625
0.031717
0.031629
0.031635
0.031595
0.031597
0.031556
0.031664
0.031367
0.031657
0.031491
0.031803
0.031645
0.031577
0.031541
0.031836
0.032085
0.032096
0.031907
0.031681
0.031822
0.03169
0.031566
0.031605
0.031566
0.031571
0.031574
0.031609
0.031684
0.03164
0.031671
0.031682
0.031677
0.031688
0.031586
0.031846
0.031715
0.031725
0.031769
0.031636
0.03168
0.031724
0.031755
0.031666
0.031749
0.031685
0.031759
0.031631
0.031724
0.031709
0.031866
0.031729
0.03193
0.031598
0.03155
0.031588
0.03152
0.03159
0.031538
0.031582
0.03167
0.031559
0.031631
0.031609
0.031618
0.031713
0.031653
0.031704
0.031296
0.032086
0.03155
0.031494
0.03143
0.03146
0.031616
0.03243
0.032465
0.032945
0.03325
0.034231
0.033202
0.033241
0.033206
0.033054
0.033324
0.03338
0.034063
0.033403
0.0359
0.033538
0.035277
0.033592
0.035554
0.033621
0.033446
0.034022
0.033513
0.033631
0.03415
0.03456
0.033765
0.033918
0.033697
0.033624
0.033498
0.033441
0.033426
0.033493
0.033521
0.033392
0.03339
0.033524
0.033372
0.03313
0.033347
0.033384
0.033293
0.033386
0.033548
0.033346
0.033285
