1
537.2260,202.7138,21.8425,21.7355
534.3952,209.4907,21.8425,21.7355
532.5938,217.2970,21.8425,21.7355
531.1354,223.9023,21.8425,21.7355
528.6477,231.3654,21.8425,21.7355
528.2188,238.1423,21.8425,21.7355
528.1330,244.4045,21.8425,21.7355
529.4197,249.9804,21.8425,21.7355
531.3928,254.5269,21.8425,21.7355
535.4246,257.1862,21.8425,21.7355
541.1721,258.8161,21.8425,21.7355
548.4637,261.6469,21.8425,21.7355
557.8140,263.9631,21.8425,21.7355
566.8213,267.4802,21.8425,21.7355
577.3726,269.2817,21.8425,21.7355
588.4387,270.3969,21.8425,21.7355
600.5244,271.8438,21.1757,21.0720
610.9200,274.2556,21.1757,21.0720
620.1512,275.6693,21.1757,21.0720
629.5489,278.2475,21.1757,21.0720
639.1034,280.8145,20.5293,20.4288
646.2791,282.1852,20.5293,20.4288
654.0906,284.5126,19.9027,19.8052
659.9530,286.4667,19.9027,19.8052
665.0284,286.3848,20.5388,20.4382
668.4969,285.4975,20.5388,20.4382
668.4070,284.7608,19.9118,19.8143
672.0825,285.6210,19.9118,19.8143
675.6015,285.5428,19.9118,19.8143
680.2065,285.2978,19.3040,19.2094
683.7697,284.4638,19.3040,19.2094
687.6362,283.4783,19.3040,19.2094
691.8060,281.5829,19.3040,19.2094
695.6725,279.2327,19.3040,19.2094
699.8336,277.7822,18.7147,18.6231
703.7291,274.3277,18.7147,18.6231
709.3885,270.5792,18.7147,18.6231
716.3660,266.2391,19.3128,19.2183
727.2037,261.6023,18.7233,18.6316
736.9752,256.6658,18.1518,18.0629
746.5992,253.1727,18.1518,18.0629
755.2252,247.2557,18.1518,18.0629
767.2680,242.6185,18.7319,18.6402
782.1970,237.5387,19.3306,19.2359
795.4775,233.2077,19.9484,19.8507
808.8690,227.6414,20.5859,20.4851
823.9821,223.3524,21.2439,21.1398
838.7439,218.7596,21.9228,21.8154
854.8385,215.2253,22.6235,22.5127
870.7427,211.4047,22.6235,22.5127
887.1700,207.7501,21.9329,21.8255
902.4067,204.5515,21.2634,21.1592
917.3548,199.6245,21.2634,21.1592
932.8040,194.6974,21.2634,21.1592
947.7521,189.1023,21.2634,21.1592
960.6960,181.1690,21.2634,21.1592
972.6378,173.9037,21.2634,21.1592
983.9115,169.3107,21.2634,21.1592
994.6841,164.2166,21.2634,21.1592
1006.6260,161.2938,21.2634,21.1592
1018.2337,159.0391,21.2634,21.1592
1028.0043,156.9514,21.2634,21.1592
1038.4429,157.8699,21.2634,21.1592
1048.2135,164.4672,21.2634,21.1592
1055.4788,169.8952,21.2634,21.1592
1062.0664,170.1347,20.6143,20.5133
1066.8431,164.8723,20.6143,20.5133
1070.4863,156.3715,20.6143,20.5133
1074.4441,148.3457,19.9851,19.8872
1076.5634,141.5172,19.9851,19.8872
1078.6825,135.6306,19.9851,19.8872
1081.2726,131.4707,19.9851,19.8872
1082.9209,125.4271,19.9851,19.8872
1084.8831,120.0114,19.9851,19.8872
1086.9933,117.8817,19.3750,19.2801
1089.0392,116.5781,18.7836,18.6916
1092.6455,114.1339,18.2102,18.1210
1094.7196,106.7675,18.2102,18.1210
1097.3575,96.2448,17.6543,17.5679
1097.7042,82.1698,17.6543,17.5679
1099.7102,75.9956,18.2186,18.1293
1103.9268,71.7706,18.8008,18.7087
1108.1355,67.8572,18.8008,18.7087
1112.1882,60.6852,18.2269,18.1377
1117.9865,54.8869,18.2269,18.1377
1123.7848,50.9498,18.2269,18.1377
1130.0126,48.7307,18.2269,18.1377
1134.5223,46.0821,18.2269,18.1377
1140.8933,41.7155,18.2269,18.1377
1147.6855,42.2071,17.6705,17.5840
1154.0009,42.2765,17.6705,17.5840
1159.8998,40.2639,17.6705,17.5840
1165.5210,37.8349,17.6705,17.5840
1170.0320,36.2388,17.6705,17.5840
1177.5964,36.5858,17.6705,17.5840
1183.0789,39.1535,17.6705,17.5840
1189.8105,43.3868,17.6705,17.5840
1196.6810,46.6486,17.6705,17.5840
1202.8575,53.6578,17.6705,17.5840
1208.8951,65.6638,17.6705,17.5840
1215.0717,80.5845,17.6705,17.5840
1220.8318,94.9500,17.6705,17.5840
1226.0366,108.6216,17.6705,17.5840
1231.2416,123.5423,17.6705,17.5840
1234.2257,139.7121,17.6705,17.5840
1238.1814,156.1596,17.6705,17.5840
1241.8547,170.3829,18.2353,18.1460
1246.3617,185.0609,18.8181,18.7259
1248.8005,202.8721,18.8181,18.7259
1252.5647,221.8622,19.4195,19.3244
1254.3188,241.7680,19.4195,19.3244
1256.6831,259.8434,19.4195,19.3244
1256.6068,274.8681,19.4195,19.3244
1256.3781,286.8421,19.4195,19.3244
1254.9290,294.8502,19.4195,19.3244
1252.1071,299.9601,19.4195,19.3244
1248.8188,303.9921,18.8267,18.7345
1245.6311,308.0490,18.2520,18.1626
1244.4125,310.5579,18.2520,18.1626
1237.1644,313.9174,17.6949,17.6082
1230.9714,318.8423,17.1547,17.0707
1224.5634,324.8295,16.6311,16.5496
1216.9139,332.9854,16.1234,16.0445
1208.6115,341.2722,15.6313,15.5547
1199.9556,349.4370,15.6313,15.5547
1191.4224,360.4258,15.6313,15.5547
1182.1526,369.5728,15.6313,15.5547
1174.4789,377.8604,15.6313,15.5547
1164.8407,387.6214,15.6313,15.5547
1156.7987,397.8734,15.6313,15.5547
1146.5466,410.5811,15.6313,15.5547
1136.9084,422.5521,15.6313,15.5547
1129.2278,433.1643,15.1541,15.0799
1123.5737,439.0564,15.1541,15.0799
1118.1578,442.6868,15.1541,15.0799
1113.0990,446.7934,15.1541,15.0799
1108.1550,451.3732,15.6384,15.5618
1103.0574,455.8567,15.6384,15.5618
1098.6968,459.9717,15.6384,15.5618
1094.9503,462.9812,15.6384,15.5618
1091.8137,463.8994,16.1382,16.0592
1090.4827,463.0755,16.1382,16.0592
1088.7715,459.0825,16.1382,16.0592
1087.6940,455.8501,16.1382,16.0592
1085.9827,453.3782,16.1382,16.0592
1084.5177,449.3768,15.6456,15.5690
1082.6129,446.8575,15.6456,15.5690
1078.8577,445.9277,15.1680,15.0937
1073.4368,445.8681,15.1680,15.0937
1069.8030,444.3789,15.1680,15.0937
1065.0969,442.2939,15.1680,15.0937
1058.9545,443.0604,14.7050,14.6330
1052.4244,444.1549,15.1750,15.1007
1045.9242,442.7812,15.6600,15.5833
1041.9224,442.1017,16.1605,16.0813
1039.9476,444.4416,15.6672,15.5904
1036.9326,444.2570,15.6672,15.5904
1031.3291,441.3620,16.1679,16.0887
1027.1974,438.7555,16.6846,16.6029
1024.1102,434.3565,16.1753,16.0961
1018.3293,430.4814,16.1753,16.0961
1014.9552,427.8684,15.6816,15.6047
1010.6987,426.0742,15.2029,15.1284
1004.1838,422.7824,14.7388,14.6666
1000.8777,421.3276,14.2889,14.2189
995.5402,421.8252,13.8527,13.7849
991.0246,422.3148,13.8527,13.7849
986.6141,421.7137,14.2955,14.2254
982.0626,422.1040,14.7523,14.6801
977.3657,421.5797,15.2238,15.1493
973.2361,419.9625,15.7104,15.6334
969.3447,419.0339,16.2125,16.1331
964.8196,414.7648,16.7306,16.6487
962.6512,409.8367,16.7306,16.6487
959.8184,407.0026,16.2199,16.1405
955.9282,402.4767,16.7383,16.6563
954.6717,398.3265,16.2274,16.1479
952.5641,393.2886,16.7460,16.6640
966.3096,376.1233,16.7460,16.6640
969.3932,368.9459,16.2348,16.1553
972.5102,361.2224,15.7392,15.6622
974.4194,354.8474,15.2588,15.1841
976.0306,351.7832,14.7930,14.7206
978.5222,348.5801,14.3415,14.2712
980.7124,345.1369,13.9037,13.8356
981.3130,340.1678,13.9037,13.8356
980.8216,338.1475,13.9037,13.8356
980.7608,338.1948,13.4793,13.4132
979.8608,338.2477,13.4793,13.4132
980.3373,335.3362,13.4793,13.4132
982.6136,329.5659,13.4793,13.4132
984.6722,323.8945,13.0678,13.0038
986.0579,320.5586,13.0678,13.0038
986.0065,316.2989,13.0678,13.0038
986.2632,311.6285,13.0678,13.0038
986.5198,307.8820,13.0678,13.0038
986.8790,304.1355,13.0678,13.0038
986.7250,300.9023,13.0678,13.0038
985.9552,299.7218,13.0678,13.0038
985.2880,298.8494,13.0678,13.0038
983.9023,298.0795,13.0678,13.0038
984.0563,295.2568,13.0678,13.0038
983.2806,293.0432,12.6689,12.6069
982.6282,290.1010,12.2822,12.2220
983.1533,285.7050,11.9073,11.8489
981.7971,283.0395,11.9073,11.8489
980.4410,283.0862,11.9073,11.8489
979.3654,283.3201,11.9073,11.8489
979.3186,283.7410,11.9073,11.8489
978.8042,284.3489,11.9073,11.8489
979.4122,282.8992,11.9073,11.8489
979.6460,282.8524,11.9073,11.8489
980.5345,281.4963,11.9073,11.8489
981.7036,280.6078,11.9073,11.8489
983.6209,278.5034,11.9073,11.8489
985.6318,274.9961,11.9073,11.8489
988.8532,272.2308,11.5438,11.4873
991.8907,268.8305,11.5438,11.4873
995.0190,264.7049,11.5438,11.4873
998.9633,260.4886,11.5438,11.4873
1002.1822,255.5469,11.5438,11.4873
1005.7638,252.4186,11.5438,11.4873
1007.8946,250.1065,11.5438,11.4873
1011.9244,250.5991,11.1914,11.1366
1013.9902,249.8519,11.1914,11.1366
1017.3696,249.7142,10.8498,10.7967
1021.9290,249.1603,10.8498,10.7967
1024.6134,249.7995,10.8498,10.7967
1027.7240,249.4160,10.8498,10.7967
1031.6869,250.0551,10.8498,10.7967
1035.6497,250.0977,10.8498,10.7967
1039.4421,249.9699,10.8498,10.7967
1044.2571,250.0977,10.8498,10.7967
1048.4708,250.7313,10.5186,10.4671
1052.4779,251.9293,10.5186,10.4671
1056.4850,252.1358,10.5186,10.4671
1060.6527,253.0805,10.1975,10.1476
1063.6564,252.2394,10.1975,10.1476
1067.2207,249.3158,10.1975,10.1476
1070.6250,244.9504,10.1975,10.1476
1060.1721,240.1045,10.1975,10.1476
1063.0128,236.1376,10.5234,10.4719
1064.0460,231.8807,10.5234,10.4719
1065.6532,230.3460,10.2022,10.1522
1066.4918,228.5410,10.5283,10.4767
1067.8563,224.3648,10.5283,10.4767
1067.9803,221.6772,10.5283,10.4767
1068.8488,219.2376,10.5283,10.4767
1069.1334,214.9733,10.2069,10.1569
1069.9707,209.7167,9.8953,9.8469
1070.0873,203.3044,9.8953,9.8469
1069.4266,196.1925,9.8953,9.8469
1069.6986,189.3916,9.8953,9.8469
1069.7375,184.3006,9.8953,9.8469
1069.7764,177.4997,9.8953,9.8469
1070.5925,173.1082,9.8953,9.8469
1071.4863,168.3281,9.8953,9.8469
1072.4579,163.6257,9.8953,9.8469
1073.8931,159.2324,10.2116,10.1616
1075.8583,155.9037,10.2116,10.1616
1078.1442,152.4948,10.2116,10.1616
1080.9114,149.4068,10.2116,10.1616
1084.0797,147.3614,10.2116,10.1616
1087.2479,145.3161,10.2116,10.1616
1090.9777,142.8697,10.2116,10.1616
1094.4668,139.7015,10.2116,10.1616
1097.5548,136.7738,10.2116,10.1616
1100.6428,134.6483,10.2116,10.1616
1092.3412,134.2874,10.2116,10.1616
1095.6699,131.4399,10.2116,10.1616
1098.1162,126.9081,10.2116,10.1616
1101.2845,122.5367,10.2116,10.1616
1105.0096,118.6413,9.8999,9.8514
1108.3922,115.4142,9.8999,9.8514
1110.9973,110.5541,9.8999,9.8514
1114.8464,105.1498,9.8999,9.8514
1117.9957,98.1902,9.8999,9.8514
1120.8340,91.3084,9.8999,9.8514
1123.4390,84.9709,9.8999,9.8514
1126.8993,81.8216,9.8999,9.8514
1132.6147,80.8496,9.8999,9.8514
1138.0968,81.7438,9.8999,9.8514
1143.5790,83.4157,9.8999,9.8514
1149.9943,84.8542,9.8999,9.8514
1156.0985,86.4483,9.8999,9.8514
1161.8916,88.0424,9.8999,9.8514
1161.6973,90.0253,9.8999,9.8514
1158.5453,93.4060,10.2163,10.1662
1165.0853,95.5325,10.2163,10.1662
1163.2798,98.3010,10.2163,10.1662
1160.6689,104.5983,10.5428,10.4911
1168.2433,107.8673,10.8797,10.8264
1177.2590,109.4483,10.8797,10.8264
1185.7621,111.8838,10.8797,10.8264
1193.3250,111.6702,10.8797,10.8264
1201.9989,110.7729,10.8797,10.8264
1207.8497,109.9589,11.2274,11.1724
1215.5663,107.0046,11.2274,11.1724
1220.6371,100.2582,11.2274,11.1724
1223.8560,92.0126,11.2274,11.1724
1227.5157,83.0615,11.2274,11.1724
1229.8497,76.8420,11.5863,11.5295
1232.6223,67.7846,11.9566,11.8980
1235.3896,60.0343,12.3387,12.2783
1239.2178,50.2941,12.3387,12.2783
1241.8831,43.4615,12.3387,12.2783
1245.5175,37.4042,12.3387,12.2783
1250.0240,31.8314,12.3387,12.2783
1253.4646,28.0032,12.3387,12.2783
1258.2620,24.1750,12.3387,12.2783
1262.9625,23.8358,12.3387,12.2783
1268.7290,26.0164,12.3387,12.2783
1273.4241,25.7677,11.9620,11.9035
1275.0630,26.5601,11.5969,11.5401
1275.1945,30.2432,11.2429,11.1878
1275.6750,27.1907,10.8997,10.8463
1275.3706,27.0565,10.5670,10.5152
1276.1543,27.2585,10.2444,10.1943
1276.1946,26.0113,10.2444,10.1943
1276.5521,27.0118,9.9317,9.8831
1276.3527,27.3577,9.6285,9.5814
1275.9341,26.4861,9.9363,9.8876
1276.3589,27.3004,9.6330,9.5858
1276.3925,27.0305,9.3389,9.2932
1276.2799,27.0654,9.6374,9.5902
1276.0863,28.0066,9.3432,9.2974
1276.4857,27.3046,9.0580,9.0136
1276.3079,25.4191,9.0580,9.0136
1276.6992,27.0200,9.0580,9.0136
1276.6595,24.8452,8.7815,8.7385
1276.7592,27.0134,8.5134,8.4717
1276.3914,27.9162,8.5134,8.4717
1276.8928,29.4207,8.5134,8.4717
1276.4583,28.6517,8.5134,8.4717
1276.8928,29.2870,8.5134,8.4717
1276.3914,28.6517,8.5134,8.4717
1276.8260,27.9496,8.5134,8.4717
1276.3245,27.5818,8.5134,8.4717
1276.7592,27.6821,8.5134,8.4717
1276.2576,27.9830,8.5134,8.4717
1276.6923,31.1594,8.5134,8.4717
1277.1938,30.5241,8.5134,8.4717
1276.7592,30.8250,8.5134,8.4717
1276.4583,31.1928,8.5134,8.4717
1277.0935,32.8312,8.5134,8.4717
1276.7926,36.0744,8.5134,8.4717
1276.4248,37.4452,8.5134,8.4717
1276.9932,38.8830,8.5134,8.4717
1276.6254,38.8495,8.5134,8.4717
1277.3237,41.0853,8.2536,8.2131
1277.4210,40.0804,8.2536,8.2131
1276.7366,38.8768,8.0016,7.9624
1277.3336,38.7825,8.0016,7.9624
1276.9252,38.6254,8.0016,7.9624
