0.23302,0.22837,0.22637,0,0,0,0,0,0,0,0,0,0,0,0
0.25426,0.25477,0.25436,0,0,0,0,0,0,0,0,0,0,0,0
0.088164,0.090092,0.087575,0,0,0,0,0,0,0,0,0,0,0,0
0.061247,0.062294,0.063583,0,0,0,0,0,0,0,0,0,0,0,0
0.071012,0.0711,0.072212,0,0,0,0,0,0,0,0,0,0,0,0
0.065067,0.06627,0.067631,0,0,0,0,0,0,0,0,0,0,0,0
0.0603,0.059378,0.060902,0,0,0,0,0,0,0,0,0,0,0,0
0.053949,0.05492,0.056526,0,0,0,0,0,0,0,0,0,0,0,0
0.056215,0.056459,0.05713,0,0,0,0,0,0,0,0,0,0,0,0
0.054478,0.057525,0.057169,0,0,0,0,0,0,0,0,0,0,0,0
0.055885,0.056156,0.056876,0,0,0,0,0,0,0,0,0,0,0,0
0.054059,0.055894,0.056488,0,0,0,0,0,0,0,0,0,0,0,0
0.055972,0.055984,0.056812,0,0,0,0,0,0,0,0,0,0,0,0
0.054412,0.056968,0.056982,0,0,0,0,0,0,0,0,0,0,0,0
0.056169,0.056158,0.057453,0,0,0,0,0,0,0,0,0,0,0,0
NaN,NaN,NaN,0,0,0,0,0,0,0,0,0,0,0,0
NaN,NaN,NaN,0,0,0,0,0,0,0,0,0,0,0,0
NaN,NaN,NaN,0,0,0,0,0,0,0,0,0,0,0,0
NaN,NaN,NaN,0,0,0,0,0,0,0,0,0,0,0,0
0.2319,0.22648,0.22781,0,0,0,0,0,0,0,0,0,0,0,0
0.25779,0.25432,0.25269,0,0,0,0,0,0,0,0,0,0,0,0
0.088833,0.088857,0.088759,0,0,0,0,0,0,0,0,0,0,0,0
0.062455,0.06276,0.063345,0,0,0,0,0,0,0,0,0,0,0,0
0.07113,0.070941,0.071767,0,0,0,0,0,0,0,0,0,0,0,0
0.065238,0.065464,0.065732,0,0,0,0,0,0,0,0,0,0,0,0
0.059791,0.059667,0.060516,0,0,0,0,0,0,0,0,0,0,0,0
0.055695,0.056108,0.056322,0,0,0,0,0,0,0,0,0,0,0,0
0.056572,0.056815,0.057323,0,0,0,0,0,0,0,0,0,0,0,0
0.055243,0.055781,0.05587,0,0,0,0,0,0,0,0,0,0,0,0
0.055075,0.056027,0.056701,0,0,0,0,0,0,0,0,0,0,0,0
0.055416,0.055957,0.056096,0,0,0,0,0,0,0,0,0,0,0,0
0.054252,0.055089,0.055906,0,0,0,0,0,0,0,0,0,0,0,0
0.054666,0.054946,0.055308,0,0,0,0,0,0,0,0,0,0,0,0
0.054847,0.055717,0.056389,0,0,0,0,0,0,0,0,0,0,0,0
0.054548,0.055053,0.055275,0,0,0,0,0,0,0,0,0,0,0,0
0.054572,0.055537,0.054994,0,0,0,0,0,0,0,0,0,0,0,0
0.05473,0.055122,0.055337,0,0,0,0,0,0,0,0,0,0,0,0
0.054746,0.055999,0.055401,0,0,0,0,0,0,0,0,0,0,0,0
0.054786,0.055578,0.055351,0,0,0,0,0,0,0,0,0,0,0,0
0.054937,0.056013,0.055686,0,0,0,0,0,0,0,0,0,0,0,0
0.055036,0.055696,0.055636,0,0,0,0,0,0,0,0,0,0,0,0
0.056196,0.056055,0.055471,0,0,0,0,0,0,0,0,0,0,0,0
0.05491,0.055431,0.055706,0,0,0,0,0,0,0,0,0,0,0,0
0.053759,0.054712,0.054218,0,0,0,0,0,0,0,0,0,0,0,0
0.054489,0.055006,0.055071,0,0,0,0,0,0,0,0,0,0,0,0
0.054591,0.055733,0.055188,0,0,0,0,0,0,0,0,0,0,0,0
0.05472,0.055673,0.055591,0,0,0,0,0,0,0,0,0,0,0,0
0.054651,0.055823,0.055345,0,0,0,0,0,0,0,0,0,0,0,0
0.054456,0.054871,0.055296,0,0,0,0,0,0,0,0,0,0,0,0
0.055271,0.054215,0.056071,0,0,0,0,0,0,0,0,0,0,0,0
0.055542,0.055928,0.056038,0,0,0,0,0,0,0,0,0,0,0,0
0.05468,0.055871,0.052997,0,0,0,0,0,0,0,0,0,0,0,0
0.054997,0.055494,0.055944,0,0,0,0,0,0,0,0,0,0,0,0
0.054896,0.056024,0.055533,0,0,0,0,0,0,0,0,0,0,0,0
0.054715,0.05505,0.055281,0,0,0,0,0,0,0,0,0,0,0,0
0.054096,0.055183,0.054592,0,0,0,0,0,0,0,0,0,0,0,0
0.054629,0.055005,0.055026,0,0,0,0,0,0,0,0,0,0,0,0
0.05431,0.055219,0.054811,0,0,0,0,0,0,0,0,0,0,0,0
0.054299,0.05489,0.054952,0,0,0,0,0,0,0,0,0,0,0,0
0.054818,0.056035,0.055388,0,0,0,0,0,0,0,0,0,0,0,0
0.054819,0.055298,0.055203,0,0,0,0,0,0,0,0,0,0,0,0
0.055574,0.056815,0.056319,0,0,0,0,0,0,0,0,0,0,0,0
0.0551,0.055721,0.055683,0,0,0,0,0,0,0,0,0,0,0,0
0.0556,0.05644,0.05601,0,0,0,0,0,0,0,0,0,0,0,0
0.055297,0.055736,0.055542,0,0,0,0,0,0,0,0,0,0,0,0
0.054635,0.055946,0.055336,0,0,0,0,0,0,0,0,0,0,0,0
0.054299,0.055111,0.055074,0,0,0,0,0,0,0,0,0,0,0,0
0.054141,0.055103,0.054551,0,0,0,0,0,0,0,0,0,0,0,0
0.054381,0.054839,0.055019,0,0,0,0,0,0,0,0,0,0,0,0
0.05456,0.055645,0.055259,0,0,0,0,0,0,0,0,0,0,0,0
0.054818,0.055443,0.055672,0,0,0,0,0,0,0,0,0,0,0,0
0.054804,0.05615,0.055439,0,0,0,0,0,0,0,0,0,0,0,0
0.054996,0.055483,0.055593,0,0,0,0,0,0,0,0,0,0,0,0
0.055007,0.056114,0.055397,0,0,0,0,0,0,0,0,0,0,0,0
0.054927,0.055711,0.055787,0,0,0,0,0,0,0,0,0,0,0,0
0.0552,0.056218,0.055569,0,0,0,0,0,0,0,0,0,0,0,0
0.055053,0.055649,0.055612,0,0,0,0,0,0,0,0,0,0,0,0
0.055025,0.056268,0.055551,0,0,0,0,0,0,0,0,0,0,0,0
0.055213,0.055653,0.055525,0,0,0,0,0,0,0,0,0,0,0,0
0.053931,0.054705,0.054438,0,0,0,0,0,0,0,0,0,0,0,0
0.054428,0.054792,0.055044,0,0,0,0,0,0,0,0,0,0,0,0
0.05467,0.055913,0.055225,0,0,0,0,0,0,0,0,0,0,0,0
0.054823,0.055295,0.055401,0,0,0,0,0,0,0,0,0,0,0,0
0.054955,0.055949,0.055593,0,0,0,0,0,0,0,0,0,0,0,0
0.054695,0.055289,0.05553,0,0,0,0,0,0,0,0,0,0,0,0
0.055074,0.056394,0.055669,0,0,0,0,0,0,0,0,0,0,0,0
0.054884,0.055708,0.055433,0,0,0,0,0,0,0,0,0,0,0,0
0.054786,0.056045,0.055473,0,0,0,0,0,0,0,0,0,0,0,0
0.054662,0.055275,0.055348,0,0,0,0,0,0,0,0,0,0,0,0
0.054835,0.055894,0.055398,0,0,0,0,0,0,0,0,0,0,0,0
0.055076,0.055704,0.056003,0,0,0,0,0,0,0,0,0,0,0,0
0.053835,0.054994,0.054346,0,0,0,0,0,0,0,0,0,0,0,0
0.054159,0.054568,0.054952,0,0,0,0,0,0,0,0,0,0,0,0
0.054569,0.05587,0.055571,0,0,0,0,0,0,0,0,0,0,0,0
0.054782,0.055536,0.055584,0,0,0,0,0,0,0,0,0,0,0,0
0.054955,0.056091,0.055463,0,0,0,0,0,0,0,0,0,0,0,0
0.054656,0.054953,0.055285,0,0,0,0,0,0,0,0,0,0,0,0
0.054813,0.055951,0.055382,0,0,0,0,0,0,0,0,0,0,0,0
0.054543,0.055475,0.055242,0,0,0,0,0,0,0,0,0,0,0,0
0.05496,0.056301,0.05539,0,0,0,0,0,0,0,0,0,0,0,0
0.054839,0.05568,0.055436,0,0,0,0,0,0,0,0,0,0,0,0
0.055019,0.056383,0.055693,0,0,0,0,0,0,0,0,0,0,0,0
0.053771,0.055597,0.055645,0,0,0,0,0,0,0,0,0,0,0,0
0.053557,0.054744,0.054354,0,0,0,0,0,0,0,0,0,0,0,0
0.054406,0.055057,0.055102,0,0,0,0,0,0,0,0,0,0,0,0
0.054473,0.055659,0.05499,0,0,0,0,0,0,0,0,0,0,0,0
0.054705,0.055272,0.055375,0,0,0,0,0,0,0,0,0,0,0,0
0.054799,0.05573,0.055224,0,0,0,0,0,0,0,0,0,0,0,0
0.054578,0.054943,0.05502,0,0,0,0,0,0,0,0,0,0,0,0
0.054897,0.05608,0.05532,0,0,0,0,0,0,0,0,0,0,0,0
0.056205,0.055448,0.055234,0,0,0,0,0,0,0,0,0,0,0,0
0.055313,0.056388,0.0558,0,0,0,0,0,0,0,0,0,0,0,0
0.055161,0.055956,0.055898,0,0,0,0,0,0,0,0,0,0,0,0
0.055098,0.056273,0.055882,0,0,0,0,0,0,0,0,0,0,0,0
0.055174,0.05564,0.055745,0,0,0,0,0,0,0,0,0,0,0,0
0.053687,0.0552,0.054751,0,0,0,0,0,0,0,0,0,0,0,0
0.054354,0.054791,0.054899,0,0,0,0,0,0,0,0,0,0,0,0
0.054724,0.055653,0.055108,0,0,0,0,0,0,0,0,0,0,0,0
0.055594,0.055259,0.05538,0,0,0,0,0,0,0,0,0,0,0,0
0.055391,0.056945,0.056001,0,0,0,0,0,0,0,0,0,0,0,0
0.055069,0.055702,0.055672,0,0,0,0,0,0,0,0,0,0,0,0
0.054778,0.056284,0.055562,0,0,0,0,0,0,0,0,0,0,0,0
0.054792,0.055482,0.055413,0,0,0,0,0,0,0,0,0,0,0,0
0.054973,0.056017,0.055504,0,0,0,0,0,0,0,0,0,0,0,0
0.055005,0.055943,0.055553,0,0,0,0,0,0,0,0,0,0,0,0
0.054799,0.056098,0.055435,0,0,0,0,0,0,0,0,0,0,0,0
0.054514,0.055412,0.055007,0,0,0,0,0,0,0,0,0,0,0,0
0.053444,0.054642,0.053726,0,0,0,0,0,0,0,0,0,0,0,0
0.053912,0.054543,0.054324,0,0,0,0,0,0,0,0,0,0,0,0
0.054429,0.055298,0.054425,0,0,0,0,0,0,0,0,0,0,0,0
0.055336,0.05542,0.054976,0,0,0,0,0,0,0,0,0,0,0,0
0.054894,0.056545,0.055485,0,0,0,0,0,0,0,0,0,0,0,0
0.054688,0.055263,0.055295,0,0,0,0,0,0,0,0,0,0,0,0
0.054388,0.055739,0.055002,0,0,0,0,0,0,0,0,0,0,0,0
0.054571,0.055352,0.055172,0,0,0,0,0,0,0,0,0,0,0,0
0.054269,0.055689,0.054844,0,0,0,0,0,0,0,0,0,0,0,0
0.054621,0.055105,0.055066,0,0,0,0,0,0,0,0,0,0,0,0
0.054686,0.055629,0.055186,0,0,0,0,0,0,0,0,0,0,0,0
0.054644,0.055486,0.05524,0,0,0,0,0,0,0,0,0,0,0,0
0.053651,0.053256,0.054401,0,0,0,0,0,0,0,0,0,0,0,0
0.053701,0.054645,0.054299,0,0,0,0,0,0,0,0,0,0,0,0
0.054027,0.055306,0.053426,0,0,0,0,0,0,0,0,0,0,0,0
0.054202,0.054991,0.054702,0,0,0,0,0,0,0,0,0,0,0,0
0.05328,0.054496,0.053921,0,0,0,0,0,0,0,0,0,0,0,0
0.054832,0.05563,0.055551,0,0,0,0,0,0,0,0,0,0,0,0
0.055229,0.05663,0.055885,0,0,0,0,0,0,0,0,0,0,0,0
0.055217,0.056079,0.056012,0,0,0,0,0,0,0,0,0,0,0,0
0.05461,0.055858,0.055376,0,0,0,0,0,0,0,0,0,0,0,0
0.05362,0.054364,0.054372,0,0,0,0,0,0,0,0,0,0,0,0
0.053339,0.054767,0.053876,0,0,0,0,0,0,0,0,0,0,0,0
0.053071,0.053844,0.053864,0,0,0,0,0,0,0,0,0,0,0,0
0.051411,0.052768,0.052179,0,0,0,0,0,0,0,0,0,0,0,0
0.053716,0.05461,0.054314,0,0,0,0,0,0,0,0,0,0,0,0
0.053891,0.055124,0.054763,0,0,0,0,0,0,0,0,0,0,0,0
0.054271,0.055182,0.055566,0,0,0,0,0,0,0,0,0,0,0,0
0.054073,0.05546,0.05491,0,0,0,0,0,0,0,0,0,0,0,0
0.053968,0.054726,0.054825,0,0,0,0,0,0,0,0,0,0,0,0
NaN,NaN,NaN,0,0,0,0,0,0,0,0,0,0,0,0
NaN,NaN,NaN,0,0,0,0,0,0,0,0,0,0,0,0
NaN,NaN,NaN,0,0,0,0,0,0,0,0,0,0,0,0
NaN,NaN,NaN,0,0,0,0,0,0,0,0,0,0,0,0
0.22931,0.22941,0.22745,0,0,0,0,0,0,0,0,0,0,0,0
0.25335,0.25448,0.25324,0,0,0,0,0,0,0,0,0,0,0,0
0.087732,0.088039,0.088442,0,0,0,0,0,0,0,0,0,0,0,0
0.061173,0.062252,0.062179,0,0,0,0,0,0,0,0,0,0,0,0
0.070796,0.071017,0.071194,0,0,0,0,0,0,0,0,0,0,0,0
0.066312,0.064934,0.065319,0,0,0,0,0,0,0,0,0,0,0,0
0.059764,0.058793,0.060298,0,0,0,0,0,0,0,0,0,0,0,0
0.056312,0.055185,0.055501,0,0,0,0,0,0,0,0,0,0,0,0
0.056947,0.055775,0.057416,0,0,0,0,0,0,0,0,0,0,0,0
0.055957,0.054757,0.054903,0,0,0,0,0,0,0,0,0,0,0,0
0.0565,0.05525,0.056969,0,0,0,0,0,0,0,0,0,0,0,0
0.055689,0.054745,0.05508,0,0,0,0,0,0,0,0,0,0,0,0
0.056119,0.055195,0.056568,0,0,0,0,0,0,0,0,0,0,0,0
0.05638,0.056112,0.055605,0,0,0,0,0,0,0,0,0,0,0,0
0.054838,0.057777,0.055601,0,0,0,0,0,0,0,0,0,0,0,0
0.096512,0.095295,0.095879,0,0,0,0,0,0,0,0,0,0,0,0
0.05609,0.056867,0.057109,0,0,0,0,0,0,0,0,0,0,0,0
0.054869,0.057388,0.055893,0,0,0,0,0,0,0,0,0,0,0,0
NaN,NaN,NaN,0,0,0,0,0,0,0,0,0,0,0,0
NaN,NaN,NaN,0,0,0,0,0,0,0,0,0,0,0,0
NaN,NaN,NaN,0,0,0,0,0,0,0,0,0,0,0,0
NaN,NaN,NaN,0,0,0,0,0,0,0,0,0,0,0,0
0.23289,0.22848,0.22672,0,0,0,0,0,0,0,0,0,0,0,0
0.2527,0.25285,0.25333,0,0,0,0,0,0,0,0,0,0,0,0
0.08819,0.089284,0.088994,0,0,0,0,0,0,0,0,0,0,0,0
0.061754,0.062273,0.061847,0,0,0,0,0,0,0,0,0,0,0,0
0.068825,0.069817,0.070575,0,0,0,0,0,0,0,0,0,0,0,0
0.064934,0.065502,0.065227,0,0,0,0,0,0,0,0,0,0,0,0
0.058444,0.059261,0.05855,0,0,0,0,0,0,0,0,0,0,0,0
0.055074,0.055949,0.055349,0,0,0,0,0,0,0,0,0,0,0,0
0.055064,0.05584,0.05586,0,0,0,0,0,0,0,0,0,0,0,0
0.055376,0.056245,0.056535,0,0,0,0,0,0,0,0,0,0,0,0
0.055054,0.055951,0.055322,0,0,0,0,0,0,0,0,0,0,0,0
0.055224,0.055908,0.056371,0,0,0,0,0,0,0,0,0,0,0,0
0.055594,0.05617,0.05554,0,0,0,0,0,0,0,0,0,0,0,0
0.055371,0.056133,0.055444,0,0,0,0,0,0,0,0,0,0,0,0
0.055831,0.0566,0.05577,0,0,0,0,0,0,0,0,0,0,0,0
0.054547,0.055352,0.054659,0,0,0,0,0,0,0,0,0,0,0,0
0.056079,0.055331,0.054571,0,0,0,0,0,0,0,0,0,0,0,0
0.055966,0.055561,0.055121,0,0,0,0,0,0,0,0,0,0,0,0
0.055854,0.055544,0.054951,0,0,0,0,0,0,0,0,0,0,0,0
0.056249,0.055954,0.055299,0,0,0,0,0,0,0,0,0,0,0,0
0.05663,0.056269,0.055529,0,0,0,0,0,0,0,0,0,0,0,0
0.056674,0.056223,0.055694,0,0,0,0,0,0,0,0,0,0,0,0
0.056711,0.056494,0.055643,0,0,0,0,0,0,0,0,0,0,0,0
0.056937,0.056668,0.055888,0,0,0,0,0,0,0,0,0,0,0,0
0.056968,0.056828,0.055915,0,0,0,0,0,0,0,0,0,0,0,0
0.056913,0.056522,0.056038,0,0,0,0,0,0,0,0,0,0,0,0
0.056722,0.056355,0.056012,0,0,0,0,0,0,0,0,0,0,0,0
0.056939,0.056819,0.055813,0,0,0,0,0,0,0,0,0,0,0,0
0.055624,0.055538,0.054745,0,0,0,0,0,0,0,0,0,0,0,0
0.056324,0.055916,0.05553,0,0,0,0,0,0,0,0,0,0,0,0
0.056524,0.056307,0.055683,0,0,0,0,0,0,0,0,0,0,0,0
0.05472,0.056568,0.055713,0,0,0,0,0,0,0,0,0,0,0,0
0.056483,0.056416,0.055629,0,0,0,0,0,0,0,0,0,0,0,0
0.056742,0.056696,0.056008,0,0,0,0,0,0,0,0,0,0,0,0
0.056905,0.056683,0.055894,0,0,0,0,0,0,0,0,0,0,0,0
0.056815,0.056601,0.056146,0,0,0,0,0,0,0,0,0,0,0,0
0.057019,0.05669,0.056234,0,0,0,0,0,0,0,0,0,0,0,0
0.056638,0.056623,0.055754,0,0,0,0,0,0,0,0,0,0,0,0
0.056642,0.056266,0.055691,0,0,0,0,0,0,0,0,0,0,0,0
NaN,NaN,NaN,0,0,0,0,0,0,0,0,0,0,0,0
NaN,NaN,NaN,0,0,0,0,0,0,0,0,0,0,0,0
NaN,NaN,NaN,0,0,0,0,0,0,0,0,0,0,0,0
NaN,NaN,NaN,0,0,0,0,0,0,0,0,0,0,0,0
0.22892,0.22816,0.22728,0,0,0,0,0,0,0,0,0,0,0,0
0.25664,0.25349,0.25579,0,0,0,0,0,0,0,0,0,0,0,0
0.091007,0.088953,0.090739,0,0,0,0,0,0,0,0,0,0,0,0
0.063425,0.063472,0.061069,0,0,0,0,0,0,0,0,0,0,0,0
0.07145,0.071469,0.072734,0,0,0,0,0,0,0,0,0,0,0,0
0.066985,0.066918,0.06843,0,0,0,0,0,0,0,0,0,0,0,0
0.060558,0.06068,0.062028,0,0,0,0,0,0,0,0,0,0,0,0
0.057145,0.057471,0.058928,0,0,0,0,0,0,0,0,0,0,0,0
0.057637,0.057532,0.059133,0,0,0,0,0,0,0,0,0,0,0,0
0.055601,0.055665,0.057148,0,0,0,0,0,0,0,0,0,0,0,0
0.055983,0.056112,0.057435,0,0,0,0,0,0,0,0,0,0,0,0
0.056328,0.056028,0.057803,0,0,0,0,0,0,0,0,0,0,0,0
0.055964,0.056018,0.057421,0,0,0,0,0,0,0,0,0,0,0,0
0.056665,0.056331,0.057865,0,0,0,0,0,0,0,0,0,0,0,0
0.061083,0.056567,0.0583,0,0,0,0,0,0,0,0,0,0,0,0
0.056842,0.056738,0.058252,0,0,0,0,0,0,0,0,0,0,0,0
0.056726,0.056586,0.058131,0,0,0,0,0,0,0,0,0,0,0,0
0.056886,0.056715,0.058084,0,0,0,0,0,0,0,0,0,0,0,0
0.05667,0.056562,0.058219,0,0,0,0,0,0,0,0,0,0,0,0
0.056518,0.056621,0.058315,0,0,0,0,0,0,0,0,0,0,0,0
0.05914,0.057001,0.058626,0,0,0,0,0,0,0,0,0,0,0,0
0.055567,0.055471,0.057035,0,0,0,0,0,0,0,0,0,0,0,0
