0.19824
0.23248
0.067295
0.038582
0.047215
0.043498
0.036612
0.032987
0.032884
0.034305
0.033877
0.034023
0.033746
0.032328
0.032683
0.032411
0.0323
0.031243
0.031166
0.031217
0.032772
0.032213
0.032349
0.032356
0.032441
0.031974
0.032748
0.032416
0.032542
0.032422
0.031895
0.032952
0.032658
0.032667
0.03238
0.03246
0.032599
0.032509
0.031736
0.032566
0.031684
0.031009
0.031445
0.031065
0.031772
0.031327
0.031346
0.03113
0.031168
0.031173
0.031413
0.030986
0.030876
0.03099
0.031677
0.031969
0.032072
0.031221
0.032274
0.03226
0.032529
