1
293.3929,144.9911,42.6475,148.5346
294.4778,144.6294,42.6475,148.5346
295.5626,144.9911,42.6475,148.5346
296.6475,144.6294,42.6475,148.5346
297.7324,144.9911,42.6475,148.5346
298.0940,144.6294,42.6475,148.5346
298.4556,144.9911,42.6475,148.5346
298.8173,145.3527,42.6475,148.5346
298.4556,146.4376,42.6475,148.5346
298.0940,146.0759,42.6475,148.5346
296.2859,146.4376,42.6475,148.5346
295.2010,146.7992,42.6475,148.5346
291.9464,146.4376,42.6475,148.5346
289.4150,146.7992,42.6475,148.5346
288.3301,147.1608,42.6475,148.5346
285.7988,146.7992,42.6475,148.5346
282.5442,147.1608,42.6475,148.5346
282.1825,147.5224,42.6475,148.5346
278.9279,148.6073,42.6475,148.5346
277.8430,148.9689,42.6475,148.5346
276.7582,149.3306,42.6475,148.5346
274.9500,149.6922,42.6475,148.5346
274.5884,150.7771,42.6475,148.5346
274.9500,151.1387,42.6475,148.5346
274.5884,151.5003,42.6475,148.5346
274.2268,152.5852,42.6475,148.5346
273.1419,152.9468,42.6475,148.5346
272.7803,152.5852,42.6475,148.5346
272.3463,156.6603,41.3457,144.0006
269.8922,159.1144,41.3457,144.0006
269.5417,159.4650,41.3457,144.0006
269.1911,160.5168,41.3457,144.0006
268.1393,162.2697,41.3457,144.0006
267.0876,163.3215,41.3457,144.0006
266.0358,163.6720,41.3457,144.0006
263.5817,163.3215,41.3457,144.0006
261.8288,162.9709,41.3457,144.0006
260.7770,164.0226,41.3457,144.0006
258.3229,163.6720,41.3457,144.0006
257.2711,164.7238,41.3457,144.0006
256.8504,167.2722,40.0836,139.6049
255.1510,166.9323,40.0836,139.6049
255.4229,169.4030,38.8600,135.3434
256.3456,171.1391,37.6738,131.2120
256.6650,170.8197,37.6738,131.2120
256.3456,171.1391,37.6738,131.2120
258.5817,170.1808,37.6738,131.2120
260.1790,168.5835,37.6738,131.2120
261.0734,169.6278,36.5238,127.2067
262.0025,169.3181,36.5238,127.2067
261.0114,170.9500,35.4089,123.3237
256.5078,170.6497,35.4089,123.3237
259.1499,171.6312,34.3280,119.5592
258.8588,170.7580,34.3280,119.5592
257.9856,169.3026,34.3280,119.5592
258.8006,170.2541,33.2802,115.9096
259.0828,169.4075,33.2802,115.9096
258.2688,167.2731,34.3438,119.6141
256.2639,165.0704,35.4414,123.4370
254.1949,161.5953,36.5741,127.3820
253.9206,158.6294,37.7430,131.4531
254.2776,154.9286,38.9493,135.6544
253.9855,151.1095,40.1941,139.9899
258.4555,147.1684,41.4787,144.4640
258.8478,145.2115,42.8044,149.0811
254.7827,147.1239,41.4978,144.5303
255.8789,145.8700,42.8240,149.1495
256.1694,147.7833,41.5168,144.5967
257.8592,146.8219,40.2495,140.1828
258.1322,149.3027,39.0209,135.9037
257.7351,151.0461,37.8297,131.7552
259.9164,150.8116,36.6750,127.7333
258.2993,153.6941,35.5555,123.8342
256.8267,151.4138,36.6918,127.7919
257.7600,150.4804,36.6918,127.7919
254.9958,148.1272,37.8645,131.8762
254.0326,147.1639,37.8645,131.8762
253.7115,147.4850,37.8645,131.8762
256.6012,147.8061,37.8645,131.8762
256.2801,147.4850,37.8645,131.8762
258.4633,150.4610,36.7087,127.8506
258.7746,150.1497,36.7087,127.8506
259.6461,152.4123,35.5881,123.9479
261.0946,154.0023,34.5018,120.1644
260.8021,153.7098,34.5018,120.1644
262.2648,154.0023,34.5018,120.1644
263.1425,153.7098,34.5018,120.1644
263.4350,153.4172,34.5018,120.1644
263.7276,153.1247,34.5018,120.1644
264.6053,153.4172,34.5018,120.1644
264.8978,153.1247,34.5018,120.1644
265.1904,152.8321,34.5018,120.1644
265.5167,151.2045,35.6045,124.0048
265.2496,149.5248,36.7424,127.9680
266.1843,149.8363,36.7424,127.9680
267.7420,150.1479,36.7424,127.9680
268.6767,150.4594,36.7424,127.9680
270.2345,150.7710,36.7424,127.9680
270.5820,148.4145,37.9167,132.0579
271.5465,149.3790,37.9167,132.0579
273.1541,150.3436,37.9167,132.0579
275.9833,152.0376,36.7592,128.0268
279.9730,154.3033,35.6372,124.1187
281.4839,152.7924,35.6372,124.1187
281.1818,151.8859,35.6372,124.1187
282.1232,150.2046,36.7761,128.0856
284.2437,154.3424,35.6535,124.1757
286.9645,154.6447,35.6535,124.1757
286.0576,178.5280,35.6535,124.1757
290.5924,181.8535,35.6535,124.1757
295.7667,181.9854,36.7930,128.1444
309.8059,185.4172,36.7930,128.1444
314.5216,185.5534,37.9689,132.2399
323.1500,187.8936,36.8099,128.2032
329.6422,189.5383,35.6863,124.2898
336.5414,190.5275,34.5969,120.4958
346.1636,190.8997,33.5408,116.8176
355.4921,191.2607,32.5170,113.2517
361.8656,189.7266,33.5562,116.8712
369.0118,187.5745,34.6287,120.6064
373.4502,185.9408,35.7354,124.4610
380.4545,183.6489,36.8775,128.4388
388.3080,181.9091,38.0561,132.5437
393.0839,183.6094,36.8945,128.4978
400.2167,184.6321,35.7683,124.5753
404.1945,182.9447,36.9114,128.5568
408.2633,182.0057,36.9114,128.5568
412.2695,184.2809,35.7847,124.6325
414.3329,185.8796,34.6923,120.8281
420.5444,184.2430,35.8011,124.6897
428.7758,183.1611,36.9453,128.6748
430.9061,186.0649,35.8175,124.7470
433.0320,186.3686,35.8175,124.7470
433.9432,186.6723,35.8175,124.7470
439.7137,185.1537,35.8175,124.7470
444.3044,183.4640,36.9623,128.7339
449.6687,181.0934,38.1436,132.8482
455.1671,180.7700,38.1436,132.8482
460.6654,182.3872,38.1436,132.8482
465.4522,184.7382,36.9792,128.7930
467.0562,182.3665,38.1611,132.9092
470.0058,179.2719,39.3807,137.1570
475.0147,177.6023,39.3807,137.1570
480.0236,177.2684,39.3807,137.1570
485.7003,176.2666,39.3807,137.1570
492.0448,175.2648,39.3807,137.1570
497.7216,174.9309,39.3807,137.1570
502.7304,175.2648,39.3807,137.1570
507.0714,175.5987,39.3807,137.1570
512.0803,177.2684,39.3807,137.1570
517.7570,177.6023,39.3807,137.1570
522.7659,178.6040,39.3807,137.1570
526.4775,176.7462,40.6393,141.5405
531.6465,176.4016,40.6393,141.5405
536.8154,176.0570,40.6393,141.5405
539.2277,177.0908,40.6393,141.5405
541.6398,178.1246,40.6393,141.5405
546.1196,179.1584,40.6393,141.5405
547.8425,179.5030,40.6393,141.5405
551.6331,179.8476,40.6393,141.5405
556.1129,180.1922,40.6393,141.5405
559.2142,180.5368,40.6393,141.5405
561.6264,180.1922,40.6393,141.5405
566.7953,180.5368,40.6393,141.5405
569.8967,180.1922,40.6393,141.5405
574.3765,181.2260,40.6393,141.5405
579.5454,181.5706,40.6393,141.5405
584.0251,182.6043,40.6393,141.5405
587.8157,182.2598,40.6393,141.5405
592.9158,184.7646,39.3988,137.2200
595.8556,186.5249,38.1961,133.0313
600.0013,188.8792,37.0302,128.9705
603.3924,190.5336,35.8998,125.0336
604.9144,190.2292,35.8998,125.0336
608.8109,192.4420,34.8040,121.2169
609.6371,193.9969,33.7416,117.5167
609.8660,194.3600,32.7116,113.9295
612.8617,197.4858,31.7131,110.4518
605.0096,199.9783,30.7450,107.0802
606.2609,198.2235,29.8065,103.8115
606.9686,200.0607,28.8967,100.6427
607.7037,197.8555,28.8967,100.6427
607.8997,200.1266,28.0146,97.5705
610.4651,206.6043,27.1594,94.5921
611.1100,208.7389,26.3304,91.7047
613.0747,212.5945,25.5266,88.9054
615.4124,214.6007,24.7474,86.1915
617.6787,217.3852,23.9920,83.5605
608.4833,165.5633,23.2596,81.0098
610.2189,168.9693,22.5496,78.5369
611.1367,169.9767,21.8613,76.1396
612.0265,172.0657,21.1940,73.8154
613.6079,175.8880,20.5470,71.5621
614.7927,177.1544,19.9198,69.3777
615.9945,178.5794,20.5565,71.5950
617.5834,180.0499,21.2134,73.8832
617.4243,181.2077,21.8914,76.2445
617.9440,182.9282,21.2232,73.9171
618.4479,185.6760,20.5753,71.6607
619.9832,188.6889,19.9473,69.4733
620.7950,192.6246,19.3384,67.3526
623.5499,195.4564,18.7481,65.2966
625.9026,195.3401,18.1758,63.3034
628.4919,196.4604,17.6210,61.3711
628.0137,195.1559,17.0831,59.4977
620.0635,190.8735,17.6290,61.3992
621.1271,187.6501,18.1925,63.3616
623.1503,180.6214,18.7739,65.3866
624.2830,177.1887,19.3739,67.4764
625.1234,176.2747,19.9931,69.6329
624.2953,174.6533,20.6321,71.8584
603.1469,199.2223,21.2915,74.1550
604.7926,196.7735,21.9720,76.5250
607.9813,194.2465,22.6742,78.9707
610.5029,188.9470,23.3989,81.4946
610.3275,183.0814,24.1467,84.0992
612.9482,180.8842,23.4096,81.5320
613.1070,175.9751,22.6950,79.0432
612.5519,169.9010,23.4203,81.5694
613.1080,171.7418,22.7054,79.0795
614.0321,170.0608,22.0123,76.6656
616.4212,166.1914,21.3404,74.3253
617.3260,162.0294,21.3404,74.3253
620.3660,161.8972,20.6890,72.0565
619.1029,162.4706,20.0574,69.8570
622.3003,161.6660,19.4452,67.7246
617.1889,198.7647,19.4452,67.7246
619.9919,207.8333,19.4452,67.7246
621.1131,210.3509,18.8516,65.6573
621.5607,215.6690,18.2762,63.6531
620.7858,216.7538,18.2762,63.6531
620.2899,222.8393,17.7183,61.7100
618.6547,228.0130,18.2846,63.6823
617.8973,226.2202,18.8689,65.7176
617.7373,224.4602,18.8689,65.7176
613.4359,225.8100,19.4720,67.8179
613.9503,224.5611,20.0943,69.9854
614.4811,222.9316,20.7365,72.2221
615.3806,221.6017,21.3993,74.5303
613.4055,220.9550,22.0832,76.9123
613.2399,219.5387,22.7890,79.3704
613.0080,221.7163,22.0933,76.9476
611.7183,220.6740,22.7994,79.4069
610.7739,219.9851,23.5281,81.9447
609.7764,220.1846,23.5281,81.9447
607.9809,221.1821,23.5281,81.9447
607.3824,220.9826,23.5281,81.9447
606.0089,218.6756,24.2800,84.5637
605.0032,217.5302,25.0560,87.2663
601.7739,218.6496,24.2912,84.6025
601.5917,217.0917,25.0675,87.3064
598.4279,215.0589,25.8687,90.0967
596.8485,217.0920,25.0790,87.3465
595.3174,218.2125,24.3135,84.6802
594.7227,216.6532,25.0906,87.3866
594.5099,217.7169,25.0906,87.3866
593.8962,216.5332,25.8925,90.1794
593.6767,216.3137,25.8925,90.1794
594.7745,215.6550,25.8925,90.1794
594.5549,215.4355,25.8925,90.1794
594.3353,215.2159,25.8925,90.1794
593.6767,214.9964,25.8925,90.1794
593.4572,214.7768,25.8925,90.1794
591.9456,213.9944,26.7200,93.0616
589.4534,214.2210,26.7200,93.0616
588.3205,213.9944,26.7200,93.0616
582.1578,216.0945,25.9043,90.2208
579.2584,217.2518,25.1136,87.4668
577.2993,218.7998,24.3470,84.7969
575.0284,218.1804,24.3470,84.7969
572.7812,217.0318,25.1251,87.5070
570.0117,217.6709,25.1251,87.5070
568.0516,217.5152,24.3582,84.8358
567.0189,217.3087,24.3582,84.8358
564.7708,214.9203,25.1367,87.5471
562.4263,214.7072,25.1367,87.5471
561.7868,214.4940,25.1367,87.5471
558.5897,214.7072,25.1367,87.5471
556.6714,214.4940,25.1367,87.5471
553.9005,214.7072,25.1367,87.5471
551.9822,214.4940,25.1367,87.5471
549.2114,214.7072,25.1367,87.5471
546.0142,214.9203,25.1367,87.5471
542.3907,215.1334,25.1367,87.5471
539.1936,215.3466,25.1367,87.5471
535.1439,214.7072,25.1367,87.5471
530.6252,217.1091,24.3694,84.8747
527.1124,217.3157,24.3694,84.8747
523.1863,217.5223,24.3694,84.8747
517.6071,217.7290,24.3694,84.8747
512.3998,218.8177,23.6255,82.2839
507.7522,220.6746,22.9043,79.7722
501.3655,218.4288,23.6363,82.3217
495.5764,217.7146,24.3917,84.9527
490.4058,217.5077,24.3917,84.9527
483.6044,215.1160,25.1713,87.6678
479.5737,213.9285,25.9758,90.4696
474.5332,211.8221,26.8060,93.3611
467.0586,209.1937,27.6627,96.3449
463.0981,206.9504,28.5468,99.4240
418.3451,161.5489,29.4591,102.6016
413.5990,158.8011,29.4591,102.6016
410.8801,168.9020,30.4007,105.8808
408.5898,167.4678,31.3723,109.2647
406.1957,164.5416,31.3723,109.2647
404.2803,167.5393,30.4146,105.9294
402.9908,168.3130,30.4146,105.9294
401.1856,165.9919,30.4146,105.9294
400.4417,164.5571,31.3867,109.3149
400.6546,166.4917,30.4286,105.9780
401.4286,165.2016,30.4286,105.9780
401.2004,163.7661,31.4011,109.3651
401.9459,162.5064,30.4425,106.0267
401.6878,162.2483,30.4425,106.0267
402.4622,160.4413,30.4425,106.0267
402.7203,159.6669,30.4425,106.0267
403.4947,159.9251,30.4425,106.0267
404.2691,159.6669,30.4425,106.0267
404.0408,158.2308,31.4155,109.4153
404.3072,157.9644,31.4155,109.4153
404.0408,158.2308,31.4155,109.4153
403.8051,157.2814,32.4195,112.9122
403.5620,155.7520,33.4557,116.5209
404.3563,156.1120,32.4344,112.9641
405.7314,155.2869,32.4344,112.9641
407.0515,154.5359,31.4443,109.5158
406.2516,154.2692,31.4443,109.5158
406.9982,155.6741,30.4845,106.1728
408.7559,156.5191,29.5539,102.9318
411.4623,156.8371,28.6518,99.7898
410.7615,155.4854,29.5675,102.9791
413.0180,155.2347,29.5675,102.9791
413.2976,153.3384,30.5125,106.2703
414.0738,152.5622,30.5125,106.2703
414.3624,150.6053,31.4877,109.6667
417.8642,148.0518,32.4940,113.1716
420.8399,149.5036,31.5021,109.7170
420.5728,148.7023,31.5021,109.7170
421.3207,146.9043,30.5405,106.3679
421.6095,146.4993,31.5166,109.7674
422.4421,143.9435,32.5239,113.2756
420.5435,141.3060,33.5633,116.8959
423.6740,141.0215,33.5633,116.8959
425.0401,141.9518,32.5388,113.3276
425.3160,142.2277,32.5388,113.3276
422.3128,139.5890,33.5787,116.9495
422.0610,137.4354,34.6519,120.6872
418.2751,135.2130,35.7594,124.5444
417.9719,133.6969,35.7594,124.5444
414.6365,133.3937,35.7594,124.5444
411.3362,129.8874,36.9022,128.5248
411.6490,128.3229,36.9022,128.5248
406.2670,130.5974,35.7758,124.6016
401.7167,129.0806,35.7758,124.6016
400.1999,126.9571,35.7758,124.6016
395.6845,125.2694,36.9192,128.5838
394.0567,126.9188,35.7922,124.6588
391.9322,126.0083,35.7922,124.6588
389.2007,125.0979,35.7922,124.6588
385.2553,124.7944,35.7922,124.6588
381.9519,121.8918,36.9361,128.6429
381.0123,121.5786,36.9361,128.6429
379.4463,121.8918,36.9361,128.6429
379.1331,120.9522,36.9361,128.6429
378.7573,123.2289,35.8087,124.7160
378.3929,124.2215,34.7156,120.9090
378.0985,121.5722,34.7156,120.9090
377.2154,120.1003,34.7156,120.9090
377.4509,121.6514,33.6559,117.2182
375.4532,120.2244,33.6559,117.2182
375.1679,118.2268,33.6559,117.2182
374.3117,117.3706,33.6559,117.2182
373.4885,115.2121,34.7315,120.9645
371.4270,114.9176,34.7315,120.9645
369.3655,115.2121,34.7315,120.9645
369.0710,115.5066,34.7315,120.9645
368.7765,115.2121,34.7315,120.9645
367.8930,114.3286,34.7315,120.9645
367.0095,114.6231,34.7315,120.9645
366.1260,114.9176,34.7315,120.9645
365.2425,115.2121,34.7315,120.9645
363.1810,114.9176,34.7315,120.9645
362.2975,115.2121,34.7315,120.9645
361.4139,114.9176,34.7315,120.9645
360.5304,115.8011,34.7315,120.9645
359.0579,116.0956,34.7315,120.9645
358.7045,118.2364,33.6713,117.2721
358.3619,120.8828,32.6435,113.6923
357.5315,122.2668,32.6435,113.6923
356.7011,122.5436,32.6435,113.6923
354.7635,123.3739,32.6435,113.6923
352.2724,124.2043,32.6435,113.6923
351.4420,124.4811,32.6435,113.6923
347.8436,124.2043,32.6435,113.6923
344.2453,123.9275,32.6435,113.6923
341.7541,123.6507,32.6435,113.6923
337.5468,123.4484,31.6471,110.2218
337.2248,124.3256,30.6810,106.8572
333.7907,126.2167,29.7445,103.5954
330.5119,127.4778,29.7445,103.5954
328.7464,128.2344,29.7445,103.5954
324.4879,128.8489,30.6951,106.9063
320.5837,129.1092,30.6951,106.9063
317.1481,132.5628,29.7581,103.6430
313.3127,134.3970,28.8497,100.4792
309.1822,132.5467,29.7718,103.6905
305.3955,132.2943,29.7718,103.6905
302.6186,132.5467,29.7718,103.6905
298.8319,132.7992,29.7718,103.6905
295.4996,134.6342,28.8630,100.5254
294.3042,133.2725,29.7855,103.7381
293.5465,133.0200,29.7855,103.7381
294.3042,132.7674,29.7855,103.7381
291.5260,133.0200,29.7855,103.7381
289.2529,132.7674,29.7855,103.7381
287.4850,132.0097,29.7855,103.7381
285.6665,133.8456,28.8762,100.5715
286.4011,133.6008,28.8762,100.5715
288.1433,133.7076,29.7991,103.7858
287.8401,135.5443,28.8895,100.6177
289.5549,137.2591,28.8895,100.6177
292.7394,139.9537,28.8895,100.6177
290.0448,140.1987,28.8895,100.6177
291.7596,142.4033,28.8895,100.6177
291.0247,144.1181,28.8895,100.6177
287.8684,143.2451,29.8128,103.8334
287.6156,142.9923,29.8128,103.8334
283.8528,142.5970,30.7656,107.1519
283.0702,143.3797,30.7656,107.1519
282.2876,143.6405,30.7656,107.1519
278.9264,143.7544,31.7489,110.5765
278.6572,143.4852,31.7489,110.5765
278.9574,141.9874,32.7636,114.1105
278.1561,140.4417,33.8107,117.7575
276.7557,139.9934,34.8913,121.5210
276.4007,142.1440,33.8262,117.8116
276.1138,141.2835,33.8262,117.8116
276.3433,142.7948,32.7937,114.2153
277.6780,147.0406,31.7926,110.7289
279.0259,147.3102,31.7926,110.7289
280.3738,148.6581,31.7926,110.7289
281.1287,150.0786,30.8222,107.3488
281.3900,151.3853,30.8222,107.3488
283.2195,152.1694,30.8222,107.3488
283.5110,150.7153,31.8072,110.7797
285.4301,148.1359,32.8238,114.3202
286.8217,148.4143,32.8238,114.3202
290.4399,145.9093,32.8238,114.3202
292.3325,147.3758,31.8218,110.8306
293.7128,145.8746,32.8389,114.3727
295.6063,147.3418,31.8365,110.8815
296.4162,145.9920,31.8365,110.8815
296.1462,143.5624,31.8365,110.8815
295.8763,143.8324,31.8365,110.8815
295.6063,143.0225,31.8365,110.8815
294.2025,144.9848,30.8646,107.4968
292.8940,145.7700,30.8646,107.4968
291.0620,144.9848,30.8646,107.4968
290.3070,143.5287,31.8511,110.9324
288.9878,142.0261,32.8690,114.4778
287.0690,139.9180,33.9195,118.1365
285.6642,137.7426,35.0036,121.9121
282.9929,136.8522,35.0036,121.9121
279.7280,134.1809,35.0036,121.9121
279.4654,131.3423,36.1223,125.8084
274.8710,129.8109,36.1223,125.8084
272.6657,131.4247,35.0197,121.9681
271.7748,131.1278,35.0197,121.9681
271.4779,130.8308,35.0197,121.9681
270.5871,130.5339,35.0197,121.9681
270.3244,129.4757,36.1389,125.8662
270.0533,130.2223,37.2939,129.8889
269.0414,131.8885,36.1555,125.9240
269.3480,134.0345,36.1555,125.9240
270.8195,137.4893,35.0518,122.0801
271.1511,137.0246,36.1721,125.9818
272.0099,140.4810,35.0679,122.1361
273.4966,142.5625,35.0679,122.1361
274.9834,142.8598,35.0679,122.1361
276.4702,144.9413,35.0679,122.1361
276.1728,144.6439,35.0679,122.1361
276.4702,144.9413,35.0679,122.1361
274.9834,144.0492,35.0679,122.1361
274.6860,143.1572,35.0679,122.1361
272.6046,142.2651,35.0679,122.1361
271.1521,138.8266,36.1887,126.0396
268.3290,139.2160,35.0840,122.1922
268.0315,137.7285,35.0840,122.1922
267.1390,136.8361,35.0840,122.1922
264.4021,135.4286,34.0131,118.4623
263.5702,131.5168,35.1001,122.2483
260.2963,128.8381,35.1001,122.2483
259.9987,127.9452,35.1001,122.2483
259.1058,124.6713,35.1001,122.2483
258.2129,124.3737,35.1001,122.2483
257.9153,124.0761,35.1001,122.2483
257.0224,122.5879,35.1001,122.2483
257.3200,122.2903,35.1001,122.2483
257.6176,121.3974,35.1001,122.2483
257.9153,120.5045,35.1001,122.2483
258.2129,120.2069,35.1001,122.2483
259.7354,117.9558,36.2219,126.1554
260.0425,117.6486,36.2219,126.1554
260.3497,117.3415,36.2219,126.1554
261.2711,116.4201,36.2219,126.1554
262.1311,117.4241,35.1162,122.3044
263.6199,115.9353,35.1162,122.3044
263.9177,113.8509,35.1162,122.3044
264.8109,111.1711,35.1162,122.3044
265.1087,108.4912,35.1162,122.3044
265.4065,107.0024,35.1162,122.3044
266.8953,104.3225,35.1162,122.3044
266.0020,103.4292,35.1162,122.3044
266.8953,101.3449,35.1162,122.3044
267.1931,99.8560,35.1162,122.3044
268.0863,97.7717,35.1162,122.3044
268.3841,98.0695,35.1162,122.3044
269.3118,95.8173,36.2386,126.2133
267.7754,95.5100,36.2386,126.2133
268.6972,94.5882,36.2386,126.2133
268.3285,96.2072,35.1324,122.3606
268.0306,94.7177,35.1324,122.3606
267.1712,93.0603,36.2552,126.2712
266.2490,92.7529,36.2552,126.2712
265.9416,92.4454,36.2552,126.2712
265.0193,92.1380,36.2552,126.2712
264.7119,91.8306,36.2552,126.2712
265.0193,92.1380,36.2552,126.2712
264.0970,91.8306,36.2552,126.2712
263.7896,91.5232,36.2552,126.2712
263.4822,89.9861,36.2552,126.2712
261.9451,86.6044,36.2552,126.2712
260.4080,83.8376,36.2552,126.2712
260.1006,81.6857,36.2552,126.2712
259.7931,78.9189,36.2552,126.2712
258.2915,75.3640,37.4139,130.3069
257.9743,72.5088,37.4139,130.3069
256.9591,72.9114,36.2718,126.3292
256.6515,71.9887,36.2718,126.3292
256.3439,70.4509,36.2718,126.3292
254.7446,70.8412,35.1646,122.4730
253.2881,66.7968,36.2885,126.3872
251.1697,65.0849,37.4483,130.4265
248.8835,64.8527,36.3051,126.4452
248.6111,63.1400,37.4655,130.4864
247.0227,62.8223,37.4655,130.4864
246.0697,62.5046,37.4655,130.4864
245.1166,62.1869,37.4655,130.4864
245.4343,61.8693,37.4655,130.4864
245.1166,60.9162,37.4655,130.4864
244.7354,60.6840,36.3218,126.5033
244.9818,59.8429,35.2131,122.6417
244.1205,57.5845,36.3385,126.5614
243.8124,53.5788,36.3385,126.5614
243.5042,50.8057,36.3385,126.5614
242.6154,47.8588,37.4999,130.6062
242.2974,43.0892,37.4999,130.6062
241.3435,42.1353,37.4999,130.6062
242.2338,39.9950,36.3552,126.6195
243.7135,41.6193,35.2454,122.7544
242.8169,38.9295,35.2454,122.7544
242.5526,36.6691,36.3719,126.6776
241.5657,35.2100,35.2616,122.8107
241.8647,33.7150,35.2616,122.8107
241.0022,32.6495,36.3886,126.7357
238.1635,33.0410,35.2778,122.8671
237.8989,32.5733,36.4053,126.7939
235.6763,33.5824,35.2940,122.9235
235.4115,33.1145,36.4220,126.8521
233.8674,32.8056,36.4220,126.8521
232.9409,31.8791,36.4220,126.8521
231.4323,29.5432,37.5860,130.9063
229.8388,27.9496,37.5860,130.9063
228.2821,25.5391,38.7873,135.0901
226.0178,23.0514,40.0269,139.4076
224.3208,23.3908,40.0269,139.4076
225.3390,21.0150,40.0269,139.4076
224.3208,20.6756,40.0269,139.4076
222.6629,17.4297,41.3062,143.8631
222.3127,14.2774,41.3062,143.8631
224.0639,14.6277,41.3062,143.8631
223.7541,11.9785,42.6263,148.4609
224.1155,10.1712,42.6263,148.4609
224.4770,9.0869,42.6263,148.4609
224.8384,8.7255,42.6263,148.4609
227.2962,9.1842,41.3251,143.9291
227.6467,8.8337,41.3251,143.9291
228.6278,9.9792,40.0637,139.5356
228.2881,8.9601,40.0637,139.5356
229.3072,9.2998,40.0637,139.5356
230.2584,12.4486,38.8407,135.2762
230.5878,12.7780,38.8407,135.2762
228.9410,13.7660,38.8407,135.2762
229.2045,16.8187,37.6551,131.1469
228.8852,17.1380,37.6551,131.1469
227.9273,16.1802,37.6551,131.1469
228.9221,14.4037,38.8586,135.3383
228.5926,11.4382,38.8586,135.3383
227.6041,11.7677,38.8586,135.3383
227.3126,9.9345,40.1005,139.6638
227.6526,9.5945,40.1005,139.6638
227.3126,9.9345,40.1005,139.6638
227.6526,8.9145,40.1005,139.6638
227.9927,9.2545,40.1005,139.6638
229.6248,11.7261,38.8764,135.4005
229.8885,13.4631,37.6897,131.2673
232.0617,16.4253,36.5392,127.2604
232.4073,15.9408,37.7070,131.3276
233.3025,18.9044,36.5560,127.3188
233.6125,23.5540,36.5560,127.3188
233.9582,24.9292,37.7243,131.3879
235.4937,32.3724,36.5728,127.3772
237.0800,33.1280,37.7416,131.4482
237.9761,36.0943,36.5895,127.4357
239.5632,38.0912,37.7589,131.5086
239.2800,38.8713,38.9657,135.7116
239.6104,38.5408,38.9657,135.7116
241.8571,40.2818,37.7763,131.5689
245.3165,40.6883,36.6231,127.5528
246.8071,41.7034,35.5052,123.6592
248.2522,42.0855,34.4214,119.8844
249.7116,42.3773,34.4214,119.8844
251.7547,42.0855,34.4214,119.8844
254.3815,41.7936,34.4214,119.8844
255.1988,42.7477,33.3707,116.2249
258.8773,43.0307,33.3707,116.2249
261.9899,42.7477,33.3707,116.2249
264.5366,43.0307,33.3707,116.2249
266.5173,43.3137,33.3707,116.2249
267.9321,44.7285,33.3707,116.2249
271.0447,46.1433,33.3707,116.2249
272.4595,46.4263,33.3707,116.2249
272.7425,47.2752,33.3707,116.2249
273.5348,48.7661,32.3520,112.6771
273.8091,47.9431,32.3520,112.6771
274.6320,47.6688,32.3520,112.6771
275.4550,45.7485,32.3520,112.6771
275.7610,43.6736,33.3860,116.2783
274.9444,40.9662,34.4530,119.9945
275.8546,38.7565,35.5541,123.8296
279.2056,35.8733,36.6904,127.7872
280.1749,32.8979,37.8631,131.8712
276.6432,28.0821,37.8631,131.8712
276.9643,26.4768,37.8631,131.8712
280.4959,24.8716,37.8631,131.8712
271.7632,27.2053,36.7073,127.8458
272.6347,28.2228,35.5868,123.9433
274.0831,29.8128,34.5005,120.1599
276.0724,30.1840,33.4474,116.4920
278.0009,31.6784,32.4264,112.9360
279.3207,34.2269,31.4365,109.4886
282.8168,32.2108,32.4412,112.9879
283.1237,30.6803,33.4781,116.5990
286.2790,29.1009,34.5480,120.3255
287.1917,28.0570,35.6522,124.1711
291.0612,30.8591,34.5639,120.3807
291.9743,29.8146,35.6686,124.2281
292.8816,28.3024,35.6686,124.2281
293.7890,28.6048,35.6686,124.2281
295.3361,25.7123,36.8085,128.1984
295.6843,23.9758,37.9849,132.2956
296.0435,22.1838,39.1989,136.5238
296.3759,23.8457,39.1989,136.5238
295.4171,21.9965,40.4517,140.8871
295.0741,21.6535,40.4517,140.8871
294.7311,21.9965,40.4517,140.8871
295.0741,23.0255,40.4517,140.8871
294.7707,21.1171,41.7446,145.3898
293.7088,22.1790,41.7446,145.3898
293.3548,23.2409,41.7446,145.3898
291.6259,21.9795,43.0787,150.0365
291.2606,23.0753,43.0787,150.0365
291.6259,24.1712,43.0787,150.0365
292.6486,26.8264,41.7637,145.4566
290.2106,24.8562,43.0985,150.1054
285.5020,20.6302,44.4759,154.9028
282.1078,17.9903,44.4759,154.9028
280.1467,18.4689,43.1183,150.1743
279.0921,15.7035,44.4963,154.9739
275.6209,18.4461,43.1381,150.2432
275.2973,15.6795,44.5168,155.0450
271.0696,19.9332,43.1579,150.3122
268.5079,21.7630,43.1579,150.3122
268.1842,19.7270,44.5372,155.1162
264.7098,25.4933,43.1777,150.3812
264.3860,23.4563,44.5576,155.1874
260.1544,27.7140,43.1975,150.4503
260.5207,28.8128,43.1975,150.4503
260.1967,27.5075,44.5781,155.2587
259.0627,27.8855,44.5781,155.2587
258.7283,25.7825,46.0028,160.2207
258.3382,26.1725,46.0028,160.2207
258.7283,26.5626,46.0028,160.2207
259.1634,24.3924,47.4731,165.3414
259.5659,23.9898,47.4731,165.3414
259.1634,24.3924,47.4731,165.3414
257.8753,26.5134,46.0239,160.2943
258.2655,26.1231,46.0239,160.2943
257.8753,25.7329,46.0239,160.2943
257.4850,26.1231,46.0239,160.2943
257.0948,26.5134,46.0239,160.2943
256.7045,26.1231,46.0239,160.2943
255.5338,26.5134,46.0239,160.2943
251.9434,26.2281,44.6190,155.4012
253.0027,29.7350,43.2570,150.6576
252.6359,29.3682,43.2570,150.6576
251.5356,29.0014,43.2570,150.6576
250.4352,27.1674,43.2570,150.6576
249.3348,26.8006,43.2570,150.6576
249.7439,24.0263,44.6395,155.4726
249.3654,23.6478,44.6395,155.4726
248.9869,23.2693,44.6395,155.4726
248.6084,19.8627,44.6395,155.4726
249.0306,17.7567,46.0662,160.4415
248.6400,15.8037,46.0662,160.4415
248.2494,13.8506,46.0662,160.4415
247.8588,12.6787,46.0662,160.4415
247.4682,11.5069,46.0662,160.4415
247.0775,10.3351,46.0662,160.4415
247.4682,9.1632,46.0662,160.4415
247.0775,7.2102,46.0662,160.4415
247.4682,5.2571,46.0662,160.4415
247.0775,3.3040,46.0662,160.4415
247.4682,0.5697,46.0662,160.4415
247.0775,-0.6021,46.0662,160.4415
248.2945,-3.5566,47.5385,165.5692
248.6169,-1.4326,46.0874,160.5152
249.0077,-1.8234,46.0874,160.5152
249.3985,-2.2142,46.0874,160.5152
250.4927,-0.1551,44.6805,155.6154
250.1576,-3.7784,46.1085,160.5889
248.9847,-4.1694,46.1085,160.5889
248.5937,-4.5604,46.1085,160.5889
248.9065,-1.7184,44.7010,155.6868
249.2855,-1.3394,44.7010,155.6868
249.6646,-1.7184,44.7010,155.6868
249.2855,-1.3394,44.7010,155.6868
249.6646,-0.9603,44.7010,155.6868
250.0873,-2.3111,46.1297,160.6626
249.6962,-1.9199,46.1297,160.6626
250.0873,-0.7465,46.1297,160.6626
250.4785,-0.3553,46.1297,160.6626
250.8696,0.8181,46.1297,160.6626
251.9648,4.4437,44.7216,155.7583
252.3441,4.8229,44.7216,155.7583
252.7233,5.2021,44.7216,155.7583
253.1025,5.5813,44.7216,155.7583
254.2401,5.2021,44.7216,155.7583
253.8609,4.8229,44.7216,155.7583
254.9985,3.6853,44.7216,155.7583
255.3777,3.3061,44.7216,155.7583
255.7570,4.4437,44.7216,155.7583
256.1362,4.8229,44.7216,155.7583
257.2738,4.4437,44.7216,155.7583
257.6530,5.5813,44.7216,155.7583
258.0322,5.9606,44.7216,155.7583
258.4114,4.8229,44.7216,155.7583
258.7906,5.2021,44.7216,155.7583
259.1699,4.8229,44.7216,155.7583
259.5491,3.6853,44.7216,155.7583
259.9283,3.3061,44.7216,155.7583
261.0659,4.4437,44.7216,155.7583
262.1277,7.2002,43.3564,151.0037
262.4953,6.8326,43.3564,151.0037
263.5247,9.5049,42.0330,146.3943
263.8811,9.1485,42.0330,146.3943
264.9503,10.2178,42.0330,146.3943
265.3068,9.8613,42.0330,146.3943
265.6632,9.5049,42.0330,146.3943
266.0196,9.1485,42.0330,146.3943
266.3760,8.7921,42.0330,146.3943
266.7324,8.4357,42.0330,146.3943
266.3760,8.0793,42.0330,146.3943
266.7324,7.7229,42.0330,146.3943
267.0888,6.6536,42.0330,146.3943
268.1581,6.2972,42.0330,146.3943
267.8017,6.6536,42.0330,146.3943
268.1581,5.5844,42.0330,146.3943
269.2273,5.2280,42.0330,146.3943
269.5837,4.8715,42.0330,146.3943
269.9402,3.8023,42.0330,146.3943
272.4762,1.1065,43.3763,151.0731
272.8440,-0.7325,43.3763,151.0731
272.4762,-1.8359,43.3763,151.0731
273.5796,-2.9393,43.3763,151.0731
273.9474,-3.3071,43.3763,151.0731
274.3152,-3.6749,43.3763,151.0731
275.4186,-4.7784,43.3763,151.0731
276.5220,-5.8818,43.3763,151.0731
276.8898,-6.2496,43.3763,151.0731
277.9933,-6.6174,43.3763,151.0731
278.3611,-7.7208,43.3763,151.0731
279.4645,-8.0886,43.3763,151.0731
280.5679,-8.4564,43.3763,151.0731
281.6713,-8.8242,43.3763,151.0731
283.5103,-9.9276,43.3763,151.0731
284.6137,-9.5598,43.3763,151.0731
285.7171,-9.1920,43.3763,151.0731
287.5562,-8.8242,43.3763,151.0731
287.9240,-9.1920,43.3763,151.0731
288.2918,-9.5598,43.3763,151.0731
288.6596,-9.9276,43.3763,151.0731
289.0274,-10.2954,43.3763,151.0731
289.3216,-8.3574,42.0522,146.4615
289.6782,-8.7140,42.0522,146.4615
290.0348,-9.7838,42.0522,146.4615
291.1045,-9.4272,42.0522,146.4615
291.4611,-9.7838,42.0522,146.4615
291.8177,-9.4272,42.0522,146.4615
292.1742,-9.7838,42.0522,146.4615
292.5308,-8.7140,42.0522,146.4615
292.8874,-9.7838,42.0522,146.4615
293.2440,-8.7140,42.0522,146.4615
294.3137,-9.0706,42.0522,146.4615
295.3834,-8.0009,42.0522,146.4615
295.7400,-6.9311,42.0522,146.4615
296.0966,-6.5746,42.0522,146.4615
296.4532,-5.5048,42.0522,146.4615
298.9904,-6.0624,43.3962,151.1424
297.8864,-5.6944,43.3962,151.1424
298.2544,-4.5905,43.3962,151.1424
300.1367,-5.1659,44.7832,155.9729
300.4405,-2.4056,43.4162,151.2118
302.2812,-1.3012,43.4162,151.2118
303.3857,-0.9330,43.4162,151.2118
305.9626,-1.3012,43.4162,151.2118
305.5945,-0.1968,43.4162,151.2118
308.9078,0.1714,43.4162,151.2118
309.2759,-0.1968,43.4162,151.2118
310.3804,0.1714,43.4162,151.2118
313.7361,-2.6131,44.8037,156.0445
313.3562,-3.7528,44.8037,156.0445
316.7754,-4.8926,44.8037,156.0445
319.4786,-7.0062,46.2357,161.0317
319.0865,-7.3983,46.2357,161.0317
322.6150,-7.0062,46.2357,161.0317
323.0070,-7.3983,46.2357,161.0317
324.1832,-7.0062,46.2357,161.0317
326.1435,-7.3983,46.2357,161.0317
327.3196,-7.0062,46.2357,161.0317
328.4173,-6.5087,44.8243,156.1162
329.5576,-6.1286,44.8243,156.1162
329.9377,-5.7486,44.8243,156.1162
330.2417,-5.2662,43.4560,151.3507
332.0841,-4.8977,43.4560,151.3507
332.4526,-4.5293,43.4560,151.3507
333.5580,-5.6347,43.4560,151.3507
333.9265,-5.2662,43.4560,151.3507
335.7689,-5.6347,43.4560,151.3507
336.8744,-6.0032,43.4560,151.3507
337.9798,-5.6347,43.4560,151.3507
340.5592,-6.7401,43.4560,151.3507
340.9276,-5.6347,43.4560,151.3507
344.2440,-6.7401,43.4560,151.3507
346.0864,-6.3717,43.4560,151.3507
347.1918,-6.0032,43.4560,151.3507
349.7712,-6.3717,43.4560,151.3507
350.1396,-7.4771,43.4560,151.3507
351.2451,-7.8456,43.4560,151.3507
352.3505,-7.4771,43.4560,151.3507
352.7190,-7.8456,43.4560,151.3507
353.8245,-7.4771,43.4560,151.3507
354.9299,-8.5825,43.4560,151.3507
356.0353,-8.2141,43.4560,151.3507
356.4038,-7.8456,43.4560,151.3507
356.7723,-7.4771,43.4560,151.3507
357.1408,-7.8456,43.4560,151.3507
358.2462,-7.4771,43.4560,151.3507
359.3517,-8.5825,43.4560,151.3507
358.9832,-8.9510,43.4560,151.3507
359.3517,-8.5825,43.4560,151.3507
358.2462,-8.2141,43.4560,151.3507
358.6147,-7.8456,43.4560,151.3507
357.5092,-7.4771,43.4560,151.3507
356.4038,-7.8456,43.4560,151.3507
356.0353,-7.4771,43.4560,151.3507
356.4038,-7.8456,43.4560,151.3507
355.2984,-7.4771,43.4560,151.3507
354.1929,-7.8456,43.4560,151.3507
353.8245,-6.7401,43.4560,151.3507
352.7190,-6.3717,43.4560,151.3507
351.6136,-6.0032,43.4560,151.3507
350.5081,-5.6347,43.4560,151.3507
348.6657,-6.0032,43.4560,151.3507
346.8233,-6.3717,43.4560,151.3507
345.7179,-6.7401,43.4560,151.3507
344.6125,-7.1086,43.4560,151.3507
343.5070,-6.7401,43.4560,151.3507
343.1385,-6.3717,43.4560,151.3507
342.7701,-6.7401,43.4560,151.3507
343.1385,-6.3717,43.4560,151.3507
343.5070,-6.0032,43.4560,151.3507
343.1385,-4.8977,43.4560,151.3507
343.5070,-4.5293,43.4560,151.3507
343.1811,-6.5794,44.8449,156.1878
342.8008,-6.9596,44.8449,156.1878
343.1811,-7.3399,44.8449,156.1878
343.5613,-6.1991,44.8449,156.1878
343.9416,-5.8189,44.8449,156.1878
344.3218,-5.4386,44.8449,156.1878
343.9416,-5.0583,44.8449,156.1878
344.3218,-5.4386,44.8449,156.1878
343.9416,-5.0583,44.8449,156.1878
344.3218,-5.4386,44.8449,156.1878
344.7021,-5.0583,44.8449,156.1878
343.5613,-4.6781,44.8449,156.1878
343.9416,-5.0583,44.8449,156.1878
342.8008,-5.4386,44.8449,156.1878
342.4205,-4.2978,44.8449,156.1878
342.0403,-3.9176,44.8449,156.1878
340.1390,-4.2978,44.8449,156.1878
339.7588,-3.9176,44.8449,156.1878
337.8575,-5.0583,44.8449,156.1878
336.7167,-4.6781,44.8449,156.1878
334.8154,-5.0583,44.8449,156.1878
332.9141,-4.6781,44.8449,156.1878
331.0128,-4.2978,44.8449,156.1878
329.8721,-3.1571,44.8449,156.1878
327.2542,-4.5122,46.2781,161.1796
324.5073,-4.9046,46.2781,161.1796
320.1908,-4.5122,46.2781,161.1796
319.0135,-4.1198,46.2781,161.1796
314.6971,-2.9425,46.2781,161.1796
311.9502,-3.3349,46.2781,161.1796
309.2033,-2.1577,46.2781,161.1796
306.4564,-0.9805,46.2781,161.1796
303.7096,-1.3729,46.2781,161.1796
301.7475,0.5892,46.2781,161.1796
299.0006,2.5512,46.2781,161.1796
297.8234,3.7284,46.2781,161.1796
293.4284,9.7202,44.8655,156.2596
293.8088,12.3832,44.8655,156.2596
292.6675,14.2853,44.8655,156.2596
290.7654,16.9484,44.8655,156.2596
288.8633,18.0897,44.8655,156.2596
287.7220,19.9918,44.8655,156.2596
285.0589,21.8940,44.8655,156.2596
283.9176,22.2744,44.8655,156.2596
280.4176,25.8006,43.4959,151.4897
279.3112,26.1694,43.4959,151.4897
276.7295,27.2759,43.4959,151.4897
275.6230,27.6447,43.4959,151.4897
274.5165,29.4888,43.4959,151.4897
271.9348,29.8576,43.4959,151.4897
270.8284,31.7017,43.4959,151.4897
269.7219,32.0705,43.4959,151.4897
267.8778,33.9146,43.4959,151.4897
266.7714,35.0211,43.4959,151.4897
265.6649,35.3899,43.4959,151.4897
264.5584,35.7587,43.4959,151.4897
264.1158,38.4397,42.1682,146.8654
263.7583,38.7972,42.1682,146.8654
266.3025,38.2381,43.5159,151.5592
265.1955,37.8692,43.5159,151.5592
266.3025,38.2381,43.5159,151.5592
265.9335,37.8692,43.5159,151.5592
266.2287,41.2893,42.1876,146.9328
266.5864,41.6470,42.1876,146.9328
266.2287,42.0048,42.1876,146.9328
265.1555,43.0779,42.1876,146.9328
264.7978,43.4357,42.1876,146.9328
264.4401,44.5088,42.1876,146.9328
263.3669,44.8666,42.1876,146.9328
263.0092,46.6552,42.1876,146.9328
260.5051,48.4438,42.1876,146.9328
260.1474,50.9479,42.1876,146.9328
258.4000,51.8194,43.5359,151.6288
257.2926,53.6652,43.5359,151.6288
255.4468,55.5110,43.5359,151.6288
253.6010,58.0951,43.5359,151.6288
251.7552,59.9409,43.5359,151.6288
251.3860,63.2633,43.5359,151.6288
249.5403,63.6324,43.5359,151.6288
248.4328,65.4782,43.5359,151.6288
246.5870,66.5857,43.5359,151.6288
244.7412,66.9549,43.5359,151.6288
242.8954,68.0623,43.5359,151.6288
241.7879,68.4315,43.5359,151.6288
239.9422,68.8007,43.5359,151.6288
238.0964,69.9081,43.5359,151.6288
236.2506,70.2773,43.5359,151.6288
234.4048,69.9081,43.5359,151.6288
233.2973,70.2773,43.5359,151.6288
231.4515,70.6464,43.5359,151.6288
231.0824,71.0156,43.5359,151.6288
229.9749,70.6464,43.5359,151.6288
228.8674,70.2773,43.5359,151.6288
228.4983,69.1698,43.5359,151.6288
228.1291,69.5390,43.5359,151.6288
228.4983,68.4315,43.5359,151.6288
228.1291,68.0623,43.5359,151.6288
227.0217,68.4315,43.5359,151.6288
225.9568,62.6860,44.9273,156.4749
224.8139,60.7813,44.9273,156.4749
223.6711,59.6384,44.9273,156.4749
222.5282,59.2574,44.9273,156.4749
221.3853,59.6384,44.9273,156.4749
221.0044,58.4955,44.9273,156.4749
220.6674,56.3760,46.3632,161.4758
219.4880,56.7692,46.3632,161.4758
219.9265,54.5819,47.8449,166.6366
220.3790,53.1361,49.3741,171.9623
220.7977,53.5548,49.3741,171.9623
220.3790,53.9735,49.3741,171.9623
219.9604,55.2294,49.3741,171.9623
219.5417,55.6481,49.3741,171.9623
219.1230,56.0668,49.3741,171.9623
218.7044,58.1601,49.3741,171.9623
218.2857,59.4161,49.3741,171.9623
217.8671,59.8347,49.3741,171.9623
217.4484,60.2534,49.3741,171.9623
217.0780,57.9241,50.9521,177.4582
215.8318,55.5203,52.5805,183.1297
215.4374,52.1481,54.2610,188.9826
214.0571,51.6880,54.2610,188.9826
213.5970,51.2279,54.2610,188.9826
212.2167,50.7678,54.2610,188.9826
210.8364,50.3077,54.2610,188.9826
208.5359,48.9274,54.2610,188.9826
205.3152,46.6269,54.2610,188.9826
204.8551,43.4062,54.2610,188.9826
202.6077,39.0060,55.9951,195.0225
201.2381,35.4147,57.7848,201.2554
198.7882,34.9247,57.7848,201.2554
197.3183,34.4347,57.7848,201.2554
196.8283,33.9448,57.7848,201.2554
194.3784,33.4548,57.7848,201.2554
194.8684,33.9448,57.7848,201.2554
193.4550,31.2187,59.6315,207.6875
191.9381,30.7130,59.6315,207.6875
191.4325,28.1848,59.6315,207.6875
189.9739,24.3604,61.5374,214.3252
187.4252,20.4136,63.5041,221.1750
186.8867,20.9521,63.5041,221.1750
184.2565,17.9562,65.5337,228.2438
181.4780,18.5119,65.5337,228.2438
179.8751,13.1975,67.6282,235.5385
177.0741,8.8602,69.7896,243.0663
175.2988,7.0848,69.7896,243.0663
173.5235,5.3095,69.7896,243.0663
172.9317,4.7178,69.7896,243.0663
172.3399,2.9424,69.7896,243.0663
171.7481,1.1671,69.7896,243.0663
168.8576,-2.1253,72.0200,250.8347
168.2469,-2.7360,72.0200,250.8347
167.6362,-2.1253,72.0200,250.8347
165.8746,-6.7443,74.3218,258.8513
165.2444,-9.8953,74.3218,258.8513
163.3538,-10.5255,74.3218,258.8513
162.7236,-12.4162,74.3218,258.8513
163.3538,-13.0464,74.3218,258.8513
162.7236,-12.4162,74.3218,258.8513
162.0934,-11.7860,74.3218,258.8513
162.7236,-11.1557,74.3218,258.8513
162.0934,-10.5255,74.3218,258.8513
162.7236,-11.1557,74.3218,258.8513
162.1662,-14.6620,76.6971,267.1242
160.2151,-17.9137,76.6971,267.1242
159.5648,-18.5641,76.6971,267.1242
160.2151,-19.2144,76.6971,267.1242
159.5648,-18.5641,76.6971,267.1242
161.5158,-17.9137,76.6971,267.1242
162.1662,-15.9627,76.6971,267.1242
161.5158,-15.3123,76.6971,267.1242
162.1662,-14.6620,76.6971,267.1242
164.1172,-14.0116,76.6971,267.1242
168.6696,-13.3613,76.6971,267.1242
169.3200,-14.0116,76.6971,267.1242
169.9703,-14.6620,76.6971,267.1242
174.5227,-14.0116,76.6971,267.1242
175.1730,-13.3613,76.6971,267.1242
175.8234,-11.4103,76.6971,267.1242
179.0751,-10.7599,76.6971,267.1242
181.0262,-10.1096,76.6971,267.1242
181.6765,-10.7599,76.6971,267.1242
183.6275,-14.0116,76.6971,267.1242
186.8792,-17.2634,76.6971,267.1242
190.1310,-20.5151,76.6971,267.1242
192.0820,-22.4661,76.6971,267.1242
193.9029,-22.9415,74.3559,258.9702
194.5334,-22.3110,74.3559,258.9702
195.1639,-20.4195,74.3559,258.9702
198.3164,-19.7890,74.3559,258.9702
200.2079,-17.8976,74.3559,258.9702
202.0993,-16.0061,74.3559,258.9702
201.4689,-12.8536,74.3559,258.9702
202.0993,-12.2231,74.3559,258.9702
203.9908,-9.0707,74.3559,258.9702
205.8823,-5.9182,74.3559,258.9702
206.5128,-5.2877,74.3559,258.9702
207.2160,-7.5346,76.7323,267.2469
206.5654,-6.8839,76.7323,267.2469
207.2160,-6.2333,76.7323,267.2469
207.8667,-5.5827,76.7323,267.2469
211.1199,-4.9320,76.7323,267.2469
211.7706,-4.2814,76.7323,267.2469
213.7225,-3.6307,76.7323,267.2469
215.6744,-4.2814,76.7323,267.2469
217.6263,-3.6307,76.7323,267.2469
219.5783,-4.2814,76.7323,267.2469
222.8315,-3.6307,76.7323,267.2469
224.7834,-4.2814,76.7323,267.2469
225.4341,-4.9320,76.7323,267.2469
227.3860,-5.5827,76.7323,267.2469
228.0366,-6.2333,76.7323,267.2469
232.6662,-8.5520,79.1847,275.7881
231.9948,-9.2234,79.1847,275.7881
231.3233,-8.5520,79.1847,275.7881
231.9948,-7.8805,79.1847,275.7881
232.6662,-8.5520,79.1847,275.7881
234.6805,-7.8805,79.1847,275.7881
236.6948,-7.2091,79.1847,275.7881
237.3663,-6.5377,79.1847,275.7881
238.0377,-5.8662,79.1847,275.7881
238.7092,-5.1948,79.1847,275.7881
239.3806,-5.8662,79.1847,275.7881
240.0520,-6.5377,79.1847,275.7881
240.7235,-5.8662,79.1847,275.7881
242.7378,-6.5377,79.1847,275.7881
243.4092,-7.2091,79.1847,275.7881
244.0807,-7.8805,79.1847,275.7881
244.7521,-8.5520,79.1847,275.7881
245.4235,-7.8805,79.1847,275.7881
246.0950,-8.5520,79.1847,275.7881
245.4235,-9.2234,79.1847,275.7881
244.7521,-11.2377,79.1847,275.7881
245.4235,-11.9092,79.1847,275.7881
243.4092,-12.5806,79.1847,275.7881
242.8153,-14.9734,81.7154,284.6023
239.3508,-17.0521,81.7154,284.6023
235.8863,-19.1308,81.7154,284.6023
233.8076,-21.2095,81.7154,284.6023
230.2045,-20.3301,79.2210,275.9147
230.7419,-20.8212,76.8028,267.4923
230.0907,-21.4724,76.8028,267.4923
229.3092,-20.6460,74.4584,259.3270
231.2033,-21.2773,74.4584,259.3270
230.5719,-21.9087,74.4584,259.3270
231.2033,-22.5401,74.4584,259.3270
230.5719,-23.1714,74.4584,259.3270
231.2033,-25.0655,74.4584,259.3270
231.8346,-25.6969,74.4584,259.3270
231.2033,-26.3282,74.4584,259.3270
230.5719,-26.9596,74.4584,259.3270
229.9405,-27.5909,74.4584,259.3270
229.3092,-28.2223,74.4584,259.3270
228.6778,-27.5909,74.4584,259.3270
226.7837,-28.2223,74.4584,259.3270
222.3642,-27.5909,74.4584,259.3270
221.7328,-29.4850,74.4584,259.3270
218.5760,-30.1164,74.4584,259.3270
214.1565,-29.4850,74.4584,259.3270
212.2624,-30.1164,74.4584,259.3270
207.8429,-30.7477,74.4584,259.3270
204.6861,-30.1164,74.4584,259.3270
202.7920,-32.0105,74.4584,259.3270
195.8471,-32.6418,74.4584,259.3270
195.2157,-33.2732,74.4584,259.3270
192.0589,-33.9046,74.4584,259.3270
187.6394,-33.2732,74.4584,259.3270
187.0080,-35.1673,74.4584,259.3270
185.1139,-35.7986,74.4584,259.3270
183.2198,-35.1673,74.4584,259.3270
182.4622,-31.8406,72.1855,251.4110
180.6966,-35.2461,74.4926,259.4461
180.0649,-34.6144,74.4926,259.4461
179.4333,-31.4562,74.4926,259.4461
176.2750,-29.5612,74.4926,259.4461
174.3801,-28.9296,74.4926,259.4461
171.0955,-24.3381,72.2186,251.5264
171.7078,-23.7257,72.2186,251.5264
171.0955,-23.1133,72.2186,251.5264
169.2584,-20.0515,72.2186,251.5264
166.1965,-18.2144,72.2186,251.5264
166.8796,-20.3967,74.5267,259.5652
164.9837,-14.7092,74.5267,259.5652
164.4247,-16.9612,76.9086,267.8609
162.5436,-19.2852,79.3666,276.4217
160.6024,-21.6835,81.9032,285.2562
159.9880,-24.1584,84.5208,294.3730
159.3541,-28.1458,87.2221,303.7811
161.5728,-25.9271,87.2221,303.7811
160.6853,-20.5510,84.5596,294.5081
159.9683,-18.3999,84.5596,294.5081
159.2513,-17.6829,84.5596,294.5081
157.1830,-20.2381,87.2621,303.9206
155.0486,-24.3548,90.0510,313.6339
152.8460,-27.0760,92.9291,323.6576
151.9004,-21.3481,90.0924,313.7779
154.0394,-15.7951,87.3423,304.1997
154.7800,-13.5733,87.3423,304.1997
154.0394,-12.8327,87.3423,304.1997
153.2988,-10.6109,87.3423,304.1997
151.1625,-14.7314,90.1337,313.9219
151.9267,-13.9671,90.1337,313.9219
152.6910,-13.2028,90.1337,313.9219
153.4553,-12.4385,90.1337,313.9219
154.2196,-11.6742,90.1337,313.9219
154.9839,-10.9100,90.1337,313.9219
152.7793,-16.6907,93.0144,323.9549
148.9268,-17.9240,95.9872,334.3085
149.7407,-18.7379,95.9872,334.3085
148.9268,-19.5518,95.9872,334.3085
149.7407,-21.9936,95.9872,334.3085
150.5546,-24.4353,95.9872,334.3085
154.4613,-21.7746,93.0571,324.1036
158.2488,-23.9295,90.2165,314.2102
164.9806,-21.4288,87.4626,304.6189
165.7223,-20.6871,87.4626,304.6189
216.7463,-16.7795,84.7928,295.3203
239.0350,-17.4985,84.7928,295.3203
241.1920,-21.0934,84.7928,295.3203
246.0811,-20.1810,82.2045,286.3055
248.1722,-20.8780,82.2045,286.3055
248.7299,-24.1757,79.6952,277.5660
249.4056,-24.8515,79.6952,277.5660
248.7299,-25.5273,79.6952,277.5660
247.9189,-24.6697,77.2624,269.0932
248.5741,-24.0146,77.2624,269.0932
247.9189,-22.0491,77.2624,269.0932
248.6497,-23.0736,79.7318,277.6934
249.3258,-21.0453,79.7318,277.6934
250.0018,-21.7214,79.7318,277.6934
250.6779,-22.3975,79.7318,277.6934
250.0018,-23.0736,79.7318,277.6934
249.3258,-22.3975,79.7318,277.6934
247.1623,-22.8917,77.2979,269.2167
246.3757,-19.4382,74.9384,260.9988
247.0845,-19.1609,77.3334,269.3403
246.4288,-21.1281,77.3334,269.3403
245.7731,-20.4724,77.3334,269.3403
245.1173,-21.1281,77.3334,269.3403
245.7731,-21.7839,77.3334,269.3403
243.8058,-19.8166,77.3334,269.3403
243.1501,-19.1609,77.3334,269.3403
243.8058,-18.5052,77.3334,269.3403
243.1501,-19.1609,77.3334,269.3403
243.6747,-17.0173,74.9728,261.1186
241.7675,-18.9244,74.9728,261.1186
241.1318,-18.2887,74.9728,261.1186
241.7675,-18.9244,74.9728,261.1186
241.1318,-19.5602,74.9728,261.1186
241.7675,-20.1959,74.9728,261.1186
241.1318,-19.5602,74.9728,261.1186
241.6403,-18.7534,72.6842,253.1479
244.7931,-18.4845,75.0072,261.2385
244.1571,-17.8485,75.0072,261.2385
243.5210,-18.4845,75.0072,261.2385
246.7745,-19.4790,77.4044,269.5877
246.1182,-21.4480,77.4044,269.5877
245.4618,-20.7917,77.4044,269.5877
246.1182,-21.4480,77.4044,269.5877
245.4618,-20.7917,77.4044,269.5877
246.1182,-21.4480,77.4044,269.5877
245.4618,-20.7917,77.4044,269.5877
247.5066,-23.1307,79.8783,278.2037
248.0485,-20.9165,77.4400,269.7115
247.3918,-20.2599,77.4400,269.7115
248.0485,-20.9165,77.4400,269.7115
247.3918,-20.2599,77.4400,269.7115
248.0485,-20.9165,77.4400,269.7115
247.3918,-20.2599,77.4400,269.7115
246.7352,-19.6032,77.4400,269.7115
247.3918,-18.9466,77.4400,269.7115
246.7352,-19.6032,77.4400,269.7115
246.0785,-17.6333,77.4400,269.7115
245.4977,-19.9734,79.9149,278.3314
244.8201,-22.0063,79.9149,278.3314
244.1424,-22.6839,79.9149,278.3314
242.1095,-23.3615,79.9149,278.3314
241.4319,-24.0391,79.9149,278.3314
242.1095,-24.7168,79.9149,278.3314
241.4319,-25.3944,79.9149,278.3314
240.7543,-24.7168,79.9149,278.3314
241.4319,-25.3944,79.9149,278.3314
240.7543,-26.0720,79.9149,278.3314
241.2964,-29.2779,77.4755,269.8353
241.8219,-25.8164,75.1105,261.5985
241.1850,-26.4533,75.1105,261.5985
240.5481,-27.0902,75.1105,261.5985
239.9112,-26.4533,75.1105,261.5985
239.2743,-25.8164,75.1105,261.5985
239.9112,-25.1795,75.1105,261.5985
239.2743,-25.8164,75.1105,261.5985
238.6375,-25.1795,75.1105,261.5985
238.0006,-25.8164,75.1105,261.5985
237.3637,-25.1795,75.1105,261.5985
236.7268,-25.8164,75.1105,261.5985
236.0899,-25.1795,75.1105,261.5985
235.4530,-25.8164,75.1105,261.5985
233.5423,-25.1795,75.1105,261.5985
232.7780,-25.6451,72.8178,253.6131
232.1606,-25.0276,72.8178,253.6131
231.4196,-23.0092,70.5950,245.8715
229.6238,-22.4106,70.5950,245.8715
229.0252,-21.8120,70.5950,245.8715
229.6238,-22.4106,70.5950,245.8715
229.0252,-21.8120,70.5950,245.8715
229.6238,-22.4106,70.5950,245.8715
227.8280,-23.0092,70.5950,245.8715
228.4266,-22.4106,70.5950,245.8715
227.8280,-23.0092,70.5950,245.8715
226.0322,-23.6078,70.5950,245.8715
227.8971,-24.5438,72.8512,253.7295
224.8084,-25.1615,72.8512,253.7295
227.9684,-26.1274,75.1795,261.8387
224.7810,-28.0399,75.1795,261.8387
225.4185,-28.6773,75.1795,261.8387
224.7810,-29.3148,75.1795,261.8387
224.1436,-29.9523,75.1795,261.8387
223.5061,-29.3148,75.1795,261.8387
224.1436,-29.9523,75.1795,261.8387
224.7810,-29.3148,75.1795,261.8387
225.4185,-29.9523,75.1795,261.8387
227.4045,-28.3992,77.5823,270.2071
228.0624,-30.3727,77.5823,270.2071
228.7202,-29.7149,77.5823,270.2071
230.6938,-29.0570,77.5823,270.2071
233.9830,-28.3992,77.5823,270.2071
235.9566,-29.0570,77.5823,270.2071
237.9301,-28.3992,77.5823,270.2071
241.2194,-29.0570,77.5823,270.2071
243.1929,-28.3992,77.5823,270.2071
245.1665,-29.0570,77.5823,270.2071
247.1400,-28.3992,77.5823,270.2071
249.1136,-27.7414,77.5823,270.2071
251.0871,-27.0835,77.5823,270.2071
251.7450,-25.1100,77.5823,270.2071
252.4028,-24.4521,77.5823,270.2071
254.3764,-23.7943,77.5823,270.2071
256.3499,-23.1364,77.5823,270.2071
259.6392,-22.4786,77.5823,270.2071
262.9284,-23.1364,77.5823,270.2071
264.9019,-22.4786,77.5823,270.2071
268.1912,-23.1364,77.5823,270.2071
271.4804,-22.4786,77.5823,270.2071
274.7697,-21.8207,77.5823,270.2071
278.0590,-21.1629,77.5823,270.2071
281.3482,-21.8207,77.5823,270.2071
284.6375,-21.1629,77.5823,270.2071
287.9267,-21.8207,77.5823,270.2071
288.5845,-21.1629,77.5823,270.2071
290.5581,-20.5050,77.5823,270.2071
292.5316,-21.1629,77.5823,270.2071
293.1895,-20.5050,77.5823,270.2071
293.8474,-21.1629,77.5823,270.2071
294.5052,-20.5050,77.5823,270.2071
295.2390,-22.8494,80.0618,278.8429
295.9178,-23.5282,80.0618,278.8429
295.2390,-22.8494,80.0618,278.8429
295.9178,-23.5282,80.0618,278.8429
295.2390,-22.8494,80.0618,278.8429
295.9178,-23.5282,80.0618,278.8429
296.5967,-22.8494,80.0618,278.8429
297.2756,-22.1705,80.0618,278.8429
299.3122,-21.4916,80.0618,278.8429
299.9911,-22.1705,80.0618,278.8429
300.6700,-22.8494,80.0618,278.8429
301.3488,-23.5282,80.0618,278.8429
303.3855,-24.2071,80.0618,278.8429
304.0643,-23.5282,80.0618,278.8429
304.7432,-24.2071,80.0618,278.8429
304.0643,-24.8860,80.0618,278.8429
304.8216,-27.3053,82.6206,287.7547
305.5222,-26.6047,82.6206,287.7547
307.6239,-27.3053,82.6206,287.7547
308.1843,-26.4162,80.0986,278.9709
310.2219,-27.0954,80.0986,278.9709
310.9010,-27.7746,80.0986,278.9709
311.5802,-28.4538,80.0986,278.9709
312.1236,-26.2335,77.6535,270.4553
312.7820,-26.8920,77.6535,270.4553
313.4405,-27.5504,77.6535,270.4553
314.0989,-28.2089,77.6535,270.4553
312.1236,-28.8673,77.6535,270.4553
312.7820,-29.5258,77.6535,270.4553
313.4405,-30.1842,77.6535,270.4553
314.0989,-30.8427,77.6535,270.4553
314.6257,-28.6902,75.2831,262.1995
316.4131,-25.3267,72.9851,254.1958
317.1033,-27.5321,75.3177,262.3199
317.7420,-30.7254,75.3177,262.3199
318.2529,-28.6376,73.0186,254.3125
320.1818,-32.0824,75.3523,262.4403
318.1372,-31.2715,73.0521,254.4293
317.5178,-33.1298,73.0521,254.4293
315.6595,-33.7493,73.0521,254.4293
317.5178,-35.6076,73.0521,254.4293
319.2522,-32.3438,70.8222,246.6627
323.5252,-32.0817,73.0857,254.5461
327.8632,-32.7015,73.0857,254.5461
328.4829,-33.3212,73.0857,254.5461
330.3421,-31.4620,73.0857,254.5461
330.9618,-30.8423,73.0857,254.5461
331.5815,-30.2226,73.0857,254.5461
332.2013,-30.8423,73.0857,254.5461
332.6970,-28.8164,70.8547,246.7760
330.8946,-29.4172,70.8547,246.7760
329.0922,-28.8164,70.8547,246.7760
329.6930,-28.2156,70.8547,246.7760
329.0922,-28.8164,70.8547,246.7760
329.6930,-28.2156,70.8547,246.7760
329.0922,-28.8164,70.8547,246.7760
329.6930,-29.4172,70.8547,246.7760
330.2938,-28.8164,70.8547,246.7760
329.6930,-29.4172,70.8547,246.7760
330.2938,-30.0180,70.8547,246.7760
330.8946,-30.6188,70.8547,246.7760
330.2938,-30.0180,70.8547,246.7760
330.8946,-30.6188,70.8547,246.7760
330.2938,-30.0180,70.8547,246.7760
332.0962,-30.6188,70.8547,246.7760
331.4954,-30.0180,70.8547,246.7760
333.2978,-30.6188,70.8547,246.7760
333.8987,-30.0180,70.8547,246.7760
334.4995,-29.4172,70.8547,246.7760
336.3018,-28.8164,70.8547,246.7760
338.1736,-29.7559,73.1192,254.6629
340.0336,-29.1359,73.1192,254.6629
339.4136,-28.5159,73.1192,254.6629
341.2737,-27.8958,73.1192,254.6629
341.8936,-27.2758,73.1192,254.6629
342.5136,-27.8958,73.1192,254.6629
343.1337,-27.2758,73.1192,254.6629
343.7537,-26.6558,73.1192,254.6629
345.6137,-26.0358,73.1192,254.6629
345.0652,-27.0053,75.4561,262.8020
344.4254,-27.6451,75.4561,262.8020
346.3449,-28.2850,75.4561,262.8020
346.9847,-27.6451,75.4561,262.8020
347.6245,-27.0053,75.4561,262.8020
348.2643,-26.3655,75.4561,262.8020
348.9042,-25.7257,75.4561,262.8020
348.2643,-26.3655,75.4561,262.8020
348.9042,-25.7257,75.4561,262.8020
349.5440,-25.0859,75.4561,262.8020
351.4634,-24.4460,75.4561,262.8020
352.1033,-25.0859,75.4561,262.8020
352.7431,-24.4460,75.4561,262.8020
353.3829,-25.0859,75.4561,262.8020
354.0227,-24.4460,75.4561,262.8020
354.6626,-25.0859,75.4561,262.8020
355.3024,-25.7257,75.4561,262.8020
354.6626,-26.3655,75.4561,262.8020
355.3024,-25.7257,75.4561,262.8020
355.9422,-26.3655,75.4561,262.8020
356.5820,-25.7257,75.4561,262.8020
357.2218,-26.3655,75.4561,262.8020
357.8617,-25.7257,75.4561,262.8020
358.5015,-25.0859,75.4561,262.8020
359.1413,-24.4460,75.4561,262.8020
358.5015,-25.0859,75.4561,262.8020
359.1413,-24.4460,75.4561,262.8020
359.7811,-25.0859,75.4561,262.8020
360.4210,-24.4460,75.4561,262.8020
361.0608,-25.0859,75.4561,262.8020
361.7006,-24.4460,75.4561,262.8020
363.6201,-23.8062,75.4561,262.8020
364.2599,-24.4460,75.4561,262.8020
364.8997,-23.8062,75.4561,262.8020
365.5395,-24.4460,75.4561,262.8020
366.1794,-23.8062,75.4561,262.8020
366.8192,-24.4460,75.4561,262.8020
366.1794,-23.8062,75.4561,262.8020
365.5395,-24.4460,75.4561,262.8020
366.1794,-23.8062,75.4561,262.8020
366.8192,-24.4460,75.4561,262.8020
366.1794,-23.8062,75.4561,262.8020
366.8192,-24.4460,75.4561,262.8020
366.1794,-25.0859,75.4561,262.8020
365.5395,-24.4460,75.4561,262.8020
366.1794,-25.0859,75.4561,262.8020
366.8192,-25.7257,75.4561,262.8020
366.1794,-25.0859,75.4561,262.8020
365.5395,-24.4460,75.4561,262.8020
366.1794,-25.0859,75.4561,262.8020
365.5395,-25.7257,75.4561,262.8020
366.1794,-26.3655,75.4561,262.8020
365.5395,-25.7257,75.4561,262.8020
366.1794,-26.3655,75.4561,262.8020
366.8192,-25.7257,75.4561,262.8020
366.1794,-25.0859,75.4561,262.8020
366.8192,-24.4460,75.4561,262.8020
366.1794,-25.0859,75.4561,262.8020
366.8192,-24.4460,75.4561,262.8020
366.1794,-23.8062,75.4561,262.8020
366.8192,-24.4460,75.4561,262.8020
366.1794,-23.8062,75.4561,262.8020
365.5395,-23.1664,75.4561,262.8020
366.1794,-22.5266,75.4561,262.8020
365.5395,-21.8867,75.4561,262.8020
366.1794,-22.5266,75.4561,262.8020
366.8192,-21.8867,75.4561,262.8020
366.1794,-22.5266,75.4561,262.8020
366.8192,-21.8867,75.4561,262.8020
367.4590,-22.5266,75.4561,262.8020
368.0988,-21.8867,75.4561,262.8020
368.7386,-22.5266,75.4561,262.8020
369.3784,-23.1664,75.4561,262.8020
