0.19464
0.22106
0.057184
0.030299
0.038486
0.033379
0.027353
0.023827
0.024092
0.023818
0.023718
0.02365
0.023621
0.024009
0.023079
0.0226
0.022633
0.022521
0.022679
0.022571
0.022883
0.023236
0.022454
0.022437
0.022478
0.022386
0.022425
0.022577
0.022445
0.022446
0.022973
0.022891
0.022648
0.022626
0.022472
0.022395
0.022616
0.022554
0.022573
0.022441
0.022999
0.022844
0.02359
0.022627
0.023115
0.02248
0.022618
0.022232
0.022347
0.02229
0.022464
0.022588
0.022627
0.022413
0.022515
0.02234
0.022324
0.02246
0.022325
0.022279
0.022269
0.022306
0.022737
0.022806
0.022772
0.022558
0.022648
0.022535
0.022359
0.022396
0.022362
0.022353
0.022466
0.022754
0.022449
0.0224
0.022202
0.022086
0.022042
0.022078
0.022079
0.02204
0.022052
0.022055
0.022252
0.022813
0.02246
0.022169
0.02222
0.022197
0.022227
0.022375
0.022561
0.022228
0.022142
0.02232
0.022192
0.022242
0.022193
0.022203
0.022974
0.02303
0.02279
0.022223
0.022483
0.022192
0.022296
0.022253
0.022434
0.020846
0.022291
0.022861
0.023125
0.023066
0.022822
0.022783
0.022364
0.022537
0.022585
0.022561
0.022381
0.022614
0.022477
0.022471
0.02255
0.023096
0.023237
0.023117
0.022852
0.022668
0.022784
0.022543
0.022803
0.022252
0.022084
0.022075
0.022057
0.021998
0.021977
0.02442
0.023856
0.0238
0.023931
0.024692
0.023703
0.023615
0.023667
0.023682
0.023532
0.023561
0.023497
0.0235
0.023581
0.023615
0.02378
0.025106
0.025072
0.025374
0.025613
0.025621
0.025159
0.025776
0.02574
0.025647
0.024698
0.024579
0.025167
0.025065
0.025435
0.02484
0.024881
0.025252
0.024823
0.024571
0.023937
0.024549
0.024473
0.024932
0.024294
0.02466
0.02478
0.024346
0.024514
0.024989
0.024377
0.024393
0.024698
0.023609
0.024335
0.024646
0.025294
0.024732
0.024662
0.025307
0.024324
0.024366
0.024395
0.024308
0.024911
0.023684
0.023825
0.023606
0.024989
0.023631
0.024844
0.023866
0.023544
0.024258
0.024841
0.023587
0.023589
0.023547
0.024895
0.024256
0.023898
0.023689
0.024388
0.025154
0.023646
0.024026
0.023761
0.023658
0.023694
0.023727
0.023696
0.023757
0.023679
0.02369
0.023762
0.023689
0.023948
0.024992
0.023836
0.024721
0.023827
0.023918
0.024785
0.025684
0.023913
0.023758
0.023918
0.023839
0.023819
0.023851
0.024747
0.02488
0.023843
0.023812
0.02388
0.024165
0.024942
0.02482
0.024364
0.024482
0.024498
0.023837
0.024451
0.023663
0.023627
0.023705
0.024333
0.023581
0.023534
0.023581
0.024603
0.024
0.023701
0.023752
0.024993
0.024712
0.024494
0.025281
0.023292
0.023895
0.023153
0.023807
0.022835
0.022769
0.022794
0.02278
0.022716
0.023721
0.022783
0.022789
0.022778
0.022753
0.02284
0.023622
0.022951
0.0236
0.02291
0.022069
0.02234
0.022245
0.021962
0.02196
0.02186
0.021893
0.021879
0.02217
0.022156
0.022594
0.021982
0.022126
0.022374
0.022368
0.022041
0.022149
0.022145
0.022049
0.022131
0.022406
0.022071
0.022097
0.022021
0.022123
0.02218
0.02217
0.021004
0.022106
0.022205
0.022146
0.022043
0.022003
0.022769
0.022222
0.022146
0.022434
0.022038
0.022044
0.022047
0.022041
0.022084
0.022138
0.022794
0.023069
0.022462
0.022436
0.02258
0.022106
0.022335
0.022031
0.022265
0.021943
0.021994
0.02202
0.022095
0.022108
0.022106
0.022057
0.021966
0.022023
0.022024
0.022015
0.022002
0.021879
0.021875
0.021893
0.022022
0.021954
0.021873
0.021939
0.02201
0.022004
0.021935
0.02205
0.022004
0.02207
0.022091
0.022113
0.022327
0.022161
0.02208
0.022021
0.021989
0.022126
0.02201
0.022114
0.022102
0.022237
0.022085
0.022226
0.02212
0.022088
0.022059
0.022075
0.022098
0.02211
0.022125
0.022138
0.022107
0.022096
0.022135
0.022248
0.022138
0.02225
0.022082
0.022162
0.022132
0.022141
0.022363
0.022136
0.022106
0.022154
0.022184
0.022075
0.02243
0.022107
0.022116
0.022124
0.022093
0.022099
0.022159
0.02216
0.022128
0.022262
0.022149
0.022068
0.022065
0.022154
0.022133
0.022025
0.022047
0.022019
0.022042
0.021925
0.021996
0.02199
0.021968
0.021931
0.021878
0.02191
0.022161
0.021973
0.022431
0.021983
0.02233
0.022137
0.022246
0.022152
0.022231
0.022133
0.02217
0.021982
0.021896
0.022014
0.021914
0.021996
0.022058
0.022095
0.022044
0.022214
0.022093
0.02216
0.022166
0.022178
0.022099
0.022096
0.022007
0.022021
0.02217
0.022629
0.022538
0.022502
0.022221
0.0222
0.022505
0.022226
0.022174
0.022281
0.02223
0.022461
0.022228
0.022533
0.022197
0.022192
0.022242
0.022599
0.022614
0.022264
0.02216
0.02221
0.022252
0.0222
0.022216
0.022202
0.02221
0.022211
0.022182
0.022207
0.022161
0.022522
0.022187
0.02233
0.022189
0.022315
0.02218
0.022222
0.022228
0.022525
0.022808
0.023122
0.022964
0.022931
0.022753
0.022749
0.022832
0.022557
0.022117
0.022084
0.022123
0.022067
0.022101
0.022213
0.022105
0.022181
0.022207
0.02413
0.024109
0.024183
0.023127
0.023369
0.023096
0.023288
0.023016
0.024013
0.02305
0.023101
0.024102
0.023161
0.023156
0.023162
0.023164
0.024182
0.024162
0.023201
0.023432
0.023532
0.023172
0.022413
0.023164
0.024224
0.024185
0.023136
0.023468
0.024171
0.024235
0.023168
0.023196
0.023473
0.023124
0.024284
0.023209
0.024433
0.02326
0.024338
0.024296
0.024216
0.023184
0.024362
0.0232
0.023172
0.024256
0.023239
0.023161
0.023178
0.024418
0.024289
0.02424
0.023593
0.023214
0.023205
0.023243
0.024372
0.023125
0.023482
0.024474
0.023497
0.025131
0.02412
0.025189
0.025099
0.024083
0.024062
0.025406
0.025421
0.025167
0.025223
0.02405
0.025235
0.024884
0.024115
0.025174
0.024094
0.025215
0.024217
0.025151
0.024155
0.025232
0.024477
0.024139
0.024162
0.024077
0.024212
0.024171
0.024092
0.024062
0.024055
0.025218
0.024134
0.024041
0.02346
0.024377
0.023265
0.024353
0.023219
0.024307
0.023291
0.024392
0.023251
0.023265
0.023565
0.024394
0.023319
0.023277
0.023616
0.023602
0.023208
0.023226
0.02329
0.023181
0.023463
0.023219
0.023109
0.023401
0.023541
0.023254
0.023199
0.024076
0.023287
0.02327
0.023631
0.024024
0.023274
0.024338
0.024099
0.023218
0.024318
0.023238
0.023331
0.023658
0.023318
0.023267
0.023255
0.023341
0.023199
0.024499
0.02329
0.023325
0.023328
0.023351
0.023251
0.023628
0.023281
0.023376
0.023661
0.02325
0.023234
0.024542
0.023743
0.024153
0.02334
0.024777
0.02341
0.023252
0.023323
0.023312
0.024687
0.024254
0.024186
0.02422
0.024523
0.024329
0.0242
0.024196
0.025419
0.024177
0.023408
0.024521
0.023372
0.023741
0.023329
0.023665
0.023342
0.023328
0.024814
0.024261
0.024284
0.024233
0.023748
0.023306
0.023338
0.023291
0.023333
0.023302
0.024109
0.023637
0.023291
0.023417
0.023369
0.023367
0.023344
0.024226
0.024208
0.024175
0.024114
0.025298
0.025246
0.025362
0.025443
0.025465
0.025474
0.025519
0.025766
0.026513
0.026508
0.025687
0.025528
0.025521
0.025446
0.024374
0.024634
0.025543
0.024313
0.025501
0.025573
0.025486
0.024319
0.024276
0.024325
0.024255
0.024315
0.024336
0.024263
0.024268
0.02451
0.024234
0.02426
0.024285
0.024333
0.0242
0.024247
0.024256
0.024314
0.024302
0.024261
0.024296
0.025614
0.024338
0.024396
0.024275
0.024282
0.024266
0.024426
0.025804
0.024918
0.024663
0.024361
0.0244
0.024287
0.024295
0.024324
0.024356
0.024302
0.024344
0.024316
0.024373
0.024651
0.024273
0.024253
0.024294
0.024239
0.024152
0.02419
0.024181
0.025443
0.024182
0.024228
0.024283
0.024348
0.024302
0.024249
0.025458
0.024174
0.024152
0.024178
0.024166
0.025471
0.024269
0.024351
0.024335
0.024325
0.024311
0.024347
0.025604
0.024648
0.024371
0.024331
0.024352
0.024347
0.02433
0.024407
0.024341
0.024344
0.024302
0.024392
0.024434
0.024369
0.024378
0.024438
0.024337
0.024295
0.024383
0.024732
0.024334
0.024306
0.024299
0.024461
0.024294
0.024303
0.02435
0.024314
0.024299
0.024281
0.024329
0.024782
0.02601
0.024364
0.024324
0.024263
0.024332
0.024329
0.024333
0.024362
0.024323
0.024662
0.024343
0.024311
0.024431
0.024397
0.024371
0.024412
0.024318
0.024435
0.024327
0.024304
0.02435
0.024357
0.024386
0.02443
0.024264
0.024412
0.024366
0.024387
0.02441
0.02439
0.024326
0.024475
0.024366
0.024292
0.024377
0.024427
0.024347
0.024396
0.024356
0.024409
0.024329
0.024377
0.024435
0.024383
0.024411
0.024397
0.024309
0.02435
0.024366
0.024301
0.024283
0.024387
0.024319
0.024384
0.024362
0.024412
0.024386
0.024399
0.024355
0.024355
0.024384
0.024414
0.024332
0.024333
0.02431
0.024348
0.024325
0.024389
0.024372
0.024373
0.024369
0.024397
0.024389
0.024322
0.024344
0.024359
0.024329
0.0244
0.024338
0.024297
0.024276
0.0244
0.024353
0.024335
0.024246
0.024335
0.024348
0.024323
0.024303
0.024283
0.024293
0.024367
0.024335
0.024284
0.024235
0.024391
0.024317
0.024252
0.024195
0.024245
0.024216
0.024274
0.024193
0.024283
0.024217
0.023326
0.023332
0.023389
0.023347
0.023396
0.02335
0.023938
0.02291
0.024697
0.023372
0.023417
0.02374
0.023347
0.023357
0.024572
0.023331
0.023321
0.023217
0.023262
0.023429
0.023502
0.023417
0.023402
0.023559
0.023415
0.02343
0.023325
0.023391
0.023425
0.023357
0.0234
0.023341
0.023322
0.023407
0.023479
0.023449
0.023592
0.024047
0.023439
0.02345
0.023802
0.023375
0.023468
0.023388
0.023461
0.023433
0.023431
0.023884
0.023595
0.023505
0.023737
0.023786
0.023481
0.023752
0.023429
0.023451
0.023701
0.023573
0.024302
0.024556
0.024483
0.024956
0.026268
0.025506
0.024906
0.024646
0.024637
0.024555
0.024568
0.02468
0.024517
0.024312
0.02453
0.02502
0.025324
0.02461
0.0242
0.02451
0.024152
0.025041
0.024513
0.024602
0.025311
0.025866
0.025099
0.025081
0.024099
0.025207
0.025169
0.025251
0.025992
0.026028
0.026252
0.02624
0.026339
0.025808
0.025347
0.025515
0.025549
0.025312
0.02559
0.025493
0.025511
0.025401
0.025554
0.025421
0.02455
0.025446
0.02539
0.02542
0.02543
0.02549
0.024571
0.024523
0.025617
0.024658
0.024568
0.025736
0.025477
0.02547
0.025492
0.024569
0.025565
0.025516
0.025609
0.024622
0.025494
0.025578
0.025526
0.025374
0.025649
0.025542
0.025595
0.025584
0.025622
0.025022
0.025542
0.025631
0.025104
0.024555
0.025636
0.025546
0.02561
0.025578
0.025844
0.025704
0.025811
0.024796
0.0257
0.025636
0.025716
0.025832
0.024751
0.025516
0.025174
0.024742
0.025797
0.025706
0.025724
0.02573
0.025888
0.025819
0.025755
0.025717
0.025283
0.025918
0.02828
0.025869
0.027541
0.02672
0.025916
0.027468
0.027582
0.027552
0.027504
0.026851
0.02752
0.027493
0.02681
0.027457
0.028821
0.02806
0.028019
0.027778
0.028079
0.027791
0.028009
0.027997
0.027956
0.028985
0.027883
0.028121
0.027817
0.024912
0.026544
0.024912
0.026829
0.027248
0.026895
0.026876
0.026855
0.026976
0.024922
0.024743
0.024734
0.024761
0.024694
0.024796
0.02658
0.024848
0.026685
0.026738
0.026716
0.026628
0.026683
0.026921
0.026471
0.026841
0.024577
0.025165
0.025317
0.026498
0.026489
0.026493
0.026999
0.027487
0.024628
0.024514
0.025172
0.026783
0.026694
0.026704
0.024725
0.026352
0.025283
0.026456
0.027093
0.027583
0.027949
0.02918
0.029528
0.029771
0.028456
0.029216
0.027754
0.028822
0.028921
0.029188
0.030757
0.030514
0.029244
0.027709
0.026161
0.03014
0.028522
0.026203
0.02872
0.029507
0.029425
0.030358
0.028056
0.030036
0.030756
0.029432
0.029439
0.031816
0.030504
0.030721
0.029097
0.028909
0.028695
0.026758
0.02818
0.027361
0.02808
0.027984
0.02787
0.025493
0.02511
0.024586
0.024484
0.027335
0.029159
0.025746
0.027315
0.025642
0.025532
0.025025
0.02704
0.025051
0.024652
0.024539
0.024541
0.024464
0.024529
0.024991
0.024673
0.024515
0.026623
0.02649
0.02454
0.024494
0.026446
0.026598
0.0245
0.02636
0.026492
0.024533
0.026308
0.024803
0.024387
0.024379
0.024411
0.024379
0.02438
0.02442
0.027647
0.024496
0.024479
0.024838
0.024572
0.024592
0.024607
0.024627
0.024566
0.024645
0.024792
0.028039
0.028662
0.0287
0.025693
0.025696
0.027818
0.028039
0.025938
0.026052
0.0259
0.025518
0.02717
0.025446
0.024973
0.024833
0.024818
0.025514
0.024985
0.025132
0.025035
0.025208
0.025165
0.025164
0.025088
0.025759
0.025622
0.025286
0.027316
0.027533
0.027142
0.025297
0.025096
0.025091
0.02699
0.025205
0.025013
0.025812
0.027465
0.025571
0.027417
0.027352
0.025468
0.027307
0.027379
0.025512
0.025351
0.02528
0.025665
0.028025
0.028074
0.025369
0.025378
0.026546
0.025431
0.025213
0.025235
0.025255
0.025251
0.02529
0.026021
0.026086
0.026977
0.026988
0.027038
0.026153
0.028409
0.02662
0.027024
0.028489
0.028518
0.027733
0.027512
0.028571
0.028515
0.028584
0.028284
0.028286
0.028618
0.028486
0.026138
0.028361
0.028952
0.026508
0.02605
0.026094
0.0262
0.026157
0.028118
0.026454
0.029414
0.026354
0.028262
0.02712
0.027025
0.028495
0.026259
0.028393
0.02913
0.028844
0.028509
0.029476
0.027027
0.028356
0.028296
0.028649
0.026341
0.026178
0.027792
0.029324
0.028221
0.027136
0.028455
0.028821
0.029361
0.028519
0.029106
0.028308
0.028553
0.029341
0.02909
0.026359
0.029059
0.02936
0.027084
0.027411
0.02823
0.026928
0.028048
0.028283
0.028322
0.0285
0.028881
0.027884
0.029226
0.026364
0.026113
0.026134
0.028202
0.028295
0.026037
0.026146
0.026524
0.026297
0.026184
0.026233
0.026695
0.026354
0.028233
0.028249
0.026358
0.026152
0.027816
0.02812
0.028195
0.026291
0.027309
0.026364
0.026415
0.026256
0.026249
0.026268
0.026248
0.026909
0.026454
0.026233
0.026195
0.026253
0.026221
0.026267
0.026201
0.026184
0.026169
0.026213
0.026189
0.026245
0.026321
0.026246
0.026275
0.026193
0.026163
0.026193
0.026129
0.026972
0.026406
0.02623
0.026314
0.026237
0.026808
0.026913
0.026939
0.026463
0.026174
0.026859
0.026386
0.028342
0.026248
0.028181
0.02632
0.026218
0.026213
0.026253
0.026407
0.026258
0.028304
0.026485
0.026157
0.027922
0.026221
0.026157
0.026119
0.027333
0.02827
0.0264
0.026149
0.026162
0.026326
0.026213
0.026298
0.026325
0.026227
0.026269
0.026133
0.026132
0.026071
0.027082
0.026199
0.026396
0.026221
0.025975
0.025986
0.026516
0.026829
