0.19004
0.22088
0.055097
0.028116
0.036169
0.030768
0.025286
0.021221
0.021662
0.021014
0.021406
0.021139
0.021263
0.020787
0.021478
0.020849
0.021018
0.020771
0.021109
0.020691
0.0214
0.021617
0.021185
0.020749
0.020985
0.020694
0.021109
0.020938
0.021103
0.020777
0.021049
0.021141
0.021347
0.021019
0.02105
0.020807
0.021105
0.020896
0.021099
0.020656
0.021562
0.021256
0.021998
0.02079
0.021601
0.020823
0.021136
0.020695
0.020943
0.020653
0.020924
0.020597
0.020947
0.020739
0.020894
0.020613
0.021043
0.020617
0.02087
0.020608
0.020889
0.020607
0.021105
0.020791
0.020966
0.020637
0.020952
0.020626
0.020948
0.020601
0.02092
0.02064
0.021037
0.020517
0.020952
0.020708
0.021025
0.020462
0.020711
0.020517
0.020811
0.020335
0.020797
0.020399
0.020864
0.020853
0.020886
0.020446
0.020759
0.020439
0.02077
0.020448
0.021136
0.020464
0.020732
0.02056
0.020863
0.020451
0.020961
0.020489
0.021329
0.020985
0.021753
0.020379
0.020764
0.020481
0.020947
0.02069
0.020763
0.020502
0.020836
0.020811
0.021464
0.020895
0.021052
0.020841
0.021058
0.020527
0.020756
0.020377
0.020734
0.020486
0.020731
0.020467
0.020749
0.021008
0.021416
0.020964
0.021466
0.021017
0.021295
0.020775
0.021343
0.020616
0.020683
0.020388
0.020763
0.020342
0.020678
0.02036
0.020758
0.020417
0.020633
0.020343
0.020676
0.020365
0.02068
0.02037
0.020677
0.020332
0.020758
0.020466
0.021126
0.020457
0.020704
0.020591
0.020764
0.020412
0.020677
0.020361
0.02068
0.020321
0.020801
0.020459
0.020737
0.021749
0.022629
0.022233
0.022307
0.021828
0.022709
0.02178
0.023053
0.02237
0.022208
0.02234
0.021663
0.02148
0.021731
0.021585
0.021747
0.021224
0.021649
0.021233
0.021537
0.021328
0.021723
0.021256
0.021536
0.021195
0.022146
0.021133
0.022175
0.021179
0.021592
0.021872
0.022101
0.02185
0.021564
0.021816
0.022407
0.021229
0.021595
0.021259
0.021608
0.021231
0.022203
0.021346
0.021676
0.021238
0.021624
0.021259
0.022347
0.02128
0.020367
0.021905
0.021861
0.021281
0.021675
0.021272
0.022118
0.021237
0.0218
0.021824
0.021601
0.021557
0.022249
0.021905
0.021762
0.021296
0.021638
0.021236
0.021619
0.021889
0.022284
0.021905
0.022236
0.021939
0.021731
0.021241
0.021633
0.021254
0.021596
0.021331
0.02165
0.021287
0.021625
0.021244
0.02244
0.02131
0.02215
0.021916
0.022197
0.021804
0.022002
0.021277
0.021611
0.02133
0.021634
0.021225
0.02156
0.021241
0.02161
0.021221
0.021712
0.021273
0.02161
0.02119
0.02175
0.021327
0.021583
0.021274
0.021564
0.021205
0.021752
0.021257
0.021555
0.021236
0.021729
0.021227
0.022145
0.021277
0.021724
0.021481
0.021704
0.021271
0.021655
0.021319
0.021725
0.021239
0.021656
0.021333
0.021641
0.021246
0.021643
0.021362
0.021692
0.021349
0.021827
0.021272
0.022404
0.021386
0.021695
0.021284
0.021629
0.021259
0.02164
0.022008
0.02232
0.021379
0.022365
0.022004
0.022309
0.021967
0.021654
0.021342
0.021617
0.023863
0.022956
0.023133
0.022697
0.023185
0.023801
0.022858
0.023088
0.022262
0.023177
0.022152
0.021722
0.021878
0.021656
0.021251
0.021749
0.021605
0.022219
0.022006
0.022122
0.021654
0.023055
0.02125
0.021568
0.021266
0.021787
0.021224
0.021576
0.021502
0.021526
0.021205
0.021761
0.021216
0.021525
0.021238
0.021817
0.021394
0.021544
0.021216
0.021624
0.021206
0.021514
0.021296
0.022128
0.021937
0.021535
0.021251
0.021742
0.021344
0.021568
0.021352
0.021568
0.021266
0.021944
0.022047
0.021568
0.02121
0.021527
0.021206
0.023116
0.022111
0.02159
0.022783
0.022537
0.022126
0.022334
0.022166
0.023476
0.022848
0.022421
0.02306
0.023738
0.022893
0.023166
0.023664
0.023102
0.022119
0.023283
0.023104
0.022544
0.022833
0.023761
0.022851
0.023145
0.022121
0.023274
0.022791
0.02382
0.022843
0.022533
0.022203
0.023234
0.022259
0.022858
0.022213
0.02257
0.0222
0.022574
0.022149
0.022552
0.022166
0.022526
0.02219
0.023026
0.022258
0.02255
0.02222
0.022601
0.022154
0.022507
0.022265
0.022526
0.022172
0.023909
0.023534
0.023206
0.022134
0.023252
0.022125
0.023909
0.023792
0.021725
0.022222
0.023334
0.023206
0.023944
0.025084
0.023326
0.022958
0.022838
0.023
0.022966
0.023659
0.023639
0.024307
0.022919
0.023621
0.024273
0.023895
0.022956
0.022841
0.023632
0.023591
0.023719
0.023643
0.024005
0.024715
0.024538
0.024787
0.024294
0.023884
0.024102
0.024374
0.023801
0.024298
0.023862
0.024007
0.024171
0.024501
0.024307
0.023763
0.025056
0.02525
0.025076
0.025406
0.02434
0.024296
0.025136
0.024654
0.024579
0.0234
0.024816
0.024307
0.024609
0.02436
0.025342
0.025357
0.024766
0.02558
0.023895
0.024642
0.023986
0.024825
0.024744
0.025843
0.025784
0.026651
0.027052
0.028286
0.025726
0.025764
0.026529
0.02534
0.026485
0.025292
0.025487
0.024834
0.024978
0.02549
0.025345
0.02593
0.025672
0.02534
0.02594
0.025703
0.025784
0.025186
0.024741
0.025012
0.024394
0.025561
0.024186
0.024108
0.025025
0.023814
0.025084
0.024568
0.024959
0.025619
0.024546
0.023598
0.02454
0.025615
0.023987
0.025395
0.023846
0.025449
0.024372
0.023463
0.024528
0.024328
0.023541
0.024574
0.023848
0.023902
0.0239
0.024952
0.023484
0.024594
0.024429
0.024728
0.023873
0.023792
0.02349
0.02362
0.023542
0.023514
0.024661
0.023856
0.023821
0.023541
0.022727
0.022655
0.023032
0.022935
0.023645
0.023015
0.023737
0.02362
0.022796
0.022629
0.022689
0.022654
0.023125
0.022994
0.023075
0.02392
0.022665
0.022724
0.023775
0.02298
0.022669
0.022701
0.022772
0.022727
0.023085
0.023675
0.022714
0.024086
0.022723
0.023874
0.022991
0.023218
0.022868
0.022864
0.022905
0.022808
0.023916
0.022848
0.022824
0.022972
0.022988
0.023038
0.021886
0.023341
0.022504
0.022023
0.021986
0.021994
0.021999
0.021999
0.022046
0.022108
0.022076
0.022107
0.022129
0.022121
0.022173
0.022058
0.022203
0.064781
0.023856
0.021884
0.02135
0.021377
0.021504
0.021407
0.021346
0.021623
0.022289
0.021342
0.027037
0.022157
0.022876
0.022326
0.022267
0.022209
0.021319
0.022315
0.021421
0.021432
0.021894
0.02144
0.021487
0.021389
0.021363
0.021572
0.022285
0.022219
0.021388
0.022243
0.022222
0.021806
0.021302
0.021325
0.021411
0.021434
0.021385
0.021309
0.021396
0.021323
0.021367
0.021462
0.021414
0.021354
0.0215
0.021398
0.031015
0.024499
0.021507
0.021426
0.021443
0.021519
0.021463
0.021597
0.021408
0.021439
0.021571
0.021482
0.02155
0.02146
0.021439
0.021504
0.021481
0.021454
0.021444
0.021366
0.021556
0.021434
0.021415
0.021458
0.021382
0.021414
0.021435
0.021422
0.021536
0.021482
0.021511
0.021481
0.021478
0.021535
0.021472
0.021562
0.0215
0.021676
0.021688
0.021412
0.021518
0.021537
0.021425
0.02141
0.021464
0.021466
0.021529
0.021436
0.021512
0.021437
0.021457
0.021565
0.021442
0.021514
0.021549
0.021446
0.021503
0.021396
0.021453
0.032556
0.024052
0.023949
0.02412
0.024279
0.023745
0.023626
0.023593
0.023628
0.023644
0.023502
0.023729
0.024142
0.023721
0.023586
0.023584
0.021573
0.021737
0.021666
0.022062
0.021966
0.022398
0.021833
0.021733
0.021739
0.02187
0.021774
0.021844
0.021758
0.021704
0.024153
0.023725
0.021943
0.02374
0.021946
0.021824
0.021831
0.021935
0.021778
0.022464
0.023899
0.021875
0.021953
0.02197
0.021982
0.02191
0.021913
0.022123
0.022443
0.022042
0.022034
0.021976
0.021963
0.021986
0.022095
0.022029
0.022042
0.02263
0.022177
0.022296
0.022186
0.022176
0.022261
0.022256
0.022223
0.022217
0.022801
0.022462
0.022338
0.022356
0.022271
0.022368
0.022379
0.022373
0.022226
0.02222
0.022285
0.022406
0.022304
0.022412
0.022386
0.022263
0.023299
0.023131
0.023755
0.023244
0.023247
0.023287
0.023275
0.023343
0.023311
0.023305
0.023468
0.023604
0.023419
0.023312
0.023358
0.02253
0.02286
0.022456
0.024416
0.024484
0.02442
0.024403
0.022425
0.022466
0.022382
0.022348
0.022498
0.022417
0.022489
