0.19891
0.21545
0.059152
0.028898
0.040261
0.034839
0.028915
0.025835
0.025695
0.025102
0.02528
0.024596
0.025699
0.023997
0.024773
0.023686
0.02464
0.024102
0.023725
0.024312
0.0244
0.022732
0.022796
0.022651
0.022785
0.022631
0.023022
0.022645
0.022749
0.022614
0.022672
0.022837
0.022656
0.02214
0.022098
0.022692
0.022616
0.022742
0.022832
NaN
NaN
NaN
NaN
0.19504
0.22141
0.055544
0.028264
0.037193
0.030916
0.025209
0.021711
0.021551
0.021526
0.02109
0.023434
0.022628
0.022571
0.022907
0.023332
0.022344
0.022303
0.022316
0.022496
0.023027
0.021999
0.022055
0.022379
0.022491
0.062796
0.022615
0.021434
0.021244
0.021526
0.021445
0.026667
0.021364
0.021456
0.022676
0.022526
0.022008
0.023091
0.021131
0.022624
0.024951
0.024777
0.025077
0.023366
0.023105
0.02249
0.022559
0.021896
0.022155
0.021957
0.022584
0.022606
0.022345
0.022791
0.022691
0.022791
0.022033
0.022852
0.022646
0.022969
0.022533
0.022728
0.022815
0.023005
0.022143
0.024258
0.023346
0.023642
0.023629
0.022698
0.022857
0.023083
0.024538
0.024656
0.023978
0.024759
0.024452
0.02431
0.023535
0.024315
0.024361
0.024658
0.024124
0.023809
0.024337
0.024133
0.023746
0.022861
0.022832
0.022953
0.022887
0.02277
0.023062
0.022429
0.022864
0.022084
0.021363
0.021729
0.021653
0.021486
0.022051
0.022116
0.02194
0.021778
0.021577
0.021305
0.021357
0.021317
0.02134
0.021287
0.021778
0.022182
0.021801
0.021546
0.021427
0.021351
0.021482
0.02102
0.022063
0.022022
0.02192
