0.0090
0.0170
0.0170
0.0170
0.0180
0.0170
0.0170
0.0180
0.0170
0.0170
0.0180
0.0170
0.0170
0.0170
0.0180
0.0170
0.0170
0.0170
0.0170
0.0170
0.0170
0.0170
0.0170
0.0170
0.0170
0.0160
0.0160
0.0170
0.0170
0.0170
0.0160
0.0170
0.0170
NaN
NaN
NaN
NaN
0.0090
0.0150
0.0159
0.0160
0.0160
0.0150
0.0160
0.0150
0.0160
0.0150
0.0150
0.0150
0.0150
0.0150
0.0150
0.0150
0.0160
0.0150
0.0150
0.0150
0.0150
0.0150
0.0150
0.0150
0.0140
0.0150
0.0150
0.0150
0.0140
0.0170
0.0150
0.0150
0.0150
0.0140
NaN
NaN
NaN
NaN
0.0090
0.0160
0.0160
0.0160
0.0160
0.0160
0.0160
0.0160
0.0160
0.0160
0.0160
0.0160
0.0160
0.0150
0.0150
0.0260
0.0150
0.0160
0.0160
0.0160
0.0170
0.0150
0.0150
0.0150
0.0150
0.0190
0.0160
0.0160
0.0160
0.0160
0.0180
0.0160
0.0160
0.0160
0.0160
0.0160
0.0160
0.0160
0.0160
0.0160
0.0160
0.0160
0.0160
0.0160
0.0160
0.0160
0.0160
0.0160
0.0160
0.0170
0.0170
0.0170
0.0160
0.0170
0.0160
0.0170
0.0180
0.0170
0.0160
0.0160
0.0160
0.0170
0.0170
0.0170
0.0160
0.0170
0.0160
0.0160
0.0170
0.0170
0.0170
0.0210
0.0170
0.0170
0.0170
0.0170
0.0230
0.0170
0.0160
0.0170
0.0170
0.0170
0.0170
0.0160
0.0170
0.0170
0.0170
0.0170
0.0160
0.0160
0.0170
0.0160
0.0160
0.0160
0.0170
0.0170
0.0180
0.0170
0.0160
0.0170
0.0170
0.0160
0.0170
0.0170
0.0160
0.0170
0.0250
0.0160
0.0160
0.0160
0.0160
0.0170
0.0150
0.0170
0.0160
0.0160
0.0200
0.0160
0.0160
0.0160
0.0160
0.0200
0.0160
0.0160
0.0170
0.0170
0.0170
0.0170
0.0160
0.0170
0.0160
0.0160
0.0160
NaN
NaN
NaN
NaN
0.0089
0.0160
0.0160
0.0170
0.0160
0.0160
0.0170
0.0160
0.0160
0.0160
0.0170
0.0160
0.0160
0.0170
0.0169
0.0160
0.0170
0.0160
0.0239
0.0160
0.0160
0.0160
0.0160
0.0160
0.0160
0.0160
0.0159
0.0160
0.0170
0.0160
0.0160
0.0160
0.0170
0.0230
0.0160
0.0170
0.0160
0.0160
0.0170
0.0160
0.0170
0.0160
0.0170
0.0200
0.0160
0.0170
0.0160
0.0170
0.0230
0.0160
0.0160
0.0170
0.0160
0.0170
NaN
NaN
NaN
NaN
0.0090
0.0160
0.0170
0.0160
0.0170
0.0170
0.0160
0.0170
0.0160
0.0170
0.0170
0.0200
0.0160
0.0170
0.0160
0.0160
0.0170
0.0160
0.0180
0.0160
0.0170
0.0160
0.0160
0.0160
0.0160
0.0170
0.0160
0.0160
0.0160
0.0260
0.0170
0.0160
0.0170
0.0160
0.0160
0.0160
0.0170
0.0160
0.0170
0.0170
0.0160
0.0170
0.0160
0.0170
0.0160
0.0160
0.0170
0.0160
0.0160
0.0170
0.0160
0.0170
0.0160
0.0170
0.0250
0.0170
0.0160
0.0160
0.0160
0.0170
0.0160
0.0160
0.0160
0.0160
0.0190
0.0170
0.0160
0.0170
0.0160
0.0230
0.0170
0.0160
0.0170
0.0160
0.0170
0.0160
0.0160
0.0170
0.0160
0.0170
0.0170
0.0160
0.0170
0.0160
0.0200
0.0170
0.0160
0.0160
0.0160
0.0170
0.0160
0.0170
0.0169
0.0170
0.0170
0.0160