1
291.2537,155.9147,88.7032,195.5963
290.7041,155.3650,88.7032,195.5963
289.0551,152.6167,88.7032,195.5963
287.4061,153.1664,88.7032,195.5963
284.6578,154.8154,88.7032,195.5963
283.0088,154.2657,88.7032,195.5963
280.2605,155.9147,88.7032,195.5963
279.7108,155.3650,88.7032,195.5963
276.9625,155.9147,88.7032,195.5963
275.3135,155.3650,88.7032,195.5963
281.0275,160.0996,86.8116,191.4251
273.9279,155.1914,88.7323,195.6604
268.9793,154.6415,88.7323,195.6604
266.2300,154.0917,88.7323,195.6604
262.4064,157.7678,86.8401,191.4879
262.9445,155.0772,86.8401,191.4879
258.1014,153.4629,86.8401,191.4879
256.4871,151.8485,86.8401,191.4879
255.9490,151.3104,86.8401,191.4879
255.3189,152.8335,84.9882,187.4043
256.8988,149.1470,84.9882,187.4043
254.2656,147.5670,84.9882,187.4043
252.6857,144.9338,84.9882,187.4043
250.0524,142.3006,84.9882,187.4043
247.4192,140.7206,84.9882,187.4043
240.7113,146.2721,83.1758,183.4079
235.1400,148.7245,81.4020,179.4967
231.6322,151.1246,79.6661,175.6688
230.1025,153.4735,77.9672,171.9227
226.7206,152.9904,77.9672,171.9227
224.3049,152.5073,77.9672,171.9227
2
0
0
0
0
1
310.5810,134.8858,78.8585,141.6866
310.1513,134.4561,78.8585,141.6866
316.3766,150.4634,77.1768,138.6651
310.0683,139.9495,77.1768,138.6651
306.2833,136.1646,77.1768,138.6651
303.3394,134.9029,77.1768,138.6651
302.9189,134.4824,77.1768,138.6651
300.8161,134.9029,77.1768,138.6651
298.7133,133.6413,77.1768,138.6651
296.6106,133.2207,77.1768,138.6651
295.3489,132.8002,77.1768,138.6651
294.9284,132.3796,77.1768,138.6651
291.9845,131.9591,77.1768,138.6651
290.7228,130.6974,77.1768,138.6651
288.6201,130.2769,77.1768,138.6651
286.5173,131.5385,77.1768,138.6651
284.4146,131.1180,77.1768,138.6651
281.4707,129.8563,77.1768,138.6651
279.3680,128.5947,77.1768,138.6651
277.2652,127.3330,77.1768,138.6651
293.0862,137.3239,75.5310,135.7080
279.5038,131.9733,75.5310,135.7080
275.7996,129.9154,75.5310,135.7080
276.2112,128.6807,75.5310,135.7080
275.7996,128.2691,75.5310,135.7080
275.3880,127.0343,75.5310,135.7080
275.7996,126.6227,75.5310,135.7080
275.3880,128.6806,75.5310,135.7080
277.4459,129.9154,75.5310,135.7080
277.8575,129.5038,75.5310,135.7080
277.4459,130.7386,75.5310,135.7080
276.2112,128.6806,75.5310,135.7080
2
0
0
0
0
1
353.7545,147.4730,83.7624,147.3998
353.3038,147.0222,83.7624,147.3998
354.6559,146.5715,83.7624,147.3998
353.3038,146.1208,83.7624,147.3998
353.7545,145.6701,83.7624,147.3998
353.3038,146.1208,83.7624,147.3998
353.7545,145.6701,83.7624,147.3998
358.5574,145.9385,81.9761,144.2564
354.5875,146.3796,81.9761,144.2564
354.1464,145.0563,81.9761,144.2564
354.5875,144.6152,81.9761,144.2564
355.0286,144.1741,81.9761,144.2564
358.8788,146.1374,80.2280,141.1801
359.3105,146.5691,80.2280,141.1801
359.7422,147.0008,80.2280,141.1801
360.1739,145.7057,80.2280,141.1801
360.6056,147.0008,80.2280,141.1801
359.3105,145.7057,80.2280,141.1801
362.3324,147.8642,80.2280,141.1801
363.6275,147.4325,80.2280,141.1801
360.6056,146.1374,80.2280,141.1801
361.9007,146.5691,80.2280,141.1801
362.3324,147.0008,80.2280,141.1801
359.3105,145.7057,80.2280,141.1801
363.1958,148.7276,80.2280,141.1801
366.2176,148.2959,80.2280,141.1801
361.4690,147.0008,80.2280,141.1801
364.4909,149.1593,80.2280,141.1801
359.7422,148.7276,80.2280,141.1801
352.1365,144.9264,82.0030,144.3037
345.2780,141.0410,83.8173,147.4965
340.1395,138.9414,85.6718,150.7598
341.5225,141.2464,85.6718,150.7598
337.3736,140.7854,85.6718,150.7598
339.6786,141.2464,85.6718,150.7598
341.0615,141.7074,85.6718,150.7598
333.8962,138.6048,87.5673,154.0954
334.3674,140.9607,87.5673,154.0954
330.1268,139.5471,87.5673,154.0954
331.5403,141.9031,87.5673,154.0954
326.3573,141.4319,87.5673,154.0954
326.8551,138.2606,89.5047,157.5047
322.5206,138.7422,89.5047,157.5047
322.0301,135.5008,91.4850,160.9895
321.5288,133.2092,93.5091,164.5514
318.0067,134.7186,93.5091,164.5514
318.5383,131.3322,95.5780,168.1921
320.0812,133.9036,95.5780,168.1921
320.5955,133.3894,95.5780,168.1921
323.1669,135.9608,95.5780,168.1921
323.6812,134.4179,95.5780,168.1921
323.1574,130.9566,97.6927,171.9134
316.3237,133.5849,97.6927,171.9134
311.5927,130.9566,97.6927,171.9134
349.6212,139.3763,95.6093,168.2473
329.8822,133.7788,97.7247,171.9697
321.9946,136.4081,97.7247,171.9697
314.9124,131.7778,99.8869,175.7746
315.4803,128.1604,102.0969,179.6636
314.9309,132.0060,102.0969,179.6636
317.6777,130.3579,102.0969,179.6636
324.8195,134.2035,102.0969,179.6636
320.9739,132.5554,102.0969,179.6636
319.3258,134.2035,102.0969,179.6636
317.6777,132.5554,102.0969,179.6636
315.9783,129.9979,104.3558,183.6386
314.2937,130.5594,104.3558,183.6386
314.8553,131.1209,104.3558,183.6386
315.4168,132.8055,104.3558,183.6386
318.2244,132.2440,104.3558,183.6386
319.9090,133.9286,104.3558,183.6386
321.5935,135.6131,104.3558,183.6386
324.4012,135.0516,104.3558,183.6386
324.9627,137.8592,104.3558,183.6386
325.5242,137.2977,104.3558,183.6386
328.3318,138.9822,104.3558,183.6386
328.8933,140.6668,104.3558,183.6386
328.3318,141.2283,104.3558,183.6386
328.8933,140.6668,104.3558,183.6386
347.8665,142.0837,102.1303,179.7225
334.1278,143.7323,102.1303,179.7225
332.4792,142.0837,102.1303,179.7225
331.9296,140.4350,102.1303,179.7225
331.3801,137.6873,102.1303,179.7225
330.8305,137.1377,102.1303,179.7225
332.4791,136.5882,102.1303,179.7225
330.9197,137.9748,99.9524,175.8898
332.5039,140.3687,97.8209,172.1389
333.0396,141.6968,95.7348,168.4680
332.5708,142.9966,93.6932,164.8754
335.0916,142.4924,93.6932,164.8754
334.6328,144.7364,91.6952,161.3594
336.1130,143.2562,91.6952,161.3594
338.5800,143.7496,91.6952,161.3594
340.0333,144.9945,89.7398,157.9183
341.4819,144.5116,89.7398,157.9183
341.9648,144.0288,89.7398,157.9183
342.4477,144.5116,89.7398,157.9183
341.9648,144.0288,89.7398,157.9183
344.3792,145.4774,89.7398,157.9183
345.8278,145.9603,89.7398,157.9183
347.2764,147.4089,89.7398,157.9183
345.8278,147.8918,89.7398,157.9183
338.8725,152.8335,87.8260,154.5507
345.0160,150.4707,87.8260,154.5507
349.2692,149.9981,87.8260,154.5507
350.6870,149.5255,87.8260,154.5507
353.1475,147.3255,89.7692,157.9701
335.9472,154.1312,87.8548,154.6013
338.3109,148.9311,87.8548,154.6013
340.6746,149.4039,87.8548,154.6013
344.9292,149.8766,87.8548,154.6013
350.1293,151.2948,87.8548,154.6013
357.2203,151.7675,87.8548,154.6013
364.3113,153.1857,87.8548,154.6013
370.4568,153.6585,87.8548,154.6013
374.7114,153.1857,87.8548,154.6013
377.1728,150.9850,89.7986,158.0219
381.5215,150.5018,89.7986,158.0219
384.0373,147.2497,91.7854,161.5181
388.4822,146.7559,91.7854,161.5181
393.9149,146.2620,91.7854,161.5181
397.3721,147.7436,91.7854,161.5181
396.8782,147.2497,91.7854,161.5181
397.3721,147.7436,91.7854,161.5181
400.7310,150.8939,89.8281,158.0737
402.1810,150.4106,89.8281,158.0737
402.6729,154.4255,87.9125,154.7027
407.8764,153.0064,87.9125,154.7027
411.1877,152.5333,87.9125,154.7027
412.6068,152.0603,87.9125,154.7027
2
0
0
0
0
1
315.5379,131.9068,98.3793,163.9968
318.1001,132.4192,98.3793,163.9968
318.6125,131.9068,98.3793,163.9968
322.1995,131.3944,98.3793,163.9968
322.7119,130.8819,98.3793,163.9968
324.2548,135.1001,96.2814,160.4995
326.7624,133.5956,96.2814,160.4995
328.2669,133.0941,96.2814,160.4995
329.7714,133.5956,96.2814,160.4995
330.2729,133.0941,96.2814,160.4995
331.7774,133.5956,96.2814,160.4995
332.2789,133.0941,96.2814,160.4995
333.7834,133.5956,96.2814,160.4995
334.2849,134.0971,96.2814,160.4995
337.7285,142.0924,94.2281,157.0768
333.5294,145.1865,92.2187,153.7271
338.8132,141.8241,92.2187,153.7271
339.2935,141.3437,92.2187,153.7271
338.8132,141.8241,92.2187,153.7271
346.7412,148.5560,90.2521,150.4488
341.5701,146.2055,90.2521,150.4488
340.1598,145.7354,90.2521,150.4488
339.6897,146.2055,90.2521,150.4488
340.1598,146.6756,90.2521,150.4488
340.6299,147.1457,90.2521,150.4488
339.2196,147.6158,90.2521,150.4488
339.6897,147.1457,90.2521,150.4488
340.1598,147.6158,90.2521,150.4488
339.6897,148.0860,90.2521,150.4488
338.2794,148.5561,90.2521,150.4488
337.8093,149.0262,90.2521,150.4488
335.4588,149.4963,90.2521,150.4488
333.1083,149.0262,90.2521,150.4488
330.7578,149.4963,90.2521,150.4488
328.4073,149.0262,90.2521,150.4488
325.1166,149.4963,90.2521,150.4488
323.7063,149.0262,90.2521,150.4488
320.4156,149.4963,90.2521,150.4488
323.7063,153.7272,90.2521,150.4488
326.9342,158.5031,88.3275,147.2405
317.2725,156.2028,88.3275,147.2405
314.0520,154.8225,88.3275,147.2405
311.7516,153.4423,88.3275,147.2405
309.4512,152.9822,88.3275,147.2405
307.1508,152.5221,88.3275,147.2405
304.8505,152.9822,88.3275,147.2405
301.6299,154.3624,88.3275,147.2405
299.3295,153.9024,88.3275,147.2405
296.1090,153.4423,88.3275,147.2405
293.8086,152.9822,88.3275,147.2405
291.5082,155.2826,88.3275,147.2405
288.1444,152.2217,90.2817,150.4982
2
0
0
0
0
1
387.3528,120.6636,72.9420,196.2173
385.8055,121.1794,72.9420,196.2173
382.1952,121.6951,72.9420,196.2173
374.4588,120.1479,72.9420,196.2173
377.0376,116.5375,72.9420,196.2173
370.3327,120.1479,72.9420,196.2173
368.7854,119.6321,72.9420,196.2173
367.2381,120.1479,72.9420,196.2173
364.6593,121.6951,72.9420,196.2173
361.0490,120.1479,72.9420,196.2173
365.3066,126.7141,71.3865,192.0330
356.7256,123.1808,71.3865,192.0330
351.1732,122.6760,71.3865,192.0330
348.6494,123.1808,71.3865,192.0330
345.1161,122.6760,71.3865,192.0330
341.5828,124.1903,71.3865,192.0330
336.0304,123.6855,71.3865,192.0330
332.4970,124.1903,71.3865,192.0330
328.0415,121.5422,72.9660,196.2817
325.4618,123.0900,72.9660,196.2817
324.9459,125.6697,72.9660,196.2817
330.6211,125.1538,72.9660,196.2817
329.0734,126.7015,72.9660,196.2817
325.4618,127.2175,72.9660,196.2817
320.8185,128.7653,72.9660,196.2817
316.1751,127.2175,72.9660,196.2817
311.5317,128.7653,72.9660,196.2817
306.8884,128.2493,72.9660,196.2817
310.1528,136.8069,71.4099,192.0959
303.5887,133.2724,71.4099,192.0959
299.0444,131.7576,71.4099,192.0959
296.5198,133.2724,71.4099,192.0959
295.0050,132.7675,71.4099,192.0959
294.5001,136.3020,71.4099,192.0959
295.0050,134.7872,71.4099,192.0959
292.4804,136.3020,71.4099,192.0959
291.9755,134.7872,71.4099,192.0959
292.4804,138.3217,71.4099,192.0959
291.9755,136.8069,71.4099,192.0959
292.4804,140.3414,71.4099,192.0959
290.9656,138.8266,71.4099,192.0959
291.4705,142.3611,71.4099,192.0959
290.9656,139.8365,71.4099,192.0959
292.4804,137.3118,71.4099,192.0959
290.9656,135.7970,71.4099,192.0959
289.4508,135.2921,71.4099,192.0959
286.9262,138.8266,71.4099,192.0959
286.4213,138.3217,71.4099,192.0959
284.9065,136.8069,71.4099,192.0959
282.3819,134.2822,71.4099,192.0959
280.8671,131.7576,71.4099,192.0959
278.3425,129.2330,71.4099,192.0959
298.0843,141.5014,69.8871,187.9994
282.7654,134.0890,69.8871,187.9994
275.3530,126.6766,69.8871,187.9994
272.8822,121.2409,69.8871,187.9994
270.4114,114.8168,69.8871,187.9994
269.1255,121.4528,71.4333,192.1589
274.6816,131.0496,71.4333,192.1589
271.1459,135.5954,71.4333,192.1589
270.6408,135.0903,71.4333,192.1589
268.2785,131.3925,73.0138,196.4104
268.0064,125.4703,74.6292,200.7560
271.7002,122.8318,74.6292,200.7560
271.1726,120.1933,74.6292,200.7560
271.7002,117.5549,74.6292,200.7560
269.0618,124.4149,74.6292,200.7560
267.4787,123.8872,74.6292,200.7560
268.0064,128.6364,74.6292,200.7560
272.7556,125.9979,74.6292,200.7560
279.6156,132.8579,74.6292,200.7560
282.2541,131.2749,74.6292,200.7560
284.1659,126.3166,76.2804,205.1977
287.9415,125.7772,76.2804,205.1977
284.1659,130.6315,76.2804,205.1977
278.2328,129.0134,76.2804,205.1977
270.1424,128.4741,76.2804,205.1977
294.3499,133.2614,74.6537,200.8218
304.3794,130.6220,74.6537,200.8218
308.0744,126.9270,74.6537,200.8218
309.6580,121.1205,74.6537,200.8218
311.2416,114.2582,74.6537,200.8218
309.6580,108.4517,74.6537,200.8218
310.1858,100.5338,74.6537,200.8218
310.7137,89.4486,74.6537,200.8218
308.0744,78.3634,74.6537,200.8218
305.4351,71.5012,74.6537,200.8218
298.5728,64.6389,74.6537,200.8218
278.5789,58.5837,76.3054,205.2650
265.9795,54.6337,77.9937,209.8065
259.9132,49.6703,77.9937,209.8065
262.6706,46.9129,77.9937,209.8065
269.8398,39.7437,77.9937,209.8065
289.1417,49.1188,77.9937,209.8065
291.8991,56.2881,77.9937,209.8065