1
274.9796,70.4730,21.0582,63.1135
275.1400,70.6334,21.0582,63.1135
275.3004,70.1521,21.0582,63.1135
274.1773,70.9543,21.0582,63.1135
273.0543,70.7938,21.0582,63.1135
273.2147,70.6334,21.0582,63.1135
273.6960,70.1521,21.0582,63.1135
274.4982,69.3499,21.0582,63.1135
275.0975,69.4840,21.5241,64.5098
275.9175,70.3039,21.5241,64.5098
275.7535,69.8120,21.5241,64.5098
275.9175,68.3361,21.5241,64.5098
275.7535,68.8280,21.5241,64.5098
275.9175,68.0081,21.5241,64.5098
276.0815,68.1721,21.5241,64.5098
274.6056,69.3200,21.5241,64.5098
272.8017,69.8120,21.5241,64.5098
273.6217,68.6640,21.5241,64.5098
273.1297,69.4840,21.5241,64.5098
274.2776,69.3200,21.5241,64.5098
274.7696,69.8120,21.5241,64.5098
275.5895,69.3200,21.5241,64.5098
275.4255,68.8280,21.5241,64.5098
275.2615,67.3521,21.5241,64.5098
275.0975,67.5161,21.5241,64.5098
276.2454,67.3521,21.5241,64.5098
275.4255,67.1881,21.5241,64.5098
273.9496,68.3361,21.5241,64.5098
274.4416,67.5161,21.5241,64.5098
274.2776,66.6962,21.5241,64.5098
273.7856,66.8602,21.5241,64.5098
274.6055,66.0402,21.5241,64.5098
275.4255,66.8602,21.5241,64.5098
275.5895,67.3521,21.5241,64.5098
275.7535,66.5322,21.5241,64.5098
275.9175,66.3682,21.5241,64.5098
276.0815,66.2042,21.5241,64.5098
276.2455,66.0402,21.5241,64.5098
275.4256,65.5483,21.5241,64.5098
273.9497,67.0242,21.5241,64.5098
274.4416,66.2042,21.5241,64.5098
273.6217,66.0402,21.5241,64.5098
273.4577,65.8763,21.5241,64.5098
274.4106,65.6730,22.0004,65.9371
275.2486,65.8406,22.0004,65.9371
275.4162,67.6844,22.0004,65.9371
274.9134,66.5111,22.0004,65.9371
275.4162,65.6730,22.0004,65.9371
274.9134,66.1759,22.0004,65.9371
275.7515,65.3378,22.0004,65.9371
276.2543,65.1702,22.0004,65.9371
274.4105,66.0083,22.0004,65.9371
273.9077,65.8406,22.0004,65.9371
274.0753,65.6730,22.0004,65.9371
273.2372,65.5054,22.0004,65.9371
273.7401,65.0026,22.0004,65.9371
274.9134,66.1759,22.0004,65.9371
275.7514,66.3435,22.0004,65.9371
274.9134,65.8406,22.0004,65.9371
274.7458,67.0140,22.0004,65.9371
274.9134,66.8463,22.0004,65.9371
275.7514,66.3435,22.0004,65.9371
276.2543,64.8349,22.0004,65.9371
274.0753,66.6787,22.0004,65.9371
273.5724,66.1759,22.0004,65.9371
273.7400,65.3378,22.0004,65.9371
273.5724,65.5054,22.0004,65.9371
274.7457,65.0025,22.0004,65.9371
274.5781,66.5111,22.0004,65.9371
275.0810,67.0139,22.0004,65.9371
273.2372,66.5111,22.0004,65.9371
273.0696,65.6730,22.0004,65.9371
272.9020,65.5054,22.0004,65.9371
274.4105,65.6730,22.0004,65.9371
275.2486,64.1645,22.0004,65.9371
276.0867,62.6559,22.0004,65.9371
273.5724,64.8349,22.0004,65.9371
272.7343,64.3321,22.0004,65.9371
273.5724,63.4940,22.0004,65.9371
274.7457,61.9854,22.0004,65.9371
274.5781,64.1644,22.0004,65.9371
272.3893,66.3215,21.5312,64.5310
270.5849,64.5171,21.5312,64.5310
271.0770,64.0249,21.5312,64.5310
272.2253,62.8767,21.5312,64.5310
273.7017,62.0564,21.5312,64.5310
275.8342,60.5801,21.5312,64.5310
276.6544,61.0722,21.5312,64.5310
275.1780,59.9239,21.5312,64.5310
274.3578,62.3845,21.5312,64.5310
274.5218,62.2205,21.5312,64.5310
276.3263,60.7441,21.5312,64.5310
276.8184,63.8609,21.5312,64.5310
276.9825,66.6496,21.5312,64.5310
276.1623,68.4541,21.5312,64.5310
276.6544,67.3058,21.5312,64.5310
277.1465,65.8294,21.5312,64.5310
278.2948,68.6181,21.5312,64.5310
279.5883,64.3302,22.0076,65.9587
280.7621,63.4918,22.0076,65.9587
279.9237,60.3061,22.0076,65.9587
280.4267,60.4738,22.0076,65.9587
279.2530,62.6535,22.0076,65.9587
278.8356,62.4457,22.4945,67.4181
278.6642,59.8750,22.4945,67.4181
278.5932,57.5289,22.9922,68.9097
277.0166,55.9523,22.9922,68.9097
277.3075,55.0083,23.5009,70.4343
277.1284,56.6197,23.5009,70.4343
277.7973,57.1409,24.0208,71.9927
276.9619,55.0154,24.5523,73.5855
277.7646,54.5379,24.0287,72.0163
278.3138,53.2564,24.0287,72.0163
278.8631,52.7072,24.0287,72.0163
278.7872,53.2400,24.5604,73.6097
2
0
0
0
0
1
266.3597,73.2683,39.6822,57.5796
266.9316,72.6964,39.6822,57.5796
267.8849,72.8870,39.6822,57.5796
269.2194,71.9338,39.6822,57.5796
270.1726,71.3619,39.6822,57.5796
270.3633,72.3151,39.6822,57.5796
270.1726,74.0309,39.6822,57.5796
270.3633,72.6964,39.6822,57.5796
270.5539,72.8870,39.6822,57.5796
271.1259,71.5525,39.6822,57.5796
271.3165,72.5057,39.6822,57.5796
272.2698,73.8403,39.6822,57.5796
272.8417,72.5057,39.6822,57.5796
271.8884,71.1712,39.6822,57.5796
271.2517,69.9408,40.5602,58.8536
271.4465,69.3562,40.5602,58.8536
272.0311,69.1614,40.5602,58.8536
272.2260,70.1357,40.5602,58.8536
272.4208,71.1100,40.5602,58.8536
271.3656,68.6394,41.4576,60.1557
271.1136,68.5939,42.3748,61.4867
272.5387,68.3903,42.3748,61.4867
273.1495,67.7795,42.3748,61.4867
272.8919,67.3105,43.3124,62.8471
270.6029,65.4377,43.3124,62.8471
269.9787,64.8135,43.3124,62.8471
270.6029,65.8539,43.3124,62.8471
271.2272,64.8135,43.3124,62.8471
271.8515,65.4377,43.3124,62.8471
270.3948,64.3973,43.3124,62.8471
271.0191,65.0216,43.3124,62.8471
271.2272,64.8135,43.3124,62.8471
272.2676,64.6054,43.3124,62.8471
272.8919,64.3973,43.3124,62.8471
270.6029,63.7730,43.3124,62.8471
271.2272,63.1488,43.3124,62.8471
271.4353,61.6921,43.3124,62.8471
271.6434,61.9002,43.3124,62.8471
272.2677,61.2760,43.3124,62.8471
272.4758,61.0679,43.3124,62.8471
271.4353,61.6921,43.3124,62.8471
272.0596,61.9002,43.3124,62.8471
273.1000,63.3569,43.3124,62.8471
273.7243,61.9002,43.3124,62.8471
274.3246,60.5573,44.2707,64.2375
274.9627,61.1954,44.2707,64.2375
276.8770,60.9827,44.2707,64.2375
271.1343,61.1954,44.2707,64.2375
270.4962,60.5573,44.2707,64.2375
270.2835,62.4715,44.2707,64.2375
270.4962,61.8335,44.2707,64.2375
271.1343,61.1954,44.2707,64.2375
272.2213,61.2653,43.3266,62.8677
272.8839,63.3401,42.4026,61.5270
273.9251,63.7998,41.4984,60.2149
274.5232,63.6004,41.4984,60.2149
271.5326,64.1985,41.4984,60.2149
272.1307,63.9992,41.4984,60.2149
271.1339,63.0023,41.4984,60.2149
270.9345,62.4042,41.4984,60.2149
270.3364,63.0023,41.4984,60.2149
269.7383,63.9992,41.4984,60.2149
270.3364,63.7998,41.4984,60.2149
269.7383,63.6004,41.4984,60.2149
270.3729,64.0503,40.6134,58.9308
270.5680,63.8552,40.6134,58.9308
271.1534,64.0503,40.6134,58.9308
270.5017,62.3862,41.5120,60.2347
269.9033,63.7822,41.5120,60.2347
269.7039,63.9817,41.5120,60.2347
268.3078,62.9845,41.5120,60.2347
268.5072,63.5828,41.5120,60.2347
268.7067,64.1811,41.5120,60.2347
269.3050,63.5828,41.5120,60.2347
269.1056,64.9789,41.5120,60.2347
269.7039,63.9817,41.5120,60.2347
269.5698,65.9696,40.6267,58.9501
270.1554,64.6033,40.6267,58.9501
271.1530,65.0437,39.7604,57.6930
270.5150,65.0000,40.6401,58.9695
270.2680,63.7400,41.5392,60.2742
269.6692,63.5404,41.5392,60.2742
269.5351,63.6060,40.6534,58.9888
268.9492,65.3638,40.6534,58.9888
268.7538,65.5591,40.6534,58.9888
268.9492,64.1919,40.6534,58.9888
269.1445,66.3404,40.6534,58.9888
268.9492,65.7544,40.6534,58.9888
268.7538,64.7779,40.6534,58.9888
268.5585,64.1919,40.6534,58.9888
269.5351,63.9966,40.6534,58.9888
269.7304,64.9732,40.6534,58.9888
268.7538,64.3872,40.6534,58.9888
268.5585,65.7544,40.6534,58.9888
268.7167,63.6834,41.5528,60.2939
268.5171,65.0809,41.5528,60.2939
269.1160,64.4820,41.5528,60.2939
268.5171,63.4838,41.5528,60.2939
269.1160,63.2841,41.5528,60.2939
268.5171,65.4801,41.5528,60.2939
268.3174,65.2805,41.5528,60.2939
268.5171,65.0809,41.5528,60.2939
269.5152,64.0827,41.5528,60.2939
269.3156,64.6816,41.5528,60.2939
269.1159,63.6834,41.5528,60.2939
268.5170,63.8830,41.5528,60.2939
268.7167,65.2805,41.5528,60.2939
268.1178,66.2787,41.5528,60.2939
268.3684,67.1140,40.6667,59.0081
268.9545,66.1371,40.6667,59.0081
268.3684,66.3325,40.6667,59.0081
268.1731,66.5279,40.6667,59.0081
267.5869,66.7232,40.6667,59.0081
267.3398,65.0569,41.5665,60.3137
267.5395,64.8572,41.5665,60.3137
268.1386,64.2581,41.5665,60.3137
267.9388,64.4578,41.5665,60.3137
267.7391,63.4593,41.5665,60.3137
267.5394,64.8572,41.5665,60.3137
268.1385,65.8557,41.5665,60.3137
267.9388,65.2566,41.5665,60.3137
268.1385,65.0569,41.5665,60.3137
267.9388,65.2566,41.5665,60.3137
267.7391,65.4563,41.5665,60.3137
267.1400,65.6560,41.5665,60.3137
268.1305,64.3672,42.4861,61.6481
267.9264,63.7549,42.4861,61.6481
267.3140,62.7343,42.4861,61.6481
266.2934,62.1219,42.4861,61.6481
265.6810,63.5507,42.4861,61.6481
265.4228,64.3512,43.4261,63.0121
264.7969,65.8116,43.4261,63.0121
265.4228,64.3512,43.4261,63.0121
264.7969,64.1425,43.4261,63.0121
264.5329,62.3632,44.3869,64.4062
263.8932,63.0029,44.3869,64.4062
264.5329,64.0692,44.3869,64.4062
264.7462,63.4294,44.3869,64.4062
265.3859,61.9367,44.3869,64.4062
265.5992,60.8704,44.3869,64.4062
266.2144,58.1667,45.3690,65.8312
266.8432,55.8554,46.3728,67.2878
265.7293,59.1973,46.3728,67.2878
265.0609,60.7568,46.3728,67.2878
264.3925,60.5341,46.3728,67.2878
264.6153,60.3113,46.3728,67.2878
264.3925,60.5341,46.3728,67.2878
264.1698,59.8657,46.3728,67.2878
264.0200,62.0863,45.3839,65.8528
265.5539,59.3219,46.3880,67.3098
265.7767,59.0990,46.3880,67.3098
265.9996,58.8761,46.3880,67.3098
266.2225,57.7618,46.3880,67.3098
265.9996,59.3219,46.3880,67.3098
264.8853,61.7734,46.3880,67.3098
263.7710,62.4420,46.3880,67.3098
264.4396,61.7734,46.3880,67.3098
264.6625,61.5505,46.3880,67.3098
264.4396,62.2191,46.3880,67.3098
263.3253,63.3334,46.3880,67.3098
263.5481,63.1106,46.3880,67.3098
265.5539,61.1048,46.3880,67.3098
266.1969,57.3543,47.4143,68.7990
267.3267,54.9388,48.4634,70.3212
266.6282,54.7060,48.4634,70.3212
265.9297,57.7329,48.4634,70.3212
267.5677,54.7808,49.5356,71.8771
268.7481,52.2573,50.6316,73.4674
267.9356,50.6874,51.7518,75.0928
268.6529,47.5351,52.8968,76.7543
268.3314,43.7857,54.0672,78.4524
268.5418,39.4143,55.2634,80.1882
268.2059,38.8027,56.4861,81.9624
267.9345,41.2451,56.4861,81.9624
267.5912,40.6199,57.7359,83.7758
267.3138,40.8973,57.7359,83.7758
267.5384,37.3805,59.0133,85.6293
267.8220,34.2617,59.0133,85.6293
268.6725,33.4112,59.0133,85.6293
268.9560,34.8288,59.0133,85.6293
269.2395,35.6793,59.0133,85.6293
270.6571,37.0970,59.0133,85.6293
270.3736,39.6487,59.0133,85.6293
271.2761,40.8350,57.7548,83.8033
272.1594,43.0658,56.5231,82.0161
270.4064,45.7725,55.3178,80.2671
270.6722,47.1013,55.3178,80.2671
270.9380,46.8355,55.3178,80.2671
271.7353,47.6328,55.3178,80.2671
272.5326,48.4301,55.3178,80.2671
274.4032,50.5668,54.1381,78.5554
288.7689,54.6635,52.9836,76.8802
293.0141,52.2937,51.8537,75.2407
292.3664,52.8558,50.7479,73.6362
291.1474,51.1491,50.7479,73.6362
290.4159,49.9301,50.7479,73.6362
289.6845,52.6120,50.7479,73.6362
288.4654,49.9301,50.7479,73.6362
286.6393,46.8389,51.8707,75.2654
291.3742,48.0849,51.8707,75.2654
293.6170,48.8325,51.8707,75.2654
293.3678,51.0754,51.8707,75.2654
291.6234,53.3182,51.8707,75.2654
288.3837,55.0627,51.8707,75.2654
279.6615,55.8103,51.8707,75.2654
276.9202,53.5674,51.8707,75.2654
276.1726,52.8198,51.8707,75.2654
274.5639,55.7841,50.7645,73.6603
276.2711,54.0769,50.7645,73.6603
276.0272,56.7597,50.7645,73.6603
275.7833,57.9792,50.7645,73.6603
274.5639,59.1986,50.7645,73.6603
271.3933,60.9059,50.7645,73.6603
272.6127,62.6131,50.7645,73.6603
274.3200,59.4425,50.7645,73.6603
273.1005,57.2475,50.7645,73.6603
271.3933,57.9792,50.7645,73.6603
269.3487,57.5892,49.6820,72.0895
268.6326,54.4862,49.6820,72.0895
268.3940,55.6797,49.6820,72.0895
268.1553,54.9636,49.6820,72.0895
270.2955,55.9623,48.6225,70.5521
270.0619,57.5975,48.6225,70.5521
272.1643,58.2983,48.6225,70.5521
270.0619,57.1303,48.6225,70.5521
269.8282,58.7655,48.6225,70.5521
273.3322,57.1303,48.6225,70.5521
274.9765,58.5581,47.5856,69.0476
274.8228,59.5146,46.5708,67.5751
273.7041,58.8434,46.5708,67.5751
273.0329,58.1722,46.5708,67.5751
274.1516,57.0535,46.5708,67.5751
273.4803,56.3822,46.5708,67.5751
272.8091,57.0535,46.5708,67.5751
275.2703,58.6197,46.5708,67.5751
276.3890,59.2909,46.5708,67.5751
277.5077,58.1722,46.5708,67.5751
276.8365,57.5009,46.5708,67.5751
280.1926,57.2772,46.5708,67.5751
282.6301,59.0760,45.5777,66.1341
281.0973,59.7329,45.5777,66.1341
280.4404,62.1416,45.5777,66.1341
279.7835,60.6088,45.5777,66.1341
280.4404,59.9519,45.5777,66.1341
279.7835,57.9811,45.5777,66.1341
281.7542,57.3242,45.5777,66.1341
281.0973,60.1709,45.5777,66.1341
283.9439,60.3898,45.5777,66.1341
285.4767,59.7329,45.5777,66.1341
284.8198,60.8278,45.5777,66.1341
287.2285,61.0468,45.5777,66.1341
289.1993,60.3899,45.5777,66.1341
291.1700,62.3606,45.5777,66.1341
290.5131,66.0831,45.5777,66.1341
287.2285,65.4262,45.5777,66.1341
287.4475,63.0175,45.5777,66.1341
287.2285,60.1709,45.5777,66.1341
288.3234,61.2657,45.5777,66.1341
289.4182,62.3606,45.5777,66.1341
290.5131,63.8934,45.5777,66.1341
293.7977,64.5503,45.5777,66.1341
297.5202,59.9519,45.5777,66.1341
297.3012,60.6088,45.5777,66.1341
302.4766,58.2869,46.5861,67.5973
306.2815,56.7202,46.5861,67.5973
306.5054,60.5251,46.5861,67.5973
306.2815,64.3300,46.5861,67.5973
304.7148,62.7633,46.5861,67.5973
306.7292,61.1965,46.5861,67.5973
305.6101,58.7346,46.5861,67.5973
305.3863,57.1678,46.5861,67.5973
306.9530,59.1822,46.5861,67.5973
308.9673,60.7489,46.5861,67.5973
311.8769,57.8393,46.5861,67.5973
313.8913,52.6915,46.5861,67.5973
315.0104,51.1248,46.5861,67.5973
316.5771,52.6915,46.5861,67.5973
316.3533,55.1535,46.5861,67.5973
318.3676,59.8536,46.5861,67.5973
317.6961,63.2109,46.5861,67.5973
316.5771,57.6155,46.5861,67.5973
315.0104,55.6011,46.5861,67.5973
314.3389,57.6155,46.5861,67.5973
313.6675,58.7346,46.5861,67.5973
313.5170,61.3969,45.5926,66.1558
312.9475,62.3134,44.6204,64.7450
315.3056,59.9553,44.6204,64.7450
315.0912,58.4547,44.6204,64.7450
314.0193,56.0966,44.6204,64.7450
313.8050,57.5972,44.6204,64.7450
315.3056,61.6703,44.6204,64.7450
315.9487,66.1721,44.6204,64.7450
314.4481,69.3877,44.6204,64.7450
310.8037,61.4559,44.6204,64.7450
307.5881,57.8116,44.6204,64.7450
309.9462,60.1697,44.6204,64.7450
307.5881,59.5265,44.6204,64.7450
309.5175,63.1709,44.6204,64.7450
311.4468,65.5290,44.6204,64.7450
313.8049,62.7421,44.6204,64.7450
313.5905,60.3840,44.6204,64.7450
315.0912,61.0271,44.6204,64.7450
316.5918,64.6715,44.6204,64.7450
318.0924,70.0308,44.6204,64.7450
319.5930,73.2464,44.6204,64.7450
318.9499,70.0308,44.6204,64.7450
317.0205,65.5290,44.6204,64.7450
315.6367,58.5742,43.6688,63.3643
315.4269,60.8820,43.6688,63.3643
314.3778,60.2526,43.6688,63.3643
316.2661,65.0781,43.6688,63.3643
317.7347,66.5467,43.6688,63.3643
321.2335,65.4024,42.7376,62.0130
323.0815,63.1438,42.7376,62.0130
324.9294,64.5810,42.7376,62.0130
327.1880,68.8929,42.7376,62.0130
329.4466,75.6687,42.7376,62.0130
329.2413,76.6954,42.7376,62.0130
328.5555,73.6660,43.6831,63.3851
327.9259,69.2588,43.6831,63.3851
326.0371,65.2712,43.6831,63.3851
324.9006,63.0458,44.6496,64.7874
324.6861,61.9733,44.6496,64.7874
325.7587,66.0490,44.6496,64.7874
326.8312,67.5506,44.6496,64.7874
330.4780,63.4749,44.6496,64.7874
333.2666,60.6862,44.6496,64.7874
336.0553,59.1846,44.6496,64.7874
339.2730,58.9701,44.6496,64.7874
340.7746,60.4717,44.6496,64.7874
340.1310,61.1152,44.6496,64.7874
340.7499,58.3955,45.6375,66.2209
340.5306,58.1762,45.6375,66.2209
340.3113,55.3259,45.6375,66.2209
338.6691,55.7307,46.6472,67.6860
337.5485,57.2995,46.6472,67.6860
340.0137,62.4540,46.6472,67.6860
342.9272,68.0568,46.6472,67.6860
346.7371,66.0398,46.6472,67.6860
349.6505,63.5746,46.6472,67.6860
351.2193,62.0058,46.6472,67.6860
352.3398,63.5746,46.6472,67.6860
351.6675,66.9362,46.6472,67.6860
350.5470,70.7461,46.6472,67.6860
348.5300,69.1773,46.6472,67.6860
346.9612,64.9192,46.6472,67.6860
345.7476,60.2177,47.6793,69.1836
342.1306,60.6407,48.7342,70.7142
340.4916,59.9382,48.7342,70.7142
339.3209,65.3234,48.7342,70.7142
338.1503,69.3037,48.7342,70.7142
338.4442,66.6726,47.6949,69.2062
340.5065,64.6103,47.6949,69.2062
339.8191,64.3812,47.6949,69.2062
338.6733,65.9852,47.6949,69.2062
336.6111,70.3389,47.6949,69.2062
334.5488,75.6092,47.6949,69.2062
332.9448,76.2967,47.6949,69.2062
329.5076,71.4846,47.6949,69.2062
326.9870,68.5058,47.6949,69.2062
324.7952,69.8798,48.7502,70.7374
323.6241,73.3930,48.7502,70.7374
326.6689,79.2484,48.7502,70.7374
327.8306,79.6808,49.8288,72.3025
332.4952,74.1619,50.9312,73.9022
336.2476,63.4435,52.0581,75.5373
336.9979,61.1925,52.0581,75.5373
337.7482,63.4435,52.0581,75.5373
339.4989,66.6949,52.0581,75.5373
337.6256,71.3084,53.2099,77.2085
336.3474,72.5866,53.2099,77.2085
333.9022,68.8150,54.3872,78.9168
329.7763,65.5021,55.5905,80.6628
327.7758,64.3327,56.8204,82.4475
328.0488,61.8758,56.8204,82.4475
330.5057,67.6086,56.8204,82.4475
329.1408,72.7953,56.8204,82.4475
327.0961,70.4671,58.0776,84.2716
329.0590,63.4556,59.3625,86.1361
328.1064,56.8807,60.6759,88.0419
327.2319,55.4231,60.6759,88.0419
326.3573,58.6297,60.6759,88.0419
325.3837,62.7973,62.0184,89.9898
323.8939,67.8626,62.0184,89.9898
319.8073,63.4666,63.3905,91.9809
314.6300,56.4619,63.3905,91.9809
308.8435,55.5483,63.3905,91.9809
309.1481,58.2892,63.3905,91.9809
312.4981,67.1212,63.3905,91.9809
314.6300,76.5623,63.3905,91.9809
313.7163,75.6487,63.3905,91.9809
314.6300,69.8622,63.3905,91.9809
315.5086,62.2092,64.7931,94.0159
313.9521,59.4076,64.7931,94.0159
311.6206,60.6283,66.2266,96.0960
307.2567,64.5169,67.6919,98.2222
301.0776,77.2003,67.6919,98.2222
288.5193,83.1994,69.1895,100.3953
273.6139,87.9517,70.7204,102.6166
257.6449,82.8552,70.7204,102.6166
243.0349,79.7973,70.7204,102.6166
236.9649,83.9498,72.2851,104.8870
232.4502,96.1047,72.2851,104.8870
232.1029,99.2303,72.2851,104.8870
238.0068,94.0210,72.2851,104.8870
245.2997,86.0335,72.2851,104.8870
260.2330,84.2971,72.2851,104.8870
273.0825,88.1172,72.2851,104.8870
283.1537,91.9373,72.2851,104.8870
291.1413,94.3683,72.2851,104.8870
290.0994,95.4102,72.2851,104.8870
286.2793,97.8411,72.2851,104.8870
279.6809,97.4939,72.2851,104.8870
275.8608,94.3683,72.2851,104.8870
270.6515,96.7993,72.2851,104.8870
268.4097,99.5913,70.7436,102.6502
265.5605,102.3238,69.2349,100.4612
269.8847,107.9785,69.2349,100.4612
272.2131,104.3196,69.2349,100.4612
273.2110,103.3217,69.2349,100.4612
269.5521,102.3238,69.2349,100.4612
275.2068,109.3090,69.2349,100.4612
282.1920,116.2943,69.2349,100.4612
283.8552,115.9617,69.2349,100.4612
288.1793,116.9595,69.2349,100.4612
295.6503,119.6338,67.7585,98.3188
301.3179,120.9103,69.2576,100.4941
308.7913,134.4897,67.7807,98.3510
308.4657,139.3743,67.7807,98.3510
313.2687,148.8976,66.3353,96.2537
314.2832,153.3029,64.9206,94.2010
314.0736,141.9815,63.5362,92.1922
317.9874,123.8403,62.1813,90.2261
316.6349,118.7556,60.8552,88.3020
315.3111,123.9241,59.5575,86.4190
318.4283,141.6690,58.2874,84.5761
323.6383,152.0178,57.0444,82.7725
321.1717,146.8106,57.0444,82.7725
318.3460,136.8627,55.8279,81.0073
315.5804,133.3316,54.6373,79.2798
311.8618,139.4901,53.4722,77.5891
303.3841,144.8851,53.4722,77.5891
302.7162,151.9027,52.3319,75.9345
297.2158,153.9241,51.2159,74.3152
291.5565,144.3277,51.2159,74.3152
288.5451,133.0246,50.1237,72.7304
286.5263,131.2469,49.0548,71.1794
282.9912,135.2534,49.0548,71.1794
280.8701,141.1454,49.0548,71.1794
283.8919,144.8574,48.0087,69.6615
280.4321,143.7041,48.0087,69.6615
276.7901,143.1728,49.0709,71.2028
275.1398,143.8801,49.0709,71.2028
274.4325,146.9449,49.0709,71.2028
273.7253,144.8231,49.0709,71.2028
276.2936,148.9908,48.0244,69.6843
277.4728,157.5174,47.0003,68.1983
278.1916,160.2034,45.9980,66.7440
278.4691,156.8680,45.0171,65.3206
281.7133,154.4889,45.0171,65.3206
282.7947,156.4354,45.0171,65.3206
283.8760,154.0563,45.0171,65.3206
287.8999,154.9613,44.0571,63.9276
291.4982,156.4430,44.0571,63.9276
291.7099,154.1146,44.0571,63.9276
294.4238,152.9601,43.1175,62.5644
297.1168,154.8245,43.1175,62.5644
295.5652,157.7860,44.0715,63.9486
293.1006,158.6163,45.0466,65.3635
295.4583,160.7735,44.0860,63.9696
296.1325,163.2929,43.1458,62.6054
297.5916,167.3570,42.2257,61.2703
298.2002,171.6172,42.2257,61.2703
297.9435,171.9918,43.1600,62.6259
298.9803,168.0520,43.1600,62.6259
301.6760,164.9416,43.1600,62.6259
300.6392,166.8079,43.1600,62.6259
296.6994,167.8446,43.1600,62.6259
290.8437,167.7972,44.1149,64.0115
287.4970,167.3090,45.0909,65.4278
284.6808,167.5256,45.0909,65.4278
280.9980,169.0421,45.0909,65.4278
277.3153,170.5585,45.0909,65.4278
276.6654,170.7751,45.0909,65.4278
278.6151,172.2916,45.0909,65.4278
280.1391,170.4440,46.0886,66.8754
283.8318,169.2363,45.1057,65.4492
285.3572,168.4720,44.1438,64.0535
287.2659,166.5633,44.1438,64.0535
289.1747,164.6545,44.1438,64.0535
291.5076,162.7458,44.1438,64.0535
293.8180,161.1801,43.2024,62.6876
297.2796,158.4476,42.2811,61.3507
299.9203,157.0256,42.2811,61.3507
302.1333,158.6588,41.3795,60.0424
303.9225,159.2552,41.3795,60.0424
304.5553,156.6379,40.4971,58.7620
304.3092,154.5748,41.3930,60.0621
306.4757,153.4901,40.5103,58.7812
301.0923,152.4286,39.6464,57.5277
285.1754,156.1630,38.8010,56.3009
283.1248,156.3494,38.8010,56.3009
284.4369,157.4888,37.9735,55.1003
286.0727,157.1971,37.1637,53.9253
287.6737,158.2883,36.3712,52.7753
288.9036,158.3458,35.5956,51.6498
290.4370,158.4020,34.8365,50.5484
292.2603,158.4570,34.0936,49.4704
293.0793,157.9657,34.0936,49.4704
292.9692,157.7038,33.3665,48.4155
293.1705,157.1384,32.6550,47.3830
293.6411,156.0402,32.6550,47.3830
292.3259,155.7894,31.9586,46.3725
290.9441,156.5571,31.9586,46.3725
290.2489,157.1995,31.2771,45.3836
291.9018,155.8471,31.2771,45.3836
292.0905,155.0275,30.6101,44.4158
292.5586,150.2565,29.9573,43.4686
292.7393,148.0842,29.3185,42.5416
2
0
0
0
0
1
265.2382,167.3364,15.8193,31.9857
263.8469,167.8002,15.8193,31.9857
262.6134,168.3124,16.1693,32.6934
263.8459,170.1136,16.1693,32.6934
262.9785,170.0470,16.5271,33.4168
261.6898,169.5768,16.8927,34.1561
254.2072,168.6852,17.2665,34.9118
251.2714,167.5716,17.2665,34.9118
249.5504,167.2679,17.2665,34.9118
247.8294,168.1790,17.2665,34.9118
246.1084,168.0778,17.2665,34.9118
244.5899,168.9889,17.2665,34.9118
241.8566,168.8876,17.2665,34.9118
239.7307,167.9765,17.2665,34.9118
238.0609,168.4464,16.8983,34.1673
235.3858,167.7528,16.8983,34.1673
233.7016,168.4464,16.8983,34.1673
231.6210,168.3473,16.8983,34.1673
229.3422,169.2390,16.8983,34.1673
227.6580,169.1399,16.8983,34.1673
225.2598,168.8357,16.5379,33.4387
224.0343,168.7250,16.1852,32.7256
223.0178,168.0678,15.8401,32.0277
223.8133,167.7827,15.5023,31.3447
223.1901,168.5550,15.1717,30.6763
220.8655,169.4822,14.8481,30.0221
218.0871,172.7392,14.5315,29.3819
216.6387,171.4612,14.5315,29.3819
214.9752,170.6942,14.8530,30.0319
214.5398,172.0004,14.8530,30.0319
214.7821,176.0978,14.5363,29.3915
2
0
0
0
0
1
188.6691,166.4294,14.6555,29.9345
188.7421,166.3318,14.3430,29.2962
187.1819,167.7047,14.0371,28.6714
185.6082,168.1188,14.0371,28.6714
183.3718,169.1956,14.0371,28.6714
182.2950,168.1188,14.0371,28.6714
181.2182,167.8703,14.0371,28.6714
179.6445,167.1249,14.0371,28.6714
177.9051,166.8764,14.0371,28.6714
177.1596,166.9592,14.0371,28.6714
176.5798,167.7047,14.0371,28.6714
175.0061,167.9532,14.0371,28.6714
173.5980,169.0299,14.0371,28.6714
171.1959,169.2784,14.0371,28.6714
170.2848,168.3673,14.0371,28.6714
170.3676,168.4501,14.0371,28.6714
169.7878,167.7047,14.0371,28.6714
168.7111,167.6219,14.0371,28.6714
167.7999,167.0421,14.0371,28.6714
167.2150,167.6702,14.3477,29.3058
166.9610,167.7548,14.3477,29.3058
166.0297,167.3315,14.3477,29.3058
165.2851,167.8888,14.0417,28.6808
164.8758,167.4759,13.7423,28.0692
164.4752,167.2280,13.4492,27.4706
165.0011,167.7504,13.1624,26.8848
163.7191,167.6628,12.8817,26.3115
164.0762,167.2840,12.6070,25.7504
164.7457,167.0608,12.6070,25.7504
164.0914,167.6939,12.3382,25.2012
164.8923,167.6211,12.3382,25.2012
165.2343,167.6793,12.0751,24.6638
165.5691,168.1483,11.8176,24.1379
165.4935,168.0696,11.5656,23.6231
165.4195,168.7819,11.3189,23.1193
165.8621,168.7065,11.0775,22.6263
166.9252,168.6328,10.8413,22.1438
166.8612,168.9526,10.8413,22.1438
167.2851,168.5105,10.6101,21.6716
167.4729,169.0740,10.6101,21.6716
168.0364,168.6357,10.6101,21.6716
168.7251,169.0740,10.6101,21.6716
168.2951,168.7619,10.3838,21.2094
168.5830,169.0471,10.1624,20.7571
168.1712,168.7483,9.9457,20.3145
168.2207,169.0215,9.7336,19.8813
168.0477,169.2888,9.5260,19.4573
168.4411,169.0077,9.5260,19.4573
167.8228,169.4012,9.5260,19.4573
168.3589,168.7777,9.7368,19.8878
168.6289,168.6022,9.5291,19.4637
168.2353,168.7709,9.5291,19.4637
168.7413,169.1645,9.5291,19.4637
167.7855,169.6705,9.5291,19.4637
167.6168,169.1645,9.5291,19.4637
167.5605,169.2207,9.5291,19.4637
167.5043,169.3894,9.5291,19.4637
168.0406,169.2324,9.7400,19.8943
168.2130,168.8301,9.7400,19.8943
167.4659,169.8071,9.7400,19.8943
167.8467,170.6286,9.5323,19.4701
168.3529,171.1348,9.5323,19.4701
167.8467,172.0910,9.5323,19.4701
168.5779,172.3722,9.5323,19.4701
169.5812,172.3319,9.7432,19.9008
172.1576,171.8135,9.9587,20.3411
174.9195,172.1073,9.9587,20.3411
175.6834,172.5187,9.9587,20.3411
176.2993,171.8860,9.7464,19.9074
177.6221,169.6431,9.7464,19.9074
179.0598,168.5504,9.7464,19.9074
180.3826,168.9530,9.7464,19.9074
180.6924,170.8211,9.9620,20.3478
181.5352,170.7547,9.7496,19.9139
182.5132,171.7327,9.7496,19.9139
184.4117,172.3656,9.7496,19.9139
186.8854,171.6177,9.7496,19.9139
188.8666,171.5765,9.9653,20.3545
189.7935,171.0462,10.1858,20.8048
191.2397,172.3750,10.4111,21.2651
192.8455,171.9486,10.6415,21.7356
195.0079,172.0338,10.8769,22.2165
197.3513,170.9224,11.1176,22.7081
200.1722,169.8072,11.1176,22.7081
202.3370,169.2168,11.1176,22.7081
204.5018,169.8072,11.1176,22.7081
205.4859,170.2664,11.1176,22.7081
206.6011,171.2504,11.1176,22.7081
208.1099,171.1849,11.1176,22.7081
210.6684,169.6760,11.1176,22.7081
211.9148,168.6920,11.1176,22.7081
212.5052,167.8392,11.1176,22.7081
213.8251,168.6504,10.8805,22.2238
214.7882,168.2010,10.8805,22.2238
215.7512,167.4947,10.8805,22.2238
219.6420,165.5658,10.6484,21.7499
221.7155,164.7490,10.6484,21.7499
222.1844,164.8343,10.8840,22.2311
221.1978,164.9216,11.1248,22.7229
2
0
0
0
0
1
244.4993,171.5919,18.7847,26.8431
248.1675,171.5024,18.7847,26.8431
250.0463,170.6972,18.7847,26.8431
252.8198,169.1762,18.7847,26.8431
256.1301,168.0132,18.7847,26.8431
259.2615,167.7448,18.7847,26.8431
262.0350,168.3710,18.7847,26.8431
265.0760,169.2808,19.2003,27.4370
268.2766,168.4578,19.2003,27.4370
270.7457,167.4518,19.2003,27.4370
272.7155,166.6739,19.6251,28.0440
276.7347,166.2066,19.6251,28.0440
279.4453,167.0478,19.6251,28.0440
281.4082,168.0760,19.6251,28.0440
283.9319,168.9172,19.6251,28.0440
287.8848,170.2556,20.0593,28.6645
292.5661,169.7779,20.0593,28.6645
293.6171,167.1983,20.0593,28.6645
291.8018,169.0136,20.0593,28.6645
290.7509,170.4466,20.0593,28.6645
289.8911,171.3065,20.0593,28.6645
2
0
0
0
0
1
330.9567,170.4287,16.8414,27.1846
332.7641,171.0312,16.8414,27.1846
334.5714,171.8057,16.8414,27.1846
333.4029,170.7014,17.2140,27.7860
332.2085,169.9376,17.5949,28.4008
330.6146,168.7839,17.9842,29.0292
329.3668,167.6046,18.3821,29.6714
2
0
0
0
0
1
365.3106,168.3514,10.4640,32.2905
365.7174,169.2465,10.4640,32.2905
366.4498,169.3279,10.4640,32.2905
366.5873,169.7305,10.6956,33.0049
367.6686,168.9819,10.6956,33.0049
367.2527,168.7324,10.6956,33.0049
367.8349,168.1502,10.6956,33.0049
368.0844,168.0670,10.6956,33.0049
368.8330,168.1502,10.6956,33.0049
369.4152,168.2333,10.6956,33.0049
370.3301,168.4829,10.6956,33.0049
370.0806,168.0670,10.6956,33.0049
369.0131,166.7526,10.9322,33.7352
367.7455,165.9384,11.1741,34.4815
366.0945,166.5467,11.1741,34.4815