0.19282
0.22728
0.058559
0.029393
0.040587
0.035202
0.029345
0.024735
0.024511
0.023337
0.023769
0.023813
0.02206
0.022628
0.02736
0.023753
0.02351
0.023465
0.022874
0.022955
0.02597
0.025729
0.02466
0.023501
0.022798
0.023721
0.023448
0.024837
0.023125
0.02343
0.022938
0.027899
0.023474
0.025564
0.023638
0.023554
NaN
NaN
NaN
NaN
0.19627
0.25532
0.056427
0.029515
0.037082
0.0333
0.027684
0.02524
0.025242
0.024922
0.024695
0.024188
0.024774
0.024573
0.023847
0.024558
0.024702
0.02482
0.024306
0.024871
0.025182
0.024425
0.024307
0.024761
0.025019
0.024897
0.024552
0.025482
0.025041
0.024927
0.023788
0.02554
0.024518
0.025188
0.024956
0.024913
0.024579
0.023685
0.022978
NaN
NaN
NaN
NaN
0.19315
0.22401
0.057603
0.031795
0.038336
0.033257
0.026848
0.023455
0.02484
0.02521
0.023882
0.024116
0.025121
0.023682
0.024835
0.024582
0.023924
