1
332.6614,38.0472,41.0000,41.0000
332.5000,27.8780,41.0000,41.0000
334.2557,19.6258,39.7485,39.7485
337.2290,16.3395,39.7485,39.7485
342.9998,15.2248,38.5351,38.5351
347.0961,23.2656,38.5351,38.5351
353.9142,30.3871,39.7667,39.7667
357.5152,35.8668,39.7667,39.7667
362.3686,46.3564,39.7667,39.7667
368.7683,57.4530,38.5528,38.5528
365.5809,66.1046,38.5528,38.5528
365.7327,62.9172,38.5528,38.5528
364.6515,61.2289,37.3760,37.3760
356.2639,51.0756,37.3760,37.3760
345.5039,42.6699,36.2351,36.2351
338.7990,36.5356,36.2351,36.2351
330.9444,33.5314,37.3931,37.3931
324.8998,28.0757,38.5882,38.5882
320.4851,23.0533,39.8215,39.8215
318.1242,20.6924,41.0942,41.0942
321.1783,22.4521,39.8398,39.8398
321.3351,28.2556,39.8398,39.8398
325.2471,29.9717,41.1131,41.1131
328.6462,31.7522,41.1131,41.1131
331.3779,32.5415,39.8581,39.8581
334.0262,33.3068,38.6414,38.6414
339.3321,31.3103,37.4619,37.4619
337.9960,26.7295,38.6591,38.6591
339.6613,22.9155,39.8947,39.8947
346.7199,24.3198,41.1697,41.1697
354.9863,25.1303,41.1697,41.1697
366.8090,32.0904,42.4855,42.4855
373.3117,46.6219,41.1886,41.1886
372.1566,53.8991,39.9313,39.9313
2
0
0
0
0
1
394.0778,112.6813,45.1297,38.8906
392.5302,106.9361,46.5720,40.1336
383.7695,93.5026,48.0604,41.4162
377.2865,71.4290,46.5934,40.1520
361.7582,47.0273,46.5934,40.1520
348.9601,25.0146,46.5934,40.1520
331.7254,11.5340,46.5934,40.1520
318.1827,13.4520,48.0825,41.4353
323.6712,23.7696,46.6148,40.1704
300.2826,14.3800,46.6148,40.1704
300.8234,19.6026,45.1918,38.9442
306.2852,22.0852,45.1918,38.9442
308.4367,26.2229,45.1918,38.9442
311.6091,23.6726,43.8123,37.7554
309.4649,20.3416,45.2126,38.9621
308.3058,16.8643,45.2126,38.9621
305.4909,11.0689,45.2126,38.9621
301.6223,7.6313,46.6576,40.2073
307.6316,10.1246,45.2333,38.9800
301.1106,9.9987,46.6790,40.2258
298.1423,10.2107,48.1709,41.5114
306.4340,7.9172,48.1709,41.5114
322.0711,-0.3321,49.7104,42.8381
330.5616,-1.1987,51.2991,44.2072
328.0509,0.9130,52.9387,45.6201
321.6529,3.8212,52.9387,45.6201
321.8468,7.1171,52.9387,45.6201
327.0815,8.8620,52.9387,45.6201
325.3691,3.1603,51.3227,44.2275
323.3015,-4.5461,51.3227,44.2275
312.8954,-2.0575,52.9630,45.6410
313.4068,-5.3085,54.6557,47.0997
308.3299,-7.4623,56.4025,48.6050
291.1099,-3.4880,58.2051,50.1584
285.2769,18.0930,60.0653,51.7615
290.2566,59.2820,61.9850,53.4158
296.4239,67.1346,60.0929,51.7853
2
0
0
0
0
1
286.1128,148.3867,77.9018,84.6024
261.5209,130.0842,80.3916,87.3063
240.7637,110.5366,82.9609,90.0966
224.1113,87.6395,85.6123,92.9761
220.1458,91.5190,82.9990,90.1380
193.2634,80.1968,85.6516,93.0188
193.6528,11.5474,88.3891,95.9917
159.9053,1.7497,88.3891,95.9917
151.4566,21.7215,85.6910,93.0615
136.3671,2.2926,88.4296,96.0358
130.2344,5.4775,91.2559,99.1051
117.1621,21.5022,94.1724,102.2725
132.2819,21.0278,97.1821,105.5411
145.4911,26.9218,100.2881,108.9142
150.8878,23.9461,103.4933,112.3951
148.8091,12.3777,106.8009,115.9872
