0.19877
0.21791
0.059601
0.03144
0.040141
0.035421
0.029587
0.024693
0.024345
0.023957
0.024086
0.024122
0.024548
0.024037
0.024357
0.022809
0.022904
0.022571
0.022653
0.022799
0.023729
0.023676
0.02333
0.022686
0.023344
0.023257
0.022635
0.023678
0.023265
0.023467
0.022955
0.024102
0.022979
0.023137
0.023051
0.023024
0.02282
0.023774
0.023747
0.022735
0.023434
0.024027
0.024647
0.023497
0.024179
0.023572
0.023346
0.022661
0.023397
0.022621
0.022671
0.022544
0.022581
0.022763
0.02264
0.023515
0.023571
0.022653
0.022605
0.022608
0.02292
0.022581
0.022685
0.022993
0.022612
0.022577
0.022615
0.022494
0.022592
0.022573
0.022463
0.022748
0.022592
0.02259
0.022588
0.023569
0.022632
0.022467
0.022451
0.022362
0.022313
0.02234
0.022366
0.022461
0.022368
0.022433
0.022351
0.022331
0.022318
0.022287
0.022358
0.022255
0.022751
0.022425
0.023252
0.022446
0.023066
0.022452
0.022353
0.022396
0.023147
0.02332
0.022893
0.022353
0.022389
0.022653
0.022396
0.022373
0.022449
0.022332
0.023376
0.023356
0.024147
0.024178
0.02313
0.024324
0.024822
0.023697
0.024931
0.024375
0.024868
0.023072
0.02326
0.023132
0.023753
0.023899
0.023903
0.023802
0.023688
0.024003
0.069361
0.029453
0.023022
0.023008
0.023432
0.023286
0.022882
0.02351
0.022896
0.02298
0.02318
NaN
NaN
NaN
NaN
0.19525
0.22462
0.057039
0.028207
0.037873
0.032233
0.026781
0.023446
0.02355
0.023417
0.023281
0.022693
NaN
NaN
NaN
NaN
0.18998
0.22002
0.055129
0.028393
0.036438
0.031402
0.025624
0.022048
0.022639
0.021866
0.021798
0.021741
0.021689
0.021693
0.022712
0.021908
0.021574
0.021756
0.021648
0.021594
0.022027
0.021805
0.02166
0.02164
0.021703
0.021637
0.022062
0.022217
0.021589
0.021571
0.021621
0.022164
0.021905
0.021793
0.021665
0.021528
0.021698
0.021664
0.021468
0.021579
0.021989
0.022017
0.022407
0.021652
0.022076
0.021478
0.021585
NaN
NaN
NaN
NaN
0.19383
0.22504
0.057179
0.029821
0.038018
0.03426
0.026581
0.023309
0.02352
0.023164
0.022563
0.022313
0.023208
0.022975
0.023774
0.022168
0.022889
0.022988
0.02343
0.022981
0.023559
0.025107
0.024489
0.024394
0.024497
0.023989
0.023453
0.024391
0.024769
0.024374
0.024723
0.024628
0.024354
0.024238
0.024188
0.023287
0.023602
0.023849
0.023765
0.023165
0.025596
0.024994
0.025969
0.024835
0.025637
0.024624
0.024662
0.02355
0.024666
0.023159
0.024018
0.023866
0.024577
0.024967
0.024623
0.023997
0.023952
0.024625
0.022777
0.022178
0.023147
0.022358
0.022782
0.023116
0.022566
0.023072
0.023659
0.022893
0.024514
0.024062
0.024267
0.022993
0.023619
0.023684
NaN
NaN
NaN
NaN
0.19309
0.22151
0.055772
0.02868
0.036849
0.030831
0.025252
0.021332
0.021716
0.021276
0.02401
0.022847
0.022744
0.021917
0.023305
0.022204
0.022593
0.022211
0.021989
0.021721
0.022767
0.022298
0.022204
0.02183
0.022205
0.022146
0.021914
0.021781
0.021185
0.021041
0.021377
0.021217
0.021461
0.021116
0.021088
0.062729
0.027433
0.021532
0.021615
0.021406
0.022157
0.022062
0.022402
0.019407
0.022135
0.021223
0.021371
0.02986
0.021548
0.023057
0.022251
0.0223
0.022807
0.02286
0.022926
0.02268
0.022884
0.022826
0.022959
0.0227
0.02278
0.022833
0.022303
0.022464
0.022308
0.022814
0.022496
0.022501
0.022975
0.022324
0.022281
0.022136
0.022787
0.022344
0.022821
0.022388
