0.20097
0.23065
0.065084
0.038032
0.046056
0.041052
0.035435
0.031417
0.031547
0.031159
0.031569
0.031103
0.03102
0.031119
0.031442
0.029978
0.029957
0.029935
0.030002
0.030344
0.071959
0.031371
0.030111
0.030055
0.030368
0.029834
0.029869
0.030296
0.029762
0.029717
0.029816
0.030093
0.030045
0.029927
0.029806
0.02975
0.029846
0.029872
0.02971
0.029801
0.030126
0.030051
0.030374
0.034879
0.030401
0.039121
0.029762
0.029969
0.029721
0.029758
0.029771
0.029831
0.029751
0.029958
0.02986
0.029772
0.029773
0.029666
0.029703
0.029754
0.02956
0.029744
0.029726
0.030126
0.029887
0.029732
0.029737
0.029773
0.029805
0.029708
0.029553
0.029757
0.029788
0.029679
0.029652
0.029805
0.029657
0.0296
0.029582
0.029775
0.029573
0.029606
0.029912
0.029592
0.029839
0.029645
0.029596
0.029521
0.029648
0.02956
0.029595
0.029584
0.029796
0.029689
0.029897
0.029769
0.029721
0.029604
0.029566
0.029545
0.030037
0.030109
0.029587
0.029557
0.029671
0.029553
0.029567
0.029629
0.029799
0.029619
0.029562
0.029993
0.03021
0.029739
0.029656
0.029793
0.029549
0.029586
0.029735
0.029653
0.029633
0.029568
0.0296
0.029769
0.029573
0.030233
0.030215
0.03003
0.030042
0.030044
0.029818
0.029561
0.028331
0.029609
0.029749
0.029634
0.029608
0.029541
0.029721
0.029536
0.029554
0.02955
0.02963
0.029569
0.029674
0.029831
0.029908
0.029576
0.029767
0.02961
0.029652
0.02959
0.029725
0.029595
0.029613
0.029655
0.029676
0.02971
0.029688
0.029868
0.02966
0.029638
0.029589
0.029614
0.029573
0.029563
0.029584
0.029716
0.03077
0.030194
0.030139
0.030086
0.030198
0.030012
0.029831
0.029557
0.029495
0.029629
0.029765
0.029655
0.029699
0.029453
0.029446
0.029452
0.02944
0.029342
0.029445
0.029394
0.029468
0.029313
0.029464
0.029426
0.0295
0.029451
0.029388
0.029413
0.029407
0.029368
0.029341
0.029359
0.02939
0.029323
0.029573
0.029341
0.029412
0.029332
0.029435
0.029422
0.029359
0.029424
0.029548
0.02949
0.029397
0.029432
0.02935
0.0294
0.029444
0.029363
0.029398
0.029326
0.0294
0.029477
0.029388
0.029398
0.029391
0.029463
0.029447
0.029381
0.02944
0.029405
0.029414
0.02933
0.029394
0.029387
0.029357
0.029386
0.029536
0.029295
0.029303
0.029309
0.029268
0.029323
0.029305
0.029302
0.029335
0.0294
0.029324
0.029342
0.029393
0.029329
0.029719
0.029779
0.029633
0.029395
0.029428
0.02946
0.029331
0.029314
0.029661
0.029396
0.029317
0.029473
0.029527
0.029387
0.029516
0.029387
0.029438
0.029576
0.029454
0.029529
0.02954
0.029688
0.029482
0.029563
0.029463
0.029444
0.029552
0.029455
0.029552
0.029478
0.029477
0.029462
0.029555
0.029566
0.029526
0.02959
0.02954
0.029557
0.029464
0.029428
0.029442
0.029464
0.029479
0.029464
0.029704
0.029478
0.029512
0.029483
0.029485
0.029705
0.029378
0.029454
0.029563
0.029466
0.029425
0.029406
0.029313
0.029305
0.02931
0.02942
0.029229
0.029258
0.029418
0.029398
0.029372
0.029266
0.029296
0.029277
0.029288
0.029361
0.029224
0.029343
0.029418
0.029255
0.029439
0.029368
0.029227
0.029309
0.029226
0.029377
0.029379
0.029388
0.029276
0.02951
0.029655
0.029875
0.029727
0.029971
0.029371
0.029405
0.029257
0.029333
0.029258
0.029216
0.029384
0.029248
0.029227
0.02911
0.029179
0.029211
0.029245
0.02923
0.029269
0.029176
0.029244
0.029213
0.029242
0.029117
0.029109
0.029
0.029144
0.029135
0.029081
0.029115
0.029141
0.029157
0.029065
0.02915
0.029163
0.029146
0.029145
0.029068
0.029165
0.029179
0.029092
0.029158
0.02913
0.029175
0.029105
0.029229
0.029242
0.029162
0.029143
0.029113
0.029125
0.029181
0.029161
0.028976
0.029214
0.029107
0.029137
0.029172
0.029136
0.029223
0.029163
0.029149
0.029098
0.02914
0.029083
0.029189
0.029172
0.029103
0.029145
0.029199
0.029245
0.029087
0.029157
0.029312
0.029142
0.029151
0.029129
0.029184
0.029211
0.029222
0.029198
0.029266
0.029239
0.029157
0.029109
0.029247
0.029265
0.029078
0.029231
0.029324
0.029206
0.029139
0.029225
0.029288
0.029247
0.029156
0.029243
0.029177
0.029158
0.029259
0.02919
0.029269
0.029306
0.029188
0.029118
0.029266
0.029155
0.029172
0.029223
0.02917
0.02911
0.029108
0.029061
0.029129
0.029173
0.02901
0.029133
0.029041
0.029175
0.029261
0.029185
0.028989
0.029196
0.029044
0.029001
0.029122
0.029094
0.029123
0.029026
0.029201
0.029043
0.029115
0.028951
0.029034
0.02914
0.029028
0.02906
0.029041
0.029092
0.029166
0.028978
0.029074
0.028998
0.029046
0.029024
0.029075
0.029091
0.029129
0.02916
0.029105
0.029018
0.029108
0.029011
0.029201
0.029059
0.029156
0.029037
0.029199
0.028971
0.029044
0.029112
0.029265
0.02909
0.029149
0.029101
0.029208
0.029487
0.029516
0.02992
0.029682
0.029742
0.029847
0.029349
0.0292
0.029085
0.029174
0.029273
0.029171
0.029243
0.029323
0.029196
0.029226
0.029266
0.029255
0.029105
0.029204
0.029424
0.029367
0.029351
0.029228
0.02923
0.029323
0.02918
0.029152
0.029302
0.029184
0.029181
0.029164
0.029261
0.029231
0.029233
0.029294
0.02925
0.029202
0.029273
0.029093
0.029183
0.029237
0.029221
0.029114
0.02908
0.029213
0.02908
0.029212
0.029236
0.029233
0.029183
0.029168
0.02912
0.029282
0.029169
0.029124
0.029147
0.029214
