0.0269
0.0269
0.0279
0.0279
0.0269
0.0279
0.0279
0.0279
0.0279
0.0289
0.0269
0.0269
0.0269
0.0279
0.0279
0.0269
0.0279
0.0269
0.0279
0.0279
0.0279
0.0269
0.0269
0.0269
0.0269
0.0279
0.0279
0.0269
0.0279
0.0279
0.0269
0.0329
0.0269
0.0279
0.0269
0.0269
0.0279
0.0279
0.0279
0.0279
0.0279
0.0269
NaN
NaN
NaN
NaN
0.0289
0.0399
0.0389
0.0389
0.0379
0.0379
0.0389
0.0369
0.0369
0.0359
0.0359
0.0359
0.0359
0.0359
0.0359
0.0349
0.0349
0.0339
0.0339
0.0339
0.0339
0.0349
0.0349
0.0359
0.0359
0.0359
0.0359
0.0349
0.0359
0.0359