0.1896
0.22038
0.054414
0.027543
0.034201
0.029315
0.023272
0.01978
0.019518
0.019594
0.019131
0.019482
0.018999
0.019405
0.019368
0.019648
0.019553
0.019667
0.019144
0.019988
0.019581
0.019552
0.018999
0.019353
0.018942
0.019484
0.018938
0.019567
0.019032
0.019398
0.018961
0.019793
0.019279
0.019683
0.060135
0.020996
0.019419
0.019517
0.0193
0.019309
0.019788
0.019977
0.020315
0.01952
0.019875
0.019343
0.019444
0.019286
0.01932
0.01936
0.019504
0.019247
0.01932
0.01947
0.019329
0.019333
0.019241
0.019322
0.019325
0.01928
NaN
NaN
NaN
NaN
0.19598
0.2207
0.053893
0.067868
0.035674
0.030528
0.023521
0.020497
0.01994
0.019608
0.019522
0.019603
0.019468
0.019561
0.019929
NaN
NaN
NaN
NaN
0.18705
0.21837
0.052816
0.025906
0.034384
0.029358
0.023297
0.019841
0.06175
0.026232
0.028917
0.022875
0.030405
0.022026
0.022201
0.021619
0.02201
0.021545
0.021413
0.021495
0.01967
0.019454
0.019731
0.019477
0.019439
0.019583
0.019309
0.019773
0.019358
0.019412
0.019329
0.019802
0.019623
0.019976
0.019886
0.019808
0.019385
0.019504
0.019283
0.01937
0.019737
0.019765
0.020002
0.019524
0.020125
0.01933
0.019224
0.019161
0.01923
0.019167
0.019187
0.019248
0.019251
0.01925
0.019183
0.019272
0.019261
0.019163
0.019377
0.019268
0.019247
0.019288
0.019311
0.019495
0.01931
0.019299
0.019225
0.01917
0.019287
0.019185
0.019239
0.019183
0.019199
0.019136
0.019191
0.019346
0.019179
0.019095
0.019221
0.019075
0.019075
0.019077
0.016858
0.019173
0.019172
0.019244
0.019679
0.019414
0.019119
0.019097
0.019103
0.019156
0.019746
0.019116
0.019219
0.019197
0.019168
0.019129
0.019122
0.019052
0.019769
0.019743
0.019713
0.019216
0.019111
0.019044
0.019041
0.01912
0.019211
0.019018
0.019201
0.019503
0.019509
0.019459
0.019321
0.019229
0.019246
0.019011
0.019059
0.019033
0.019058
0.019205
0.019123
0.019148
0.019144
0.019663
0.019575
0.019452
0.019652
0.020064
0.019616
0.01949
0.019383
0.019423
0.019412
0.019042
0.01906
0.018995
0.018989
0.01893
0.019055
0.019106
0.018996
0.02116
0.021355
0.021085
0.021077
0.021084
0.01899
0.018998
NaN
NaN
NaN
NaN
0.18908
0.21928
0.054139
0.027493
0.036996
0.030349
0.024619
0.02059
0.021017
0.020546
0.02069
0.020807
0.020616
NaN
NaN
NaN
NaN
0.20053
0.22073
0.053924
0.026882
0.034875
0.029824
0.023832
0.020179
0.020345
0.020034
0.019935
0.020471
0.019847
0.019761
0.020676
0.020017
0.019675
0.019602
0.019588
0.019604
0.020015
0.020259
0.061602
0.021176
0.01955
0.019497
0.019555
0.019735
0.024602
0.028892
0.019537
0.020605
0.019703
0.019858
0.019775
0.020026
0.019792
0.019688
0.019558
0.019538
0.020114
0.020145
0.020439
0.019607
0.02015
0.019491
0.019499
0.019451
0.019529
0.019499
0.019496
0.019461
0.019518
0.019544
0.019592
0.019439
0.019483
0.022688
0.019495
0.030583
0.022002
0.021902
0.02171
0.022427
0.019447
0.019353
0.01951
0.019373
0.019415
0.019683
0.019378
0.019295
0.019488
0.019296
0.019423
0.019575
0.019527
0.019313
0.019351
0.019207
0.019268
0.019229
0.019534
0.019377
0.019366
0.019309
0.019369
0.019277
0.019316
0.01922
0.019636
0.019183
0.019786
0.019307
0.019207
0.021353
0.02162
0.021296
0.021332
0.021444
0.021896
0.019796
0.019797
0.01929
NaN
NaN
NaN
NaN
0.19031
0.21846
0.053538
0.023836
0.07579
NaN
0.035507
0.023328
0.019923
0.02122
0.02096
0.020835
0.021064
0.020739
0.020625
