0.1933
0.22121
0.054654
0.029904
0.038008
0.033043
0.02709
0.023539
0.02307
0.022204
0.022211
0.022059
0.022007
0.022035
0.022306
0.021958
0.021984
0.021875
0.021919
0.021991
0.0222
0.022199
0.021945
0.022174
0.021929
0.021958
0.02194
0.021965
0.021852
0.021905
0.021897
0.022316
0.022168
0.022196
0.021932
0.021969
0.021939
0.022116
0.021859
0.02185
0.022344
0.022321
0.022728
0.022003
0.022341
0.021864
0.021861
0.021735
0.021801
0.021841
0.021819
0.021764
0.021762
0.021822
0.021629
0.021747
0.02169
0.021827
0.021726
0.021774
0.021709
0.021781
0.021811
0.021953
0.021903
0.021894
0.021732
0.021724
0.021804
0.021686
0.021996
0.022053
0.021672
0.021897
0.021739
0.021874
0.021828
0.021648
0.02162
0.021541
0.021583
0.021597
0.021708
0.021574
0.021647
0.022034
0.021672
0.021701
0.021678
0.021815
0.021662
0.021756
0.021907
0.021769
0.021708
0.021718
0.02163
0.021652
0.021601
0.021539
0.022204
0.02199
0.02198
0.021496
0.021592
0.022217
0.021711
0.02154
0.021614
0.021544
0.021725
0.021961
0.022164
0.022008
0.021905
0.022026
0.021798
0.021708
0.021702
0.021715
0.021741
0.021649
0.021639
0.021762
0.022041
0.022215
0.022426
0.022129
0.02214
0.022076
0.022136
0.021991
0.022094
0.021862
0.021643
0.02163
0.021646
0.021284
0.021489
0.021567
0.021568
0.021576
0.021555
0.021525
0.021632
0.021535
0.021707
0.021564
0.021485
0.021833
0.021436
0.021469
0.021481
0.021599
0.021507
0.021446
0.021605
0.021783
0.021499
0.021628
0.021632
0.021562
0.021552
0.021528
0.021351
0.021496
0.021601
0.021692
0.022461
0.02205
0.022066
0.02207
0.021984
0.022034
0.021974
0.021956
0.021913
0.02187
0.021529
0.021847
0.021757
0.02155
0.021579
0.021494
0.02161
0.021704
0.021746
0.021649
0.021671
0.021587
0.021522
0.021437
0.021611
0.021579
0.021533
0.021543
0.021569
0.021911
0.021955
0.021721
0.021826
0.021653
0.021547
0.021534
0.021611
0.021555
0.02172
0.021652
0.021761
0.021721
0.021573
0.021718
0.02181
0.021619
0.021659
0.021608
0.021565
0.021606
0.021553
0.021703
0.021676
0.021619
0.021657
0.021738
0.021731
0.02148
0.021611
0.022291
0.021709
0.021621
0.02215
0.021646
0.021784
0.021614
0.02181
0.021787
0.021841
0.021959
0.021856
0.021846
0.021848
0.022021
0.021834
0.021719
0.021798
0.021808
0.021764
0.021698
0.021778
0.021859
0.022317
0.022372
0.022261
0.022183
0.021883
0.021684
0.021701
0.021789
0.021663
0.021742
0.021715
0.021755
0.021794
0.0218
0.021809
0.021842
0.021781
0.021836
0.022014
0.021893
0.021846
0.021856
0.021803
0.021836
0.021894
0.021808
0.021949
0.021969
0.022015
0.022155
0.02176
0.021753
0.021904
0.021818
0.021744
0.021835
0.021796
0.021829
0.021873
0.021979
0.02196
0.021938
0.021843
0.021861
0.021819
0.02199
0.021853
0.021856
0.021774
0.021924
0.021888
0.021871
0.021745
0.02191
0.021748
0.02191
0.02178
0.021921
0.021763
0.021819
0.021738
0.02179
0.021867
0.021694
0.021777
0.021792
0.022013
0.0218
0.021791
0.021728
0.021863
0.021761
0.021803
0.021737
0.021825
0.021801
0.021739
0.021643
0.021679
0.021737
0.021819
0.021822
0.021755
0.021832
0.022171
0.022493
0.022063
0.022083
0.022178
0.021759
0.021753
