1
1098.8101,621.2412,41.1764,47.3511
1094.4946,623.7936,42.4924,48.8645
1060.1667,617.1437,42.4924,48.8645
2
0
0
0
0
1
916.7677,620.0915,49.0639,47.4642
923.7740,622.1832,50.6320,48.9812
2
0
0
0
0
1
815.9487,561.0521,44.2259,41.7099
805.9691,560.2063,44.2259,41.7099
796.6359,561.7387,45.6393,43.0430
789.0990,557.7344,47.0980,44.4186
791.4407,560.0760,47.0980,44.4186
787.2656,558.4656,48.6032,45.8382
787.7901,555.3166,50.1566,47.3032
775.6707,537.8715,51.7596,48.8150
785.7648,535.2512,50.1796,47.3249
793.2478,532.3271,48.6478,45.8803
801.9908,530.6086,47.1629,44.4798
802.8927,530.4282,47.1629,44.4798
801.9908,521.2288,47.1629,44.4798
801.4480,515.5944,45.7232,43.1221
802.3207,513.2797,44.3275,41.8057
798.4214,512.4321,44.3275,41.8057
799.6066,515.6132,42.9744,40.5296
794.5099,515.7386,41.6626,39.2924
793.7117,516.1790,40.3908,38.0930
784.5698,518.8144,41.6817,39.3105
2
0
0
0
0
1
655.8984,472.1682,33.5163,17.3177
635.7039,468.6315,34.5875,17.8712
612.1544,463.8400,34.5875,17.8712
588.8088,460.4758,34.5875,17.8712
562.2009,458.7427,34.5875,17.8712
535.0403,455.0929,35.6929,18.4423
507.5820,452.8836,35.6929,18.4423
479.5533,449.9588,36.8337,19.0318
2
0
0
0
0
1
2
0
0
0
0
