0.0090
0.0140
0.0140
0.0140
0.0150
0.0140
0.0150
0.0150
0.0140
0.0150
0.0140
0.0150
0.0150
0.0140
0.0140
0.0140
0.0140
0.0150
0.0140
0.0140
0.0150
0.0140
0.0140
0.0140
0.0140
0.0140
0.0140
0.0150
0.0140
0.0140
NaN
NaN
NaN
NaN
0.0100
0.0140
0.0140
0.0140
0.0150
0.0140
0.0140
0.0140
0.0140
0.0140
0.0150
0.0140
0.0140
0.0140
0.0150
0.0140
0.0140
0.0140
0.0140
0.0150
0.0140
0.0140
0.0140
0.0140
0.0140
0.0140
0.0140
0.0140
0.0140
0.0140
0.0140
0.0140
0.0140
0.0140
0.0140
0.0140
0.0140
0.0140
0.0139
0.0139
0.0150
0.0140
0.0140
0.0140
0.0140
0.0140
0.0140
0.0140
0.0140
0.0140
0.0140
NaN
NaN
NaN
NaN
0.0099
0.0140
0.0140
0.0140
0.0140
0.0140
0.0139
0.0140
0.0139
0.0140
0.0140
0.0130
0.0140
0.0140
0.0140
0.0140
0.0140
0.0140
0.0140
0.0139
0.0140
0.0140
0.0140
0.0140
0.0140
0.0139
0.0140
0.0140
0.0140
0.0140
0.0140
0.0140
0.0140
0.0140
0.0140
0.0140
0.0140
0.0140
0.0140
0.0140
0.0140
0.0140
0.0140
0.0140
0.0140
0.0140
0.0140
0.0140
0.0140
0.0140
0.0140
0.0140
0.0130
0.0140
0.0140
NaN
NaN
NaN
NaN
0.0090
0.0140
0.0140
0.0140
0.0140
0.0140
0.0140
0.0140
0.0140
0.0140
0.0140
0.0140
0.0150
0.0140
0.0140
0.0140
0.0140
0.0140
0.0140
0.0140
0.0140
0.0140
0.0140
0.0140
0.0140
0.0140
NaN
NaN
NaN
NaN
0.0100
0.0140
0.0140
0.0140
0.0140
0.0130
NaN
NaN
NaN
NaN
0.0100
0.0140
0.0140
0.0150
0.0150
0.0140
0.0140
0.0140
0.0140
0.0140
0.0150
0.0140
0.0140
0.0140
0.0140
0.0140
0.0140
0.0140
0.0140
0.0140
0.0140
0.0140
0.0140
0.0140
0.0140
0.0140
0.0140
0.0139
0.0140
NaN
NaN
NaN
NaN
0.0090
0.0140
0.0140
0.0140
0.0140
0.0140
0.0140
0.0140
0.0140
0.0140
0.0150
0.0140
0.0140
0.0140
0.0140
0.0150
0.0140
0.0140
0.0140
0.0140
0.0140
0.0140
0.0140
0.0140
0.0140
0.0140
0.0150
0.0140
0.0140
NaN
NaN
NaN
NaN
0.0090
0.0140
0.0140
0.0140
0.0140
0.0140
0.0140
0.0140
0.0140
0.0150
0.0140
0.0140
0.0140
0.0140
0.0140
0.0150
0.0140
0.0140
0.0140
0.0140
0.0140
0.0140
0.0140
0.0140
0.0140
0.0140
0.0150
0.0140
0.0140
0.0140
0.0140
0.0140
0.0140
0.0140
0.0150
0.0140
0.0140
0.0140
0.0140
0.0140
0.0140
0.0140
0.0140
0.0140
0.0140
0.0140
0.0140
0.0150
0.0140
0.0140
0.0140
0.0140
0.0140
0.0140
0.0140
0.0140