1
278.4288,125.8386,81.5617,66.0130
278.1387,127.2891,81.5617,66.0130
277.2684,129.3198,81.5617,66.0130
277.5585,131.3505,81.5617,66.0130
277.2684,132.8009,81.5617,66.0130
275.8179,131.9306,81.5617,66.0130
273.7872,132.8009,81.5617,66.0130
272.3367,131.9306,81.5617,66.0130
270.3060,131.0603,81.5617,66.0130
268.2753,130.7702,81.5617,66.0130
267.4050,130.4801,81.5617,66.0130
267.6951,132.5108,81.5617,66.0130
269.7258,132.8009,81.5617,66.0130
267.1149,132.5108,81.5617,66.0130
267.9852,132.8009,81.5617,66.0130
268.8555,133.6712,81.5617,66.0130
265.0843,134.5415,81.5617,66.0130
262.8782,134.4066,79.8224,64.6052
262.5943,134.1227,79.8224,64.6052
262.3104,134.4066,79.8224,64.6052
264.8656,134.1227,79.8224,64.6052
264.5817,134.4066,79.8224,64.6052
266.0012,133.5548,79.8224,64.6052
266.2851,133.8387,79.8224,64.6052
264.8656,134.1226,79.8224,64.6052
263.4460,134.4066,79.8224,64.6052
262.5943,134.1226,79.8224,64.6052
259.4713,133.2709,79.8224,64.6052
2
0
0
0
0
1
359.6810,151.3145,73.8098,56.1769
359.4257,150.0381,73.8098,56.1769
359.9335,148.0923,75.4428,57.4198
358.6288,146.7876,75.4428,57.4198
360.9773,148.0923,75.4428,57.4198
359.1507,146.2657,75.4428,57.4198
361.4991,148.6142,75.4428,57.4198
362.8038,148.3532,75.4428,57.4198
364.1085,150.7017,75.4428,57.4198
366.4570,152.0064,75.4428,57.4198
366.1960,150.7017,75.4428,57.4198
368.5445,152.0064,75.4428,57.4198
370.3711,152.7892,75.4428,57.4198
371.4270,154.1560,73.8340,56.1953
373.2146,155.9436,73.8340,56.1953
373.4700,156.7097,73.8340,56.1953
374.5034,158.0473,72.2594,54.9969
372.1423,156.4657,70.7185,53.8241
369.8315,157.2754,69.2104,52.6763
368.4928,156.6834,67.7345,51.5530
369.1957,159.2604,67.7345,51.5530
368.4928,159.9633,67.7345,51.5530
365.9158,156.4491,67.7345,51.5530
367.5557,158.0891,67.7345,51.5530
398.6476,191.7905,69.2331,52.6936
396.0136,192.5089,69.2331,52.6936
392.9006,189.3959,69.2331,52.6936
388.8297,185.8040,69.2331,52.6936
386.6746,181.7332,69.2331,52.6936
383.4891,178.8330,67.7567,51.5699
380.8233,176.4464,66.3117,50.4701
378.3004,173.0060,66.3117,50.4701
376.1336,171.5546,64.8976,49.3938
373.2156,169.0855,64.8976,49.3938
370.6623,167.2323,63.5137,48.3405
368.5869,165.8421,62.1592,47.3096
366.5558,166.1393,60.8337,46.3007
364.1624,169.2694,59.5364,45.3134
359.8380,170.2990,59.5364,45.3134
354.2781,172.1523,59.5364,45.3134
349.9537,171.1227,59.5364,45.3134
346.4205,173.7891,58.2667,44.3470
342.5741,174.8447,57.0242,43.4013
339.1900,175.4976,55.8081,42.4758
336.9943,177.9971,54.6180,41.5700
333.7828,179.6973,54.6180,41.5700
329.0601,181.0196,54.6180,41.5700
326.1829,182.0091,53.4532,40.6835
325.1490,182.2647,52.3133,39.8159
2
0
0
0
0
1
339.5003,126.5610,27.1145,43.1930
339.6378,127.2485,27.1145,43.1930
338.9503,127.6610,27.1145,43.1930
337.9878,128.8984,27.1145,43.1930
337.8504,127.9360,27.1145,43.1930
339.0878,127.5235,27.1145,43.1930
337.8504,129.3109,27.1145,43.1930
338.5378,130.5483,27.1145,43.1930
337.5754,131.7858,27.1145,43.1930
337.4379,131.0983,27.1145,43.1930
338.3896,131.9564,26.5362,42.2719
336.9865,133.5744,25.9703,41.3704
338.1519,134.6502,25.4165,40.4882
336.9920,136.3257,25.4165,40.4882
336.0898,137.4856,25.4165,40.4882
335.4454,138.6456,25.4165,40.4882
333.7699,139.5477,25.4165,40.4882
333.1255,140.1922,25.4165,40.4882
333.7699,141.3521,25.4165,40.4882
335.4454,144.0586,25.4165,40.4882
336.3476,145.7341,25.4165,40.4882
336.2459,147.7807,24.8745,39.6248
334.3539,150.1773,24.8745,39.6248
331.2005,148.7898,24.8745,39.6248
329.3990,147.1455,24.3440,38.7798
329.7693,145.5408,24.3440,38.7798
331.8136,144.4075,23.8249,37.9528
331.4854,143.5313,23.3168,37.1434
331.8480,142.9016,22.8196,36.3513
332.2029,142.5085,22.3329,35.5761
331.6769,142.1238,21.8567,34.8174
334.1533,140.2517,21.3906,34.0750
335.9496,139.4650,20.9344,33.3483
336.9050,138.7219,20.9344,33.3483
338.4584,137.9520,20.4880,32.6371
339.9786,136.3974,20.0511,31.9411
341.6624,136.0520,19.6235,31.2600
337.2125,140.1454,20.0577,31.9516
335.8298,141.1638,20.5014,32.6585
334.4166,141.7732,20.9550,33.3811
332.7516,142.8371,21.4187,34.1197
332.8527,143.2484,21.8925,34.8746
332.0347,143.6689,22.3769,35.6462
333.3176,144.3341,22.8720,36.4348
333.6662,144.0513,23.3781,37.2410
332.5466,144.0083,23.8953,38.0649
333.4137,142.4558,24.4240,38.9071
332.5011,140.3550,24.9644,39.7679
332.8816,138.9957,25.5167,40.6478
331.1226,136.8009,26.0812,41.5471
329.0503,135.3807,26.6583,42.4663
307.5778,97.4645,27.2481,43.4059
301.9128,90.4178,27.2481,43.4059
2
0
0
0
0
1
305.9231,137.3750,55.7845,32.2963
306.0950,137.2032,55.7845,32.2963
305.9231,137.7187,55.7845,32.2963
306.0950,138.9216,55.7845,32.2963
306.9541,138.7497,55.7845,32.2963
306.4386,140.9836,55.7845,32.2963
306.2668,140.1244,55.7845,32.2963
304.7203,141.6710,55.7845,32.2963
303.8244,143.5060,54.5948,31.6075
302.6235,144.3293,53.4306,30.9335
301.7654,144.8178,52.2912,30.2738
302.1677,144.3643,51.1760,29.6282
304.0809,143.9205,50.0847,28.9964
304.2352,144.6919,50.0847,28.9964
304.6205,146.3394,49.0166,28.3780
307.1874,144.6785,49.0166,28.3780
309.8931,143.6713,47.9713,27.7729
316.2472,142.0458,47.9713,27.7729
318.3229,142.5051,49.0327,28.3874
327.9663,142.9746,50.1175,29.0154
331.5171,143.1290,50.1175,29.0154
333.0449,142.9682,51.2264,29.6574
335.2614,140.5118,52.3598,30.3136
347.5672,153.7309,53.5182,30.9842
2
0
0
0
0
1
348.3635,133.3482,64.3263,13.2823
345.0451,132.3382,64.3263,13.2823
340.3077,133.4533,62.9545,12.9991
339.0369,135.2889,62.9545,12.9991
2
0
0
0
0
1
371.4243,106.1333,81.0731,29.0591
371.6349,105.5013,81.0731,29.0591
369.7390,104.0266,81.0731,29.0591
370.7923,103.3946,81.0731,29.0591
369.7390,103.1840,81.0731,29.0591
371.6349,102.1307,81.0731,29.0591
373.5309,102.3413,81.0731,29.0591
374.5842,102.1307,81.0731,29.0591
375.6375,100.6560,81.0731,29.0591
397.7573,94.9681,81.0731,29.0591
399.2319,92.6508,81.0731,29.0591
398.5999,93.2828,81.0731,29.0591
395.0186,94.3361,81.0731,29.0591
391.4373,94.9681,81.0731,29.0591
387.0134,96.0214,81.0731,29.0591
377.5335,97.0747,81.0731,29.0591
370.8851,98.3998,79.3442,28.4394
367.7925,98.1937,79.3442,28.4394
367.1740,98.8122,79.3442,28.4394
364.3711,98.7115,81.0997,29.0686
361.7829,100.4432,79.3702,28.4488
357.4518,101.8869,79.3702,28.4488
351.7382,102.7866,77.6776,27.8421
347.4995,104.1995,77.6776,27.8421
344.4719,106.0161,77.6776,27.8421
341.0406,107.8326,77.6776,27.8421
337.6093,109.2455,77.6776,27.8421
2
0
0
0
0
1
418.9301,117.4132,58.8331,37.7258
417.6076,118.3578,58.8331,37.7258
417.0408,119.6804,58.8331,37.7258
417.9855,121.0030,58.8331,37.7258
418.5523,120.8140,58.8331,37.7258
420.2527,121.7587,58.8331,37.7258
421.1974,121.5698,58.8331,37.7258
422.1421,121.7587,58.8331,37.7258
422.4714,121.1454,60.1348,38.5605
424.2094,121.3385,60.1348,38.5605
422.5424,119.9101,61.4652,39.4136
420.7659,120.1075,61.4652,39.4136
418.2428,119.8763,62.8252,40.2857
416.4270,118.4640,62.8252,40.2857
407.3479,124.7185,62.8252,40.2857
404.3215,128.5519,62.8252,40.2857
402.5057,132.3853,62.8252,40.2857
401.9004,135.8152,62.8252,40.2857
401.5979,139.1617,61.4854,39.4266
399.4259,142.9133,61.4854,39.4266
397.2539,145.4803,61.4854,39.4266
397.4514,146.8624,61.4854,39.4266
395.6743,149.4294,61.4854,39.4266
394.9976,153.0852,60.1742,38.5858
391.7125,155.9838,60.1742,38.5858
389.2003,158.1095,60.1742,38.5858
385.9152,159.0757,60.1742,38.5858
2
0
0
0
0
1
446.5421,149.4430,28.2464,48.7780
444.8891,148.9922,28.2464,48.7780
443.2361,147.6398,28.2464,48.7780
443.6821,147.1460,27.6440,47.7378
441.8506,146.6628,27.0545,46.7198
441.1310,145.6553,27.0545,46.7198
441.0033,147.9569,26.4776,45.7235
442.2360,149.9379,25.9129,44.7484
443.4424,150.5479,25.3603,43.7941
443.5828,149.5844,24.8195,42.8602
444.9928,148.1324,24.2902,41.9462
445.6255,146.7114,23.7722,41.0517
447.7074,146.0520,23.2653,40.1763
448.5520,145.1681,22.7692,39.3195
448.2110,144.5366,22.2836,38.4810
446.2776,145.2897,21.8084,37.6604
444.6091,146.6977,21.3433,36.8572
442.5384,149.1701,20.8882,36.0713
440.9403,151.8040,20.4427,35.3020
439.3762,154.3817,20.0068,34.5492
440.1025,156.0837,19.5801,33.8124
439.8092,157.3479,19.1626,33.0914
440.5049,158.5850,18.7539,32.3857
439.3658,159.1584,19.1689,33.1022
440.6514,158.8233,18.7601,32.3963
439.9261,158.9826,19.1751,33.1131
438.3960,158.6766,19.1751,33.1131
437.0196,159.2628,19.5994,33.8457
435.4556,159.3671,19.5994,33.8457
433.4745,160.0970,19.5994,33.8457
429.6166,161.6610,19.5994,33.8457
424.5317,169.8326,20.0330,34.5945
423.3594,173.3496,20.0330,34.5945
425.5975,172.1773,20.0330,34.5945
431.0328,169.2998,20.0330,34.5945
429.8605,168.7669,20.0330,34.5945
425.7040,168.4471,20.0330,34.5945
420.6950,170.2589,20.0330,34.5945
415.4728,174.6285,20.0330,34.5945
413.1183,179.8254,19.6058,33.8568
412.1796,183.6846,19.6058,33.8568
413.8967,185.3525,19.1877,33.1348
414.6112,186.2712,19.1877,33.1348
415.3077,187.1164,18.7785,32.4282
415.2191,188.9066,18.3781,31.7366
416.0747,188.0199,17.9862,31.0598
415.9898,187.3365,17.6026,30.3975
415.9067,189.0146,17.2272,29.7493
415.9984,190.0227,17.2272,29.7493
414.8570,189.3682,16.8598,29.1148
413.5116,189.0991,16.8598,29.1148
412.9133,188.8044,16.5003,28.4940
416.7274,193.5925,16.1484,27.8863
418.3072,194.3038,15.8041,27.2916
417.0981,193.8655,15.4670,26.7096