0.19861,0.19347,0.20069,0,0,0,0,0,0,0,0,0,0,0,0
0.22691,0.22507,0.22614,0,0,0,0,0,0,0,0,0,0,0,0
0.059494,0.059322,0.06056,0,0,0,0,0,0,0,0,0,0,0,0
0.030418,0.030511,0.03168,0,0,0,0,0,0,0,0,0,0,0,0
0.040925,0.040864,0.042206,0,0,0,0,0,0,0,0,0,0,0,0
0.035147,0.035198,0.036423,0,0,0,0,0,0,0,0,0,0,0,0
0.029497,0.029396,0.030596,0,0,0,0,0,0,0,0,0,0,0,0
0.025798,0.025537,0.026614,0,0,0,0,0,0,0,0,0,0,0,0
0.025816,0.025839,0.026478,0,0,0,0,0,0,0,0,0,0,0,0
0.026773,0.026422,0.02754,0,0,0,0,0,0,0,0,0,0,0,0
0.026258,0.026189,0.027024,0,0,0,0,0,0,0,0,0,0,0,0
0.025066,0.024838,0.025863,0,0,0,0,0,0,0,0,0,0,0,0
0.025107,0.025222,0.025592,0,0,0,0,0,0,0,0,0,0,0,0
0.024667,0.024508,0.024516,0,0,0,0,0,0,0,0,0,0,0,0
0.025423,0.025575,0.025194,0,0,0,0,0,0,0,0,0,0,0,0
0.024524,0.02429,0.024288,0,0,0,0,0,0,0,0,0,0,0,0
0.024557,0.024691,0.024376,0,0,0,0,0,0,0,0,0,0,0,0
0.02453,0.024122,0.024174,0,0,0,0,0,0,0,0,0,0,0,0
0.024941,0.024918,0.025038,0,0,0,0,0,0,0,0,0,0,0,0
0.025137,0.02477,0.02489,0,0,0,0,0,0,0,0,0,0,0,0
0.025387,0.02547,0.025052,0,0,0,0,0,0,0,0,0,0,0,0
0.025178,0.024982,0.024951,0,0,0,0,0,0,0,0,0,0,0,0
0.024355,0.024457,0.024197,0,0,0,0,0,0,0,0,0,0,0,0
0.026707,0.026487,0.026362,0,0,0,0,0,0,0,0,0,0,0,0
0.025277,0.025363,0.025002,0,0,0,0,0,0,0,0,0,0,0,0
0.025062,0.024792,0.024684,0,0,0,0,0,0,0,0,0,0,0,0
0.025106,0.025129,0.0248,0,0,0,0,0,0,0,0,0,0,0,0
0.025353,0.02494,0.025011,0,0,0,0,0,0,0,0,0,0,0,0
0.025081,0.025226,0.02476,0,0,0,0,0,0,0,0,0,0,0,0
0.025072,0.024804,0.024733,0,0,0,0,0,0,0,0,0,0,0,0
0.025136,0.025152,0.024881,0,0,0,0,0,0,0,0,0,0,0,0
0.025105,0.024789,0.024644,0,0,0,0,0,0,0,0,0,0,0,0
0.024651,0.024794,0.024316,0,0,0,0,0,0,0,0,0,0,0,0
0.024698,0.024337,0.024348,0,0,0,0,0,0,0,0,0,0,0,0
0.025076,0.025079,0.024838,0,0,0,0,0,0,0,0,0,0,0,0
0.025143,0.024791,0.024781,0,0,0,0,0,0,0,0,0,0,0,0
0.025164,0.025209,0.02497,0,0,0,0,0,0,0,0,0,0,0,0
0.025463,0.025182,0.02524,0,0,0,0,0,0,0,0,0,0,0,0
0.024689,0.024729,0.024341,0,0,0,0,0,0,0,0,0,0,0,0
0.025063,0.024674,0.024753,0,0,0,0,0,0,0,0,0,0,0,0
0.025452,0.025775,0.0252,0,0,0,0,0,0,0,0,0,0,0,0
0.024802,0.024546,0.022377,0,0,0,0,0,0,0,0,0,0,0,0
0.026019,0.025965,0.025704,0,0,0,0,0,0,0,0,0,0,0,0
0.025319,0.025046,0.025062,0,0,0,0,0,0,0,0,0,0,0,0
0.025136,0.025175,0.024881,0,0,0,0,0,0,0,0,0,0,0,0
0.024431,0.024292,0.024185,0,0,0,0,0,0,0,0,0,0,0,0
0.024549,0.024692,0.024281,0,0,0,0,0,0,0,0,0,0,0,0
0.024951,0.024746,0.024692,0,0,0,0,0,0,0,0,0,0,0,0
0.025842,0.025952,0.025592,0,0,0,0,0,0,0,0,0,0,0,0
0.025092,0.024788,0.02482,0,0,0,0,0,0,0,0,0,0,0,0
0.025201,0.025104,0.02476,0,0,0,0,0,0,0,0,0,0,0,0
0.025251,0.024937,0.024929,0,0,0,0,0,0,0,0,0,0,0,0
0.025306,0.025304,0.024973,0,0,0,0,0,0,0,0,0,0,0,0
0.024889,0.024485,0.024414,0,0,0,0,0,0,0,0,0,0,0,0
0.025012,0.025121,0.024765,0,0,0,0,0,0,0,0,0,0,0,0
0.025003,0.024735,0.024607,0,0,0,0,0,0,0,0,0,0,0,0
0.024431,0.024579,0.024121,0,0,0,0,0,0,0,0,0,0,0,0
0.025065,0.024788,0.024783,0,0,0,0,0,0,0,0,0,0,0,0
0.024461,0.024472,0.024184,0,0,0,0,0,0,0,0,0,0,0,0
0.024587,0.024316,0.024265,0,0,0,0,0,0,0,0,0,0,0,0
0.024491,0.024511,0.024193,0,0,0,0,0,0,0,0,0,0,0,0
0.024353,0.024247,0.024173,0,0,0,0,0,0,0,0,0,0,0,0
0.024459,0.024574,0.024096,0,0,0,0,0,0,0,0,0,0,0,0
0.0246,0.024404,0.024314,0,0,0,0,0,0,0,0,0,0,0,0
0.025119,0.025148,0.024779,0,0,0,0,0,0,0,0,0,0,0,0
0.024554,0.024325,0.024293,0,0,0,0,0,0,0,0,0,0,0,0
0.024463,0.024577,0.024116,0,0,0,0,0,0,0,0,0,0,0,0
0.024526,0.024098,0.024138,0,0,0,0,0,0,0,0,0,0,0,0
0.025505,0.025531,0.025193,0,0,0,0,0,0,0,0,0,0,0,0
0.02454,0.024294,0.024284,0,0,0,0,0,0,0,0,0,0,0,0
0.025066,0.025235,0.024739,0,0,0,0,0,0,0,0,0,0,0,0
0.025295,0.025044,0.025056,0,0,0,0,0,0,0,0,0,0,0,0
0.025335,0.025358,0.02502,0,0,0,0,0,0,0,0,0,0,0,0
0.025924,0.0256,0.025553,0,0,0,0,0,0,0,0,0,0,0,0
0.024576,0.024549,0.024493,0,0,0,0,0,0,0,0,0,0,0,0
0.025256,0.025044,0.025397,0,0,0,0,0,0,0,0,0,0,0,0
0.025104,0.025302,0.024815,0,0,0,0,0,0,0,0,0,0,0,0
0.024512,0.024373,0.024254,0,0,0,0,0,0,0,0,0,0,0,0
0.024301,0.02444,0.024049,0,0,0,0,0,0,0,0,0,0,0,0
0.024241,0.024026,0.024005,0,0,0,0,0,0,0,0,0,0,0,0
0.02487,0.024978,0.024616,0,0,0,0,0,0,0,0,0,0,0,0
0.024392,0.024219,0.024108,0,0,0,0,0,0,0,0,0,0,0,0
0.024515,0.024514,0.024144,0,0,0,0,0,0,0,0,0,0,0,0
0.024409,0.024093,0.023963,0,0,0,0,0,0,0,0,0,0,0,0
0.024194,0.024191,0.023764,0,0,0,0,0,0,0,0,0,0,0,0
0.0241,0.023944,0.023787,0,0,0,0,0,0,0,0,0,0,0,0
0.025067,0.025136,0.02479,0,0,0,0,0,0,0,0,0,0,0,0
0.024956,0.024704,0.024625,0,0,0,0,0,0,0,0,0,0,0,0
0.024967,0.025047,0.025054,0,0,0,0,0,0,0,0,0,0,0,0
0.024635,0.024268,0.024507,0,0,0,0,0,0,0,0,0,0,0,0
0.024468,0.024408,0.024325,0,0,0,0,0,0,0,0,0,0,0,0
0.024423,0.024089,0.024329,0,0,0,0,0,0,0,0,0,0,0,0
0.024629,0.024702,0.024467,0,0,0,0,0,0,0,0,0,0,0,0
0.024354,0.024073,0.02425,0,0,0,0,0,0,0,0,0,0,0,0
0.024394,0.024523,0.024328,0,0,0,0,0,0,0,0,0,0,0,0
0.024353,0.024131,0.02433,0,0,0,0,0,0,0,0,0,0,0,0
0.024327,0.024439,0.024367,0,0,0,0,0,0,0,0,0,0,0,0
0.025101,0.024875,0.025109,0,0,0,0,0,0,0,0,0,0,0,0
0.025012,0.024714,0.024567,0,0,0,0,0,0,0,0,0,0,0,0
0.024472,0.024167,0.024322,0,0,0,0,0,0,0,0,0,0,0,0
0.024877,0.024824,0.024661,0,0,0,0,0,0,0,0,0,0,0,0
0.025041,0.024617,0.024937,0,0,0,0,0,0,0,0,0,0,0,0
0.024675,0.024643,0.024528,0,0,0,0,0,0,0,0,0,0,0,0
0.02439,0.023963,0.024258,0,0,0,0,0,0,0,0,0,0,0,0
0.025252,0.025209,0.025133,0,0,0,0,0,0,0,0,0,0,0,0
0.025267,0.024825,0.025177,0,0,0,0,0,0,0,0,0,0,0,0
0.024617,0.02424,0.02424,0,0,0,0,0,0,0,0,0,0,0,0
0.024376,0.023892,0.024187,0,0,0,0,0,0,0,0,0,0,0,0
0.025324,0.025126,0.025102,0,0,0,0,0,0,0,0,0,0,0,0
0.026835,0.026413,0.026764,0,0,0,0,0,0,0,0,0,0,0,0
0.027021,0.026862,0.026893,0,0,0,0,0,0,0,0,0,0,0,0
0.026807,0.025321,0.026645,0,0,0,0,0,0,0,0,0,0,0,0
0.026584,0.026869,0.026423,0,0,0,0,0,0,0,0,0,0,0,0
0.026914,0.026436,0.026723,0,0,0,0,0,0,0,0,0,0,0,0
0.025846,0.025774,0.025689,0,0,0,0,0,0,0,0,0,0,0,0
0.025131,0.024756,0.025068,0,0,0,0,0,0,0,0,0,0,0,0
0.025014,0.024805,0.024777,0,0,0,0,0,0,0,0,0,0,0,0
0.026028,0.025574,0.025941,0,0,0,0,0,0,0,0,0,0,0,0
0.025392,0.025316,0.0254,0,0,0,0,0,0,0,0,0,0,0,0
0.024524,0.024048,0.024435,0,0,0,0,0,0,0,0,0,0,0,0
0.02527,0.025108,0.025177,0,0,0,0,0,0,0,0,0,0,0,0
0.025355,0.024901,0.025241,0,0,0,0,0,0,0,0,0,0,0,0
0.024574,0.024318,0.024539,0,0,0,0,0,0,0,0,0,0,0,0
0.024612,0.024185,0.024526,0,0,0,0,0,0,0,0,0,0,0,0
0.024923,0.024731,0.024674,0,0,0,0,0,0,0,0,0,0,0,0
0.025381,0.024643,0.025102,0,0,0,0,0,0,0,0,0,0,0,0
0.026225,0.026012,0.026011,0,0,0,0,0,0,0,0,0,0,0,0
0.026267,0.025684,0.026102,0,0,0,0,0,0,0,0,0,0,0,0
0.024994,0.025012,0.024843,0,0,0,0,0,0,0,0,0,0,0,0
0.025225,0.024853,0.025086,0,0,0,0,0,0,0,0,0,0,0,0
0.025778,0.02559,0.0256,0,0,0,0,0,0,0,0,0,0,0,0
0.024913,0.024557,0.02474,0,0,0,0,0,0,0,0,0,0,0,0
0.02459,0.024359,0.024366,0,0,0,0,0,0,0,0,0,0,0,0
0.024512,0.024053,0.024409,0,0,0,0,0,0,0,0,0,0,0,0
0.026504,0.026415,0.026428,0,0,0,0,0,0,0,0,0,0,0,0
0.024687,0.024274,0.024614,0,0,0,0,0,0,0,0,0,0,0,0
0.026348,0.026011,0.026072,0,0,0,0,0,0,0,0,0,0,0,0
0.02693,0.026164,0.026502,0,0,0,0,0,0,0,0,0,0,0,0
0.026153,0.02593,0.025946,0,0,0,0,0,0,0,0,0,0,0,0
0.026856,0.026209,0.02649,0,0,0,0,0,0,0,0,0,0,0,0
0.024774,0.02464,0.024704,0,0,0,0,0,0,0,0,0,0,0,0
0.024566,0.024028,0.024585,0,0,0,0,0,0,0,0,0,0,0,0
0.025642,0.025345,0.025299,0,0,0,0,0,0,0,0,0,0,0,0
0.024552,0.024111,0.024486,0,0,0,0,0,0,0,0,0,0,0,0
0.024466,0.02421,0.024363,0,0,0,0,0,0,0,0,0,0,0,0
0.024614,0.024035,0.024398,0,0,0,0,0,0,0,0,0,0,0,0
0.024608,0.024397,0.024552,0,0,0,0,0,0,0,0,0,0,0,0
0.026202,0.025542,0.025912,0,0,0,0,0,0,0,0,0,0,0,0
0.026921,0.026588,0.026546,0,0,0,0,0,0,0,0,0,0,0,0
0.026187,0.02563,0.025904,0,0,0,0,0,0,0,0,0,0,0,0
0.026176,0.02594,0.025896,0,0,0,0,0,0,0,0,0,0,0,0
0.026329,0.025707,0.025969,0,0,0,0,0,0,0,0,0,0,0,0
0.025808,0.025482,0.025488,0,0,0,0,0,0,0,0,0,0,0,0
0.025564,0.025178,0.025425,0,0,0,0,0,0,0,0,0,0,0,0
0.025206,0.025038,0.025006,0,0,0,0,0,0,0,0,0,0,0,0
0.024419,0.023981,0.024354,0,0,0,0,0,0,0,0,0,0,0,0
0.02463,0.024517,0.024549,0,0,0,0,0,0,0,0,0,0,0,0
0.025368,0.024742,0.025203,0,0,0,0,0,0,0,0,0,0,0,0
0.024783,0.024624,0.024695,0,0,0,0,0,0,0,0,0,0,0,0
0.026402,0.025673,0.026286,0,0,0,0,0,0,0,0,0,0,0,0
0.025651,0.025569,0.025488,0,0,0,0,0,0,0,0,0,0,0,0
0.024866,0.024284,0.024664,0,0,0,0,0,0,0,0,0,0,0,0
0.024712,0.024626,0.024676,0,0,0,0,0,0,0,0,0,0,0,0
0.024728,0.024265,0.024645,0,0,0,0,0,0,0,0,0,0,0,0
0.024573,0.024416,0.024499,0,0,0,0,0,0,0,0,0,0,0,0
0.02473,0.024212,0.024676,0,0,0,0,0,0,0,0,0,0,0,0
0.026522,0.026129,0.026423,0,0,0,0,0,0,0,0,0,0,0,0
0.025594,0.025161,0.025532,0,0,0,0,0,0,0,0,0,0,0,0
0.026479,0.025941,0.026139,0,0,0,0,0,0,0,0,0,0,0,0
0.025877,0.025388,0.025625,0,0,0,0,0,0,0,0,0,0,0,0
0.024747,0.02451,0.024555,0,0,0,0,0,0,0,0,0,0,0,0
0.024579,0.024247,0.024568,0,0,0,0,0,0,0,0,0,0,0,0
0.024605,0.024447,0.02444,0,0,0,0,0,0,0,0,0,0,0,0
0.024696,0.024307,0.024681,0,0,0,0,0,0,0,0,0,0,0,0
0.026869,0.026456,0.026463,0,0,0,0,0,0,0,0,0,0,0,0
0.026401,0.025878,0.026149,0,0,0,0,0,0,0,0,0,0,0,0
0.026159,0.025757,0.025782,0,0,0,0,0,0,0,0,0,0,0,0
0.024893,0.024255,0.024601,0,0,0,0,0,0,0,0,0,0,0,0
0.025711,0.025401,0.025282,0,0,0,0,0,0,0,0,0,0,0,0
0.024322,0.024698,0.025055,0,0,0,0,0,0,0,0,0,0,0,0
0.026318,0.025966,0.026029,0,0,0,0,0,0,0,0,0,0,0,0
0.027021,0.026225,0.026635,0,0,0,0,0,0,0,0,0,0,0,0
0.024512,0.024405,0.024362,0,0,0,0,0,0,0,0,0,0,0,0
0.024719,0.02422,0.024656,0,0,0,0,0,0,0,0,0,0,0,0
0.024967,0.024878,0.024777,0,0,0,0,0,0,0,0,0,0,0,0
0.02465,0.02423,0.024453,0,0,0,0,0,0,0,0,0,0,0,0
0.025503,0.025314,0.025311,0,0,0,0,0,0,0,0,0,0,0,0
0.024805,0.024325,0.024503,0,0,0,0,0,0,0,0,0,0,0,0
0.024695,0.024576,0.024505,0,0,0,0,0,0,0,0,0,0,0,0
0.025758,0.025113,0.025527,0,0,0,0,0,0,0,0,0,0,0,0
0.027184,0.026678,0.026936,0,0,0,0,0,0,0,0,0,0,0,0
0.025712,0.025199,0.025698,0,0,0,0,0,0,0,0,0,0,0,0
0.025204,0.025096,0.025121,0,0,0,0,0,0,0,0,0,0,0,0
0.025006,0.024647,0.025041,0,0,0,0,0,0,0,0,0,0,0,0
0.024719,0.024727,0.024584,0,0,0,0,0,0,0,0,0,0,0,0
0.024683,0.024191,0.024602,0,0,0,0,0,0,0,0,0,0,0,0
0.02461,0.024513,0.0245,0,0,0,0,0,0,0,0,0,0,0,0
0.024594,0.024213,0.024572,0,0,0,0,0,0,0,0,0,0,0,0
0.024639,0.024602,0.024821,0,0,0,0,0,0,0,0,0,0,0,0
0.024707,0.024133,0.02456,0,0,0,0,0,0,0,0,0,0,0,0
0.027067,0.026378,0.026884,0,0,0,0,0,0,0,0,0,0,0,0
0.025907,0.025425,0.025749,0,0,0,0,0,0,0,0,0,0,0,0
0.025525,0.025224,0.025415,0,0,0,0,0,0,0,0,0,0,0,0
0.027113,0.026278,0.027169,0,0,0,0,0,0,0,0,0,0,0,0
0.027248,0.026769,0.027028,0,0,0,0,0,0,0,0,0,0,0,0
0.024751,0.024268,0.024654,0,0,0,0,0,0,0,0,0,0,0,0
0.025364,0.025225,0.025386,0,0,0,0,0,0,0,0,0,0,0,0
0.024687,0.024212,0.024403,0,0,0,0,0,0,0,0,0,0,0,0
0.024761,0.024498,0.024652,0,0,0,0,0,0,0,0,0,0,0,0
0.024584,0.024228,0.024493,0,0,0,0,0,0,0,0,0,0,0,0
0.024621,0.02453,0.024469,0,0,0,0,0,0,0,0,0,0,0,0
0.025408,0.025006,0.025243,0,0,0,0,0,0,0,0,0,0,0,0
0.024559,0.024419,0.024361,0,0,0,0,0,0,0,0,0,0,0,0
0.025795,0.025065,0.025833,0,0,0,0,0,0,0,0,0,0,0,0
0.025238,0.025074,0.025107,0,0,0,0,0,0,0,0,0,0,0,0
0.024585,0.024149,0.024551,0,0,0,0,0,0,0,0,0,0,0,0
0.027033,0.026444,0.02694,0,0,0,0,0,0,0,0,0,0,0,0
0.025358,0.024919,0.025225,0,0,0,0,0,0,0,0,0,0,0,0
0.024841,0.024779,0.024907,0,0,0,0,0,0,0,0,0,0,0,0
0.025502,0.024801,0.025454,0,0,0,0,0,0,0,0,0,0,0,0
0.024578,0.024447,0.024423,0,0,0,0,0,0,0,0,0,0,0,0
0.024609,0.024164,0.024443,0,0,0,0,0,0,0,0,0,0,0,0
0.025644,0.025486,0.025481,0,0,0,0,0,0,0,0,0,0,0,0
0.025502,0.025069,0.025432,0,0,0,0,0,0,0,0,0,0,0,0
0.025435,0.025272,0.025348,0,0,0,0,0,0,0,0,0,0,0,0
0.024537,0.024205,0.024461,0,0,0,0,0,0,0,0,0,0,0,0
0.024681,0.024485,0.024536,0,0,0,0,0,0,0,0,0,0,0,0
0.025862,0.025452,0.025647,0,0,0,0,0,0,0,0,0,0,0,0
0.024577,0.02442,0.02443,0,0,0,0,0,0,0,0,0,0,0,0
0.026083,0.025499,0.02594,0,0,0,0,0,0,0,0,0,0,0,0
0.025444,0.02504,0.025231,0,0,0,0,0,0,0,0,0,0,0,0
0.024523,0.024137,0.024414,0,0,0,0,0,0,0,0,0,0,0,0
0.024546,0.024375,0.024377,0,0,0,0,0,0,0,0,0,0,0,0
0.024477,0.024026,0.024371,0,0,0,0,0,0,0,0,0,0,0,0
0.025437,0.025279,0.025206,0,0,0,0,0,0,0,0,0,0,0,0
0.024632,0.024182,0.024714,0,0,0,0,0,0,0,0,0,0,0,0
0.024639,0.024491,0.024569,0,0,0,0,0,0,0,0,0,0,0,0
0.024768,0.024222,0.02453,0,0,0,0,0,0,0,0,0,0,0,0
0.024455,0.024375,0.024438,0,0,0,0,0,0,0,0,0,0,0,0
0.024531,0.023971,0.023247,0,0,0,0,0,0,0,0,0,0,0,0
0.02457,0.024447,0.02448,0,0,0,0,0,0,0,0,0,0,0,0
0.024509,0.024044,0.024269,0,0,0,0,0,0,0,0,0,0,0,0
0.024505,0.024331,0.024434,0,0,0,0,0,0,0,0,0,0,0,0
0.024449,0.024,0.024315,0,0,0,0,0,0,0,0,0,0,0,0
0.024518,0.024443,0.024446,0,0,0,0,0,0,0,0,0,0,0,0
0.024652,0.024233,0.024515,0,0,0,0,0,0,0,0,0,0,0,0
0.024803,0.024527,0.024596,0,0,0,0,0,0,0,0,0,0,0,0
0.024842,0.024435,0.024793,0,0,0,0,0,0,0,0,0,0,0,0
0.02479,0.024645,0.024684,0,0,0,0,0,0,0,0,0,0,0,0
0.02453,0.023973,0.024375,0,0,0,0,0,0,0,0,0,0,0,0
0.025448,0.02491,0.025178,0,0,0,0,0,0,0,0,0,0,0,0
0.025534,0.024609,0.024892,0,0,0,0,0,0,0,0,0,0,0,0
0.025306,0.024797,0.024903,0,0,0,0,0,0,0,0,0,0,0,0
0.024659,0.024317,0.02462,0,0,0,0,0,0,0,0,0,0,0,0
0.024361,0.024317,0.024391,0,0,0,0,0,0,0,0,0,0,0,0
0.025023,0.024627,0.024893,0,0,0,0,0,0,0,0,0,0,0,0
0.024989,0.024958,0.02501,0,0,0,0,0,0,0,0,0,0,0,0
0.024506,0.024057,0.024449,0,0,0,0,0,0,0,0,0,0,0,0
0.024703,0.024547,0.024513,0,0,0,0,0,0,0,0,0,0,0,0
0.024487,0.024066,0.024276,0,0,0,0,0,0,0,0,0,0,0,0
0.024618,0.024436,0.024855,0,0,0,0,0,0,0,0,0,0,0,0
0.024473,0.024176,0.024458,0,0,0,0,0,0,0,0,0,0,0,0
0.024456,0.02435,0.024389,0,0,0,0,0,0,0,0,0,0,0,0
0.024504,0.024156,0.024391,0,0,0,0,0,0,0,0,0,0,0,0
0.024547,0.02447,0.024416,0,0,0,0,0,0,0,0,0,0,0,0
0.024458,0.023922,0.024291,0,0,0,0,0,0,0,0,0,0,0,0
0.024331,0.024385,0.024257,0,0,0,0,0,0,0,0,0,0,0,0
0.02443,0.024103,0.024417,0,0,0,0,0,0,0,0,0,0,0,0
0.023871,0.023746,0.023661,0,0,0,0,0,0,0,0,0,0,0,0
0.02381,0.023518,0.023556,0,0,0,0,0,0,0,0,0,0,0,0
0.02369,0.023538,0.023645,0,0,0,0,0,0,0,0,0,0,0,0
0.023619,0.023088,0.023366,0,0,0,0,0,0,0,0,0,0,0,0
0.024496,0.024276,0.024304,0,0,0,0,0,0,0,0,0,0,0,0
0.024801,0.024126,0.024475,0,0,0,0,0,0,0,0,0,0,0,0
0.02446,0.024269,0.024198,0,0,0,0,0,0,0,0,0,0,0,0
0.024474,0.024075,0.024353,0,0,0,0,0,0,0,0,0,0,0,0
0.023745,0.023627,0.023666,0,0,0,0,0,0,0,0,0,0,0,0
0.024487,0.024004,0.024395,0,0,0,0,0,0,0,0,0,0,0,0
0.023764,0.023571,0.023556,0,0,0,0,0,0,0,0,0,0,0,0
0.024776,0.024182,0.024495,0,0,0,0,0,0,0,0,0,0,0,0
0.024563,0.024348,0.024423,0,0,0,0,0,0,0,0,0,0,0,0
0.024437,0.024007,0.024322,0,0,0,0,0,0,0,0,0,0,0,0
0.024588,0.024358,0.024293,0,0,0,0,0,0,0,0,0,0,0,0
0.024524,0.024013,0.024459,0,0,0,0,0,0,0,0,0,0,0,0
0.024595,0.024321,0.02443,0,0,0,0,0,0,0,0,0,0,0,0
0.024633,0.024162,0.024593,0,0,0,0,0,0,0,0,0,0,0,0
0.024543,0.024444,0.024516,0,0,0,0,0,0,0,0,0,0,0,0
0.024525,0.024026,0.024291,0,0,0,0,0,0,0,0,0,0,0,0
0.024396,0.024223,0.024264,0,0,0,0,0,0,0,0,0,0,0,0
0.023689,0.023237,0.02353,0,0,0,0,0,0,0,0,0,0,0,0
0.024728,0.024449,0.024505,0,0,0,0,0,0,0,0,0,0,0,0
0.024867,0.024292,0.024605,0,0,0,0,0,0,0,0,0,0,0,0
0.024761,0.02526,0.024665,0,0,0,0,0,0,0,0,0,0,0,0
0.02356,0.023136,0.023443,0,0,0,0,0,0,0,0,0,0,0,0
0.024512,0.024298,0.024491,0,0,0,0,0,0,0,0,0,0,0,0
0.024538,0.023982,0.024363,0,0,0,0,0,0,0,0,0,0,0,0
0.024489,0.024242,0.02432,0,0,0,0,0,0,0,0,0,0,0,0
0.024375,0.02392,0.024303,0,0,0,0,0,0,0,0,0,0,0,0
0.024666,0.024325,0.024263,0,0,0,0,0,0,0,0,0,0,0,0
0.024714,0.024259,0.024687,0,0,0,0,0,0,0,0,0,0,0,0
0.024393,0.024352,0.024232,0,0,0,0,0,0,0,0,0,0,0,0
0.024514,0.024069,0.02456,0,0,0,0,0,0,0,0,0,0,0,0
0.024466,0.024326,0.024344,0,0,0,0,0,0,0,0,0,0,0,0
0.024532,0.023956,0.024341,0,0,0,0,0,0,0,0,0,0,0,0
0.024671,0.024587,0.0246,0,0,0,0,0,0,0,0,0,0,0,0
0.024853,0.024338,0.024752,0,0,0,0,0,0,0,0,0,0,0,0
0.024557,0.024393,0.024592,0,0,0,0,0,0,0,0,0,0,0,0
0.024367,0.023961,0.024312,0,0,0,0,0,0,0,0,0,0,0,0
0.024421,0.024251,0.024312,0,0,0,0,0,0,0,0,0,0,0,0
0.024666,0.02404,0.02432,0,0,0,0,0,0,0,0,0,0,0,0
0.024639,0.024457,0.024439,0,0,0,0,0,0,0,0,0,0,0,0
0.024489,0.022855,0.024371,0,0,0,0,0,0,0,0,0,0,0,0
0.02458,0.024385,0.024332,0,0,0,0,0,0,0,0,0,0,0,0
0.024526,0.024059,0.024496,0,0,0,0,0,0,0,0,0,0,0,0
0.024646,0.02445,0.024459,0,0,0,0,0,0,0,0,0,0,0,0
0.024703,0.024156,0.024534,0,0,0,0,0,0,0,0,0,0,0,0
0.024587,0.024453,0.024573,0,0,0,0,0,0,0,0,0,0,0,0
0.024585,0.024016,0.024371,0,0,0,0,0,0,0,0,0,0,0,0
0.023809,0.023692,0.023793,0,0,0,0,0,0,0,0,0,0,0,0
0.023819,0.023213,0.023431,0,0,0,0,0,0,0,0,0,0,0,0
0.02365,0.023537,0.023448,0,0,0,0,0,0,0,0,0,0,0,0
0.024495,0.023965,0.024357,0,0,0,0,0,0,0,0,0,0,0,0
0.024631,0.024536,0.024549,0,0,0,0,0,0,0,0,0,0,0,0
0.024521,0.024005,0.024308,0,0,0,0,0,0,0,0,0,0,0,0
0.024414,0.024265,0.024379,0,0,0,0,0,0,0,0,0,0,0,0
0.024518,0.024113,0.024526,0,0,0,0,0,0,0,0,0,0,0,0
0.024469,0.024261,0.024345,0,0,0,0,0,0,0,0,0,0,0,0
0.024426,0.023981,0.02425,0,0,0,0,0,0,0,0,0,0,0,0
0.023634,0.023496,0.023545,0,0,0,0,0,0,0,0,0,0,0,0
0.02462,0.02415,0.024498,0,0,0,0,0,0,0,0,0,0,0,0
0.024671,0.024441,0.024456,0,0,0,0,0,0,0,0,0,0,0,0
0.024542,0.024103,0.024415,0,0,0,0,0,0,0,0,0,0,0,0
0.0241,0.023974,0.023993,0,0,0,0,0,0,0,0,0,0,0,0
0.02405,0.023621,0.023862,0,0,0,0,0,0,0,0,0,0,0,0
0.02421,0.023837,0.023979,0,0,0,0,0,0,0,0,0,0,0,0
0.025437,0.024569,0.025004,0,0,0,0,0,0,0,0,0,0,0,0
0.025356,0.024859,0.024883,0,0,0,0,0,0,0,0,0,0,0,0
0.02511,0.024473,0.02488,0,0,0,0,0,0,0,0,0,0,0,0
0.024675,0.024589,0.024656,0,0,0,0,0,0,0,0,0,0,0,0
0.024655,0.024077,0.024394,0,0,0,0,0,0,0,0,0,0,0,0
0.023779,0.023467,0.023737,0,0,0,0,0,0,0,0,0,0,0,0
0.023625,0.023148,0.023559,0,0,0,0,0,0,0,0,0,0,0,0
0.023709,0.023494,0.023695,0,0,0,0,0,0,0,0,0,0,0,0
0.024579,0.024174,0.02444,0,0,0,0,0,0,0,0,0,0,0,0
0.024623,0.024336,0.024342,0,0,0,0,0,0,0,0,0,0,0,0
0.024543,0.023971,0.024291,0,0,0,0,0,0,0,0,0,0,0,0
0.024522,0.024281,0.02443,0,0,0,0,0,0,0,0,0,0,0,0
0.024417,0.023868,0.024234,0,0,0,0,0,0,0,0,0,0,0,0
0.024484,0.024241,0.024334,0,0,0,0,0,0,0,0,0,0,0,0
0.024625,0.024007,0.024373,0,0,0,0,0,0,0,0,0,0,0,0
0.024637,0.024202,0.024304,0,0,0,0,0,0,0,0,0,0,0,0
0.02447,0.023939,0.024293,0,0,0,0,0,0,0,0,0,0,0,0
0.024461,0.024246,0.024383,0,0,0,0,0,0,0,0,0,0,0,0
0.024622,0.024104,0.024424,0,0,0,0,0,0,0,0,0,0,0,0
0.024555,0.024339,0.02436,0,0,0,0,0,0,0,0,0,0,0,0
0.024545,0.023952,0.024316,0,0,0,0,0,0,0,0,0,0,0,0
0.02466,0.02435,0.024435,0,0,0,0,0,0,0,0,0,0,0,0
0.024518,0.023958,0.024293,0,0,0,0,0,0,0,0,0,0,0,0
0.024579,0.024283,0.024402,0,0,0,0,0,0,0,0,0,0,0,0
0.024835,0.024145,0.02447,0,0,0,0,0,0,0,0,0,0,0,0
0.024656,0.024465,0.024405,0,0,0,0,0,0,0,0,0,0,0,0
0.024564,0.024075,0.024357,0,0,0,0,0,0,0,0,0,0,0,0
0.024562,0.024366,0.024431,0,0,0,0,0,0,0,0,0,0,0,0
0.024802,0.024272,0.024547,0,0,0,0,0,0,0,0,0,0,0,0
0.024848,0.02459,0.024707,0,0,0,0,0,0,0,0,0,0,0,0
0.023763,0.023254,0.023554,0,0,0,0,0,0,0,0,0,0,0,0
0.023809,0.023549,0.02366,0,0,0,0,0,0,0,0,0,0,0,0
0.023741,0.023244,0.023612,0,0,0,0,0,0,0,0,0,0,0,0
0.023846,0.023435,0.023536,0,0,0,0,0,0,0,0,0,0,0,0
0.023637,0.023184,0.023518,0,0,0,0,0,0,0,0,0,0,0,0
0.023704,0.023425,0.023508,0,0,0,0,0,0,0,0,0,0,0,0
0.02379,0.023237,0.023675,0,0,0,0,0,0,0,0,0,0,0,0
0.023731,0.023467,0.023502,0,0,0,0,0,0,0,0,0,0,0,0
0.023578,0.023037,0.023495,0,0,0,0,0,0,0,0,0,0,0,0
0.024326,0.024242,0.024186,0,0,0,0,0,0,0,0,0,0,0,0
0.024371,0.023915,0.024259,0,0,0,0,0,0,0,0,0,0,0,0
0.025423,0.025063,0.025044,0,0,0,0,0,0,0,0,0,0,0,0
0.024547,0.023906,0.024298,0,0,0,0,0,0,0,0,0,0,0,0
0.024506,0.024292,0.024393,0,0,0,0,0,0,0,0,0,0,0,0
0.023231,0.023996,0.024268,0,0,0,0,0,0,0,0,0,0,0,0
0.024413,0.024269,0.024254,0,0,0,0,0,0,0,0,0,0,0,0
0.024475,0.023947,0.02435,0,0,0,0,0,0,0,0,0,0,0,0
0.024492,0.024373,0.024357,0,0,0,0,0,0,0,0,0,0,0,0
0.024423,0.023926,0.024243,0,0,0,0,0,0,0,0,0,0,0,0
0.024488,0.024413,0.024168,0,0,0,0,0,0,0,0,0,0,0,0
0.024484,0.024028,0.024239,0,0,0,0,0,0,0,0,0,0,0,0
0.024475,0.024463,0.024272,0,0,0,0,0,0,0,0,0,0,0,0
0.02454,0.02412,0.024255,0,0,0,0,0,0,0,0,0,0,0,0
0.02461,0.024345,0.024389,0,0,0,0,0,0,0,0,0,0,0,0
0.024609,0.024108,0.024413,0,0,0,0,0,0,0,0,0,0,0,0
0.024549,0.024482,0.024356,0,0,0,0,0,0,0,0,0,0,0,0
0.024619,0.024001,0.024284,0,0,0,0,0,0,0,0,0,0,0,0
0.02446,0.024318,0.024257,0,0,0,0,0,0,0,0,0,0,0,0
0.024529,0.024105,0.024372,0,0,0,0,0,0,0,0,0,0,0,0
0.024426,0.024282,0.024275,0,0,0,0,0,0,0,0,0,0,0,0
0.02453,0.024047,0.024377,0,0,0,0,0,0,0,0,0,0,0,0
0.024605,0.024399,0.024371,0,0,0,0,0,0,0,0,0,0,0,0
0.024462,0.023928,0.024451,0,0,0,0,0,0,0,0,0,0,0,0
0.02474,0.024748,0.024556,0,0,0,0,0,0,0,0,0,0,0,0
0.024689,0.024361,0.024518,0,0,0,0,0,0,0,0,0,0,0,0
0.024858,0.024568,0.024459,0,0,0,0,0,0,0,0,0,0,0,0
0.024498,0.024037,0.024244,0,0,0,0,0,0,0,0,0,0,0,0
0.023707,0.02365,0.02359,0,0,0,0,0,0,0,0,0,0,0,0
0.024579,0.024118,0.024232,0,0,0,0,0,0,0,0,0,0,0,0
0.023636,0.023561,0.023424,0,0,0,0,0,0,0,0,0,0,0,0
0.023649,0.023188,0.02347,0,0,0,0,0,0,0,0,0,0,0,0
0.023724,0.023552,0.023377,0,0,0,0,0,0,0,0,0,0,0,0
0.024686,0.024122,0.024417,0,0,0,0,0,0,0,0,0,0,0,0
0.024795,0.024562,0.024587,0,0,0,0,0,0,0,0,0,0,0,0
0.024715,0.024238,0.024423,0,0,0,0,0,0,0,0,0,0,0,0
0.024675,0.024547,0.024416,0,0,0,0,0,0,0,0,0,0,0,0
0.024468,0.024107,0.024284,0,0,0,0,0,0,0,0,0,0,0,0
0.024425,0.02427,0.024177,0,0,0,0,0,0,0,0,0,0,0,0
0.023712,0.023269,0.023508,0,0,0,0,0,0,0,0,0,0,0,0
0.023921,0.02375,0.023659,0,0,0,0,0,0,0,0,0,0,0,0
0.023654,0.023284,0.023457,0,0,0,0,0,0,0,0,0,0,0,0
0.023748,0.0236,0.023525,0,0,0,0,0,0,0,0,0,0,0,0
0.023771,0.023478,0.02344,0,0,0,0,0,0,0,0,0,0,0,0
0.024024,0.023923,0.023732,0,0,0,0,0,0,0,0,0,0,0,0
0.023803,0.023349,0.023583,0,0,0,0,0,0,0,0,0,0,0,0
0.023633,0.023581,0.023501,0,0,0,0,0,0,0,0,0,0,0,0
0.024734,0.024296,0.024418,0,0,0,0,0,0,0,0,0,0,0,0
0.024563,0.024447,0.024357,0,0,0,0,0,0,0,0,0,0,0,0
0.024561,0.02406,0.02436,0,0,0,0,0,0,0,0,0,0,0,0
0.024486,0.024361,0.02431,0,0,0,0,0,0,0,0,0,0,0,0
0.023853,0.023273,0.023478,0,0,0,0,0,0,0,0,0,0,0,0
0.023699,0.023596,0.023554,0,0,0,0,0,0,0,0,0,0,0,0
0.023692,0.023205,0.023449,0,0,0,0,0,0,0,0,0,0,0,0
0.024506,0.024397,0.02447,0,0,0,0,0,0,0,0,0,0,0,0
0.024556,0.024111,0.024237,0,0,0,0,0,0,0,0,0,0,0,0
0.024504,0.024401,0.024418,0,0,0,0,0,0,0,0,0,0,0,0
0.023798,0.023315,0.023487,0,0,0,0,0,0,0,0,0,0,0,0
0.023736,0.02372,0.023548,0,0,0,0,0,0,0,0,0,0,0,0
0.024634,0.024085,0.024281,0,0,0,0,0,0,0,0,0,0,0,0
0.025367,0.024949,0.025077,0,0,0,0,0,0,0,0,0,0,0,0
0.023849,0.023375,0.02362,0,0,0,0,0,0,0,0,0,0,0,0
0.023907,0.023564,0.023493,0,0,0,0,0,0,0,0,0,0,0,0
0.023664,0.023222,0.023485,0,0,0,0,0,0,0,0,0,0,0,0
0.024103,0.023863,0.023929,0,0,0,0,0,0,0,0,0,0,0,0
0.02397,0.023469,0.023666,0,0,0,0,0,0,0,0,0,0,0,0
0.023755,0.023584,0.023665,0,0,0,0,0,0,0,0,0,0,0,0
0.023733,0.023175,0.023336,0,0,0,0,0,0,0,0,0,0,0,0
0.023645,0.023515,0.023351,0,0,0,0,0,0,0,0,0,0,0,0
0.024049,0.023527,0.022502,0,0,0,0,0,0,0,0,0,0,0,0
0.024623,0.024411,0.024424,0,0,0,0,0,0,0,0,0,0,0,0
0.024863,0.02427,0.024444,0,0,0,0,0,0,0,0,0,0,0,0
0.02498,0.024661,0.024727,0,0,0,0,0,0,0,0,0,0,0,0
0.025051,0.024504,0.02484,0,0,0,0,0,0,0,0,0,0,0,0
0.024527,0.024401,0.024333,0,0,0,0,0,0,0,0,0,0,0,0
0.024426,0.023912,0.024168,0,0,0,0,0,0,0,0,0,0,0,0
0.024413,0.02425,0.02418,0,0,0,0,0,0,0,0,0,0,0,0
0.023706,0.023192,0.023403,0,0,0,0,0,0,0,0,0,0,0,0
0.024644,0.024515,0.024524,0,0,0,0,0,0,0,0,0,0,0,0
0.024532,0.023976,0.024238,0,0,0,0,0,0,0,0,0,0,0,0
0.023849,0.023494,0.023555,0,0,0,0,0,0,0,0,0,0,0,0
0.023773,0.02321,0.02358,0,0,0,0,0,0,0,0,0,0,0,0
0.023681,0.023507,0.023376,0,0,0,0,0,0,0,0,0,0,0,0
0.023939,0.02337,0.023778,0,0,0,0,0,0,0,0,0,0,0,0
0.02445,0.024223,0.024243,0,0,0,0,0,0,0,0,0,0,0,0
0.025549,0.024818,0.025363,0,0,0,0,0,0,0,0,0,0,0,0
0.025525,0.025016,0.025214,0,0,0,0,0,0,0,0,0,0,0,0
0.025696,0.025082,0.025357,0,0,0,0,0,0,0,0,0,0,0,0
0.024665,0.024392,0.024336,0,0,0,0,0,0,0,0,0,0,0,0
0.024767,0.023894,0.024418,0,0,0,0,0,0,0,0,0,0,0,0
0.023696,0.023056,0.023526,0,0,0,0,0,0,0,0,0,0,0,0
0.023731,0.023085,0.02347,0,0,0,0,0,0,0,0,0,0,0,0
0.023849,0.023258,0.023636,0,0,0,0,0,0,0,0,0,0,0,0
0.024738,0.024015,0.024411,0,0,0,0,0,0,0,0,0,0,0,0
0.024702,0.024064,0.024365,0,0,0,0,0,0,0,0,0,0,0,0
0.024795,0.02398,0.024455,0,0,0,0,0,0,0,0,0,0,0,0
0.024662,0.023957,0.024385,0,0,0,0,0,0,0,0,0,0,0,0
0.023811,0.023192,0.02373,0,0,0,0,0,0,0,0,0,0,0,0
0.023775,0.023134,0.023471,0,0,0,0,0,0,0,0,0,0,0,0
0.024059,0.023356,0.023688,0,0,0,0,0,0,0,0,0,0,0,0
0.023934,0.023215,0.023599,0,0,0,0,0,0,0,0,0,0,0,0
0.023733,0.023069,0.023489,0,0,0,0,0,0,0,0,0,0,0,0
0.023753,0.023022,0.023447,0,0,0,0,0,0,0,0,0,0,0,0
0.023636,0.023028,0.023435,0,0,0,0,0,0,0,0,0,0,0,0
0.024518,0.023908,0.024287,0,0,0,0,0,0,0,0,0,0,0,0
0.024749,0.023987,0.024321,0,0,0,0,0,0,0,0,0,0,0,0
0.024739,0.024099,0.024669,0,0,0,0,0,0,0,0,0,0,0,0
0.024614,0.024008,0.024372,0,0,0,0,0,0,0,0,0,0,0,0
0.024441,0.023837,0.024235,0,0,0,0,0,0,0,0,0,0,0,0
0.024764,0.024122,0.024545,0,0,0,0,0,0,0,0,0,0,0,0
0.023719,0.02317,0.023499,0,0,0,0,0,0,0,0,0,0,0,0
0.023874,0.023284,0.023626,0,0,0,0,0,0,0,0,0,0,0,0
0.024061,0.023417,0.023864,0,0,0,0,0,0,0,0,0,0,0,0
0.023713,0.023135,0.023393,0,0,0,0,0,0,0,0,0,0,0,0
0.024,0.02335,0.02389,0,0,0,0,0,0,0,0,0,0,0,0
0.023749,0.023064,0.023506,0,0,0,0,0,0,0,0,0,0,0,0
0.024651,0.023905,0.024483,0,0,0,0,0,0,0,0,0,0,0,0
0.024687,0.024126,0.024442,0,0,0,0,0,0,0,0,0,0,0,0
0.024691,0.024064,0.024322,0,0,0,0,0,0,0,0,0,0,0,0
0.024604,0.024141,0.024337,0,0,0,0,0,0,0,0,0,0,0,0
0.024583,0.024014,0.024344,0,0,0,0,0,0,0,0,0,0,0,0
0.024567,0.023965,0.024355,0,0,0,0,0,0,0,0,0,0,0,0
0.024426,0.023833,0.024223,0,0,0,0,0,0,0,0,0,0,0,0
0.024538,0.023808,0.02429,0,0,0,0,0,0,0,0,0,0,0,0
0.023737,0.023118,0.023519,0,0,0,0,0,0,0,0,0,0,0,0
0.024078,0.023438,0.023759,0,0,0,0,0,0,0,0,0,0,0,0
0.024636,0.023796,0.024412,0,0,0,0,0,0,0,0,0,0,0,0
0.024636,0.023956,0.024134,0,0,0,0,0,0,0,0,0,0,0,0
0.025268,0.024361,0.024758,0,0,0,0,0,0,0,0,0,0,0,0
0.024866,0.024059,0.024403,0,0,0,0,0,0,0,0,0,0,0,0
0.024477,0.023696,0.024147,0,0,0,0,0,0,0,0,0,0,0,0
0.02449,0.023825,0.024142,0,0,0,0,0,0,0,0,0,0,0,0
0.024292,0.023667,0.023949,0,0,0,0,0,0,0,0,0,0,0,0
0.024566,0.024049,0.024315,0,0,0,0,0,0,0,0,0,0,0,0
0.024585,0.024023,0.024387,0,0,0,0,0,0,0,0,0,0,0,0
0.024612,0.024048,0.024412,0,0,0,0,0,0,0,0,0,0,0,0
0.024749,0.024266,0.024633,0,0,0,0,0,0,0,0,0,0,0,0
0.02477,0.024024,0.024497,0,0,0,0,0,0,0,0,0,0,0,0
0.024615,0.023917,0.024221,0,0,0,0,0,0,0,0,0,0,0,0
0.024632,0.02415,0.024353,0,0,0,0,0,0,0,0,0,0,0,0
0.024738,0.024204,0.024601,0,0,0,0,0,0,0,0,0,0,0,0
0.023947,0.023189,0.02347,0,0,0,0,0,0,0,0,0,0,0,0
0.023796,0.023218,0.0236,0,0,0,0,0,0,0,0,0,0,0,0
0.024254,0.023607,0.023916,0,0,0,0,0,0,0,0,0,0,0,0
0.024155,0.022343,0.023802,0,0,0,0,0,0,0,0,0,0,0,0
0.023739,0.023121,0.023392,0,0,0,0,0,0,0,0,0,0,0,0
0.024144,0.023464,0.02377,0,0,0,0,0,0,0,0,0,0,0,0
0.024172,0.023605,0.023993,0,0,0,0,0,0,0,0,0,0,0,0
0.024618,0.024009,0.024324,0,0,0,0,0,0,0,0,0,0,0,0
0.02476,0.024236,0.024562,0,0,0,0,0,0,0,0,0,0,0,0
0.023851,0.023273,0.023592,0,0,0,0,0,0,0,0,0,0,0,0
0.02486,0.024324,0.024542,0,0,0,0,0,0,0,0,0,0,0,0
0.024506,0.024,0.024317,0,0,0,0,0,0,0,0,0,0,0,0
0.023674,0.023067,0.023411,0,0,0,0,0,0,0,0,0,0,0,0
0.023691,0.023092,0.023505,0,0,0,0,0,0,0,0,0,0,0,0
0.024548,0.023994,0.024377,0,0,0,0,0,0,0,0,0,0,0,0
0.024667,0.024078,0.024435,0,0,0,0,0,0,0,0,0,0,0,0
0.02481,0.024276,0.024566,0,0,0,0,0,0,0,0,0,0,0,0
0.024617,0.024007,0.024317,0,0,0,0,0,0,0,0,0,0,0,0
0.024554,0.023991,0.024371,0,0,0,0,0,0,0,0,0,0,0,0
0.024477,0.023852,0.024238,0,0,0,0,0,0,0,0,0,0,0,0
0.024571,0.023996,0.024511,0,0,0,0,0,0,0,0,0,0,0,0
0.024617,0.023962,0.024396,0,0,0,0,0,0,0,0,0,0,0,0
0.024625,0.02395,0.024284,0,0,0,0,0,0,0,0,0,0,0,0
0.024518,0.023864,0.024337,0,0,0,0,0,0,0,0,0,0,0,0
0.024492,0.023899,0.024214,0,0,0,0,0,0,0,0,0,0,0,0
0.02409,0.023401,0.023823,0,0,0,0,0,0,0,0,0,0,0,0
0.024652,0.024101,0.024369,0,0,0,0,0,0,0,0,0,0,0,0
0.024509,0.023937,0.024396,0,0,0,0,0,0,0,0,0,0,0,0
0.024557,0.023978,0.024344,0,0,0,0,0,0,0,0,0,0,0,0
0.02359,0.023164,0.023434,0,0,0,0,0,0,0,0,0,0,0,0
0.023761,0.023303,0.023675,0,0,0,0,0,0,0,0,0,0,0,0
0.024871,0.02416,0.02461,0,0,0,0,0,0,0,0,0,0,0,0
0.024809,0.023988,0.024548,0,0,0,0,0,0,0,0,0,0,0,0
0.024552,0.024057,0.024553,0,0,0,0,0,0,0,0,0,0,0,0
0.024783,0.024243,0.02476,0,0,0,0,0,0,0,0,0,0,0,0
0.024643,0.024193,0.02459,0,0,0,0,0,0,0,0,0,0,0,0
0.023643,0.023149,0.023536,0,0,0,0,0,0,0,0,0,0,0,0
0.023641,0.023063,0.02347,0,0,0,0,0,0,0,0,0,0,0,0
0.023842,0.023249,0.023651,0,0,0,0,0,0,0,0,0,0,0,0
0.023856,0.023259,0.023716,0,0,0,0,0,0,0,0,0,0,0,0
0.023876,0.023278,0.023673,0,0,0,0,0,0,0,0,0,0,0,0
0.023564,0.023069,0.023513,0,0,0,0,0,0,0,0,0,0,0,0
0.023783,0.023143,0.023557,0,0,0,0,0,0,0,0,0,0,0,0
0.024557,0.024095,0.024426,0,0,0,0,0,0,0,0,0,0,0,0
0.024678,0.024222,0.02459,0,0,0,0,0,0,0,0,0,0,0,0
0.024568,0.024111,0.024401,0,0,0,0,0,0,0,0,0,0,0,0
0.024715,0.024009,0.024487,0,0,0,0,0,0,0,0,0,0,0,0
0.024832,0.024372,0.024633,0,0,0,0,0,0,0,0,0,0,0,0
0.024999,0.024273,0.024548,0,0,0,0,0,0,0,0,0,0,0,0
0.024773,0.024134,0.024382,0,0,0,0,0,0,0,0,0,0,0,0
0.024587,0.024008,0.024362,0,0,0,0,0,0,0,0,0,0,0,0
0.024733,0.024183,0.024525,0,0,0,0,0,0,0,0,0,0,0,0
0.02388,0.023264,0.023743,0,0,0,0,0,0,0,0,0,0,0,0
0.02382,0.02315,0.02364,0,0,0,0,0,0,0,0,0,0,0,0
0.023953,0.023241,0.023801,0,0,0,0,0,0,0,0,0,0,0,0
0.023861,0.023151,0.023614,0,0,0,0,0,0,0,0,0,0,0,0
0.023811,0.023092,0.02375,0,0,0,0,0,0,0,0,0,0,0,0
0.023794,0.02313,0.023551,0,0,0,0,0,0,0,0,0,0,0,0
0.02375,0.023129,0.02345,0,0,0,0,0,0,0,0,0,0,0,0
0.024707,0.024027,0.024477,0,0,0,0,0,0,0,0,0,0,0,0
0.024773,0.024208,0.024439,0,0,0,0,0,0,0,0,0,0,0,0
0.024591,0.023923,0.024256,0,0,0,0,0,0,0,0,0,0,0,0
0.023774,0.023155,0.023531,0,0,0,0,0,0,0,0,0,0,0,0
0.023935,0.023388,0.023721,0,0,0,0,0,0,0,0,0,0,0,0
0.023908,0.023221,0.02363,0,0,0,0,0,0,0,0,0,0,0,0
0.023894,0.023349,0.023604,0,0,0,0,0,0,0,0,0,0,0,0
0.023919,0.023377,0.023749,0,0,0,0,0,0,0,0,0,0,0,0
0.022722,0.023226,0.023651,0,0,0,0,0,0,0,0,0,0,0,0
0.02397,0.023465,0.023952,0,0,0,0,0,0,0,0,0,0,0,0
0.02393,0.023223,0.023662,0,0,0,0,0,0,0,0,0,0,0,0
0.023608,0.023053,0.023522,0,0,0,0,0,0,0,0,0,0,0,0
0.023667,0.022999,0.023472,0,0,0,0,0,0,0,0,0,0,0,0
0.024722,0.024162,0.02455,0,0,0,0,0,0,0,0,0,0,0,0
0.024477,0.023948,0.024451,0,0,0,0,0,0,0,0,0,0,0,0
0.024623,0.024067,0.024454,0,0,0,0,0,0,0,0,0,0,0,0
0.024229,0.023609,0.024025,0,0,0,0,0,0,0,0,0,0,0,0
0.023793,0.023216,0.02355,0,0,0,0,0,0,0,0,0,0,0,0
0.023801,0.023276,0.023686,0,0,0,0,0,0,0,0,0,0,0,0
0.024538,0.023951,0.02445,0,0,0,0,0,0,0,0,0,0,0,0
0.024565,0.023931,0.024458,0,0,0,0,0,0,0,0,0,0,0,0
0.023882,0.023373,0.023741,0,0,0,0,0,0,0,0,0,0,0,0
0.023734,0.023179,0.023621,0,0,0,0,0,0,0,0,0,0,0,0
0.02368,0.023235,0.023558,0,0,0,0,0,0,0,0,0,0,0,0
0.023809,0.023405,0.023649,0,0,0,0,0,0,0,0,0,0,0,0
0.024769,0.024178,0.024749,0,0,0,0,0,0,0,0,0,0,0,0
0.024806,0.024134,0.024587,0,0,0,0,0,0,0,0,0,0,0,0
0.024663,0.024079,0.02443,0,0,0,0,0,0,0,0,0,0,0,0
0.023642,0.023198,0.023525,0,0,0,0,0,0,0,0,0,0,0,0
0.023695,0.023169,0.023519,0,0,0,0,0,0,0,0,0,0,0,0
0.024746,0.024169,0.024575,0,0,0,0,0,0,0,0,0,0,0,0
0.024638,0.0241,0.024416,0,0,0,0,0,0,0,0,0,0,0,0
0.024683,0.024086,0.024542,0,0,0,0,0,0,0,0,0,0,0,0
0.024872,0.024255,0.02478,0,0,0,0,0,0,0,0,0,0,0,0
0.024607,0.024054,0.024497,0,0,0,0,0,0,0,0,0,0,0,0
0.024932,0.024263,0.024682,0,0,0,0,0,0,0,0,0,0,0,0
0.02465,0.024056,0.024532,0,0,0,0,0,0,0,0,0,0,0,0
0.024832,0.024331,0.024882,0,0,0,0,0,0,0,0,0,0,0,0
0.024729,0.024185,0.024685,0,0,0,0,0,0,0,0,0,0,0,0
0.024482,0.023883,0.024315,0,0,0,0,0,0,0,0,0,0,0,0
0.024474,0.023847,0.024334,0,0,0,0,0,0,0,0,0,0,0,0
0.024701,0.02415,0.024491,0,0,0,0,0,0,0,0,0,0,0,0
0.024775,0.024026,0.024531,0,0,0,0,0,0,0,0,0,0,0,0
0.024745,0.024209,0.024601,0,0,0,0,0,0,0,0,0,0,0,0
0.023997,0.023388,0.023869,0,0,0,0,0,0,0,0,0,0,0,0
0.023982,0.023411,0.023841,0,0,0,0,0,0,0,0,0,0,0,0
0.023725,0.023186,0.023589,0,0,0,0,0,0,0,0,0,0,0,0
0.023684,0.023178,0.023651,0,0,0,0,0,0,0,0,0,0,0,0
0.023882,0.023353,0.023709,0,0,0,0,0,0,0,0,0,0,0,0
0.024007,0.023539,0.023913,0,0,0,0,0,0,0,0,0,0,0,0
0.023735,0.02324,0.02368,0,0,0,0,0,0,0,0,0,0,0,0
0.02408,0.023558,0.023952,0,0,0,0,0,0,0,0,0,0,0,0
0.024671,0.024172,0.024601,0,0,0,0,0,0,0,0,0,0,0,0
0.024529,0.023922,0.024392,0,0,0,0,0,0,0,0,0,0,0,0
0.023679,0.023069,0.023526,0,0,0,0,0,0,0,0,0,0,0,0
0.023885,0.023278,0.023761,0,0,0,0,0,0,0,0,0,0,0,0
0.023873,0.023308,0.023768,0,0,0,0,0,0,0,0,0,0,0,0
0.024672,0.024187,0.024636,0,0,0,0,0,0,0,0,0,0,0,0
0.024687,0.024152,0.02468,0,0,0,0,0,0,0,0,0,0,0,0
0.024584,0.024165,0.024633,0,0,0,0,0,0,0,0,0,0,0,0
0.023827,0.023289,0.023771,0,0,0,0,0,0,0,0,0,0,0,0
0.023681,0.023142,0.02365,0,0,0,0,0,0,0,0,0,0,0,0
0.024796,0.024187,0.02459,0,0,0,0,0,0,0,0,0,0,0,0
0.024761,0.024324,0.024784,0,0,0,0,0,0,0,0,0,0,0,0
0.024658,0.024216,0.024595,0,0,0,0,0,0,0,0,0,0,0,0
0.024486,0.023975,0.024394,0,0,0,0,0,0,0,0,0,0,0,0
0.024583,0.024075,0.024455,0,0,0,0,0,0,0,0,0,0,0,0
0.023664,0.023191,0.023695,0,0,0,0,0,0,0,0,0,0,0,0
0.024629,0.024165,0.024503,0,0,0,0,0,0,0,0,0,0,0,0
0.024641,0.024037,0.024576,0,0,0,0,0,0,0,0,0,0,0,0
0.024578,0.024115,0.024575,0,0,0,0,0,0,0,0,0,0,0,0
0.024478,0.024091,0.024351,0,0,0,0,0,0,0,0,0,0,0,0
0.024628,0.02426,0.024508,0,0,0,0,0,0,0,0,0,0,0,0
0.024619,0.024195,0.024578,0,0,0,0,0,0,0,0,0,0,0,0
0.024948,0.024351,0.023638,0,0,0,0,0,0,0,0,0,0,0,0
0.023888,0.023384,0.023817,0,0,0,0,0,0,0,0,0,0,0,0
0.023825,0.02326,0.023602,0,0,0,0,0,0,0,0,0,0,0,0
0.023793,0.023288,0.023682,0,0,0,0,0,0,0,0,0,0,0,0
0.023928,0.023303,0.023735,0,0,0,0,0,0,0,0,0,0,0,0
0.023818,0.023275,0.023719,0,0,0,0,0,0,0,0,0,0,0,0
0.024523,0.023989,0.024416,0,0,0,0,0,0,0,0,0,0,0,0
0.024714,0.024117,0.024543,0,0,0,0,0,0,0,0,0,0,0,0
0.024581,0.024102,0.024528,0,0,0,0,0,0,0,0,0,0,0,0
0.024662,0.024126,0.024597,0,0,0,0,0,0,0,0,0,0,0,0
0.024517,0.024108,0.024462,0,0,0,0,0,0,0,0,0,0,0,0
0.024608,0.024115,0.024406,0,0,0,0,0,0,0,0,0,0,0,0
0.024728,0.024185,0.024578,0,0,0,0,0,0,0,0,0,0,0,0
0.024642,0.024184,0.024554,0,0,0,0,0,0,0,0,0,0,0,0
0.024473,0.023989,0.024275,0,0,0,0,0,0,0,0,0,0,0,0
0.02478,0.024288,0.024658,0,0,0,0,0,0,0,0,0,0,0,0
0.024658,0.024187,0.024542,0,0,0,0,0,0,0,0,0,0,0,0
0.024773,0.02426,0.024678,0,0,0,0,0,0,0,0,0,0,0,0
0.024857,0.024317,0.024721,0,0,0,0,0,0,0,0,0,0,0,0
0.024701,0.024213,0.024588,0,0,0,0,0,0,0,0,0,0,0,0
0.024606,0.024032,0.024396,0,0,0,0,0,0,0,0,0,0,0,0
0.024475,0.024004,0.024359,0,0,0,0,0,0,0,0,0,0,0,0
0.024748,0.024248,0.02459,0,0,0,0,0,0,0,0,0,0,0,0
0.024717,0.024286,0.02462,0,0,0,0,0,0,0,0,0,0,0,0
0.02451,0.024115,0.024408,0,0,0,0,0,0,0,0,0,0,0,0
0.024608,0.024062,0.024448,0,0,0,0,0,0,0,0,0,0,0,0
0.024848,0.024103,0.024613,0,0,0,0,0,0,0,0,0,0,0,0
0.02388,0.023354,0.023817,0,0,0,0,0,0,0,0,0,0,0,0
0.023758,0.023272,0.023675,0,0,0,0,0,0,0,0,0,0,0,0
0.023871,0.023262,0.023617,0,0,0,0,0,0,0,0,0,0,0,0
0.023617,0.023039,0.023402,0,0,0,0,0,0,0,0,0,0,0,0
0.024057,0.023419,0.02372,0,0,0,0,0,0,0,0,0,0,0,0
0.024756,0.024215,0.024581,0,0,0,0,0,0,0,0,0,0,0,0
0.024775,0.02418,0.024616,0,0,0,0,0,0,0,0,0,0,0,0
0.024673,0.024011,0.024452,0,0,0,0,0,0,0,0,0,0,0,0
0.024623,0.024087,0.024412,0,0,0,0,0,0,0,0,0,0,0,0
0.024606,0.024003,0.024454,0,0,0,0,0,0,0,0,0,0,0,0
0.024618,0.024018,0.024468,0,0,0,0,0,0,0,0,0,0,0,0
0.023873,0.023218,0.023657,0,0,0,0,0,0,0,0,0,0,0,0
0.02377,0.023225,0.023583,0,0,0,0,0,0,0,0,0,0,0,0
0.023839,0.023167,0.02351,0,0,0,0,0,0,0,0,0,0,0,0
0.023871,0.023311,0.023677,0,0,0,0,0,0,0,0,0,0,0,0
0.024622,0.024009,0.024316,0,0,0,0,0,0,0,0,0,0,0,0
0.024503,0.023995,0.024419,0,0,0,0,0,0,0,0,0,0,0,0
0.023628,0.023067,0.023509,0,0,0,0,0,0,0,0,0,0,0,0
0.023866,0.023281,0.023793,0,0,0,0,0,0,0,0,0,0,0,0
0.024661,0.024139,0.024452,0,0,0,0,0,0,0,0,0,0,0,0
0.024751,0.024034,0.024377,0,0,0,0,0,0,0,0,0,0,0,0
0.023836,0.023259,0.023713,0,0,0,0,0,0,0,0,0,0,0,0
0.023869,0.023207,0.023558,0,0,0,0,0,0,0,0,0,0,0,0
0.023758,0.023176,0.023697,0,0,0,0,0,0,0,0,0,0,0,0
0.023901,0.023319,0.023645,0,0,0,0,0,0,0,0,0,0,0,0
0.024004,0.023301,0.023664,0,0,0,0,0,0,0,0,0,0,0,0
0.024072,0.023564,0.023788,0,0,0,0,0,0,0,0,0,0,0,0
0.023846,0.023365,0.023697,0,0,0,0,0,0,0,0,0,0,0,0
0.024568,0.024011,0.024382,0,0,0,0,0,0,0,0,0,0,0,0
0.02484,0.023978,0.024432,0,0,0,0,0,0,0,0,0,0,0,0
0.025042,0.024454,0.024894,0,0,0,0,0,0,0,0,0,0,0,0
0.024693,0.024176,0.024489,0,0,0,0,0,0,0,0,0,0,0,0
0.02442,0.023865,0.024258,0,0,0,0,0,0,0,0,0,0,0,0
0.024414,0.023785,0.024282,0,0,0,0,0,0,0,0,0,0,0,0
0.023846,0.023261,0.023642,0,0,0,0,0,0,0,0,0,0,0,0
0.024098,0.02342,0.023883,0,0,0,0,0,0,0,0,0,0,0,0
0.02392,0.023285,0.023607,0,0,0,0,0,0,0,0,0,0,0,0
0.023675,0.023138,0.023464,0,0,0,0,0,0,0,0,0,0,0,0
0.02388,0.023237,0.023626,0,0,0,0,0,0,0,0,0,0,0,0
0.024953,0.0243,0.024712,0,0,0,0,0,0,0,0,0,0,0,0
0.024854,0.024202,0.024652,0,0,0,0,0,0,0,0,0,0,0,0
0.024811,0.024165,0.025076,0,0,0,0,0,0,0,0,0,0,0,0
0.024911,0.024148,0.024724,0,0,0,0,0,0,0,0,0,0,0,0
0.024613,0.02402,0.024482,0,0,0,0,0,0,0,0,0,0,0,0
0.024643,0.02398,0.024572,0,0,0,0,0,0,0,0,0,0,0,0
0.02388,0.023259,0.023763,0,0,0,0,0,0,0,0,0,0,0,0
0.02394,0.023302,0.023768,0,0,0,0,0,0,0,0,0,0,0,0
0.024438,0.023687,0.024222,0,0,0,0,0,0,0,0,0,0,0,0
0.024008,0.023378,0.023853,0,0,0,0,0,0,0,0,0,0,0,0
0.024019,0.023409,0.024387,0,0,0,0,0,0,0,0,0,0,0,0
0.023723,0.023237,0.02375,0,0,0,0,0,0,0,0,0,0,0,0
0.023897,0.02206,0.023768,0,0,0,0,0,0,0,0,0,0,0,0
0.024738,0.024175,0.024766,0,0,0,0,0,0,0,0,0,0,0,0
0.024811,0.024178,0.024745,0,0,0,0,0,0,0,0,0,0,0,0
0.024842,0.024321,0.024858,0,0,0,0,0,0,0,0,0,0,0,0
0.024717,0.024072,0.024672,0,0,0,0,0,0,0,0,0,0,0,0
0.024497,0.023886,0.024557,0,0,0,0,0,0,0,0,0,0,0,0
0.023647,0.023053,0.023695,0,0,0,0,0,0,0,0,0,0,0,0
0.023824,0.023291,0.024468,0,0,0,0,0,0,0,0,0,0,0,0
0.023876,0.023196,0.023986,0,0,0,0,0,0,0,0,0,0,0,0
0.023881,0.023277,0.024019,0,0,0,0,0,0,0,0,0,0,0,0
0.024054,0.02337,0.024119,0,0,0,0,0,0,0,0,0,0,0,0
0.024035,0.023448,0.024132,0,0,0,0,0,0,0,0,0,0,0,0
0.023993,0.023449,0.024079,0,0,0,0,0,0,0,0,0,0,0,0
0.024006,0.023376,0.024081,0,0,0,0,0,0,0,0,0,0,0,0
0.023934,0.023272,0.023942,0,0,0,0,0,0,0,0,0,0,0,0
0.023845,0.023245,0.02407,0,0,0,0,0,0,0,0,0,0,0,0
