1
242.4022,168.9871,117.4402,112.5341
231.0853,179.3987,117.4402,112.5341
215.2415,195.2425,117.4402,112.5341
209.3566,207.4648,117.4402,112.5341
216.1468,203.3907,117.4402,112.5341
214.7888,194.7898,117.4402,112.5341
209.8093,195.2425,117.4402,112.5341
174.0476,215.6131,117.4402,112.5341
144.6235,244.1319,117.4402,112.5341
205.7352,254.5435,117.4402,112.5341
241.4969,220.5925,117.4402,112.5341
224.7477,205.6541,117.4402,112.5341
216.1468,199.7693,117.4402,112.5341
203.0191,199.3166,117.4402,112.5341
188.9861,206.1068,117.4402,112.5341
189.4387,213.8023,117.4402,112.5341
199.8504,209.7282,117.4402,112.5341
214.7888,181.2094,117.4402,112.5341
213.4308,149.0692,117.4402,112.5341
196.6816,140.4682,117.4402,112.5341
201.6611,157.2174,117.4402,112.5341
225.5871,183.9379,121.1935,116.1307
253.1488,218.9739,121.1935,116.1307
266.6961,234.3898,121.1935,116.1307
253.1300,240.3666,117.4941,112.5858
239.0904,244.4426,117.4941,112.5858
235.0145,245.8012,117.4941,112.5858
228.2211,237.1964,117.4941,112.5858
222.3336,222.2511,117.4941,112.5858
221.8807,212.7404,117.4941,112.5858
228.6740,205.0414,117.4941,112.5858
237.2789,191.9076,117.4941,112.5858
235.9202,170.6219,117.4941,112.5858
222.7865,152.0536,117.4941,112.5858
216.8330,128.0630,121.2492,116.1840
223.8434,114.5095,121.2492,116.1840
239.2663,121.5199,121.2492,116.1840
247.2115,124.7914,121.2492,116.1840
249.5483,134.6060,121.2492,116.1840
258.4281,166.8540,121.2492,116.1840
261.6997,205.6450,121.2492,116.1840
268.7101,226.6763,121.2492,116.1840
270.1122,230.8825,121.2492,116.1840
264.9712,227.6110,121.2492,116.1840
257.9608,214.0575,121.2492,116.1840
257.4934,207.0471,121.2492,116.1840
257.9608,189.7547,121.2492,116.1840
260.2976,159.3762,121.2492,116.1840
264.4850,158.8127,117.5480,112.6375
265.8443,173.7648,117.5480,112.6375
262.6726,179.6550,117.5480,112.6375
261.3133,176.4834,117.5480,112.6375
264.4850,176.9365,117.5480,112.6375
270.3752,181.9205,117.5480,112.6375
278.0779,190.5293,117.5480,112.6375
276.7186,204.5753,117.5480,112.6375
251.7323,207.7594,121.3049,116.2374
216.6641,205.4215,121.3049,116.2374
196.5583,202.1485,121.3049,116.2374
200.7665,201.6809,121.3049,116.2374
223.6777,202.1485,121.3049,116.2374
262.4677,209.0659,117.6020,112.6892
300.9984,208.6126,117.6020,112.6892
328.6499,215.4121,117.6020,112.6892
326.3834,216.7720,117.6020,112.6892
311.4244,207.2527,117.6020,112.6892
287.3333,185.0533,121.3605,116.2907
254.1201,160.2603,121.3605,116.2907
237.7475,152.3079,121.3605,116.2907
237.2796,162.1315,121.3605,116.2907
245.2321,177.5686,121.3605,116.2907
250.3778,192.0701,121.3605,116.2907
263.9437,205.6360,121.3605,116.2907
288.7366,216.3952,121.3605,116.2907
303.2382,225.2833,121.3605,116.2907
302.7515,239.6885,117.6560,112.7409
295.0418,246.4912,117.6560,112.7409
282.7970,244.2236,117.6560,112.7409
256.0398,231.0718,117.6560,112.7409
226.5616,224.2691,117.6560,112.7409
210.6887,225.6297,117.6560,112.7409
209.3282,231.5253,117.6560,112.7409
216.1308,228.3507,117.6560,112.7409
231.0306,206.1411,121.4163,116.3441
245.5388,175.7208,121.4163,116.3441
260.0469,149.0444,121.4163,116.3441
288.5953,134.5363,121.4163,116.3441
316.1887,141.4601,117.7100,112.7927
323.9019,150.9882,117.7100,112.7927
322.5408,166.8683,117.7100,112.7927
310.2904,177.3039,117.7100,112.7927
288.9655,188.6469,117.7100,112.7927
263.1035,207.2494,117.7100,112.7927
245.4085,222.2221,117.7100,112.7927
231.3432,222.6759,117.7100,112.7927
218.1853,211.3329,117.7100,112.7927
208.6572,201.8047,117.7100,112.7927
200.9440,199.5362,117.7100,112.7927
208.6572,191.8229,117.7100,112.7927
226.3522,175.0353,117.7100,112.7927
242.2324,163.6923,117.7100,112.7927
256.2977,168.6832,117.7100,112.7927
270.2969,182.7610,121.4720,116.3975
289.4940,209.4496,121.4720,116.3975
299.3266,216.4729,121.4720,116.3975
284.8118,201.0216,121.4720,116.3975
246.8859,184.6339,121.4720,116.3975
203.3414,189.7843,121.4720,116.3975
171.0342,206.1720,121.4720,116.3975
158.3922,224.4326,121.4720,116.3975
157.9240,231.4559,121.4720,116.3975
171.5024,216.0046,121.4720,116.3975
193.5088,187.4432,121.4720,116.3975
218.3244,167.3097,121.4720,116.3975
227.2206,169.6508,121.4720,116.3975
223.9431,186.9750,121.4720,116.3975
218.7927,200.5534,121.4720,116.3975
217.3880,198.2123,121.4720,116.3975
223.4749,189.3161,121.4720,116.3975
233.3075,189.7843,121.4720,116.3975
230.9664,201.4898,121.4720,116.3975
217.3880,214.1318,121.4720,116.3975
202.8732,215.5364,121.4720,116.3975
196.7863,201.9580,121.4720,116.3975
195.3817,186.5067,121.4720,116.3975
189.2948,185.1021,121.4720,116.3975
192.5723,197.7440,121.4720,116.3975
201.4685,222.5597,121.4720,116.3975
201.0003,246.4390,121.4720,116.3975
195.8499,244.0979,121.4720,116.3975
194.4452,216.4729,121.4720,116.3975
195.8499,194.4665,121.4720,116.3975
186.9537,176.2059,121.4720,116.3975
165.8838,168.2462,121.4720,116.3975
157.9240,177.1423,121.4720,116.3975
164.9473,190.7207,121.4720,116.3975
178.5257,197.7440,121.4720,116.3975
192.9723,196.3522,125.3542,120.1176
217.6147,201.6673,125.3542,120.1176
242.2572,215.6796,125.3542,120.1176
268.8323,229.6920,125.3542,120.1176
291.5225,238.7731,121.5278,116.4510
277.0010,230.8097,121.5278,116.4510
239.9946,218.1619,121.5278,116.4510
195.4932,211.1354,121.5278,116.4510
163.1712,209.7301,121.5278,116.4510
131.7860,215.8197,121.5278,116.4510
102.2746,216.2882,121.5278,116.4510
110.2380,206.4510,121.5278,116.4510
158.4186,191.0055,125.4118,120.1727
206.2758,183.7544,125.4118,120.1727
224.1424,182.2047,121.5836,116.5044
223.6737,183.6107,121.5836,116.5044
230.7035,193.4523,121.5836,116.5044
239.5889,208.8214,117.8722,112.9481
224.5955,214.7278,117.8722,112.9481
190.5197,215.1822,117.8722,112.9481
169.1655,220.1800,117.8722,112.9481
173.2546,220.6343,117.8722,112.9481
203.6295,213.8316,121.6394,116.5579
253.7981,206.7986,121.6394,116.5579
270.2084,208.2052,121.6394,116.5579
263.1754,209.6118,121.6394,116.5579
253.3292,199.7656,121.6394,116.5579
246.2962,191.7949,121.6394,116.5579
242.0764,185.6997,121.6394,116.5579
247.2340,180.5422,121.6394,116.5579
261.7688,185.6997,121.6394,116.5579
271.5960,198.2626,117.9263,112.9999
261.1413,200.5353,117.9263,112.9999
236.1409,205.5354,117.9263,112.9999
202.0494,226.8994,117.9263,112.9999
183.4127,240.9906,117.9263,112.9999
172.9580,245.9907,117.9263,112.9999
177.9581,242.8088,117.9263,112.9999
198.4130,235.9905,117.9263,112.9999
206.1404,233.7177,117.9263,112.9999
190.2310,228.7177,117.9263,112.9999
172.5034,225.5358,117.9263,112.9999
170.2307,218.7175,117.9263,112.9999
189.7764,213.7174,117.9263,112.9999
231.1408,208.7173,117.9263,112.9999
274.3234,196.4444,117.9263,112.9999
273.8688,191.4443,117.9263,112.9999
240.6864,186.4442,117.9263,112.9999
208.4131,179.6259,117.9263,112.9999
193.4129,178.2622,117.9263,112.9999
177.5035,180.5350,117.9263,112.9999
166.1397,184.6260,117.9263,112.9999
168.3462,183.2748,121.6952,116.6114
199.7746,184.6820,121.6952,116.6114
261.2053,192.5599,117.9804,113.0518
288.9458,188.4670,117.9804,113.0518
287.5815,188.0123,117.9804,113.0518
269.8458,189.3765,117.9804,113.0518
248.4719,194.3789,117.9804,113.0518
228.0076,203.0194,117.9804,113.0518
203.9053,208.9313,117.9804,113.0518
168.8886,196.6527,117.9804,113.0518
140.2386,182.5551,117.9804,113.0518
136.1457,182.1004,117.9804,113.0518
154.7910,182.5551,117.9804,113.0518
182.5314,187.5575,117.9804,113.0518
190.2624,189.8313,117.9804,113.0518
187.0791,183.9194,117.9804,113.0518
192.0814,174.3694,117.9804,113.0518
200.7219,166.6384,117.9804,113.0518
211.1814,167.0932,117.9804,113.0518
211.6362,176.6432,117.9804,113.0518
203.9053,187.1027,117.9804,113.0518
197.9933,202.1099,117.9804,113.0518
207.4771,222.5867,121.7511,116.6650
217.3323,240.8892,121.7511,116.6650
203.7227,243.2357,121.7511,116.6650
185.4202,232.4419,121.7511,116.6650
176.5035,204.7534,121.7511,116.6650
175.0956,168.6176,121.7511,116.6650
183.0737,150.3150,121.7511,116.6650
197.6219,151.7229,121.7511,116.6650
214.0472,165.3325,121.7511,116.6650
232.3498,178.0035,121.7511,116.6650
240.3089,183.0692,118.0346,113.1037
228.9346,182.6142,118.0346,113.1037
207.5510,188.5289,118.0346,113.1037
186.1673,196.2634,118.0346,113.1037
181.1627,206.7277,118.0346,113.1037
185.2574,212.6423,118.0346,113.1037
182.9825,203.0879,118.0346,113.1037
181.6176,181.7043,118.0346,113.1037
195.7217,159.4107,118.0346,113.1037
227.1147,156.2259,118.0346,113.1037
263.9673,163.0505,118.0346,113.1037
288.0808,182.6142,118.0346,113.1037
293.9954,203.0879,118.0346,113.1037
289.9007,215.3721,118.0346,113.1037
292.1755,218.5569,118.0346,113.1037
294.4504,214.4622,118.0346,113.1037
284.8960,217.6470,118.0346,113.1037
258.0527,222.6517,118.0346,113.1037
234.8492,223.1066,118.0346,113.1037
228.0247,230.8411,118.0346,113.1037
213.9206,234.9359,118.0346,113.1037
204.3662,225.3815,118.0346,113.1037
204.8212,211.2774,118.0346,113.1037
210.7358,202.6329,118.0346,113.1037
218.4519,199.3545,114.4316,109.6512
233.0076,199.7956,114.4316,109.6512
249.3277,192.2972,114.4316,109.6512
255.9439,176.8593,114.4316,109.6512
259.9137,164.9501,114.4316,109.6512
270.9408,179.5058,114.4316,109.6512
278.3749,211.7169,118.0888,113.1557
271.5472,244.9451,118.0888,113.1557
256.5262,251.7728,118.0888,113.1557
246.9675,228.5586,118.0888,113.1557
241.9605,188.0476,118.0888,113.1557
235.1328,160.2816,118.0888,113.1557
231.0362,152.5436,118.0888,113.1557
217.8176,160.1880,114.4841,109.7015
205.0203,168.5724,114.4841,109.7015
213.4047,166.3660,114.4841,109.7015
242.0883,155.3338,114.4841,109.7015
263.7113,142.5366,114.4841,109.7015
277.3911,139.4476,114.4841,109.7015
274.3021,154.0100,114.4841,109.7015
257.0920,171.2201,114.4841,109.7015
241.6470,182.2522,114.4841,109.7015
235.0277,184.4587,114.4841,109.7015
238.1167,182.2522,114.4841,109.7015
245.6186,183.5761,114.4841,109.7015
234.5864,196.3734,114.4841,109.7015
206.7855,205.6404,114.4841,109.7015
199.2836,208.7294,114.4841,109.7015
208.5506,199.4624,114.4841,109.7015
223.9956,184.8999,114.4841,109.7015
237.6754,180.0458,114.4841,109.7015
238.1167,187.5477,114.4841,109.7015
237.6754,195.9321,114.4841,109.7015
235.4690,201.6688,114.4841,109.7015
226.2020,204.7578,114.4841,109.7015
210.7570,215.7899,114.4841,109.7015
205.0203,229.4698,114.4841,109.7015
215.1699,235.2065,114.4841,109.7015
219.1414,228.5872,114.4841,109.7015
214.2873,222.8505,114.4841,109.7015
210.3158,219.7615,114.4841,109.7015
220.4653,210.4945,114.4841,109.7015
245.6186,187.1064,114.4841,109.7015
272.5370,161.0706,114.4841,109.7015
280.0210,159.6559,110.9894,106.3529
277.8819,168.6400,110.9894,106.3529
270.5467,188.7590,114.5367,109.7519
263.9244,213.9238,114.5367,109.7519
258.1672,227.5191,111.0404,106.4017
238.9067,222.8110,111.0404,106.4017
217.9342,224.0950,111.0404,106.4017
215.7941,236.5074,111.0404,106.4017
223.8640,242.0833,114.5892,109.8023
231.3727,238.9914,114.5892,109.8023
233.5812,222.6489,114.5892,109.8023
239.3053,207.0988,111.0914,106.4505
252.5173,205.8259,114.6419,109.8527
282.1242,208.9192,114.6419,109.8527
299.3402,209.2702,111.1424,106.4994
292.0573,201.1305,111.1424,106.4994
278.7768,199.8453,111.1424,106.4994
267.2099,207.9850,111.1424,106.4994
261.6406,223.8359,111.1424,106.4994
253.5009,236.2596,111.1424,106.4994
251.3589,238.4017,111.1424,106.4994
259.4986,232.8324,111.1424,106.4994
262.4974,223.8359,111.1424,106.4994
256.9282,215.6962,111.1424,106.4994
254.7861,209.2702,111.1424,106.4994
253.5009,203.7009,111.1424,106.4994
256.4998,203.2725,111.1424,106.4994
263.7826,194.2760,111.1424,106.4994
265.9247,187.8499,111.1424,106.4994
266.3531,194.2760,111.1424,106.4994
274.4927,209.2702,111.1424,106.4994
281.7756,222.5507,111.1424,106.4994
287.3449,226.4063,111.1424,106.4994
272.3507,226.8347,111.1424,106.4994
244.5044,232.4040,111.1424,106.4994
220.9422,232.8324,111.1424,106.4994
208.5185,218.6951,111.1424,106.4994
198.6652,192.5624,111.1424,106.4994
199.0936,168.1433,111.1424,106.4994
208.0901,160.8605,111.1424,106.4994
221.3706,167.2865,111.1424,106.4994
238.0611,180.4789,107.7497,103.2485
245.1216,180.8942,107.7497,103.2485
252.1822,186.2935,107.7497,103.2485
261.6742,201.6720,111.1934,106.5483
279.2469,227.8167,111.1934,106.5483
291.6590,248.7299,107.7992,103.2959
282.1021,243.3282,107.7992,103.2959
272.5452,216.3195,107.7992,103.2959
260.4951,198.4523,107.7992,103.2959
241.7968,193.0505,107.7992,103.2959
221.4365,197.6212,107.7992,103.2959
214.3727,214.6575,107.7992,103.2959
223.9296,227.5385,107.7992,103.2959
236.7501,225.4723,111.2444,106.5972
262.8894,225.8129,107.8487,103.3433
270.7879,229.5543,107.8487,103.3433
272.0350,238.2841,107.8487,103.3433
269.9565,252.8339,107.8487,103.3433
268.7094,258.2382,107.8487,103.3433
268.2936,253.6654,107.8487,103.3433
268.7094,247.4297,107.8487,103.3433
271.6193,237.8684,107.8487,103.3433
272.8664,229.9700,107.8487,103.3433
267.4622,231.2171,107.8487,103.3433
257.0695,238.2841,107.8487,103.3433
250.0025,239.5313,107.8487,103.3433
248.7553,229.9700,107.8487,103.3433
249.1710,217.0830,107.8487,103.3433
245.4297,215.0045,107.8487,103.3433
239.1940,217.9144,107.8487,103.3433
243.7668,223.3186,107.8487,103.3433
259.1313,227.8059,104.5566,100.1887
274.8490,220.9546,104.5566,100.1887
288.1486,206.0429,104.5566,100.1887
290.9698,192.7432,104.5566,100.1887
284.9245,192.3402,104.5566,100.1887
280.4913,198.3855,104.5566,100.1887
277.6701,206.0429,104.5566,100.1887
259.5343,210.4761,104.5566,100.1887
235.7562,202.8187,104.5566,100.1887
220.8445,193.5493,104.5566,100.1887
219.6354,197.9825,104.5566,100.1887
225.6807,217.7304,104.5566,100.1887
245.3699,255.2222,107.8982,103.3908
273.2184,279.6747,104.6046,100.2347
294.5882,263.1434,104.6046,100.2347
311.9259,240.9671,104.6046,100.2347
310.7163,228.4678,104.6046,100.2347
293.3786,220.0005,104.6046,100.2347
271.2023,227.6614,104.6046,100.2347
243.3813,237.7415,104.6046,100.2347
220.3986,235.7255,104.6046,100.2347
239.3492,234.5159,104.6046,100.2347
276.7884,234.1237,107.9477,103.4382
306.3308,232.0433,107.9477,103.4382
323.3906,225.8019,107.9477,103.4382
332.9606,226.2180,107.9477,103.4382
340.0342,233.2916,107.9477,103.4382
342.9468,232.0433,107.9477,103.4382
345.0273,225.8019,107.9477,103.4382
332.9606,227.8824,107.9477,103.4382
310.9078,245.7743,107.9477,103.4382
291.3516,258.6731,107.9477,103.4382
289.2711,250.7673,107.9477,103.4382
299.6734,238.7007,107.9477,103.4382
311.7232,238.1990,104.6526,100.2807
324.2283,247.4770,104.6526,100.2807
343.9781,259.0923,101.4580,97.2196
353.7550,247.7511,101.4580,97.2196
338.4460,222.3419,104.7006,100.3268
300.9136,181.5809,104.7006,100.3268
281.9456,160.9986,104.7006,100.3268
277.5063,168.6665,104.7006,100.3268
276.2956,186.8273,104.7006,100.3268
264.5919,209.0239,104.7006,100.3268
244.0096,228.7991,104.7006,100.3268
223.4274,237.2741,104.7006,100.3268
214.1451,239.2920,104.7006,100.3268
216.9539,244.4554,101.5046,97.2643
227.5178,245.6292,101.5046,97.2643
239.5896,235.0760,104.7487,100.3728
245.6460,203.1790,104.7487,100.3728
233.9370,177.7422,104.7487,100.3728
228.6881,168.4557,104.7487,100.3728
221.8242,175.3196,104.7487,100.3728
203.6550,189.4512,104.7487,100.3728
189.5235,201.9678,104.7487,100.3728
184.2583,207.9411,101.5512,97.3089
180.7354,210.6811,101.5512,97.3089
174.8638,224.3813,101.5512,97.3089
179.9525,232.6015,101.5512,97.3089
200.6985,233.7758,101.5512,97.3089
231.6219,228.6871,101.5512,97.3089
264.1110,219.6841,101.5512,97.3089
289.5542,214.5955,101.5512,97.3089
306.3859,222.0327,101.5512,97.3089
305.9945,237.2987,101.5512,97.3089
279.7683,244.7359,101.5512,97.3089
236.2621,231.0464,104.7968,100.4189
204.3504,214.4847,104.7968,100.4189
179.7098,213.2729,104.7968,100.4189
173.6506,223.3715,104.7968,100.4189
199.0991,227.8149,104.7968,100.4189
225.3555,216.1005,104.7968,100.4189
238.6857,197.1151,104.7968,100.4189
256.8633,191.0559,104.7968,100.4189
286.3349,197.0320,101.5978,97.3536
315.7060,201.3397,101.5978,97.3536
328.6293,205.6475,101.5978,97.3536
321.1886,202.9062,101.5978,97.3536
295.7337,196.2487,101.5978,97.3536
256.9068,180.2033,104.8449,100.4650
230.6383,154.7431,104.8449,100.4650
244.7665,144.5567,101.6445,97.3983
278.0533,140.9499,98.5418,94.4252
289.7728,128.4258,101.6911,97.4430
297.2202,117.0585,101.6911,97.4430
297.6122,126.0739,101.6911,97.4430
298.0042,153.1201,101.6911,97.4430
300.6909,188.8005,104.9412,100.5573
300.2864,220.7561,104.9412,100.5573
299.8819,223.5877,104.9412,100.5573
295.4324,211.8571,104.9412,100.5573
289.3649,198.5086,104.9412,100.5573
285.7080,188.3128,101.7378,97.4877
282.9058,169.1080,104.9894,100.6035
281.6917,136.3283,104.9894,100.6035
281.2870,92.2174,104.9894,100.6035
299.4980,73.1971,104.9894,100.6035
317.7089,93.0268,104.9894,100.6035
325.3979,133.0908,104.9894,100.6035
313.6620,164.2518,104.9894,100.6035
295.4511,180.8439,104.9894,100.6035
283.7151,198.2455,104.9894,100.6035
272.7886,213.2189,104.9894,100.6035
266.7020,225.6810,101.7845,97.5325
260.8170,230.7813,101.7845,97.5325
266.7020,233.5276,101.7845,97.5325
274.1563,232.3506,101.7845,97.5325
281.6107,220.9729,101.7845,97.5325
287.4957,208.8106,101.7845,97.5325
300.4427,194.2942,101.7845,97.5325
310.2510,187.6245,101.7845,97.5325
317.6895,191.0748,98.6775,94.5553
325.6216,197.5513,101.8313,97.5773
326.0142,215.9995,101.8313,97.5773
312.2762,234.4477,101.8313,97.5773
289.9028,252.8958,101.8313,97.5773
268.3146,260.3536,101.8313,97.5773
259.2867,259.9611,101.8313,97.5773
253.3990,254.0734,101.8313,97.5773
237.2487,230.9258,105.0858,100.6959
230.3627,193.2553,105.0858,100.6959
255.8651,176.5646,101.8780,97.6221
277.4474,176.0911,98.7682,94.6421
289.2494,180.2789,98.7682,94.6421
300.9958,193.6141,101.9248,97.6669
319.4609,211.2934,101.9248,97.6669
333.2115,231.3300,101.9248,97.6669
340.6761,251.3666,101.9248,97.6669
337.1244,264.2507,98.8135,94.6856
320.7465,264.6315,98.8135,94.6856
289.1333,268.0595,98.8135,94.6856
246.0936,269.9639,98.8135,94.6856
213.6631,266.5464,101.9716,97.7117
206.9812,248.8589,101.9716,97.7117
215.2353,221.7381,101.9716,97.7117
215.6284,196.1895,101.9716,97.7117
230.1714,184.0049,101.9716,97.7117
258.0211,178.9059,105.2306,100.8346
289.2372,180.8505,102.0184,97.7566
303.7869,182.8167,102.0184,97.7566
310.4719,188.7152,102.0184,97.7566
313.9537,198.5569,105.2789,100.8809
316.7943,212.7600,105.2789,100.8809
304.2144,227.7748,105.2789,100.8809
270.5328,228.9922,105.2789,100.8809
227.9070,229.3145,102.0652,97.8015
190.5325,228.9211,102.0652,97.8015
173.6156,227.7408,102.0652,97.8015
188.1720,227.3474,102.0652,97.8015
223.1861,228.5276,102.0652,97.8015
243.2503,226.5606,102.0652,97.8015
249.1515,222.2330,102.0652,97.8015
276.2813,224.1191,98.9497,94.8161
339.9609,220.6080,95.9292,91.9218
362.4626,208.4159,98.9951,94.8596
337.6598,201.9290,98.9951,94.8596
271.5905,203.8474,102.1590,97.8913
198.6843,211.3400,105.4240,101.0199
154.3744,215.7263,102.2059,97.9362
154.7684,208.2411,102.2059,97.9362
180.3182,188.1601,105.4724,101.0663
209.9963,160.9213,105.4724,101.0663
213.6388,155.5525,102.2528,97.9812
213.2447,166.9825,102.2528,97.9812
224.6173,192.6124,105.5208,101.1127
229.9048,223.1176,105.5208,101.1127
225.4308,243.0476,105.5208,101.1127
233.9558,258.8266,102.2997,98.0262
241.4479,262.3755,102.2997,98.0262
228.4353,253.3061,102.2997,98.0262
212.2682,249.7572,102.2997,98.0262
216.6057,265.1357,102.2997,98.0262
243.8138,281.3028,102.2997,98.0262
266.2900,282.4858,102.2997,98.0262
265.8957,269.4732,102.2997,98.0262
264.7127,245.4197,102.2997,98.0262
271.3587,200.0837,105.5692,101.1591
261.9995,154.9154,105.5692,101.1591
243.6716,147.1001,102.3467,98.0712
229.8640,159.3296,102.3467,98.0712
222.3685,181.0272,102.3467,98.0712
217.2400,216.1378,102.3467,98.0712
218.4235,242.5693,102.3467,98.0712
225.1300,252.4319,102.3467,98.0712
235.7815,245.7253,102.3467,98.0712
240.1210,230.3398,102.3467,98.0712
238.9375,224.4223,102.3467,98.0712
251.1671,222.4498,102.3467,98.0712
273.6536,211.7982,102.3467,98.0712
273.2591,198.7797,102.3467,98.0712
262.6076,186.5502,102.3467,98.0712
270.8921,175.8987,102.3467,98.0712
287.0667,176.2932,102.3467,98.0712
288.2502,197.2017,102.3467,98.0712
275.2316,229.1563,102.3467,98.0712
265.3691,250.0648,102.3467,98.0712
276.0206,259.1384,102.3467,98.0712
281.1491,253.2209,102.3467,98.0712
268.9196,239.4133,102.3467,98.0712
263.0021,233.4958,102.3467,98.0712
265.7636,233.8903,102.3467,98.0712
266.1581,231.1288,102.3467,98.0712
259.4516,224.4223,102.3467,98.0712
251.9561,216.9268,102.3467,98.0712
248.4056,216.5323,102.3467,98.0712
241.6991,222.4498,102.3467,98.0712
233.3986,227.4971,99.2225,95.0775
233.0162,221.7602,99.2225,95.0775
258.6409,216.7883,99.2225,95.0775
281.9709,219.4655,99.2225,95.0775
271.6445,230.5568,99.2225,95.0775
251.3742,237.0586,99.2225,95.0775
250.2268,238.2060,99.2225,95.0775
257.4935,227.8796,99.2225,95.0775
263.2304,215.2584,99.2225,95.0775
264.3778,211.8163,99.2225,95.0775
268.5848,216.7883,99.2225,95.0775
275.8515,220.9953,99.2225,95.0775
274.7042,222.1427,99.2225,95.0775
267.4374,220.2304,99.2225,95.0775
267.0550,215.2584,99.2225,95.0775
270.4971,219.4655,99.2225,95.0775
270.8796,227.4971,99.2225,95.0775
262.7922,238.5989,102.3937,98.1162
258.4507,244.5191,102.3937,98.1162
266.7390,234.6521,102.3937,98.1162
280.5370,220.7570,99.2681,95.1212
278.6238,216.5480,99.2681,95.1212
270.5885,226.8792,99.2681,95.1212
261.7879,237.9756,99.2681,95.1212
261.4052,231.4708,99.2681,95.1212
263.3184,211.9564,99.2681,95.1212
267.5274,203.9211,99.2681,95.1212
270.9711,211.1911,99.2681,95.1212
269.8232,224.5833,99.2681,95.1212
264.0837,235.6797,99.2681,95.1212
257.5789,236.0624,99.2681,95.1212
261.0226,231.0881,99.2681,95.1212
262.1705,226.1139,99.2681,95.1212
255.6657,227.2618,99.2681,95.1212
244.5693,239.8887,99.2681,95.1212
243.4214,249.4546,99.2681,95.1212
244.5693,247.5414,99.2681,95.1212
246.4825,237.9756,99.2681,95.1212
246.0999,233.7666,99.2681,95.1212
241.8351,238.7513,102.4407,98.1613
242.2300,250.9921,102.4407,98.1613
245.7838,256.9150,102.4407,98.1613
246.9524,261.9670,99.3137,95.1649
246.5696,260.8186,99.3137,95.1649
244.6555,255.0764,99.3137,95.1649
237.3822,248.5686,99.3137,95.1649
235.4681,242.8265,99.3137,95.1649
236.6165,230.1938,99.3137,95.1649
236.2337,219.0923,99.3137,95.1649
235.8509,218.7095,99.3137,95.1649
236.9994,222.1548,99.3137,95.1649
241.9759,217.9439,99.3137,95.1649
245.4212,209.9048,99.3137,95.1649
251.1479,209.4433,96.2821,92.2599
250.7767,219.4636,96.2821,92.2599
251.8901,235.4220,96.2821,92.2599
251.4649,240.9990,99.3593,95.2085
249.5500,236.7862,99.3593,95.2085
249.9330,229.5095,99.3593,95.2085
259.5076,222.9987,99.3593,95.2085
261.4225,224.1477,99.3593,95.2085
257.9757,232.9563,99.3593,95.2085
248.4010,237.1692,99.3593,95.2085
247.2521,236.7862,99.3593,95.2085
249.1670,227.2115,99.3593,95.2085
247.2521,221.4668,99.3593,95.2085
236.1455,234.1053,99.3593,95.2085
231.1667,247.5098,99.3593,95.2085
233.0816,252.4886,99.3593,95.2085
245.7201,250.5737,99.3593,95.2085
266.0184,240.9990,99.3593,95.2085
274.8270,228.3605,99.3593,95.2085
256.8267,233.3393,99.3593,95.2085
238.8264,245.2119,99.3593,95.2085
258.3586,252.4886,99.3593,95.2085
277.8909,247.5098,99.3593,95.2085
271.3802,233.3393,99.3593,95.2085
251.0261,223.7752,102.5348,98.2514
232.4505,224.9609,102.5348,98.2514
231.2489,228.4366,99.4049,95.2523
234.6973,228.8197,99.4049,95.2523
235.0805,225.3713,99.4049,95.2523
229.3331,225.7544,99.4049,95.2523
228.9499,226.1376,99.4049,95.2523
235.4636,232.6514,99.4049,95.2523
236.6131,242.9967,99.4049,95.2523
247.6690,247.9883,102.5819,98.2965
302.6306,247.5929,102.5819,98.2965
310.9341,240.0802,102.5819,98.2965
281.2786,239.6848,102.5819,98.2965
231.8527,255.1057,102.5819,98.2965
211.6869,265.7817,102.5819,98.2965
218.4088,269.3403,102.5819,98.2965
242.5287,261.0368,102.5819,98.2965
250.0414,255.1057,102.5819,98.2965
237.7838,257.0827,102.5819,98.2965
219.9904,258.2689,102.5819,98.2965
210.8801,260.9554,99.4505,95.2960
218.9302,263.6388,99.4505,95.2960
235.4137,264.7888,99.4505,95.2960
240.3971,259.0387,99.4505,95.2960
239.2471,250.9886,99.4505,95.2960
231.1970,247.5386,99.4505,95.2960
230.8137,243.3219,99.4505,95.2960
239.6304,234.5051,99.4505,95.2960
242.3138,227.2217,99.4505,95.2960
238.8638,222.2383,99.4505,95.2960
239.2471,215.7216,99.4505,95.2960
243.4638,210.7382,99.4505,95.2960
244.5579,220.3322,102.6290,98.3417
237.0417,252.3749,102.6290,98.3417
224.7785,281.2529,102.6290,98.3417
223.5917,281.6484,102.6290,98.3417
231.1079,260.6822,102.6290,98.3417
238.6241,241.2984,102.6290,98.3417
248.5138,223.4969,102.6290,98.3417
252.8653,206.4865,102.6290,98.3417
245.3491,192.6409,102.6290,98.3417
240.9976,178.7953,102.6290,98.3417
242.1844,164.1585,102.6290,98.3417
246.5359,154.2688,102.6290,98.3417
254.0521,160.9938,102.6290,98.3417
262.3594,177.2130,102.6290,98.3417
266.7109,205.2998,102.6290,98.3417
267.8977,234.1778,102.6290,98.3417
269.0844,230.6175,102.6290,98.3417
267.1065,208.8601,102.6290,98.3417
266.7109,194.2233,102.6290,98.3417
282.9301,192.2453,102.6290,98.3417
303.1051,199.7615,102.6290,98.3417
308.2478,210.4424,102.6290,98.3417
295.9845,215.5851,102.6290,98.3417
283.7213,216.7719,102.6290,98.3417
284.9080,223.4969,102.6290,98.3417
290.0507,240.5072,102.6290,98.3417
299.1492,266.2205,102.6290,98.3417
305.8742,272.9455,102.6290,98.3417
297.5669,263.8470,102.6290,98.3417
286.8860,244.4631,102.6290,98.3417
282.5345,221.1233,102.6290,98.3417
282.1389,200.9483,102.6290,98.3417
278.5786,195.0145,102.6290,98.3417
278.9742,201.7395,102.6290,98.3417
287.2816,214.7939,102.6290,98.3417
300.3360,222.3101,102.6290,98.3417
301.5227,226.6616,102.6290,98.3417
296.3801,233.3866,102.6290,98.3417
290.4463,242.4851,102.6290,98.3417
286.0948,243.6719,102.6290,98.3417
284.9080,235.3645,102.6290,98.3417
284.5124,219.9366,102.6290,98.3417
285.6992,203.7174,102.6290,98.3417
290.8259,196.9110,99.4962,95.3397
290.4424,191.9253,99.4962,95.3397
294.6455,194.5310,96.4590,92.4295
303.1971,200.8517,96.4590,92.4295
318.3870,213.1315,99.5419,95.3835
323.3749,232.6997,99.5419,95.3835
302.2720,247.6636,99.5419,95.3835
271.1931,248.0473,99.5419,95.3835
252.3924,244.5941,99.5419,95.3835
233.5916,237.3040,99.5419,95.3835
221.6972,214.6663,99.5419,95.3835
220.5461,182.8201,99.5419,95.3835
237.0448,170.9257,99.5419,95.3835
256.6129,176.6810,99.5419,95.3835
268.5073,189.3428,99.5419,95.3835
271.9605,198.1677,99.5419,95.3835
276.1811,203.9230,99.5419,95.3835
281.9365,205.8414,99.5419,95.3835
284.6223,206.9925,99.5419,95.3835
285.0060,209.6783,99.5419,95.3835
283.8549,210.0620,99.5419,95.3835
