0.1927
0.22097
0.056081
0.029203
0.037587
0.03267
0.02663
0.023276
0.022817
0.022865
0.022263
0.022308
0.022425
0.022375
0.022901
0.022704
0.021359
0.022091
0.02214
0.022355
0.022484
0.022695
0.022086
0.022225
0.022187
0.022125
0.022106
0.022212
0.021558
0.02206
0.022198
0.022407
0.022452
0.022329
0.02243
0.022065
0.022244
0.022195
0.021988
0.022002
0.022023
0.02248
0.022972
0.022164
0.022708
0.022065
0.021983
0.022179
0.02219
0.021952
0.022036
0.021977
0.02145
0.022022
0.021907
0.021887
0.022015
0.021942
0.022027
0.02197
0.022268
0.02211
0.022452
0.022465
0.021397
0.021866
0.022003
0.021911
0.021992
0.021893
0.021887
0.021892
0.022036
0.022023
0.02208
0.022357
0.021272
0.02181
0.02184
0.021775
0.02167
0.021757
0.02174
0.021762
0.021773
0.022217
0.021887
0.021696
0.020962
0.021602
0.021848
0.021785
0.021967
0.021662
0.021591
0.021583
0.021816
0.021918
0.02192
0.021637
0.021457
0.022094
0.022148
0.021911
0.021917
0.0217
0.02172
0.02168
0.02175
0.021683
0.021708
0.022055
0.021549
0.021965
0.021808
0.021807
0.021715
0.021529
0.021564
0.02162
0.021597
0.021603
0.021544
0.0216
0.021013
0.022037
0.022135
0.022
0.022303
0.022015
0.022131
0.021926
0.02203
0.021578
0.021568
0.021526
0.020943
0.021549
0.021612
0.021624
0.021589
0.021552
0.021578
0.021608
0.021562
0.021553
0.02173
0.02163
0.021208
0.021508
0.021607
0.021506
0.021735
0.021535
0.021708
0.021535
0.021635
0.021561
0.02162
0.021555
0.021064
0.021434
0.02156
0.021545
0.021585
0.021544
0.021666
0.021777
0.022811
0.022495
0.022448
0.022352
0.021663
0.02199
0.021986
0.021938
0.022017
0.021873
0.021608
0.021963
0.021778
0.021608
0.021616
0.021662
0.021152
0.021557
0.021661
0.021605
0.021694
0.021579
0.021674
0.021601
0.021694
0.021623
0.021732
0.022018
0.02126
0.02157
0.021753
0.021647
0.022056
0.021739
0.021757
0.021733
0.021672
0.0217
0.02044
0.021667
0.02105
0.021775
0.021714
0.021662
0.021648
0.02162
0.021875
0.021688
0.021695
0.021619
0.021595
0.021608
0.021057
0.021638
0.021695
0.021658
0.021893
0.021699
0.021633
0.021688
0.021708
0.021675
0.021708
0.021821
0.021098
0.021698
0.021716
0.021692
0.021711
0.021791
0.021723
0.021753
0.021663
0.021698
0.022049
0.021754
0.021044
0.021651
0.021694
0.021728
0.021897
0.021721
0.022597
0.022706
0.022645
0.022644
0.022074
0.021906
0.021223
0.021813
0.021807
0.021744
0.021838
0.021835
0.0218
0.021728
0.021769
0.021785
0.021801
0.02182
0.021143
0.02175
0.02181
0.021806
0.021751
0.021821
0.021773
0.021805
0.021754
0.021786
0.021774
0.021674
0.0212
0.021739
0.02166
0.021714
0.021617
0.021749
0.021671
0.02174
0.021706
0.021683
0.021931
0.02198
0.021642
0.021716
0.021747
0.022003
0.021741
0.021848
0.021847
0.022132
0.021682
0.021809
0.02177
0.021768
0.021203
0.021829
0.021791
0.021776
0.021822
0.021798
0.02177
0.022012
0.021863
0.022141
0.022086
0.022168
0.021268
0.021926
0.022092
0.021983
0.021908
0.022078
0.021873
0.022147
0.022214
0.022234
0.02188
0.022022
0.021289
0.021971
0.022017
0.022004
0.021949
0.022025
0.022681
0.022936
0.022316
0.02238
0.022402
0.022052
0.021255
0.02195
0.021861
0.021994
0.021855
0.022028
0.021949
0.022035
0.021952
0.022099
0.021924
0.022077
0.021295
0.021952
0.021914
0.021949
0.021985
0.021955
0.021901
0.022021
0.021975
0.022016
0.021939
0.022107
0.021346
0.022003
0.021889
0.022026
0.02192
0.022096
0.021921
0.022105
0.02198
0.022042
0.021944
0.022064
0.021355
0.022058
0.021942
0.022108
0.021915
0.022027
0.021922
0.022165
0.021975
0.022074
0.021943
0.022142
0.02138
0.022024
0.021901
0.022297
0.021999
0.022107
0.021942
0.022089
0.021931
0.022042
0.02192
0.02213
0.021401
0.022136
0.021954
0.02206
0.021948
0.022089
0.021948
0.02207
0.021935
0.022079
0.021916
0.022111
0.021396
0.021962
0.021868
0.022082
0.021883
0.022041
0.021934
0.021984
0.021946
0.021991
0.021953
0.022152
0.021506
0.021968
0.02192
0.021996
0.021944
0.022021
0.021912
0.022098
0.020791
0.022103
0.02191
0.022128
0.021351
0.022044
0.021813
0.021978
0.021915
0.02205
0.021956
0.022052
0.021939
0.022018
0.021889
0.022052
0.021293
0.022059
0.021918
0.022069
0.022171
0.022069
0.021961
0.022194
0.022038
0.022043
0.021962
0.022103
0.021456
0.022197
0.021996
0.022156
0.022025
0.022256
0.021924
0.022616
0.02262
0.022394
0.022166
0.022264
0.02138
0.022002
0.021928
0.022052
0.022032
0.021978
0.021876
0.022038
0.021977
0.02245
0.021997
0.021958
0.021306
0.021973
0.021953
0.021997
0.021928
0.022002
0.021964
0.02223
0.021968
0.022084
0.022239
0.022053
0.021279
0.021904
0.021939
0.022066
0.022653
0.022794
0.022774
0.022823
0.022619
0.022676
0.022804
0.022272
0.021416
0.02187
0.021719
0.021793
0.0218
0.021749
0.02193
0.021989
0.021713
0.021849
0.021715
0.021799
0.021121
0.021623
0.021688
0.021655
0.021791
0.021686
0.021812
0.021734
0.02183
0.021843
0.022421
0.021789
0.021333
0.021588
0.021815
0.021687
0.021809
0.021743
0.02187
0.021816
0.021828
0.021697
0.021865
0.021709
0.02129
0.0217
0.021815
0.021776
0.021807
0.021719
0.021807
0.021717
0.02176
0.021651
0.021674
0.021632
0.021172
0.021576
0.02162
0.021616
0.021775
0.021675
0.021668
0.021674
0.021705
0.021716
0.021717
0.021714
0.02121
0.021706
0.021696
0.021685
0.021823
0.021637
0.021677
0.021712
0.021822
0.021672
0.021731
0.021953
0.021185
0.021705
0.021784
0.021754
0.021868
0.021771
0.021807
0.021882
0.021771
0.021808
0.021753
0.021721
0.021179
0.021778
0.021868
0.021816
0.021776
0.021786
0.02172
0.021735
0.021881
0.021814
0.021754
0.021861
0.021187
0.021709
0.021741
0.021765
0.021792
0.021806
0.021842
0.0218
0.021793
0.021746
0.021707
0.02175
0.021207
0.021928
0.02183
0.021912
0.021854
0.021832
0.021742
0.021872
0.021908
0.021976
0.021832
0.022042
0.02127
0.021964
0.021912
0.021967
0.021942
0.021986
0.021876
0.021927
0.021868
0.021956
0.022084
0.021939
0.021219
0.021991
0.02184
0.02189
0.021851
0.021931
0.021891
0.021993
0.02183
0.021334
0.021154
0.021915
0.021847
0.021874
0.021811
0.021831
0.021867
0.021833
0.020313
0.021794
0.021794
0.021891
0.021169
0.021813
0.021768
0.022202
0.021854
0.021842
0.02186
0.021959
0.021861
0.02194
0.021835
0.021854
0.021269
0.021928
0.021781
0.021331
0.021132
0.021833
0.021868
0.021897
0.021879
0.021745
0.021802
0.021879
0.021885
0.021872
0.021853
0.021855
0.021233
0.021801
0.0218
0.021947
0.021961
0.021886
0.021971
0.021935
0.022088
0.021361
0.021349
0.021774
0.021934
0.021796
0.022025
0.02182
0.021994
0.021892
0.022009
0.021853
0.022033
0.021884
0.021334
0.021819
0.021949
0.021861
0.021879
0.02184
0.021913
0.021882
0.021966
0.02184
0.021888
0.021858
0.0213
