0.19278
0.23762
0.061876
0.035166
0.044679
0.039382
0.033749
0.029672
0.032073
0.030155
0.030146
0.029607
0.029475
0.028987
0.029669
0.029542
0.029506
0.029892
0.028637
0.027911
0.029095
0.028191
0.028841
0.027543
0.029901
0.027769
0.029438
0.029055
0.028724
0.029176
0.029302
0.028101
0.029457
0.028964
0.029408
0.028105
0.028708
0.028157
0.028532
0.027778
0.029052
0.028764
0.028352
0.028239
0.028317
0.027736
0.026994
0.027451
0.02709
0.028123
0.026762
0.02668
0.027491
0.028412
0.028211
0.028177
0.028236
0.02754
0.028294
0.027662
0.027575
0.028121
0.027683
0.027007
0.027586
0.028346
0.027775
0.027553
0.027664
0.027567
0.026865
0.027635
0.027674
0.028434
0.0286
0.027589
0.028204
0.027508
0.026823
0.027312
0.027222
0.027138
0.027898
0.027759
0.028159
0.027362
0.026875
0.026634
0.026657
0.02733
0.026646
0.026637
0.026896
0.026825
0.026615
0.026641
0.027414
0.02735
0.026661
0.026606
0.027193
0.027143
0.02687
0.027031
0.027416
0.027632
0.026734
0.028267
0.027343
0.026717
0.026593
0.027053
0.027867
0.027508
0.026751
0.026933
0.026635
0.027333
0.026806
0.026775
0.028224
0.026754
0.026805
0.026747
0.026728
0.027071
0.027173
0.027036
0.027045
0.02711
0.026972
0.026781
0.026587
0.027631
0.028396
0.026552
0.026498
0.026594
0.026609
0.026545
0.026567
0.026645
0.026629
0.02665
0.026687
0.026631
0.0266
0.02658
0.026713
0.026682
0.026646
0.026617
0.028731
0.026597
0.026662
0.026753
0.026641
0.027025
0.026681
0.02664
0.026678
0.026704
0.026748
0.027401
0.027398
0.026751
0.028898
0.026997
0.027675
0.027078
0.026793
0.026771
0.026582
0.02805
0.026751
0.026699
0.027788
0.02853
0.028053
0.027486
0.027521
0.026901
0.027001
0.027484
0.027032
0.027086
0.027056
0.027027
0.02771
0.027496
0.027177
0.027229
0.028603
0.027566
0.027441
0.027954
0.027714
0.027846
0.028439
0.028801
0.028629
0.027511
0.027566
0.027335
0.028311
0.027524
0.028213
0.028541
0.027738
0.027815
0.027744
0.029786
0.027932
0.030639
0.029554
0.029999
0.028961
0.02972
0.027852
0.029024
0.029036
0.028214
0.027149
0.027272
0.028337
0.028392
0.027208
0.027325
0.028382
0.027612
0.028627
0.028685
0.02839
0.028432
0.02835
0.029735
0.02786
0.028494
0.029698
0.028881
0.027903
0.027491
0.027503
0.026954
0.026818
0.026636
0.026313
0.026499
0.028039
0.070682
NaN
NaN
NaN
NaN
0.2002
0.22774
0.061505
0.03214
0.039396
0.036465
0.030291
0.026972
0.026916
0.026779
0.02714
0.025729
0.027171
0.025632
0.027401
0.027274
0.027465
0.029738
0.02829
0.027613
0.027861
0.028649
0.027911
0.028418
0.028549
0.02823
0.027743
0.027385
0.027791
0.02739
0.027402
0.028958
0.028215
0.028557
0.027283
0.027216
0.027287
0.028499
0.02736
0.027256
0.028969
0.02855
0.028052
0.028
0.028512
0.02732
0.027821
0.027253
0.027122
0.027834
0.028311
0.027392
0.027305
0.027304
0.027816
0.027818
0.027757
0.027289
0.028001
0.027317
0.027166
0.028494
0.02806
0.027448
0.027254
0.027206
0.027885
0.02796
0.027188
0.027327
0.027821
0.027936
0.027239
0.027318
0.027834
0.028055
0.028214
0.027411
0.027198
0.027168
0.027222
0.027172
0.027158
0.027
0.027203
0.028327
0.027354
0.027772
0.02724
0.028744
0.027774
0.028978
0.02869
0.027856
0.027666
0.027417
0.027166
0.027076
0.027684
0.028268
0.028756
0.028418
0.027866
0.027198
0.028421
0.027899
0.027869
0.027275
0.027781
0.02793
0.027275
0.028525
0.029074
0.028505
0.028145
0.028308
0.027845
0.027984
0.027488
0.027225
0.02826
0.028409
0.027433
0.02739
0.027305
0.028203
0.029841
0.030072
0.029093
0.029271
0.028935
0.028674
0.028441
0.027986
0.02764
0.028745
0.028065
0.027919
0.028055
0.028446
0.027831
0.028487
0.028826
0.029492
0.029281
0.02869
0.028714
0.027587
0.026847
0.028014
0.027143
0.027118
0.028225
0.027702
0.027162
0.026798
0.028157
0.028733
0.028733
0.027119
0.028864
0.028825
0.028725
0.029419
0.029463
0.027396
0.027501
0.029167
0.030763
0.028668
0.027694
0.027373
0.028719
0.028514
0.027693
0.02822
0.027237
0.027418
0.028411
0.027986
0.02812
0.028193
0.027879
0.029396
0.028489
0.027385
0.028249
0.028321
0.028205
0.027114
0.029278
0.028682
0.028273
0.02746
0.027784
0.027123
0.029689
0.029534
0.028325
0.028493
0.02754
0.028485
0.026492
0.02746
0.026304
0.026324
0.026246
0.026324
0.026222
0.026287
0.027444
0.029319
0.027241
0.027602
0.027158
0.027209
0.027547
0.028282
0.027082
0.02727
0.028572
0.027226
0.028579
0.027244
0.028378
0.027185
0.027259
0.027364
0.027236
0.027229
0.027219
0.027245
0.027249
0.027078
0.027217
0.027179
0.027208
0.027232
0.028258
0.027122
0.02713
0.027213
0.027159
0.027129
0.027174
0.02716
0.027094
0.027217
0.027142
0.027239
0.027857
0.028251
0.028069
0.027467
0.027275
0.027226
0.028231
0.027124
0.027069
0.027219
0.027105
0.027192
0.027126
0.027044
0.027145
0.027142
0.027081
0.027153
0.027074
0.027219
0.027461
0.026211
0.027144
0.026311
0.027233
0.026246
0.02712
0.026198
0.027044
0.027057
0.027088
0.027059
0.027084
0.027112
0.027239
0.02716
0.027138
0.027073
0.027114
0.027114
0.027148
0.027183
0.027028
0.02698
0.027135
0.027113
0.027082
0.02709
0.026989
0.027072
0.027034
0.027013
0.027087
0.027189
0.02708
0.027129
0.027196
0.027218
0.026996
0.02712
0.027115
0.027084
0.02715
0.027164
0.027108
0.027215
0.02712
NaN
NaN
NaN
NaN
0.19405
0.32547
0.061548
0.032768
0.04237
0.036526
0.029779
0.026825
0.027091
0.027246
0.026345
0.02667
0.026082
0.025894
0.026716
0.027221
0.026633
0.02598
0.025948
0.02582
0.026705
0.026891
0.025907
0.026421
0.026578
0.025941
0.027046
0.027644
0.026578
0.026759
0.026045
0.029751
0.025912
0.028013
0.026009
0.026687
0.026076
0.028024
0.026684
0.028005
0.028822
0.02731
0.027796
0.027033
0.027581
0.026934
0.026853
0.027989
0.027705
0.027394
0.02758
0.02797
0.028246
0.027597
0.027695
0.027487
0.027384
0.027569
0.028272
0.026734
0.027938
0.027305
0.027272
0.027687
0.027413
0.026829
0.027738
0.028129
0.027852
0.027969
0.026752
0.026508
0.025751
0.026549
0.026516
0.026895
0.026966
0.026051
0.025954
0.027637
0.026827
0.027094
0.027606
0.027757
0.026895
0.027503
0.027652
0.028276
0.027625
0.027843
0.027625
0.027705
0.027126
0.0262
0.02686
0.026113
0.027361
0.027877
0.027837
0.02689
0.027912
0.027795
0.026906
0.027023
0.027579
0.026039
0.026985
0.025914
0.026038
0.026835
0.0261
0.026576
0.02873
0.028078
0.02651
0.027484
0.025783
0.025247
0.02559
0.025447
0.025517
0.0257
0.025361
0.025728
0.025509
0.026043
0.026152
0.026267
0.026089
0.0261
0.02605
0.026096
0.025318
0.025283
0.025193
0.025241
0.025485
0.025574
0.025267
0.025412
0.025185
0.025431
0.025596
0.02549
0.025364
0.025253
0.025239
0.025203
0.025551
0.025192
0.025419
0.025731
0.025105
0.025491
0.025421
0.025492
0.025267
0.025219
0.025291
0.025325
0.02522
0.025246
0.025181
0.025612
0.025441
0.024393
0.025367
0.025065
0.02595
0.025481
0.025444
0.025114
0.025461
0.025202
0.025509
0.025106
0.02542
0.025426
0.025561
0.02563
0.025638
0.025143
0.02569
0.025174
0.025475
0.025111
0.025479
0.025168
0.025451
0.025204
0.025494
0.025332
0.025548
0.025223
0.025487
0.025256
0.02551
0.025128
0.025512
0.025185
0.025759
0.025351
0.025634
0.025159
0.025597
0.025191
0.025503
0.025148
0.025492
0.025499
0.025514
0.025109
0.025329
0.025225
0.025529
0.025176
0.025863
0.025274
0.025677
0.025236
0.02553
0.025324
0.025563
0.025243
0.0257
0.025334
0.025534
0.025234
0.02558
0.025201
0.025628
0.02537
0.025621
0.02525
0.025538
0.025236
0.025488
0.025202
0.025604
0.025196
0.025587
0.025209
0.02541
0.025284
0.025588
0.025205
0.025509
0.025255
0.025549
0.025263
0.02627
0.026304
0.026453
0.02569
0.025522
0.025272
0.02559
0.02511
0.025549
0.025221
0.025575
0.025246
0.025603
0.025224
0.025559
0.025192
0.025549
0.025261
0.025587
0.025208
0.02586
0.025499
0.025401
0.025213
0.025538
0.025245
0.025579
0.02524
0.025552
0.025181
0.025499
0.02521
0.02558
0.025306
0.025573
0.025262
0.025563
0.025261
0.025547
0.025157
0.025455
0.025176
0.025468
0.025304
0.025414
0.025254
0.025508
0.025138
0.025532
0.025138
0.025479
0.025243
0.02539
0.025239
0.025602
0.02525
0.025444
0.02515
0.025573
0.025074
0.025467
0.025086
0.025442
0.025212
0.025465
0.025219
0.025493
0.025083
0.025551
0.025254
0.025514
0.0252
0.025607
0.025317
0.025549
0.025355
0.025557
0.025201
0.025558
0.025261
0.025485
0.025154
0.025441
0.025199
0.026091
0.026168
0.026384
0.026118
0.025902
0.025237
0.025598
0.02521
0.025582
0.025244
0.02565
NaN
NaN
NaN
NaN
0.19632
0.23351
0.06313
0.034722
0.04459
0.039983
0.03357
0.030483
0.029308
0.028495
0.02926
0.028819
0.027945
0.02796
0.028358
0.0281
0.028051
0.028178
0.027957
0.027989
0.028695
0.028388
0.028065
0.028566
0.028856
0.02767
0.027555
0.027548
0.027287
0.026136
0.025964
0.026174
0.026851
0.027491
NaN
NaN
NaN
NaN
0.19542
0.29063
0.060008
0.03237
0.041132
0.035937
0.029871
0.026399
0.027074
0.02637
0.025995
0.026026
0.025874
0.025731
0.026138
0.025894
0.025876
0.025906
0.025947
0.025984
0.026049
0.026041
0.025851
0.026155
0.025947
0.02587
0.02585
0.026066
0.025994
0.026124
0.026081
0.026354
0.026029
0.02615
0.025884
0.025753
0.024012
