0.20141
0.23173
0.064785
0.03775
0.045898
0.040983
0.034541
0.031219
0.031132
0.031132
0.031371
0.031205
0.030853
0.030824
0.030651
0.03109
0.030824
0.030738
0.030294
0.030537
0.030463
0.03075
0.030423
0.030651
0.030505
0.030817
0.030348
0.030743
0.030306
0.030594
0.030298
0.031136
0.030438
0.030706
0.030463
0.030789
0.030617
0.030951
0.030514
0.030738
0.03096
0.031374
0.031191
0.030587
0.030762
0.030562
0.030405
0.030364
0.030139
0.030522
0.030323
0.030303
0.030499
0.030535
0.030121
0.030252
0.029996
0.030185
0.030157
0.030305
0.030019
0.030236
0.030173
0.03045
0.030094
0.030343
0.030036
0.030333
0.030011
0.030257
0.029938
0.030068
0.029766
0.029937
0.029841
0.030174
0.029687
0.029862
0.029608
0.03012
0.029736
0.030096
0.029883
0.029189
0.02979
0.029505
0.029663
0.029163
0.029595
0.029225
0.029627
0.029465
0.030011
0.029264
0.02975
0.029346
0.029915
0.029338
0.029898
0.029588
0.030479
0.029976
0.029916
0.029417
0.029888
0.029418
0.029882
0.02954
0.029918
0.029436
0.029913
0.030056
0.030485
0.02962
0.029921
0.029796
0.029814
0.029445
0.029856
0.029406
0.029877
0.029449
0.029883
0.029383
0.029793
0.030023
0.030536
0.030018
0.030366
0.029932
0.03026
0.02932
0.030013
0.029425
0.029987
0.029422
0.029707
0.029277
0.029746
0.02937
0.029797
0.029414
0.029747
0.029378
0.029767
0.029419
0.029806
0.029304
0.029806
0.029443
0.028631
0.029474
0.029959
0.029541
0.029918
0.029653
0.030334
0.0297
0.030017
0.029588
0.030076
0.029598
0.029998
0.029514
0.029944
0.029517
0.029941
0.029637
0.031122
0.030261
0.030569
0.030169
0.030465
0.02995
0.030236
0.029376
0.029749
0.029504
0.029789
0.029603
0.02987
0.029314
0.029945
0.029472
0.029778
0.029366
0.029807
0.029388
0.02967
0.029182
0.029521
