0.2067
0.23128
0.067583
0.040586
0.048452
0.043675
0.037743
0.034094
0.03418
0.034035
0.033976
0.033441
0.033467
0.033325
0.033503
0.033432
0.033465
0.033494
0.033279
0.033463
0.033728
0.033729
0.033591
0.033468
0.033594
0.03356
0.033499
0.033711
0.033533
0.033601
0.033654
0.034136
0.033646
0.033695
0.033599
0.033591
0.033588
0.033755
0.033695
0.033567
0.034184
0.033768
0.034967
0.03404
0.034112
0.033651
0.033675
NaN
NaN
NaN
NaN
0.2035
0.27568
0.065695
0.04041
0.048199
0.043557
0.037394
0.033905
0.034033
0.033765
0.033636
0.033653
0.033605
0.033938
0.034071
0.033478
0.033499
0.033551
0.033811
0.033776
0.034499
0.034081
0.033617
0.033697
0.033588
0.033513
0.033595
0.033593
0.033532
0.033254
0.033347
0.033555
0.033322
0.033383
0.033181
0.033333
0.033312
0.033437
0.033242
0.033332
0.033929
0.033655
0.034243
0.033422
0.033931
0.033497
0.033951
0.033649
0.033337
0.033351
0.033277
0.03331
0.033505
0.033499
0.033382
0.033543
0.033481
0.033511
0.033414
0.033412
0.033416
0.033458
0.033441
0.03368
0.033444
0.033325
0.033446
0.033511
0.033458
0.033484
0.03345
0.033437
0.033386
0.033367
0.033395
0.033384
0.033355
0.033308
0.033274
0.033241
0.033165
0.033298
0.033182
0.033209
0.033319
0.033667
0.033162
0.033271
0.033167
0.033218
0.033218
0.033211
0.033465
0.033356
0.033338
0.033311
0.033307
0.033094
0.033112
0.033231
0.033807
0.033534
0.032997
0.033084
0.032959
0.032938
0.033057
0.032962
0.033143
0.032916
0.033042
0.033409
0.033473
0.033078
0.074616
0.039851
0.032994
0.032871
0.032881
0.032951
0.03302
0.032834
0.03291
0.042214
0.036274
0.044632
0.036301
0.036242
0.03612
0.036187
0.03586
0.035342
0.033552
0.033556
0.033143
0.033123
0.033113
0.033103
0.033346
0.033216
0.033167
0.033252
0.033233
0.033267
0.033114
0.03303
0.031801
0.033078
0.033076
0.033025
0.033172
0.032932
0.033098
0.03303
0.033101
0.03311
0.033192
0.033034
0.033026
0.033072
0.032878
0.033051
0.032964
0.033086
0.033076
0.033068
0.033142
0.033387
0.034096
0.033705
0.033561
0.033679
0.03361
0.033409
0.032991
0.032951
0.032936
0.033246
0.033199
0.033191
0.033312
0.03299
0.033019
0.033092
0.035339
0.035125
0.03513
0.035197
0.035111
0.035101
0.035164
0.035181
0.035457
0.033402
0.032985
0.033146
0.033185
0.033146
0.033237
0.033238
0.033418
0.033417
0.033198
0.033098
0.033085
0.033101
0.033145
0.033098
0.033011
0.033134
0.033043
0.033104
0.033028
0.03316
0.033102
0.033216
0.033256
0.033282
0.032995
0.033231
0.033078
0.033101
0.033032
0.033148
0.033
0.035257
0.03521
0.03515
0.032962
0.033203
0.03305
0.033202
0.033586
0.033155
0.033114
0.033304
0.033142
0.033172
0.035166
0.035452
0.035404
0.035319
0.035226
0.033254
0.033128
0.033291
0.0334
0.033189
0.033256
0.033218
0.033619
0.03373
0.033205
0.033332
0.033272
0.03333
0.033143
0.033315
0.033412
0.033258
0.033274
0.033677
0.033254
0.033477
0.033291
0.033358
0.035751
0.0333
0.035202
0.035263
0.033191
0.033279
NaN
NaN
NaN
NaN
0.20227
0.23058
0.067117
0.040305
0.048651
0.042971
0.037224
0.033493
0.03365
0.033205
0.033057
0.033056
0.033016
0.032981
0.033388
0.033115
0.032961
0.033158
