1
444.4583,340.6876,38.9171,36.7889
442.8192,339.9426,38.9171,36.7889
443.2663,339.7935,38.9171,36.7889
441.6271,339.3465,38.9171,36.7889
441.0420,338.4757,39.7782,37.6028
441.0760,338.2178,40.6582,38.4348
440.6090,337.7507,40.6582,38.4348
440.4533,337.5950,40.6582,38.4348
439.3636,337.4394,40.6582,38.4348
438.2738,336.9723,40.6582,38.4348
435.0782,335.4165,41.5578,39.2852
433.9644,335.8939,41.5578,39.2852
432.2140,334.7801,41.5578,39.2852
429.1907,335.5757,41.5578,39.2852
426.1673,328.7333,41.5578,39.2852
423.4622,331.4384,41.5578,39.2852
422.2182,329.8635,40.6716,38.4474
422.5018,328.9225,39.8042,37.6275
420.6383,316.6469,40.6849,38.4600
423.9097,329.5768,40.6849,38.4600
421.5730,330.3557,40.6849,38.4600
419.2363,328.6421,40.6849,38.4600
416.6851,327.7317,41.5851,39.3109
416.0599,326.8013,42.5051,40.1807
416.2226,325.6620,42.5051,40.1807
417.3619,324.1973,42.5051,40.1807
417.5246,323.3835,42.5051,40.1807
420.6169,321.9188,42.5051,40.1807
424.3602,319.8030,42.5051,40.1807
425.1739,319.9657,42.5051,40.1807
429.8937,319.4775,42.5051,40.1807
432.6605,318.0127,42.5051,40.1807
437.0548,316.2225,42.5051,40.1807
440.7981,316.3852,42.5051,40.1807
443.5649,317.5245,42.5051,40.1807
443.6012,315.8980,43.4456,41.0697
445.7638,315.3990,43.4456,41.0697
448.5918,313.9018,43.4456,41.0697
2
0
0
0
0
1
473.5878,304.5058,41.4720,40.7765
476.3402,302.4010,41.4720,40.7765
478.7688,299.3248,41.4720,40.7765
479.2545,298.8391,41.4720,40.7765
481.6831,295.1153,41.4720,40.7765
483.4640,291.7153,41.4720,40.7765
484.5974,286.3725,41.4720,40.7765
485.7307,282.6486,41.4720,40.7765
486.8640,276.6582,41.4720,40.7765
486.7021,276.4963,41.4720,40.7765
486.5402,273.0963,41.4720,40.7765
485.0831,266.4582,41.4720,40.7765
482.6545,261.4391,41.4720,40.7765
480.2259,258.0391,41.4720,40.7765
479.7402,252.3725,41.4720,40.7765
478.9306,252.2106,41.4720,40.7765
478.4449,247.5153,41.4720,40.7765
478.9306,244.1153,41.4720,40.7765
481.0354,241.3629,41.4720,40.7765
481.8450,235.6963,41.4720,40.7765
482.0068,231.9724,41.4720,40.7765
481.8450,231.1629,41.4720,40.7765
481.3592,229.0582,41.4720,40.7765
477.3116,226.6296,41.4720,40.7765
474.2354,223.5534,41.4720,40.7765
473.1021,221.7724,41.4720,40.7765
471.3211,219.0200,41.4720,40.7765
470.5116,218.5343,41.4720,40.7765
469.3782,217.7248,41.4720,40.7765
470.1878,215.9438,41.4720,40.7765
472.6164,215.1343,41.4720,40.7765
475.6926,216.2676,41.4720,40.7765
482.9783,216.1057,41.4720,40.7765
484.1116,215.9438,41.4720,40.7765
494.9593,217.4010,41.4720,40.7765
507.7498,219.5057,41.4720,40.7765
520.5402,222.9057,41.4720,40.7765
534.9498,225.9819,41.4720,40.7765
551.1206,229.0584,42.3896,41.6786
552.2790,230.8787,42.3896,41.6786
562.7047,234.6849,42.3896,41.6786
572.1375,240.4770,42.3896,41.6786
577.2676,246.6000,42.3896,41.6786
579.4189,252.7230,42.3896,41.6786
582.5631,259.5080,42.3896,41.6786
583.0596,259.6735,42.3896,41.6786
588.4563,266.9766,41.4856,40.7898
596.7162,273.6169,41.4856,40.7898
605.3000,280.2572,41.4856,40.7898
613.2359,286.5736,41.4856,40.7898
619.8762,290.6225,41.4856,40.7898
619.7142,291.7562,41.4856,40.7898
624.0871,295.8052,41.4856,40.7898
629.1078,301.4737,41.4856,40.7898
633.8046,304.5509,41.4856,40.7898
637.5296,306.6564,41.4856,40.7898
630.8893,303.9031,41.4856,40.7898
629.4317,302.4454,41.4856,40.7898
636.8702,295.4410,42.4035,41.6923
653.4377,296.3642,41.4992,40.8032
646.4712,314.9955,41.4992,40.8032
648.6314,319.3344,40.6142,39.9331
650.7456,322.3582,39.7481,39.0815
651.3189,324.4202,38.9005,38.2481
652.4656,324.6817,38.0709,37.4324
652.7283,326.0836,37.2591,36.6341
654.9482,326.8948,36.4645,35.8529
656.8463,326.3166,35.6869,35.0883
657.8215,326.1773,35.6869,35.0883
659.1421,327.7600,34.9258,34.3401
660.9601,327.2062,34.1810,33.6078
662.9966,329.2365,33.4521,32.8911
663.3884,328.0612,33.4521,32.8911
660.6459,328.9754,33.4521,32.8911
657.6422,327.2776,33.4521,32.8911
658.3765,327.5024,32.7387,32.1897
654.9256,324.5628,32.7387,32.1897
652.9341,326.0147,32.0406,31.5032
650.8076,327.8910,32.0406,31.5032
649.9320,326.2649,32.0406,31.5032
648.0557,327.1405,32.0406,31.5032
648.4309,326.5151,32.0406,31.5032
630.5568,314.3570,32.7495,32.2002
631.5221,312.1125,32.0511,31.5135
640.6563,325.0004,32.0511,31.5135
640.5312,325.8763,32.0511,31.5135
641.2348,327.0566,31.3676,30.8415
641.6022,326.4443,31.3676,30.8415
641.8186,328.3076,30.6987,30.1838
640.7400,330.1053,30.6987,30.1838
639.3346,331.6978,30.0440,29.5401
637.1060,332.5188,30.0440,29.5401
633.9392,331.4632,30.0440,29.5401
634.1465,331.8912,29.4033,28.9102
630.1288,331.0877,29.4033,28.9102
625.4635,332.3917,28.7763,28.2936
620.0315,331.7189,28.1626,27.6903
615.7436,330.9493,28.1626,27.6903
611.2358,330.8393,28.1626,27.6903
611.3458,331.6089,28.1626,27.6903
608.1573,332.5984,28.1626,27.6903
604.0893,331.8288,28.1626,27.6903
600.6810,331.2791,28.1626,27.6903
596.8329,330.5095,28.1626,27.6903
593.8644,331.4990,28.1626,27.6903
593.3147,330.9493,28.1626,27.6903
591.6655,329.9598,28.1626,27.6903
588.6970,329.1901,28.1626,27.6903
586.6080,328.8603,28.1626,27.6903
584.2992,329.1901,28.1626,27.6903
582.0485,326.9446,28.7857,28.3029
582.6804,327.5714,28.1719,27.6994
579.0510,326.5815,28.1719,27.6994
575.4216,326.9115,28.1719,27.6994
570.4724,326.1416,28.1719,27.6994
567.0630,325.3718,28.1719,27.6994
564.3135,324.1620,28.1719,27.6994
563.9835,323.8320,28.1719,27.6994
561.0140,322.4022,28.1719,27.6994
556.9447,321.4124,28.1719,27.6994
552.8754,320.4226,28.1719,27.6994
548.3661,318.9928,28.1719,27.6994
543.8568,316.4633,28.1719,27.6994
542.8670,315.9134,28.1719,27.6994
537.6488,313.2107,28.7952,28.3122
531.6908,310.6251,28.7952,28.3122
525.0583,306.6906,28.7952,28.3122
517.3920,302.2953,29.4322,28.9386
509.4638,298.2738,29.4322,28.9386
508.5421,296.6423,30.0834,29.5789
502.0827,294.6458,30.0834,29.5789
494.6837,290.3003,30.0834,29.5789
486.8150,285.9549,30.0834,29.5789
479.1811,281.6095,30.0834,29.5789
471.5472,279.3780,30.0834,29.5789
469.7856,277.8513,30.0834,29.5789
462.5074,273.2594,30.7490,30.2333
454.4645,271.4587,30.7490,30.2333
444.5344,265.7689,31.4294,30.9022
435.3320,261.2290,31.4294,30.9022
427.1112,259.1431,31.4294,30.9022
425.6178,257.1464,32.1247,31.5859
417.2151,255.5160,32.1247,31.5859
408.8124,254.1364,32.1247,31.5859
400.9113,253.7602,32.1247,31.5859
394.4404,253.5409,32.8355,32.2848
387.6465,254.1818,32.8355,32.2848
378.3725,254.2237,33.5620,32.9991
377.7174,253.3065,33.5620,32.9991
372.3454,254.7478,33.5620,32.9991
367.2729,256.9940,32.8463,32.2954
362.5557,259.6866,32.1458,31.6066
359.8744,264.0153,31.4603,30.9326
358.0322,269.7878,31.4603,30.9326
356.5373,270.5925,32.1563,31.6170
354.4032,275.9906,32.1563,31.6170
354.0266,281.6397,32.1563,31.6170
353.9010,290.3018,32.1563,31.6170
354.5287,297.4574,32.1563,31.6170
355.9096,306.8727,32.1563,31.6170
357.8255,308.7828,31.4706,30.9428
358.4398,314.0658,31.4706,30.9428
357.3340,319.1030,31.4706,30.9428
356.2283,324.3860,31.4706,30.9428
360.3415,329.7797,32.1669,31.6274
362.9786,334.9284,32.1669,31.6274
364.3600,335.8075,32.1669,31.6274
366.2436,338.4446,32.1669,31.6274
368.6296,343.0910,32.1669,31.6274
370.5133,345.4770,32.1669,31.6274
372.1458,347.8630,32.1669,31.6274
374.0295,348.9932,32.1669,31.6274
374.4062,349.1187,32.1669,31.6274
376.5410,349.9978,32.1669,31.6274
377.9224,349.3699,32.1669,31.6274
379.8061,349.4955,32.1669,31.6274
381.7226,349.4696,31.4809,30.9529
382.3371,350.0841,31.4809,30.9529
381.4768,349.2238,31.4809,30.9529
382.8287,348.6093,31.4809,30.9529
384.1806,346.7658,31.4809,30.9529
385.5325,345.9055,31.4809,30.9529
386.8844,344.7994,31.4809,30.9529
387.9905,343.6933,31.4809,30.9529
388.3592,343.0788,31.4809,30.9529
389.4653,342.2185,31.4809,30.9529
389.8340,341.1124,31.4809,30.9529
391.4317,339.7605,31.4809,30.9529
392.2920,337.9170,31.4809,30.9529
390.6943,335.8277,31.4809,30.9529
390.8172,334.7216,31.4809,30.9529
389.9569,333.3697,31.4809,30.9529
390.0798,331.7720,31.4809,30.9529
387.8189,329.2619,32.1774,31.6378
385.9346,327.3776,32.1774,31.6378
385.3065,325.7446,32.1774,31.6378
385.6834,324.6140,32.1774,31.6378
383.6332,322.5697,32.8894,32.3377
380.6800,321.1573,32.8894,32.3377
377.9836,319.2314,32.8894,32.3377
375.5441,317.8190,32.8894,32.3377
373.1045,316.4066,32.8894,32.3377
371.6921,315.2510,32.8894,32.3377
368.4821,314.3522,32.8894,32.3377
366.0426,312.9398,32.8894,32.3377
362.5758,311.2706,32.8894,32.3377
357.3115,309.3447,32.8894,32.3377
355.1287,308.1891,32.8894,32.3377
354.7435,308.0607,32.8894,32.3377
353.0743,307.9323,32.8894,32.3377
353.7163,308.5743,32.8894,32.3377
351.5335,309.9867,32.8894,32.3377
350.6347,309.0879,32.8894,32.3377
348.9655,309.2163,32.8894,32.3377
350.4301,311.1700,32.1880,31.6481
347.7912,310.0390,32.1880,31.6481
346.4089,310.6673,32.1880,31.6481
345.2780,311.5469,32.1880,31.6481
344.6497,310.6673,32.1880,31.6481
342.7648,311.7983,32.1880,31.6481
341.8852,310.4160,32.1880,31.6481
341.5082,311.5469,32.1880,31.6481
342.1365,312.6779,32.1880,31.6481
341.2569,311.7983,32.1880,31.6481
339.8746,313.1805,32.1880,31.6481
338.9950,312.5523,32.1880,31.6481
339.6233,313.9345,32.1880,31.6481
338.4923,312.3009,32.1880,31.6481
336.8588,313.9345,32.1880,31.6481
337.2358,313.0549,32.1880,31.6481
338.3667,313.6832,32.1880,31.6481
336.7331,311.7983,32.1880,31.6481
335.3509,310.9187,32.1880,31.6481
338.2411,312.5523,32.1880,31.6481
338.8694,313.6832,32.1880,31.6481
338.9950,312.8036,32.1880,31.6481
339.3720,313.6832,32.1880,31.6481
338.9950,312.5523,32.1880,31.6481
339.1207,313.9345,32.1880,31.6481
340.5030,313.8088,32.1880,31.6481
339.8747,312.6779,32.1880,31.6481
341.2569,311.2956,32.1880,31.6481
341.3826,310.4160,32.1880,31.6481
342.7649,309.7877,32.1880,31.6481
341.8853,308.9081,32.1880,31.6481
342.2622,308.0285,32.1880,31.6481
341.1313,306.1436,32.1880,31.6481
340.2517,304.5100,32.1880,31.6481
339.1207,301.6198,32.1880,31.6481
338.2411,297.4730,32.1880,31.6481
337.6128,296.3421,32.1880,31.6481
338.7438,294.4572,32.1880,31.6481
335.3510,290.3104,32.1880,31.6481
332.4608,284.9070,32.1880,31.6481
327.8113,279.2522,32.1880,31.6481
324.9211,275.1054,32.1880,31.6481
323.2875,273.7232,32.1880,31.6481
320.9000,270.0790,32.1880,31.6481
315.4966,264.6756,32.1880,31.6481
312.1038,262.0367,32.1880,31.6481
309.7162,259.1466,32.1880,31.6481
304.5641,254.2458,32.1880,31.6481
303.4332,253.1148,32.1880,31.6481
301.0457,250.9786,32.1880,31.6481
298.1555,248.3398,32.1880,31.6481
293.7574,245.7009,32.1880,31.6481
289.3593,242.3081,32.1880,31.6481
285.2125,240.4232,32.1880,31.6481
284.0815,239.2922,32.1880,31.6481
279.6834,237.6586,32.1880,31.6481
274.2800,235.7737,32.1880,31.6481
269.1279,233.3862,32.1880,31.6481
263.2219,231.7526,32.1880,31.6481
257.5672,230.1190,32.1880,31.6481
256.1849,229.4907,32.1880,31.6481
251.7868,228.3598,32.1880,31.6481
248.3940,230.4960,32.1880,31.6481
245.2525,232.3809,32.1880,31.6481
240.8544,234.0145,32.1880,31.6481
237.7128,236.1507,32.1880,31.6481
236.5819,235.7737,32.1880,31.6481
235.1996,239.1666,32.1880,31.6481
235.3253,244.8213,32.1880,31.6481
235.7023,248.9681,32.1880,31.6481
235.3253,254.1202,32.1880,31.6481
237.4615,260.2775,32.1880,31.6481
237.3359,261.6598,32.1880,31.6481
239.9747,267.3145,32.1880,31.6481
242.3623,272.9692,32.1880,31.6481
247.5143,279.1266,32.1880,31.6481
252.4151,287.2945,32.1880,31.6481
257.5672,294.9598,32.1880,31.6481
258.4468,296.0907,32.1880,31.6481
263.5988,301.9968,32.1880,31.6481
267.9970,307.6515,32.1880,31.6481
270.1332,312.3009,32.1880,31.6481
272.0181,314.9398,32.1880,31.6481
274.1543,317.5786,32.1880,31.6481
275.0339,318.9609,32.1880,31.6481
275.4109,319.8405,32.1880,31.6481
272.7721,319.2122,32.1880,31.6481
268.6253,318.3326,32.1880,31.6481
262.7192,316.6990,32.1880,31.6481
256.5619,314.5628,32.1880,31.6481
254.9283,315.1911,32.1880,31.6481
248.7710,312.5523,32.1880,31.6481
243.1162,310.9187,32.1880,31.6481
237.7128,309.0338,32.1880,31.6481
231.0528,307.9028,32.1880,31.6481
224.8955,305.7666,32.1880,31.6481
223.2619,305.3896,32.1880,31.6481
218.3611,303.7560,32.1880,31.6481
212.7064,301.8711,32.1880,31.6481
205.5438,300.4888,32.1880,31.6481
198.3811,299.1066,32.1880,31.6481
191.9724,297.2217,32.1880,31.6481
190.0875,297.5986,32.1880,31.6481
184.1815,296.2164,32.1880,31.6481
178.0241,295.0854,32.1880,31.6481
171.6155,293.7032,32.1880,31.6481
163.1962,291.8182,32.1880,31.6481
156.7875,289.9333,32.1880,31.6481
154.6513,290.3103,32.1880,31.6481
149.2479,290.6873,32.1880,31.6481
143.5932,289.0537,32.1880,31.6481
137.1845,290.1847,32.1880,31.6481
134.0430,291.0643,32.1880,31.6481
132.9121,292.9492,32.1880,31.6481
134.0430,293.5775,32.1880,31.6481
138.6924,298.7296,32.1880,31.6481
145.5069,303.7247,32.9001,32.3483
158.3354,309.8965,33.6281,33.0640
180.7097,315.9324,34.3721,33.7956
193.7258,326.2648,34.3721,33.7956
193.7632,326.5870,35.1326,34.5433
207.3417,332.7590,35.1326,34.5433
218.1770,338.9311,35.1326,34.5433
228.1894,345.1031,35.1326,34.5433
234.3614,349.9035,35.1326,34.5433
239.4361,352.5095,35.1326,34.5433
239.8476,352.6466,35.1326,34.5433
243.0022,354.9783,35.1326,34.5433
245.3339,357.8586,35.1326,34.5433
250.4086,359.9159,35.1326,34.5433
255.4834,361.9733,35.1326,34.5433
260.8325,364.5792,35.1326,34.5433
267.8275,366.6366,35.1326,34.5433
269.6105,367.0480,35.1326,34.5433
279.0742,369.3797,35.1326,34.5433
289.0866,371.4371,35.1326,34.5433
298.8247,374.5916,35.1326,34.5433
308.8371,378.2948,35.1326,34.5433
317.7522,381.7237,35.1326,34.5433
318.7123,382.9581,35.1326,34.5433
324.4425,384.4259,35.9099,35.3076
331.3118,386.2484,35.9099,35.3076
337.3400,389.1924,35.9099,35.3076
341.7425,391.2744,36.7044,36.0888
348.0264,393.4025,37.5165,36.8872
349.2829,392.8424,38.3465,37.7034
355.7201,395.0880,38.3465,37.7034
366.9479,397.3335,38.3465,37.7034
377.2774,398.9803,38.3465,37.7034
384.3134,400.9264,38.3465,37.7034
390.5678,402.5284,39.1949,38.5375
391.5630,402.5784,40.0621,39.3902
399.2266,404.6116,40.0621,39.3902
410.6288,407.5834,40.9485,40.2617
421.9790,411.2602,40.9485,40.2617
429.0412,412.7681,40.0753,39.4031
439.5234,412.9246,40.0753,39.4031
441.5149,412.0017,40.9619,40.2749
450.1207,414.4349,40.0884,39.4160
461.2057,416.1097,40.9754,40.2881
469.8143,417.0018,40.1015,39.4290
477.6358,418.7803,39.2464,38.5881
484.6998,419.0441,38.4094,37.7652
487.5663,421.0366,37.5903,36.9599
489.8059,420.4405,36.7887,36.1717
501.1520,422.5949,36.7887,36.1717
513.0726,423.8875,36.7887,36.1717
524.4187,422.5949,36.7887,36.1717
536.3393,421.5895,36.7887,36.1717
538.4936,422.8821,36.7887,36.1717
549.8397,421.5895,36.7887,36.1717
564.4902,423.2211,36.0042,35.4003
576.1566,421.6749,36.0042,35.4003
588.3852,419.8477,36.0042,35.4003
600.8949,418.3015,36.0042,35.4003
603.2844,418.1610,36.0042,35.4003
612.7018,417.7393,36.0042,35.4003
623.8060,416.1932,36.0042,35.4003
629.7445,414.5385,35.2364,34.6454
633.4587,412.1999,35.2364,34.6454
634.6967,410.4116,35.2364,34.6454
634.4094,411.1788,34.4850,33.9066
634.0056,409.1594,34.4850,33.9066
632.7939,407.4092,34.4850,33.9066
631.3130,405.9283,34.4850,33.9066
629.5628,404.7167,34.4850,33.9066
627.8126,403.5051,34.4850,33.9066
626.6010,403.1012,34.4850,33.9066
624.0430,402.1588,34.4850,33.9066
618.7926,400.4087,34.4850,33.9066
613.8114,398.9278,34.4850,33.9066
608.5609,397.9854,34.4850,33.9066
605.1952,397.5815,34.4850,33.9066
603.9835,396.9084,34.4850,33.9066
599.5408,396.2353,34.4850,33.9066
595.0982,394.4851,34.4850,33.9066
589.8477,393.2735,34.4850,33.9066
584.5972,392.0618,34.4850,33.9066
581.7700,391.6580,34.4850,33.9066
580.2891,392.6003,34.4850,33.9066
578.0004,391.1194,34.4850,33.9066
574.3654,389.6385,34.4850,33.9066
571.8075,389.5039,34.4850,33.9066
567.0955,389.1001,34.4850,33.9066
564.2683,388.1577,34.4850,33.9066
563.3259,387.7538,34.4850,33.9066
561.0372,387.6192,34.4850,33.9066
558.2100,386.9461,34.4850,33.9066
555.9213,386.8115,34.4850,33.9066
553.3634,385.8691,34.4850,33.9066
551.0747,384.6574,34.4850,33.9066
549.8631,383.9843,34.4850,33.9066
548.3822,385.1959,34.4850,33.9066
547.3023,384.4018,35.2479,34.6567
542.2109,379.8608,35.2479,34.6567
543.4493,382.7505,35.2479,34.6567
541.6605,383.9890,35.2479,34.6567
541.2476,383.5762,35.2479,34.6567
539.7339,382.8882,35.2479,34.6567
540.4220,384.4019,35.2479,34.6567
540.2844,383.7138,35.2479,34.6567
542.0732,384.6771,35.2479,34.6567
542.2109,384.2643,35.2479,34.6567
542.3485,383.8515,35.2479,34.6567
544.1374,385.0899,35.2479,34.6567
542.3485,383.0258,35.2479,34.6567
545.2382,382.3378,35.2479,34.6567
550.6049,383.5763,35.2479,34.6567
552.9441,382.3378,35.2479,34.6567
554.4578,383.3011,35.2479,34.6567
557.0723,382.0626,35.2479,34.6567
562.4390,382.7506,35.2479,34.6567
567.8056,382.0626,35.2479,34.6567
573.4474,381.6498,35.2479,34.6567
579.9149,382.3378,35.2479,34.6567
581.4286,381.9250,35.2479,34.6567
587.0704,380.9618,35.2479,34.6567
593.2627,379.7233,35.2479,34.6567
600.2806,378.7600,35.2479,34.6567
609.7754,378.3472,35.2479,34.6567
617.3438,376.5583,35.2479,34.6567
619.1327,377.2464,35.2479,34.6567
626.1506,375.4575,35.2479,34.6567
633.1686,375.0447,35.2479,34.6567
639.6360,374.9071,35.2479,34.6567
645.0027,373.3934,35.2479,34.6567
647.6109,370.8685,36.0278,35.4235
649.4394,371.2905,36.0278,35.4235
652.1117,369.1807,36.0278,35.4235
654.7841,367.6335,36.0278,35.4235
658.3004,365.5238,36.0278,35.4235
661.8167,363.4140,36.0278,35.4235
663.9264,361.3042,36.0278,35.4235
664.3483,360.6010,36.0278,35.4235
665.6142,359.3351,36.0278,35.4235
667.4427,357.5067,36.0278,35.4235
668.1460,355.9595,36.0278,35.4235
666.8801,354.4124,36.0278,35.4235
665.8955,352.3026,36.0278,35.4235
665.1923,351.3180,36.0278,35.4235
662.8012,350.0522,36.0278,35.4235
660.9727,348.7863,36.0278,35.4235
658.8630,346.9578,36.0278,35.4235
656.1906,345.1294,36.0278,35.4235
652.1118,343.3009,36.0278,35.4235
650.5646,342.0350,36.0278,35.4235
647.6109,341.0505,36.0278,35.4235
643.8134,340.0659,36.0278,35.4235
639.7345,338.2375,36.0278,35.4235
635.0930,336.6903,36.0278,35.4235
631.8581,334.8618,36.0278,35.4235
631.4361,334.1586,36.0278,35.4235
629.0451,333.1740,36.0278,35.4235
626.0914,331.9082,36.0278,35.4235
624.8255,330.3610,36.0278,35.4235
624.1223,328.8139,36.0278,35.4235
623.4190,328.1106,36.0278,35.4235
624.4036,329.0952,36.0278,35.4235
622.8564,328.3919,36.0278,35.4235
624.6849,327.6887,36.0278,35.4235
626.2321,328.3919,36.0278,35.4235
626.9353,327.9700,36.0278,35.4235
629.3264,328.9545,36.0278,35.4235
629.7483,328.8139,36.0278,35.4235
631.8581,328.3919,36.0278,35.4235
633.9678,327.6887,36.0278,35.4235
635.7963,328.3919,36.0278,35.4235
637.6248,327.4073,36.0278,35.4235
638.8906,326.9854,36.0278,35.4235
639.5939,328.2512,36.0278,35.4235
638.6093,326.7041,36.0278,35.4235
639.3126,324.8756,36.0278,35.4235
640.5784,323.8911,36.0278,35.4235
638.5747,321.3103,36.8249,36.2073
636.2283,319.2691,37.6397,37.0084
636.6692,318.2405,37.6397,37.0084
637.1100,316.6241,37.6397,37.0084
635.7875,315.0078,37.6397,37.0084
634.4650,312.8036,37.6397,37.0084