0.0359
0.0349
0.0319
0.0329
0.0329
0.0319
0.0329
0.0319
0.0319
0.0329
0.0319
0.0329
0.0329
0.0319
0.0319
0.0329
0.0329
0.0329
0.0319
0.0319
0.0319
0.0319
0.0319
0.0329
0.0329
0.0329
0.0329
0.0329
0.0329
0.0319
0.0339
0.0329
0.0319
0.0329
0.0329
0.0329
0.0319
0.0319
0.0319
0.0319
0.0339
0.0319
0.0329
0.0329
0.0319
0.0329
0.0319
0.0319
0.0319
0.0319
0.0329
0.0329
0.0319
0.0319
0.0329
0.0319
0.0319
0.0319
0.0319
0.0329
0.0319
0.0319
0.0319
0.0319
0.0329
0.0339
0.0329
0.0319
0.0329
0.0329
0.0329
0.0329
0.0319
0.0319
0.0319
0.0329
0.0319
0.0319
0.0329
0.0319
0.0319
0.0319
0.0329
0.0329
0.0319
0.0319
0.0319
0.0329
0.0319
0.0329
0.0329
0.0319
0.0319
0.0329
0.0329
0.0329
0.0329
0.0329
0.0319
0.0329
0.0319
0.0329
0.0319
0.0319
0.0329
0.0319
0.0329
0.0319
0.0319
0.0319
0.0339
0.0329
0.0329
0.0319
0.0319
0.0329
0.0329
0.0319
0.0329
0.0329
0.0319
0.0319
0.0319
0.0329
0.0319
0.0329
0.0329
0.0319
0.0319
0.0329
0.0329
0.0329
0.0329
0.0339
0.0339
0.0329
0.0319
0.0319
0.0329
0.0319
0.0319
0.0329
0.0329
0.0319
0.0329
0.0329
0.0329
0.0329
0.0329
0.0329
0.0329
0.0329
0.0319
0.0319
0.0319
0.0329
0.0329
0.0329
0.0329
0.0319
0.0329
0.0329
0.0319
0.0329
0.0329
0.0329
0.0329
0.0329
0.0319
0.0319
0.0319
0.0329
0.0339
0.0319
0.0319
0.0329
0.0319
0.0329
0.0339
0.0329
0.0349
0.0319
0.0329
0.0329
0.0319
0.0319
0.0329
0.0319
0.0329
0.0329
0.0329
0.0329
0.0339
0.0319
0.0319
0.0319
0.0319
0.0319
0.0319
0.0319
0.0329
0.0319
0.0329
0.0329
0.0329
0.0319
0.0339
0.0329
0.0379
0.0369
0.0319
0.0329
0.0329
0.0329
0.0329
0.0329
0.0329
0.0319
0.0319
0.0319
0.0319
0.0329
0.0329
0.0329
0.0319
0.0319
0.0329
0.0319
0.0329
0.0329
0.0329
0.0329
0.0319
0.0319
0.0329
0.0329
0.0329
0.0329
0.0329
0.0319
0.0319
0.0319
0.0319
0.0319
0.0319
0.0319
0.0319
0.0329
0.0329
0.0329
0.0329
0.0329
0.0319
0.0319
0.0329
0.0329
0.0329
0.0329
0.0319
0.0319
0.0319
0.0329
0.0329
0.0329
0.0319
0.0329
0.0329
0.0329
0.0329
0.0329
0.0329
0.0329
0.0329
0.0319
0.0319
0.0319
0.0319
0.0329
0.0329
0.0329
0.0339
0.0319
0.0319
0.0319
0.0329
0.0319
0.0329
0.0329
0.0329
0.0339
0.0329
0.0329
0.0319
0.0319
0.0319
0.0329
0.0319
0.0319
0.0319
0.0319
0.0319
0.0329
0.0329
0.0329
0.0319
0.0319
0.0319
0.0329
0.0329
0.0329
0.0329
0.0329
0.0329
0.0329
0.0329
0.0319
0.0319
0.0319
0.0329
0.0329
0.0329
0.0319
0.0319
0.0319
0.0329