1
131.4578,470.3001,24.2562,59.7818
138.7340,507.3274,24.2562,59.7818
152.7248,551.4567,24.7929,61.1044
156.8565,568.8100,24.7929,61.1044
156.0302,580.8746,24.7929,61.1044
155.8649,584.6758,24.7929,61.1044
158.6745,586.8243,24.7929,61.1044
161.4841,584.6758,24.7929,61.1044
163.3020,583.1884,24.7929,61.1044
165.1200,584.0147,24.7929,61.1044
163.6326,583.5190,24.7929,61.1044
162.8062,582.6926,24.7929,61.1044
162.6409,584.5105,24.7929,61.1044
160.8230,586.3285,24.7929,61.1044
161.6493,588.1464,24.7929,61.1044
161.8146,591.6170,24.7929,61.1044
163.6326,593.4350,24.7929,61.1044
164.1284,595.5835,24.7929,61.1044
164.9547,603.0206,24.7929,61.1044
162.4757,625.3319,24.7929,61.1044
163.9631,633.0996,24.7929,61.1044
167.1032,646.1559,24.7929,61.1044
175.2014,663.5091,24.7929,61.1044
192.2241,697.7198,24.7929,61.1044
208.9162,721.0227,24.7929,61.1044
231.2276,745.6478,24.7929,61.1044
265.1077,770.2729,24.7929,61.1044
309.2345,795.8896,24.7929,61.1044
353.0308,816.2176,24.7929,61.1044
379.9697,822.6631,24.7929,61.1044
391.3732,830.4308,24.7929,61.1044
403.1073,837.2068,24.7929,61.1044
408.5612,840.3469,24.7929,61.1044
410.7097,839.8511,24.7929,61.1044
416.5494,843.5293,24.2642,59.8014
422.2105,844.3380,24.2642,59.8014
445.3400,843.8527,24.2642,59.8014
488.2023,847.2493,24.2642,59.8014
526.5358,840.2943,24.2642,59.8014
569.7216,820.7232,24.2642,59.8014
597.0564,792.4179,24.2642,59.8014
592.0423,780.9340,24.2642,59.8014
592.8511,763.3038,24.2642,59.8014
586.2195,751.4965,24.2642,59.8014
577.6471,743.8945,24.2642,59.8014
570.1628,740.7158,24.8010,61.1245
568.6749,742.2037,24.8010,61.1245
566.1951,743.0303,24.8010,61.1245
566.4353,742.1826,25.3498,62.4768
564.2264,741.6667,25.9106,63.8591
565.9109,738.9891,26.4839,65.2720
566.9001,736.2523,27.0698,66.7162
568.2856,734.9526,27.6688,68.1923
571.7899,738.0881,27.6688,68.1923
573.8187,739.0102,27.6688,68.1923
575.8475,739.9324,27.6688,68.1923
571.9743,734.5837,27.6688,68.1923
569.2077,727.7594,27.6688,68.1923
566.7967,725.2828,28.2809,69.7010
565.8970,724.3161,28.9067,71.2432
565.3190,722.5819,28.9067,71.2432
562.8139,720.4623,28.9067,71.2432
561.4946,716.2755,29.5462,72.8194
561.7808,714.4482,30.1999,74.4305
558.4161,716.6001,29.5559,72.8433
555.8549,719.1614,29.5559,72.8433
556.7397,721.6472,28.9256,71.2899
555.3755,723.7083,28.3088,69.7696
552.9223,724.6518,28.3088,69.7696
553.8659,721.8212,28.3088,69.7696
555.5642,719.7455,28.3088,69.7696
559.1496,721.0664,28.3088,69.7696
561.6028,722.7648,28.3088,69.7696
558.3948,724.4632,28.3088,69.7696
555.2408,726.8440,27.7051,68.2818
552.1013,723.7045,27.7051,68.2818
553.0247,720.5649,27.7051,68.2818
550.2545,716.6866,27.7051,68.2818
548.2230,713.9164,27.7051,68.2818
545.8221,709.2993,27.7051,68.2818
543.4212,696.9256,27.7051,68.2818
539.5429,677.5341,27.7051,68.2818
541.9438,645.5842,27.7051,68.2818
550.6238,626.5620,27.7051,68.2818
558.9345,617.1432,27.7051,68.2818
597.9023,582.6078,27.7051,68.2818
612.1227,572.4503,27.7051,68.2818
618.5866,572.6350,27.7051,68.2818
628.0054,580.5763,27.7051,68.2818
666.6038,619.5441,27.7051,68.2818
703.3554,657.7731,27.7051,68.2818
711.2967,670.1468,27.7051,68.2818
715.1750,677.3494,27.7051,68.2818
716.4678,680.4889,27.7051,68.2818
718.4993,685.1060,27.7051,68.2818
719.7921,689.3537,27.7051,68.2818
720.3461,692.1239,27.7051,68.2818
721.6389,694.1554,27.7051,68.2818
724.0397,696.5563,27.7051,68.2818
722.0082,700.4346,27.7051,68.2818
715.1751,709.4839,27.7051,68.2818
705.0176,724.8125,27.7051,68.2818
691.5358,739.4023,27.7051,68.2818
677.3154,755.1003,27.7051,68.2818
656.4464,775.5999,27.7051,68.2818
647.0276,783.5412,27.7051,68.2818
643.1493,785.5727,27.7051,68.2818
641.4872,783.9106,27.7051,68.2818
633.9152,784.0953,27.7051,68.2818
627.4514,785.7574,27.7051,68.2818
618.4020,795.5455,27.7051,68.2818
604.5508,804.2256,27.7051,68.2818
585.5286,818.8154,27.7051,68.2818
559.8579,826.3874,27.7051,68.2818
529.0161,835.4368,27.7051,68.2818
519.9667,834.8827,27.7051,68.2818
510.8278,842.1970,27.1143,66.8256
503.4174,845.2697,27.1143,66.8256
501.0677,845.4504,27.1143,66.8256
500.1373,845.2919,26.5360,65.4006
501.7293,843.6999,26.5360,65.4006
499.7835,842.4617,26.5360,65.4006
490.4084,841.5773,26.5360,65.4006
473.8124,844.4910,25.9701,64.0059
456.3276,842.2405,25.9701,64.0059
442.6514,838.9514,25.9701,64.0059
412.3560,830.8149,25.9701,64.0059
378.5983,806.7517,25.9701,64.0059
371.5005,800.6926,25.9701,64.0059
363.6013,794.2002,25.4163,62.6409
357.3326,786.9149,25.4163,62.6409
350.3862,784.0346,25.4163,62.6409
344.1175,782.8487,25.4163,62.6409
341.9149,781.6627,25.4163,62.6409
340.0513,778.7824,25.4163,62.6409
340.8984,762.0094,25.4163,62.6409
350.8945,744.8975,25.4163,62.6409
364.6179,732.1906,25.4163,62.6409
394.2672,714.0622,25.4163,62.6409
407.3129,707.1158,25.4163,62.6409
418.8517,700.1086,24.8743,61.3051
431.1033,698.3650,24.3439,59.9977
447.8177,701.4482,24.3439,59.9977
464.8566,696.0931,24.3439,59.9977
487.7375,672.5631,24.3439,59.9977
484.9788,650.0068,24.3439,59.9977
478.0010,611.8720,24.3439,59.9977
465.7780,566.5927,24.8825,61.3252
446.3717,528.6093,24.8825,61.3252
414.5029,486.5777,24.3518,60.0174
386.0953,474.4030,24.3518,60.0174
369.7001,470.9941,24.3518,60.0174
337.5722,459.2735,23.8325,58.7375
326.6482,461.5842,23.3243,57.4849
319.9626,459.5630,23.3243,57.4849
305.5030,418.3610,23.3243,57.4849
294.7599,395.9482,23.8403,58.7568
280.4814,351.2756,24.3678,60.0568
266.2241,305.6145,24.9070,61.3855
255.1002,261.6168,24.9070,61.3855
257.2586,258.7943,24.9070,61.3855
267.0543,250.3268,24.9070,61.3855
283.1591,236.8784,24.9070,61.3855
296.2754,224.7583,24.9070,61.3855
325.3305,206.9932,24.9070,61.3855
339.1109,200.1860,24.9070,61.3855
350.2349,202.0123,24.9070,61.3855
352.0612,198.5257,24.9070,61.3855
338.6129,201.0161,24.9070,61.3855
325.4966,213.8004,24.9070,61.3855
322.3420,226.9167,24.9070,61.3855
299.2640,260.9527,24.9070,61.3855
287.4759,272.7408,24.9070,61.3855
254.4360,297.8112,24.9070,61.3855
231.3580,311.2595,24.9070,61.3855
224.5508,314.0820,24.9070,61.3855
222.3924,313.5840,24.9070,61.3855
223.8867,312.7538,24.9070,61.3855
227.0412,313.9160,24.9070,61.3855
233.8484,316.0744,24.9070,61.3855
243.3121,321.5534,24.9070,61.3855
248.7911,334.0056,24.9070,61.3855
253.2738,351.7707,24.9070,61.3855
260.4131,396.1005,24.9070,61.3855
258.5873,441.4136,25.4580,62.7437
246.1990,486.3849,25.4580,62.7437
234.4895,499.4519,25.4580,62.7437
211.5796,513.1979,25.4580,62.7437
182.5605,515.7434,25.4580,62.7437
165.4205,513.1979,25.4580,62.7437
166.8369,515.6661,24.9151,61.4057
165.6744,514.5035,24.9151,61.4057
165.1396,514.0377,24.3838,60.0962
164.3269,512.8999,24.3838,60.0962
163.5142,511.7621,24.3838,60.0962
163.0266,510.6243,24.3838,60.0962
162.5389,509.4865,24.3838,60.0962
162.0513,508.9989,24.3838,60.0962
161.8888,508.1862,24.3838,60.0962
163.0266,509.6491,24.3838,60.0962
163.8393,509.1614,24.3838,60.0962
164.9771,510.9494,24.3838,60.0962
163.5268,509.4414,24.9233,61.4258
162.3893,508.2448,25.4747,62.7848
162.2195,507.0561,25.4747,62.7848
164.4271,506.2070,25.4747,62.7848
163.9176,507.3957,25.4747,62.7848
162.7289,508.9240,25.4747,62.7848
160.8610,510.4524,25.4747,62.7848
158.3138,511.6411,25.4747,62.7848
155.7665,511.1316,25.4747,62.7848
154.5779,511.9807,25.4747,62.7848
156.4458,512.8297,25.4747,62.7848
158.3138,504.5089,25.4747,62.7848
169.6913,502.3013,25.4747,62.7848
173.2574,503.4900,25.4747,62.7848
175.1253,504.6787,25.4747,62.7848
172.9177,505.8675,25.4747,62.7848
170.7102,508.0750,25.4747,62.7848
168.5026,509.2638,25.4747,62.7848
166.2950,508.4147,25.4747,62.7848
164.7667,509.2638,25.4747,62.7848
166.2950,509.7732,25.4747,62.7848
168.5026,508.5845,25.4747,62.7848
169.3517,510.7921,25.4747,62.7848
171.2196,512.3204,25.4747,62.7848
173.7668,514.5280,25.4747,62.7848
174.9555,516.0563,25.4747,62.7848
176.4838,516.9054,25.4747,62.7848
185.8236,522.8489,25.4747,62.7848
192.4463,534.5660,25.4747,62.7848
196.3521,553.0757,25.4747,62.7848
199.5785,555.9626,25.4747,62.7848
201.7861,558.5097,25.4747,62.7848
198.5596,564.4532,25.4747,62.7848
189.8991,586.6988,25.4747,62.7848
186.6727,608.9444,25.4747,62.7848
174.6159,628.8127,25.4747,62.7848
172.7479,630.6806,25.4747,62.7848
173.5970,629.8316,25.4747,62.7848
173.7668,629.3221,25.4747,62.7848
174.6159,629.4919,25.4747,62.7848
174.7857,628.3032,25.4747,62.7848
172.2385,628.4730,25.4747,62.7848
171.7290,624.9069,25.4747,62.7848
170.2007,623.3786,25.4747,62.7848
169.0120,625.2466,25.4747,62.7848
167.4837,628.4730,25.4747,62.7848
165.9554,633.0580,25.4747,62.7848
166.8045,634.2467,25.4747,62.7848
167.6535,633.0580,25.4747,62.7848
166.4649,633.9070,25.4747,62.7848
167.6535,634.7561,25.4747,62.7848
168.5026,634.9259,25.4747,62.7848
167.6535,635.4353,25.4747,62.7848
168.1630,636.6241,25.4747,62.7848
169.6913,634.7561,25.4747,62.7848
168.8422,634.5863,25.4747,62.7848
168.6724,635.7750,25.4747,62.7848
169.1819,636.6241,25.4747,62.7848
170.0309,638.1524,25.4747,62.7848
169.8611,639.3411,25.4747,62.7848
171.3894,637.1335,25.4747,62.7848
174.6159,633.2278,25.4747,62.7848
177.5028,632.0391,25.4747,62.7848
180.0500,630.1711,25.4747,62.7848
181.5783,628.3031,25.4747,62.7848
184.4651,628.4729,25.4747,62.7848
181.5783,631.6994,25.4747,62.7848
180.3896,637.9825,25.4747,62.7848
181.2387,641.2090,25.4747,62.7848
183.6381,643.6788,24.9315,61.4459
184.1367,642.8478,24.9315,61.4459
185.8442,643.9835,24.3998,60.1356
186.6574,643.8209,24.3998,60.1356
187.4707,643.6582,24.3998,60.1356
199.3440,649.6762,24.3998,60.1356
206.6632,652.1160,24.3998,60.1356
214.6051,656.6764,23.8795,58.8532
222.0865,667.9782,23.8795,58.8532
232.4332,675.7780,23.8795,58.8532
258.6979,697.9040,23.8795,58.8532
301.1990,725.7605,23.8795,58.8532
343.7001,743.1112,23.8795,58.8532
345.7694,746.1356,23.8795,58.8532
353.5692,752.6620,23.8795,58.8532
359.1405,756.3231,23.8795,58.8532
365.6669,759.0292,23.8795,58.8532
371.8749,764.9188,23.8795,58.8532
377.4462,768.5799,23.8795,58.8532
379.1971,770.9676,23.8795,58.8532
380.6298,773.0370,23.8795,58.8532
382.3807,772.5594,23.8795,58.8532
400.6864,755.2088,23.8795,58.8532
406.2577,748.6824,23.8795,58.8532
405.7802,746.6131,23.8795,58.8532
406.2577,744.2254,23.8795,58.8532
408.6454,736.7439,23.8795,58.8532
415.1524,732.6247,24.4078,60.1553
443.9506,720.4221,24.4078,60.1553
450.6214,715.7037,24.4078,60.1553
462.8240,713.2632,24.4078,60.1553
485.5097,712.1795,23.8873,58.8725
529.3547,721.2753,24.4158,60.1750
574.1698,745.7695,24.9560,61.5064
611.0016,780.8161,25.5081,62.8672
608.1110,789.4880,25.5081,62.8672
604.5402,795.7794,25.5081,62.8672
596.2084,802.0708,25.5081,62.8672
588.5567,803.9412,25.5081,62.8672
575.8040,811.9329,25.5081,62.8672
562.7111,815.8437,25.5081,62.8672
545.1973,824.8557,25.5081,62.8672
522.5825,832.8474,25.5081,62.8672
485.6512,831.7149,24.9642,61.5266
441.2196,830.2172,24.9642,61.5266
394.8456,827.6374,25.5165,62.8878
359.6364,820.6636,25.5165,62.8878
347.2197,816.0712,25.5165,62.8878
333.7823,808.0768,25.5165,62.8878
309.6267,764.9742,24.9724,61.5467
296.0519,718.1804,25.5249,62.9085
282.6102,710.1834,25.5249,62.9085
279.0371,706.9506,25.5249,62.9085