0.0110
0.0150
0.0150
0.0150
0.0150
0.0140
0.0140
0.0150
0.0140
0.0140
0.0140
0.0140
NaN
NaN
NaN
NaN
0.0109
0.0150
0.0150
0.0149
0.0150
0.0150
0.0160
0.0160
0.0160
0.0160
0.0160
0.0150
0.0150
0.0150
0.0150
0.0140
0.0150
0.0150
0.0150
0.0150
0.0150
0.0140
0.0140
0.0140
0.0140
0.0140
0.0139
0.0140
0.0149
0.0150
0.0150
0.0150
0.0150
0.0149
0.0150
0.0150
0.0150
0.0140
0.0150
0.0150
0.0150
0.0140
0.0140
0.0140
0.0140
0.0140
0.0159
0.0150
0.0150
0.0149
0.0140
0.0150
0.0140
0.0140
0.0150
0.0140
0.0149
0.0150
0.0140
0.0140
0.0140
0.0139
0.0150
0.0150
0.0150
0.0150
0.0150
0.0140
0.0140
0.0149
NaN
NaN
NaN
NaN
0.0100
0.0140
0.0140
0.0140
0.0150
0.0140
0.0150
0.0150
0.0150
0.0150
0.0150
0.0140
0.0140
0.0140
0.0140
0.0140
0.0140
0.0140
0.0140
0.0140
0.0150
0.0150
0.0140
0.0140
0.0140
0.0140
0.0140
0.0140
0.0140
0.0140