1
232.3466,161.5857,35.4861,66.6150
233.7370,165.3598,35.4861,66.6150
229.5656,165.9557,35.4861,66.6150
230.9561,169.7298,35.4861,66.6150
231.5520,173.5039,35.4861,66.6150
228.9697,182.8399,35.4861,66.6150
218.0447,190.1895,35.4861,66.6150
226.1888,197.5391,35.4861,66.6150
240.2921,204.8886,35.4861,66.6150
234.9289,206.6764,35.4861,66.6150
2
0
0
0
0
1
124.3315,297.6106,54.7072,49.2750
102.8464,292.0859,54.7072,49.2750
92.0016,293.5182,54.7072,49.2750
72.5627,284.7196,54.7072,49.2750
62.8290,280.5655,55.9175,50.3653
57.1820,276.5917,55.9175,50.3653
41.0777,270.1081,55.9175,50.3653
45.0515,257.7685,55.9175,50.3653
45.0429,248.4277,54.7251,49.2912
101.1383,232.8047,55.9359,50.3818
158.4748,248.5269,57.1735,51.4965
201.8851,259.0053,57.1735,51.4965
213.6466,257.0807,57.1735,51.4965
223.6972,258.5776,57.1735,51.4965
232.0372,261.3576,57.1735,51.4965
237.3833,264.9929,57.1735,51.4965
245.7232,272.0498,57.1735,51.4965
251.4970,274.4021,57.1735,51.4965
261.5477,278.4651,57.1735,51.4965
270.7430,281.2451,57.1735,51.4965
285.9259,284.4528,57.1735,51.4965
302.8196,289.3712,57.1735,51.4965
323.5625,293.4343,57.1735,51.4965
334.8962,301.3465,57.1735,51.4965
337.6762,305.4095,57.1735,51.4965
334.8962,309.4726,57.1735,51.4965
347.0854,314.8187,57.1735,51.4965
370.8221,331.2847,57.1735,51.4965
372.3190,332.7816,57.1735,51.4965
374.6713,328.7186,57.1735,51.4965
376.5959,328.0770,57.1735,51.4965
392.2065,332.5677,57.1735,51.4965
406.9617,336.2031,57.1735,51.4965
420.8616,338.1277,57.1735,51.4965
432.1953,351.5999,57.1735,51.4965
436.2584,355.6629,57.1735,51.4965
432.6230,363.5752,57.1735,51.4965
417.0124,353.0968,57.1735,51.4965
400.1187,324.2278,57.1735,51.4965
388.7850,309.9003,57.1735,51.4965
379.1620,296.0004,57.1735,51.4965
362.2683,290.2266,57.1735,51.4965
345.8023,282.3144,57.1735,51.4965
328.9087,278.2513,57.1735,51.4965
312.0150,274.6160,57.1735,51.4965
301.5366,264.9930,57.1735,51.4965
284.7081,253.9957,58.4384,52.6358
268.3150,242.8484,58.4384,52.6358
253.6704,231.2639,58.4384,52.6358
239.0258,220.9908,58.4384,52.6358
223.9441,215.9636,58.4384,52.6358
214.5454,214.4336,58.4384,52.6358
204.1477,209.5426,59.7314,53.8004
144.4968,175.8075,59.7314,53.8004
139.8052,171.1158,59.7314,53.8004
130.6453,159.7219,59.7314,53.8004
120.5918,152.3493,59.7314,53.8004
105.1764,156.1473,59.7314,53.8004
105.3998,163.9667,59.7314,53.8004
123.0493,192.7868,59.7314,53.8004
125.0600,193.9038,59.7314,53.8004
126.4854,183.3417,61.0529,54.9907
120.7765,179.9164,61.0529,54.9907
119.3904,189.0217,62.4037,56.2074
119.6238,207.4608,62.4037,56.2074
129.8306,218.2205,63.7844,57.4510
154.4034,223.2305,63.7844,57.4510
203.7876,251.1433,63.7844,57.4510
2
0
0
0
0
1
148.1676,72.8504,41.6524,67.9681
144.0972,69.6370,41.6524,67.9681
151.4156,72.2190,42.5740,69.4719
157.3277,75.5035,42.5740,69.4719
159.2985,76.1604,42.5740,69.4719
161.7071,77.6932,42.5740,69.4719
171.1227,77.9122,42.5740,69.4719
189.0941,80.5524,41.6661,67.9904
197.5940,77.7660,40.7775,66.5405
194.1880,74.2304,39.9079,65.1215
186.5935,71.1515,39.9079,65.1215
179.8200,70.9463,39.9079,65.1215
177.1517,69.0990,39.9079,65.1215
160.7611,71.9695,39.0569,63.7327
140.8740,74.5810,39.0569,63.7327
130.6292,81.2100,39.0569,63.7327
125.6072,88.6425,39.0569,63.7327
115.7966,101.4842,39.9210,65.1428
107.7890,111.9557,39.9210,65.1428
101.5958,114.0044,40.8043,66.5841
99.2873,114.6340,40.8043,66.5841
101.1761,125.3372,40.8043,66.5841
100.9662,133.1022,40.8043,66.5841
103.2747,138.3489,40.8043,66.5841
111.4595,138.5587,40.8043,66.5841
119.2245,130.3739,40.8043,66.5841
115.6568,122.6089,40.8043,66.5841
109.5707,117.7820,40.8043,66.5841
106.0030,107.0788,40.8043,66.5841