0.0100
0.0150
0.0140
0.0150
0.0130
0.0140
0.0140
0.0140
0.0150
0.0140
0.0140
0.0150
0.0140
0.0140
0.0140
0.0140
0.0140
0.0140
0.0140
0.0140
0.0150
0.0140
0.0140
0.0140
0.0140
0.0140
0.0140
0.0140
0.0130
0.0140
0.0140
0.0150
0.0140
0.0139
0.0140
0.0140
0.0150
0.0150
0.0150
0.0149
0.0140
0.0140
0.0140
0.0140
0.0140
0.0140
0.0140
0.0140
0.0140
0.0140
0.0140
0.0150
0.0140
0.0140
0.0140
0.0150
0.0140
0.0140
0.0140
0.0140
0.0140
0.0150
0.0140
0.0140
0.0140
0.0140
0.0140
0.0150
0.0140
0.0140
0.0140
0.0170
0.0140
0.0140
0.0140
0.0140
0.0140
0.0140
0.0149
0.0140
0.0139
0.0140
0.0150
0.0150
0.0140
0.0140
0.0140
0.0140
0.0140
0.0140
0.0140
0.0140
0.0140
0.0140
0.0140
0.0140
0.0140
0.0140
0.0140
0.0150
0.0130
0.0139
0.0140
0.0140
0.0140
0.0140
0.0140
0.0150
0.0140
0.0129
0.0140
0.0130
0.0140
0.0140
0.0140
0.0140
0.0140
0.0140
0.0140
0.0140
0.0130
0.0140
0.0150
0.0140
0.0130
0.0140
0.0140
0.0140
0.0140
0.0130
0.0140
0.0140
0.0140
0.0140
0.0140
0.0140
0.0130
0.0140
0.0180
0.0140
0.0140
0.0150
0.0140
0.0140
0.0140
0.0140
0.0140
0.0140
0.0130
0.0140
0.0130
0.0140
0.0140
0.0130
0.0140
0.0130
0.0140
0.0140
0.0140
0.0140
0.0140
0.0140
0.0130
0.0140
0.0140
0.0140
0.0160
0.0140
0.0130
0.0140
0.0140
0.0151
0.0130
0.0140
0.0140
0.0140
0.0140
0.0130
0.0140
0.0140
0.0140
0.0130
0.0140
0.0150
0.0140
0.0139
0.0130
0.0140
0.0130
0.0140
0.0140
0.0140
0.0140
0.0140
0.0140
0.0140
0.0140
0.0140
0.0140
0.0140
0.0140
0.0139
0.0140
0.0140
0.0140
0.0140
0.0140
0.0140
0.0130
0.0140
0.0140
0.0179
0.0140
0.0140
0.0140
0.0140
0.0140
0.0140
0.0140
0.0140
0.0140
0.0140
0.0170
0.0140
0.0140
0.0140
0.0140
0.0140
0.0140
0.0140
0.0140
0.0140
0.0130
0.0140
0.0140
0.0140
0.0140
0.0140
0.0140
0.0150
0.0140
0.0140
0.0140
0.0140
0.0130
0.0140
0.0140
0.0140
0.0140
0.0140
0.0140
0.0140
0.0140
0.0140
0.0140
0.0140
0.0130
0.0140
0.0140
0.0140
0.0150
0.0140
0.0140
0.0140
0.0140
0.0140
0.0140
0.0150
0.0140
0.0140
0.0149
0.0140
0.0140
0.0149
0.0140
0.0140
0.0180
0.0139
0.0140
0.0140
0.0140
0.0140
0.0140
0.0140
0.0140
0.0140
0.0140
0.0140
0.0140
0.0140
0.0140
0.0140
0.0140
0.0140
0.0139
0.0150
0.0140
0.0140
0.0140
0.0150
0.0140
0.0140
0.0140
0.0199
0.0130
0.0140
0.0140
0.0140
0.0140
0.0140
0.0140
0.0140
0.0140
0.0150
0.0150
0.0150
0.0140
0.0150
0.0150
0.0150
0.0150
0.0140
0.0140
0.0140
0.0150
0.0150
0.0150
0.0140
0.0140
0.0150
0.0140
0.0140
0.0140
0.0150
0.0140
0.0140
0.0150
0.0150
0.0150
0.0150
0.0140
0.0150
0.0150
0.0140
0.0160
0.0140
0.0140
0.0140
0.0140
0.0150
0.0150
0.0150
0.0140
0.0150
0.0149
0.0150
0.0140
0.0140
0.0140
0.0140
0.0150
0.0150
0.0140
0.0140
0.0140
0.0150
0.0150
0.0140
0.0150
0.0150
0.0150
0.0140
0.0150
0.0140
0.0150
0.0150
0.0140
0.0160
0.0140
0.0150
0.0150
0.0150
0.0150
0.0150
0.0140
0.0140
0.0150
0.0150
0.0219
0.0140
0.0150
0.0150
0.0150
0.0150
0.0140
0.0140
0.0150
0.0150
0.0150
0.0150
0.0149
0.0150
0.0150
0.0140
0.0160
0.0150
0.0140
0.0150
0.0150
0.0150
0.0150
0.0150
0.0140
0.0140
0.0150
0.0150
0.0150
0.0150
0.0150
0.0140
0.0140
0.0150
0.0139
0.0149
0.0139
0.0139
0.0159
0.0140
0.0140
0.0140
0.0140
0.0140
0.0150
0.0140
0.0250
0.0140
0.0140
0.0140
0.0140
0.0140
0.0140
0.0150
0.0140
0.0140
0.0140
0.0140
0.0140
0.0140
0.0130
0.0140
0.0210
0.0140
0.0140
0.0150
0.0140
0.0140
0.0150
0.0140
0.0140
0.0140
0.0140
0.0140
0.0140
0.0140
0.0140
0.0140
0.0140
0.0140
0.0140
0.0150
0.0140
0.0150
0.0140
0.0150
0.0140
NaN
NaN
NaN
NaN
0.0089
0.0139
0.0140
0.0140
0.0140
0.0140
0.0140
0.0140
0.0140
0.0149
0.0139
0.0139
0.0150
0.0140
0.0150
0.0140
0.0139
0.0139
0.0139
0.0139
0.0140
0.0149
0.0140
0.0140
0.0140
0.0140
0.0140
0.0140
0.0140
0.0130
0.0140
0.0140
0.0140
0.0140
0.0130
0.0130
0.0130
0.0140
0.0140
0.0140
0.0140
0.0130
0.0140
0.0140
0.0140
0.0130
0.0140
0.0130
0.0130
0.0140
0.0140
0.0140
0.0140
0.0140
0.0140
0.0130
0.0140
0.0140
0.0140
0.0140
0.0140
0.0140
0.0140
0.0140
0.0140
0.0140
0.0140
0.0140
0.0139
0.0149
0.0139
0.0139
0.0159
0.0140
0.0140
0.0140
0.0140
0.0130
0.0140
0.0140
0.0140
0.0140
0.0140
0.0140
0.0140
0.0140
0.0140
0.0140
0.0140
0.0130
0.0130
0.0130
0.0140
0.0130
0.0130
0.0130
0.0140
0.0140
0.0140
0.0140
0.0140
0.0130
0.0130
0.0140
0.0140
0.0140
0.0130
0.0130
0.0130
0.0130
0.0140
0.0140
0.0140
0.0130
0.0140
0.0140
0.0140
0.0140
0.0130
0.0140
0.0140
0.0140
0.0140
0.0140
0.0140
0.0130
0.0140
0.0130
0.0140
0.0140
0.0140
0.0140
0.0140
0.0140
0.0140
0.0150
0.0140
0.0130
0.0140
0.0140
0.0140
0.0140
0.0140
0.0140
0.0140
0.0140
0.0140
0.0140
0.0140
0.0130
0.0140
0.0140
0.0140
0.0140
0.0150
0.0140
0.0140
0.0140
0.0140
0.0140
0.0140
0.0140
0.0139
0.0140
0.0150
0.0140
0.0150
0.0150
0.0140
0.0140
0.0130
NaN
NaN
NaN
NaN
0.0090
0.0140
0.0140
0.0140
0.0140
0.0140
0.0140
0.0150
0.0130
0.0140
0.0140
0.0140
0.0140
0.0140
0.0139
0.0150
0.0140
0.0140
0.0140
0.0140
0.0140
0.0140
0.0140
0.0130
0.0140
0.0140
0.0140
0.0140
0.0140
0.0140
0.0140
0.0130
0.0140
0.0140
0.0140
0.0140
0.0140
0.0150
0.0140
0.0140
0.0140
0.0150
0.0140
0.0140
0.0150
0.0130
0.0140
0.0150
0.0140
0.0140
0.0150
0.0140
0.0140
0.0140
0.0140
0.0139
0.0140
0.0139
0.0140
0.0140
0.0139
0.0139
0.0139
0.0140
0.0140
0.0140
0.0140
0.0140
0.0140
0.0140
0.0130