1
185.5262,214.1209,40.5797,98.5905
184.1865,214.3888,40.5797,98.5905
182.3109,214.6568,40.5797,98.5905
179.8994,214.9247,40.5797,98.5905
176.9521,215.1927,40.5797,98.5905
174.0047,215.9965,40.5797,98.5905
173.2009,215.7286,40.5797,98.5905
174.5406,224.5706,40.5797,98.5905
176.4162,229.6615,40.5797,98.5905
178.2918,232.6088,40.5797,98.5905
180.7032,230.7333,40.5797,98.5905
184.1865,226.7142,40.5797,98.5905
185.5262,222.1592,40.5797,98.5905
193.8324,217.6042,40.5797,98.5905
202.6744,207.6904,40.5797,98.5905
209.3729,202.5995,40.5797,98.5905
211.6134,198.2273,39.7143,96.4881
209.2566,201.0254,38.8674,94.4304
203.8673,203.3351,38.8674,94.4304
202.5841,205.6448,38.8674,94.4304
204.8938,208.4678,38.8674,94.4304
202.6000,203.9618,39.7273,96.5197
204.4362,207.8965,39.7273,96.5197
207.3217,210.7819,39.7273,96.5197
203.3870,207.3719,39.7273,96.5197
214.1056,228.3482,40.6063,98.6552
218.1274,235.0512,40.6063,98.6552
226.3015,234.7943,41.5047,100.8379
230.1072,232.2571,42.4230,103.0690
234.5784,231.4076,43.3616,105.3494
240.0183,230.5486,43.3616,105.3494
244.8855,229.6897,43.3616,105.3494
249.1802,229.4034,43.3616,105.3494
252.9022,227.3992,43.3616,105.3494
256.0516,225.3950,43.3616,105.3494
259.2010,225.1087,43.3616,105.3494
261.7778,224.2498,43.3616,105.3494
265.4998,225.1087,43.3616,105.3494
268.6492,227.6855,43.3616,105.3494
272.9439,233.1254,43.3616,105.3494
276.6659,237.4200,43.3616,105.3494
280.3879,241.7147,43.3616,105.3494
282.3921,246.0093,43.3616,105.3494
283.2510,248.0135,43.3616,105.3494
286.1970,249.9647,42.4369,103.1028
284.7960,246.3221,42.4369,103.1028
283.9554,246.0418,42.4369,103.1028
285.7582,249.0317,41.5319,100.9041
287.6778,252.0482,41.5319,100.9041
289.5974,253.9678,41.5319,100.9041
287.6778,255.8874,41.5319,100.9041
286.7990,255.6417,40.6462,98.7523
284.9204,251.6160,40.6462,98.7523
281.9682,244.9065,40.6462,98.7523
281.1631,240.8808,40.6462,98.7523
279.8212,241.1492,40.6462,98.7523
275.7955,240.8808,40.6462,98.7523
271.8313,243.7445,39.7794,96.6464
267.3661,244.0072,39.7794,96.6464
263.4263,243.7445,39.7794,96.6464
259.4864,243.4819,39.7794,96.6464
256.0719,241.6433,39.7794,96.6464
252.6573,241.3806,39.7794,96.6464
248.7175,242.1686,39.7794,96.6464
244.2523,244.0072,39.7794,96.6464
240.3125,245.3205,39.7794,96.6464
236.3726,246.6338,39.7794,96.6464
233.4834,244.7952,39.7794,96.6464
231.6448,246.1085,39.7794,96.6464
228.2302,247.9471,39.7794,96.6464
222.7144,248.2097,39.7794,96.6464
216.6733,243.7445,39.7794,96.6464
207.4803,241.3806,39.7794,96.6464
198.8126,240.0673,39.7794,96.6464
187.5183,238.2287,39.7794,96.6464
181.4772,240.0673,39.7794,96.6464
174.9107,242.4312,39.7794,96.6464
169.3949,246.3711,39.7794,96.6464
167.5406,249.1738,38.9311,94.5853
161.6283,247.8885,38.9311,94.5853
155.2019,247.1173,38.9311,94.5853
148.7755,247.3744,38.9311,94.5853
143.3773,243.5185,38.9311,94.5853
133.6341,227.9268,38.1009,92.5683
129.4332,218.9721,37.2884,90.5942
126.7458,215.9038,36.4932,88.6623
124.1156,213.3654,35.7150,86.7715
121.0870,215.8817,34.9534,84.9211
117.6251,217.4972,34.9534,84.9211
113.2401,220.9591,34.9534,84.9211
112.0556,219.8626,34.2080,83.1102
110.4610,217.9186,33.4785,81.3378
110.7787,225.5044,34.2192,83.1374
108.2933,224.3747,34.2192,83.1374
108.0674,222.7931,34.2192,83.1374
108.2933,224.3747,34.2192,83.1374
108.9711,225.9563,34.2192,83.1374
110.1009,227.5379,34.2192,83.1374
111.2306,226.8601,34.2192,83.1374
112.8122,224.8266,34.2192,83.1374
114.3938,222.7931,34.2192,83.1374
111.0046,205.8473,34.2192,83.1374
110.3268,200.1987,34.2192,83.1374
112.8122,197.2614,34.2192,83.1374
113.9419,199.7468,34.2192,83.1374
117.3311,202.6841,34.2192,83.1374
122.0759,211.4959,34.2192,83.1374
126.8207,217.1445,34.2192,83.1374
130.8878,220.8620,33.4894,81.3645
134.2046,221.9677,33.4894,81.3645
138.6113,218.7857,32.7753,79.6294
143.5887,217.7036,32.7753,79.6294
148.3185,216.6754,32.0763,77.9312
150.6482,209.2626,32.0763,77.9312
152.5544,203.9677,32.0763,77.9312
155.3077,200.3672,32.0763,77.9312
158.4846,198.4610,32.0763,77.9312
161.2380,198.2493,32.0763,77.9312
164.4149,200.1554,32.0763,77.9312
168.4390,199.9436,32.0763,77.9312
172.8867,198.4611,32.0763,77.9312
175.6400,189.3539,32.0763,77.9312
177.5462,179.8231,32.0763,77.9312
179.8759,175.7990,32.0763,77.9312
182.8718,175.2010,31.3923,76.2693
185.5664,173.7501,31.3923,76.2693
188.6755,174.3719,31.3923,76.2693
191.7847,173.7501,31.3923,76.2693
194.8939,174.7864,31.3923,76.2693
197.5885,175.8228,31.3923,76.2693
200.2831,174.3719,31.3923,76.2693
203.3923,172.9210,31.3923,76.2693
205.2578,169.8118,31.3923,76.2693
207.5379,167.9463,31.3923,76.2693
208.5743,164.8371,31.3923,76.2693
210.0252,164.2152,31.3923,76.2693
211.0616,164.4225,31.3923,76.2693
212.0980,164.6298,31.3923,76.2693
213.1344,165.2516,31.3923,76.2693
213.7562,165.8735,31.3923,76.2693
213.9635,164.0080,31.3923,76.2693
215.4144,164.2152,31.3923,76.2693
217.2799,161.9352,31.3923,76.2693
219.5600,159.6551,31.3923,76.2693
221.1482,159.0265,32.0868,77.9568
223.0550,159.2383,32.0868,77.9568
224.9618,161.1451,32.0868,77.9568
226.8685,163.0519,32.0868,77.9568
226.2329,163.6875,32.0868,77.9568
225.5974,161.7807,32.0868,77.9568
227.5041,162.4163,32.0868,77.9568
229.8346,162.6282,32.0868,77.9568
233.4363,158.6027,32.0868,77.9568
235.3431,157.1197,32.0868,77.9568
236.9665,158.2356,32.7968,79.6816
239.0750,158.9268,33.5224,81.4445
241.2303,166.9819,34.2641,83.2465
243.2664,168.1131,34.2641,83.2465
245.7551,167.8869,34.2641,83.2465
248.2437,168.5656,34.2641,83.2465
249.3749,168.3393,34.2641,83.2465
250.5061,169.0181,34.2641,83.2465
252.2396,171.6180,35.0222,85.0883
255.2458,181.5616,35.0222,85.0883
256.5378,182.7796,35.7970,86.9709
257.7196,181.5977,35.7970,86.9709
259.8468,178.0523,35.7970,86.9709
262.2789,172.8286,35.0337,85.1162
265.1050,171.7295,34.2866,83.3011
267.4345,170.6538,33.5554,81.5247
267.6561,168.6598,33.5554,81.5247
269.6501,171.0970,33.5554,81.5247
271.2010,169.9892,33.5554,81.5247
272.7520,166.6657,33.5554,81.5247
274.7460,163.3423,33.5554,81.5247
278.0694,161.3483,33.5554,81.5247
281.2034,160.2956,32.8398,79.7861
279.6856,160.5124,32.8398,79.7861
278.6014,161.1629,32.8398,79.7861
278.8182,162.2471,32.8398,79.7861
280.7698,162.8976,32.8398,79.7861
280.5529,164.4155,32.8398,79.7861
281.2035,164.1987,32.8398,79.7861
280.5529,164.8492,32.8398,79.7861
280.7698,165.9333,32.8398,79.7861
280.1193,163.9818,32.8398,79.7861
280.3361,162.0303,32.8398,79.7861
280.9866,161.3798,32.8398,79.7861
281.2034,162.8976,32.8398,79.7861
281.4202,164.8492,32.8398,79.7861
281.6371,164.6323,32.8398,79.7861
280.5529,166.1502,32.8398,79.7861
281.2034,167.2344,32.8398,79.7861
281.4202,169.6195,32.8398,79.7861
281.2034,170.2701,32.8398,79.7861
280.1193,169.1859,32.8398,79.7861
278.6014,168.1017,32.8398,79.7861
277.5172,170.4869,32.8398,79.7861
278.6014,171.5711,32.8398,79.7861
278.3846,170.0532,32.8398,79.7861
280.7698,168.1017,32.8398,79.7861
281.8539,166.1502,32.8398,79.7861
281.2034,166.8007,32.8398,79.7861
281.8539,169.1859,32.8398,79.7861
281.6371,170.7037,32.8398,79.7861
283.1550,172.2216,32.8398,79.7861
283.8055,172.8721,32.8398,79.7861
284.0223,173.9563,32.8398,79.7861
283.3718,174.1731,32.8398,79.7861
282.2876,175.6910,32.8398,79.7861
281.2035,177.2088,32.8398,79.7861
280.5529,176.5583,32.8398,79.7861
279.9024,178.9435,32.8398,79.7861
278.8183,178.7267,32.8398,79.7861
279.0351,176.7751,32.8398,79.7861
278.3846,175.2573,32.8398,79.7861
278.6014,174.6068,32.8398,79.7861
276.6499,173.0889,32.8398,79.7861
276.8667,171.1374,32.8398,79.7861
277.5172,167.8849,32.8398,79.7861
277.3004,164.6323,32.8398,79.7861
277.0835,164.8492,32.8398,79.7861
275.9994,165.9334,32.8398,79.7861
274.9152,167.0175,32.8398,79.7861
273.3974,167.6681,32.8398,79.7861
271.8795,166.5839,32.8398,79.7861
269.4943,165.9334,32.8398,79.7861
268.4101,166.5839,32.8398,79.7861
266.4586,166.3670,32.8398,79.7861
264.5071,164.8492,32.8398,79.7861
262.1219,164.6323,32.8398,79.7861
259.7367,164.4155,32.8398,79.7861
257.3515,163.3313,32.8398,79.7861
254.9663,163.5482,32.8398,79.7861
252.1474,164.6323,32.8398,79.7861
249.3285,166.1502,32.8398,79.7861
247.3770,168.1017,32.8398,79.7861
245.4255,170.4869,32.8398,79.7861
243.4739,172.4384,32.8398,79.7861
241.5224,176.1246,32.8398,79.7861
239.1372,178.0762,32.8398,79.7861
236.3183,178.2930,32.8398,79.7861
233.9331,178.9435,32.8398,79.7861
231.9816,181.3287,32.8398,79.7861
230.4638,185.0149,32.8398,79.7861
228.9459,187.4001,32.8398,79.7861
226.5607,188.9179,32.8398,79.7861
224.6092,189.5685,32.8398,79.7861
225.2597,198.8924,32.8398,79.7861
224.1755,202.5786,32.8398,79.7861
220.0556,205.3975,32.8398,79.7861
216.3178,207.4394,33.5664,81.5514
212.9572,209.0666,34.3090,83.3557
211.3715,211.1055,34.3090,83.3557
210.2388,212.2382,34.3090,83.3557
208.2000,212.4647,34.3090,83.3557
208.5255,210.3674,35.0681,85.2000
205.0145,208.7042,35.8440,87.0850
202.4081,206.0220,36.6371,89.0118
199.2420,203.7824,37.4477,90.9812
196.0059,203.5455,38.2762,92.9941
192.6982,202.2546,39.1230,95.0516
190.3893,200.3990,39.9886,97.1546
188.0293,200.6939,40.8734,99.3042
186.7372,200.4354,41.7777,101.5013
184.2716,199.5987,42.7020,103.7470
183.4258,199.3168,42.7020,103.7470
181.4521,195.6514,42.7020,103.7470
180.6062,194.2416,42.7020,103.7470
182.9639,195.0760,41.7914,101.5346
182.6879,195.3520,41.7914,101.5346
183.5157,195.6279,41.7914,101.5346
183.2398,197.5595,41.7914,101.5346
182.4120,198.9392,41.7914,101.5346
182.1360,200.3190,41.7914,101.5346
181.3082,202.2505,41.7914,101.5346
180.4804,200.8708,41.7914,101.5346
181.8601,199.4911,41.7914,101.5346
183.2398,197.0076,41.7914,101.5346
184.6196,195.6279,41.7914,101.5346
185.4474,194.2482,41.7914,101.5346
182.4120,194.5242,41.7914,101.5346
179.9285,195.9039,41.7914,101.5346
181.8601,196.1798,41.7914,101.5346
183.2399,198.6633,41.7914,101.5346
182.4120,198.9392,41.7914,101.5346
182.1361,198.1114,41.7914,101.5346
183.5158,198.9392,41.7914,101.5346
184.8955,201.9746,41.7914,101.5346
184.7195,201.1376,42.7160,103.7810
183.9543,196.7707,43.6611,106.0772
182.5129,194.1761,43.6611,106.0772
182.2246,193.3112,43.6611,106.0772
179.6300,195.3292,43.6611,106.0772
179.3417,196.7707,43.6611,106.0772
178.4769,199.3653,43.6611,106.0772
177.6120,201.9599,43.6611,106.0772
175.0353,201.6837,44.6271,108.4242
172.9726,202.5677,44.6271,108.4242
170.3389,199.8397,45.6145,110.8230
167.0220,200.8010,46.6237,113.2750
164.9093,201.7837,47.6553,115.7812
162.0773,203.3570,47.6553,115.7812
159.2454,203.6716,47.6553,115.7812
155.7841,204.6156,47.6553,115.7812
153.5815,206.1889,47.6553,115.7812
150.7496,207.7622,47.6553,115.7812
147.9176,209.9648,47.6553,115.7812
145.7150,210.9088,47.6553,115.7812
142.8831,208.7062,47.6553,115.7812
140.0511,206.5036,47.6553,115.7812
137.8485,204.3010,47.6553,115.7812
135.0166,204.6157,47.6553,115.7812
132.1846,206.8183,47.6553,115.7812
128.7234,210.2795,47.6553,115.7812
127.1501,212.4821,47.6553,115.7812
126.8354,213.4261,47.6553,115.7812
125.2621,213.7408,47.6553,115.7812
123.0595,214.6847,47.6553,115.7812
122.1155,214.3701,47.6553,115.7812
121.1715,214.0554,47.6553,115.7812
120.2275,214.9994,47.6553,115.7812
119.2835,214.0554,47.6553,115.7812
119.5982,214.3701,47.6553,115.7812
120.5422,213.4261,47.6553,115.7812
121.4862,214.3701,47.6553,115.7812
121.1715,213.4261,47.6553,115.7812
122.7448,214.3701,47.6553,115.7812
122.4301,215.3140,47.6553,115.7812
122.7448,215.6287,47.6553,115.7812
123.6888,216.5727,47.6553,115.7812
124.0035,217.5167,47.6553,115.7812
124.9474,219.0900,47.6553,115.7812
125.8914,221.2926,47.6553,115.7812
126.8354,219.7193,47.6553,115.7812
127.7794,222.5512,47.6553,115.7812
129.9820,220.3486,47.6553,115.7812
130.9260,221.2926,47.6553,115.7812
132.4993,220.9779,47.6553,115.7812
132.8140,222.5512,47.6553,115.7812
133.7580,222.2365,47.6553,115.7812
134.7019,221.2926,47.6553,115.7812
135.6459,221.6072,47.6553,115.7812
135.9606,222.5512,47.6553,115.7812
136.2753,222.2365,47.6553,115.7812
135.3313,222.5512,47.6553,115.7812
135.6459,222.8659,47.6553,115.7812
135.9606,223.8098,47.6553,115.7812
136.2753,224.1245,47.6553,115.7812
135.3313,223.8098,47.6553,115.7812
134.3873,226.0124,47.6553,115.7812
134.7020,226.3271,47.6553,115.7812
133.1287,226.0124,47.6553,115.7812
132.8140,227.5857,47.6553,115.7812
131.8700,226.0124,47.6553,115.7812
132.1847,227.5857,47.6553,115.7812
129.9821,225.3831,47.6553,115.7812
130.9260,226.3271,47.6553,115.7812
129.9821,224.1245,47.6553,115.7812
129.0381,225.0685,47.6553,115.7812
128.7234,226.0124,47.6553,115.7812
128.4087,225.6978,47.6553,115.7812
128.0941,225.3831,47.6553,115.7812
128.4087,225.0684,47.6553,115.7812
128.0941,226.6417,47.6553,115.7812
129.0381,226.3271,47.6553,115.7812
129.9820,226.0124,47.6553,115.7812
130.9260,226.9564,47.6553,115.7812
131.8700,226.6417,47.6553,115.7812
132.8140,225.6977,47.6553,115.7812
134.3873,225.3831,47.6553,115.7812
134.5922,225.7078,46.6390,113.3121
134.9001,226.0157,46.6390,113.3121
136.2879,226.3334,45.6444,110.8957
136.5892,226.6348,45.6444,110.8957
137.4934,225.7307,45.6444,110.8957
138.3975,226.6348,45.6444,110.8957
138.6989,226.9362,45.6444,110.8957
139.6030,227.2376,45.6444,110.8957
139.3017,228.1418,45.6444,110.8957
139.6030,228.4432,45.6444,110.8957
141.1100,229.9501,45.6444,110.8957
142.0141,229.0459,45.6444,110.8957
142.9182,229.9501,45.6444,110.8957
142.6169,230.8542,45.6444,110.8957
142.9182,231.1556,45.6444,110.8957
143.2196,231.4570,45.6444,110.8957
143.5210,231.7584,45.6444,110.8957
143.8224,232.0598,45.6444,110.8957
144.1237,232.3612,45.6444,110.8957
144.4251,233.2653,45.6444,110.8957
144.1237,232.3612,45.6444,110.8957
144.4251,233.2653,45.6444,110.8957
144.1237,233.5667,45.6444,110.8957
145.0279,233.8681,45.6444,110.8957
145.3293,234.1695,45.6444,110.8957
145.0279,234.4709,45.6444,110.8957
145.9320,235.3750,45.6444,110.8957
146.2334,235.0737,45.6444,110.8957
145.9320,235.9778,45.6444,110.8957
144.4251,234.4709,45.6444,110.8957
143.5210,233.5667,45.6444,110.8957
144.4251,233.8681,45.6444,110.8957
144.7265,234.7723,45.6444,110.8957
146.2334,235.6764,45.6444,110.8957
145.3293,234.7723,45.6444,110.8957
146.8362,235.6764,45.6444,110.8957
147.7403,235.3750,45.6444,110.8957
149.2472,236.2792,45.6444,110.8957
151.1864,235.4282,44.6711,108.5308
152.0713,235.1332,44.6711,108.5308
152.9561,233.6584,44.6711,108.5308
153.8410,233.9534,44.6711,108.5308
154.7259,233.0685,44.6711,108.5308
155.6107,232.7736,44.6711,108.5308
157.0855,231.8887,44.6711,108.5308
157.3805,231.5938,44.6711,108.5308
158.2653,232.4786,44.6711,108.5308
158.5603,232.1837,44.6711,108.5308
158.8553,231.8887,44.6711,108.5308
157.9704,231.5938,44.6711,108.5308
159.8682,233.0353,43.7184,106.2164
159.0022,233.3240,43.7184,106.2164
160.4455,233.0353,43.7184,106.2164
161.3115,233.3240,43.7184,106.2164
162.1775,233.0353,43.7184,106.2164
163.6208,233.9013,43.7184,106.2164
165.0642,235.3446,43.7184,106.2164
165.3528,236.2106,43.7184,106.2164
167.3735,237.0766,43.7184,106.2164
168.8168,236.7880,43.7184,106.2164
169.6828,236.4993,43.7184,106.2164
171.1261,236.2106,43.7184,106.2164
173.1468,237.0766,43.7184,106.2164
174.5901,236.2106,43.7184,106.2164
176.6108,234.1900,43.7184,106.2164
178.0541,232.1693,43.7184,106.2164
179.9114,231.9107,42.7861,103.9513
181.8890,231.0631,42.7861,103.9513
183.8666,230.7806,42.7861,103.9513
186.7735,230.5276,41.8737,101.7345
187.6029,231.9100,41.8737,101.7345
188.9853,232.1865,41.8737,101.7345
191.4737,233.0159,41.8737,101.7345
194.3186,233.8342,40.9807,99.5650
196.5813,235.6783,40.1068,97.4417
198.7956,237.9935,39.2515,95.3638
200.4632,240.2594,38.4145,93.3301
203.2533,241.5276,38.4145,93.3301
205.5361,243.3031,38.4145,93.3301
208.3262,244.5713,38.4145,93.3301
210.6090,244.3177,38.4145,93.3301
213.3990,244.5713,38.4145,93.3301
216.1891,243.8104,38.4145,93.3301
218.9792,243.5568,38.4145,93.3301
221.2620,243.8104,38.4145,93.3301
225.0667,243.0495,38.4145,93.3301
228.8714,243.3031,38.4145,93.3301
232.9200,240.4285,39.2644,95.3950
236.5204,240.7181,40.1331,97.5056
241.5552,239.9231,40.1331,97.5056
246.0601,238.5982,40.1331,97.5056
251.0950,239.3931,40.1331,97.5056
256.6598,240.7181,40.1331,97.5056
265.9345,242.0430,40.1331,97.5056
273.0893,239.1281,40.1331,97.5056
278.1242,236.2132,40.1331,97.5056
279.6047,239.2585,41.0211,99.6630
280.9590,243.8630,41.0211,99.6630
279.6621,255.9681,41.9287,101.8680
283.8148,254.5839,41.9287,101.8680
298.5742,234.7870,42.8563,104.1218
303.9507,230.5424,42.8563,104.1218
2
0
0
0
0
1
361.2493,226.3843,46.4318,80.3706
367.9282,225.1475,46.4318,80.3706
379.5544,227.3738,46.4318,80.3706
384.2543,226.6317,46.4318,80.3706
389.9437,226.8791,46.4318,80.3706
397.6121,229.1054,46.4318,80.3706
401.8173,230.8369,46.4318,80.3706
403.0541,230.5896,46.4318,80.3706
408.7436,228.3633,46.4318,80.3706
415.4224,228.1159,46.4318,80.3706
419.6276,225.8896,46.4318,80.3706
421.8539,226.6317,46.4318,80.3706
419.6276,223.4159,46.4318,80.3706
416.9066,220.6949,46.4318,80.3706
414.3022,219.4061,45.4417,78.6566
413.6200,214.4113,44.4726,76.9793
411.4877,210.3835,44.4726,76.9793
409.4499,210.0625,43.5242,75.3377
407.0086,210.1953,42.5961,73.7311
403.1507,208.1529,42.5961,73.7311
399.7468,206.1105,42.5961,73.7311
395.4351,204.5220,42.5961,73.7311
392.0311,200.6642,42.5961,73.7311
388.1733,196.3525,42.5961,73.7311
384.7694,192.4947,42.5961,73.7311
381.3654,190.4523,42.5961,73.7311
378.4153,188.8638,42.5961,73.7311
376.0260,188.9938,41.6877,72.1587
372.8314,189.5491,40.7987,70.6199
368.7016,189.3318,40.7987,70.6199
360.6595,190.4186,40.7987,70.6199
356.0950,191.9400,40.7987,70.6199
352.9686,194.1595,39.9286,69.1139
350.6287,194.3722,39.9286,69.1139
349.2091,194.4941,39.0771,67.6401
348.6225,194.6133,38.2438,66.1976
349.6194,193.5518,37.4282,64.7859
350.5951,192.1285,36.6301,63.4043
351.1805,189.9818,36.6301,63.4043
356.8398,188.6158,36.6301,63.4043
356.6446,187.2498,36.6301,63.4043
355.6689,186.6643,36.6301,63.4043
354.3666,186.3999,35.8489,62.0522
352.7240,186.8775,35.0844,60.7290
351.4767,187.3449,34.3363,59.4339
349.0986,186.7961,34.3363,59.4339
346.7206,188.4424,34.3363,59.4339
345.1472,192.0735,33.6040,58.1664
347.1165,193.3267,33.6040,58.1664
348.0116,193.8637,33.6040,58.1664
348.5487,193.6847,33.6040,58.1664
347.2955,194.2218,33.6040,58.1664
346.0424,193.6847,33.6040,58.1664
345.5053,193.1476,33.6040,58.1664
344.2521,191.1783,33.6040,58.1664
343.3570,188.8510,33.6040,58.1664
342.4618,188.3139,33.6040,58.1664
341.5667,187.0608,33.6040,58.1664
340.6716,186.8817,33.6040,58.1664
339.7764,187.7769,33.6040,58.1664
338.8813,189.0300,33.6040,58.1664
337.6281,190.6413,33.6040,58.1664
336.3749,193.6847,33.6040,58.1664
334.8351,200.3443,32.8874,56.9260
333.2583,201.9212,32.8874,56.9260
337.2880,219.6172,32.8874,56.9260
337.1321,227.4858,32.1861,55.7121
334.9030,234.8591,32.1861,55.7121
330.9591,239.8317,32.1861,55.7121
326.6723,241.7179,32.1861,55.7121
325.5281,243.4689,31.4997,54.5240
324.0177,243.3011,31.4997,54.5240
323.1786,242.4620,31.4997,54.5240
322.3396,241.2873,31.4997,54.5240
320.4936,238.7701,31.4997,54.5240
322.3396,235.2459,31.4997,54.5240
321.1649,233.4000,31.4997,54.5240
319.9901,232.8965,31.4997,54.5240
318.5468,234.6101,30.8280,53.3612
315.8678,235.9706,30.1705,52.2233
312.6262,239.4710,29.5272,51.1096
310.9700,241.6838,28.8975,50.0197
309.8923,242.1456,28.8975,50.0197
308.8147,240.7601,28.8975,50.0197
307.3769,238.4498,29.5368,51.1264
306.2339,237.3944,30.1903,52.2576
308.3248,236.5902,30.1903,52.2576
309.1589,234.8440,30.8583,53.4138
315.1283,222.1432,31.5410,54.5955
311.1184,216.8322,32.2389,55.8035
306.3069,214.6111,32.9522,57.0381
304.0247,214.0844,32.9522,57.0381
301.7425,213.2067,32.9522,57.0381
301.9180,213.0311,32.9522,57.0381
301.7356,212.5823,33.6812,58.3001
302.2739,212.7617,33.6812,58.3001
300.6590,213.6589,33.6812,58.3001
301.1973,214.1972,33.6812,58.3001
298.7769,212.6214,34.4264,59.5900
300.3814,212.0194,33.6923,58.3192
300.5609,210.4039,33.6923,58.3192
300.7404,208.4294,33.6923,58.3192
300.2020,206.4550,33.6923,58.3192
299.6635,205.1985,33.6923,58.3192
297.2423,202.8773,34.4377,59.6095
292.6556,189.8512,34.4377,59.6095
290.1808,182.1489,35.1997,60.9284
288.0404,179.3347,35.9785,62.2764
286.6986,178.3764,35.9785,62.2764
285.7403,177.0346,35.9785,62.2764
286.7343,175.7491,36.7745,63.6543
287.7139,174.7695,36.7745,63.6543
289.0853,173.7900,36.7745,63.6543
288.8817,173.2890,37.5881,65.0626
289.8830,174.6908,37.5881,65.0626
289.6827,174.8910,37.5881,65.0626
290.6840,173.0888,37.5881,65.0626
290.8842,171.6870,37.5881,65.0626
290.2835,172.2878,37.5881,65.0626
292.0857,171.6870,37.5881,65.0626
293.4875,170.2853,37.5881,65.0626
294.4887,168.0825,37.5881,65.0626
296.2910,165.0788,37.5881,65.0626
298.4938,162.8760,37.5881,65.0626
301.0970,163.0763,37.5881,65.0626
304.3930,162.4189,36.7865,63.6752
307.3327,159.8712,36.7865,63.6752
315.2623,158.1501,37.6004,65.0840
318.3794,158.4693,38.4324,66.5239
321.0411,160.3120,38.4324,66.5239
322.8839,160.5167,38.4324,66.5239
321.4507,161.1310,38.4324,66.5239
323.7029,160.5167,38.4324,66.5239
325.5456,160.3120,38.4324,66.5239
327.4572,156.8145,39.2827,67.9958
326.8293,157.4424,39.2827,67.9958
328.7129,158.0702,39.2827,67.9958
331.4335,155.3496,39.2827,67.9958
330.8056,155.5589,39.2827,67.9958
333.5262,156.1867,39.2827,67.9958
331.6427,153.4661,39.2827,67.9958
332.2706,151.5826,39.2827,67.9958
333.3169,150.1176,39.2827,67.9958
332.2706,148.6527,39.2827,67.9958
330.3161,145.9463,40.1518,69.5002
329.6744,144.8768,40.1518,69.5002
330.7439,147.2298,40.1518,69.5002
331.8135,149.1549,40.1518,69.5002
332.8601,150.9269,39.2955,68.0181
331.3947,152.3923,39.2955,68.0181
330.7428,153.5946,40.1650,69.5230
329.6325,154.8236,41.0536,71.0612
328.5389,155.9171,41.0536,71.0612
326.9502,157.6271,41.9619,72.6334
327.1818,159.3749,42.8903,74.2404
325.5219,162.1096,43.8393,75.8830
324.3100,163.4509,44.8092,77.5619
323.5939,164.1671,44.8092,77.5619
322.4003,163.9284,44.8092,77.5619
322.1616,162.7348,44.8092,77.5619
326.2198,161.5411,44.8092,77.5619
325.0262,161.7799,44.8092,77.5619
324.3101,160.1088,44.8092,77.5619
325.5037,161.3024,44.8092,77.5619
324.2650,161.1874,45.8006,79.2780
323.5330,163.3835,45.8006,79.2780
323.2890,165.0915,45.8006,79.2780
322.0229,164.4676,46.8140,81.0320
322.7987,163.8300,47.8497,82.8248
2
0
0
0
0
1
334.6450,188.8588,34.2736,63.5267
335.5967,191.3334,34.2736,63.5267
335.7871,195.7116,34.2736,63.5267
339.4039,202.7547,34.2736,63.5267
335.2723,203.8294,35.0319,64.9323
337.9128,205.3315,35.8070,66.3689
338.9071,206.7236,35.8070,66.3689
339.1060,209.7067,35.8070,66.3689
339.3049,213.0875,35.8070,66.3689
339.5038,214.4796,35.8070,66.3689
340.1004,214.6785,35.8070,66.3689
339.1060,214.4796,35.8070,66.3689
339.3049,215.0763,35.8070,66.3689
339.9015,215.6729,35.8070,66.3689
340.4981,217.0650,35.8070,66.3689
340.6970,218.0593,35.8070,66.3689
340.8959,219.4514,35.8070,66.3689
341.4925,219.6503,35.8070,66.3689
341.6914,220.2469,35.8070,66.3689
342.6858,219.2526,35.8070,66.3689
343.2824,219.4514,35.8070,66.3689
343.0835,219.2526,35.8070,66.3689
343.3064,216.2487,36.5992,67.8373
344.3227,216.8586,36.5992,67.8373
345.3391,217.0618,36.5992,67.8373
346.3554,215.6389,36.5992,67.8373
346.9652,214.6226,36.5992,67.8373
346.3554,214.4193,36.5992,67.8373
347.3718,214.6226,36.5992,67.8373
347.1685,214.0128,36.5992,67.8373
347.3718,214.2160,36.5992,67.8373
347.1685,213.1997,36.5992,67.8373
347.3718,212.1833,36.5992,67.8373
347.5751,211.1670,36.5992,67.8373
347.3718,209.7441,36.5992,67.8373
346.7620,210.3539,36.5992,67.8373
345.3391,208.9310,36.5992,67.8373
345.5424,209.9474,36.5992,67.8373
344.9326,209.3375,36.5992,67.8373
343.5096,207.9146,36.5992,67.8373
344.1195,209.3375,36.5992,67.8373
342.6965,207.9146,36.5992,67.8373
343.3063,209.3375,36.5992,67.8373
342.2900,209.5408,36.5992,67.8373
342.0867,206.8983,36.5992,67.8373
341.0703,208.7277,36.5992,67.8373
340.8671,209.7441,36.5992,67.8373
340.2573,210.3539,36.5992,67.8373
339.6475,208.9310,36.5992,67.8373
339.4442,209.5408,36.5992,67.8373
338.4278,207.7114,36.5992,67.8373
338.2246,208.3212,36.5992,67.8373
337.6148,205.6787,36.5992,67.8373
338.2246,204.6623,36.5992,67.8373
338.4189,205.5816,35.8187,66.3907
339.0157,206.5762,35.8187,66.3907
340.0104,207.5709,35.8187,66.3907
340.2093,208.9635,35.8187,66.3907
339.2146,207.5709,35.8187,66.3907
337.4242,206.5762,35.8187,66.3907
336.8274,205.9794,35.8187,66.3907
336.2306,204.1890,35.8187,66.3907
334.0423,202.3986,35.8187,66.3907
332.2519,204.1890,35.8187,66.3907
328.3469,204.0737,36.6112,67.8596
325.6213,202.2682,37.4213,69.3610
323.7507,200.8134,37.4213,69.3610
322.2958,201.4369,37.4213,69.3610
320.0096,206.2171,37.4213,69.3610
316.8921,208.9190,37.4213,69.3610