0.0070
0.0130
0.0130
0.0120
0.0130
0.0120
0.0150
0.0130
0.0130
0.0130
0.0130
0.0120
0.0130
0.0130
0.0120
0.0130
0.0120
0.0130
0.0120
0.0120
0.0130
0.0120
0.0120
0.0130
0.0130
0.0120
0.0120
0.0130
0.0130
0.0120
0.0130
0.0120
0.0130
0.0130
0.0120
0.0130
0.0130
0.0120
0.0130
0.0130
0.0120
0.0120
0.0130
0.0130
0.0120
0.0130
0.0130
0.0120
0.0120
0.0130
0.0130
0.0120
0.0120
0.0130
0.0130
0.0130
0.0120
0.0120
0.0140
0.0120
0.0130
0.0120
0.0120
0.0120
0.0120
0.0130
0.0120
0.0120
0.0120
0.0120
0.0130
0.0120
0.0120
0.0120
0.0120
0.0120
0.0130
0.0120
0.0120
0.0120
0.0130
0.0130
0.0120
0.0120
0.0120
0.0130
0.0120
0.0130
0.0130
0.0120
0.0120
0.0120
0.0130
0.0120
0.0120
0.0120
0.0130
0.0120
0.0120
0.0130
0.0120
0.0120
0.0130
0.0120
0.0150
0.0120
0.0130
0.0120
0.0120
0.0130
0.0120
0.0120
0.0130
0.0130
0.0120
0.0120
0.0130
0.0130
0.0130
0.0120
0.0130
0.0120
0.0130
0.0120
0.0120
0.0120
0.0130
0.0120
0.0120
0.0130
0.0120
0.0120
0.0120
0.0120
0.0120
0.0130
0.0120
0.0120
0.0130
0.0120
0.0130
0.0120
0.0130
0.0120
0.0120
0.0130
0.0130
0.0120
0.0120
0.0130
0.0120
0.0120
0.0130
0.0120
0.0120
0.0130
0.0120
0.0130
0.0120
0.0130
0.0120
0.0120
0.0130
0.0120
0.0120
0.0120
0.0130
0.0130
0.0120
0.0130
0.0120
0.0120
0.0130
0.0120
0.0120
0.0120
0.0130
0.0120
0.0120
0.0130
0.0120
0.0130
0.0190
0.0130
0.0120
0.0130
0.0120
0.0130
0.0130
0.0130
0.0129
0.0119
0.0129
0.0129
0.0129
0.0120
0.0130
0.0130
0.0120
0.0130
0.0120
0.0130
0.0120
0.0130
0.0120
0.0130
0.0120
0.0120
0.0120
0.0120
0.0130
0.0120
0.0120
0.0130
0.0140
0.0130
0.0130
0.0120
0.0130
0.0120
0.0130
0.0120
0.0130
0.0130
0.0130
0.0130
0.0120
0.0120
0.0130
0.0130
0.0120
0.0120
0.0130
0.0120
0.0120
0.0120
0.0130
0.0120
0.0120
0.0130
0.0120
0.0130
0.0130
0.0120
0.0120
0.0130
0.0120
0.0130
0.0130
0.0130
0.0130