1
326.1850,31.5103,41.9071,41.9071
330.3097,29.3654,41.9071,41.9071
332.4545,21.9409,41.9071,41.9071
333.6095,18.1462,41.9071,41.9071
340.0440,16.3313,41.9071,41.9071
334.6069,23.9343,41.0134,41.0134
347.6860,29.5857,41.0134,41.0134
355.2751,35.2372,41.0134,41.0134
366.7395,40.8887,41.0134,41.0134
348.6956,27.8705,41.9209,41.9209
347.5403,33.9771,41.9209,41.9209
342.0939,40.4138,41.9209,41.9209
340.7911,43.5651,41.0269,41.0269
344.1831,50.5106,41.0269,41.0269
337.3033,48.3014,40.1520,40.1520
335.5645,38.0263,40.1520,40.1520
330.6640,32.1774,40.1520,40.1520
327.0282,28.5416,40.1520,40.1520
322.4439,25.2219,40.1520,40.1520
320.2818,22.4504,39.2957,39.2957
320.5517,20.9309,38.4577,38.4577
322.5671,27.6162,37.6376,37.6376
325.1107,32.7307,36.8350,36.8350
330.5711,34.8810,37.6500,37.6500
335.4626,37.4008,37.6500,37.6500
336.5002,40.2172,37.6500,37.6500
346.7280,34.4363,37.6500,37.6500
347.7656,31.6199,37.6500,37.6500
345.6574,27.9739,38.4830,38.4830
346.9608,27.0766,39.3344,39.3344
353.9295,27.2315,39.3344,39.3344
364.3051,35.4391,39.3344,39.3344
370.7787,42.8766,40.2047,40.2047
373.4695,37.6532,40.2047,40.2047
375.8438,44.7760,40.2047,40.2047
2
0
0
0
0
1
390.1537,109.9584,52.0861,46.3830
385.6973,136.8905,52.0861,46.3830
2
0
0
0
0
1
283.1680,1.9409,48.7737,58.1578
280.0136,4.2541,48.7737,58.1578
298.7297,26.3348,48.7737,58.1578
287.9357,17.1825,49.8528,59.4446
307.4957,27.7148,49.8528,59.4446
311.1349,29.3845,48.7897,58.1769
305.8759,23.2841,48.7897,58.1769
301.0375,19.7079,48.7897,58.1769
301.5891,14.0446,49.8692,59.4641
301.9136,13.2279,48.8057,58.1960
292.9012,15.2682,47.7649,56.9549
295.9910,14.0890,46.7463,55.7403
290.4672,-5.7146,45.7494,54.5517
303.3130,-18.6317,44.7738,53.3883
306.5814,-20.8534,43.8190,52.2498
315.6074,-21.5710,42.8845,51.1356
312.0943,-18.7975,42.8845,51.1356
331.7625,31.4729,43.8334,52.2669
337.6212,13.1408,43.8334,52.2669
330.6200,14.6089,42.8986,51.1523
338.0302,6.0622,41.9838,50.0615
336.7631,3.7090,41.9838,50.0615
333.5467,5.8130,41.0885,48.9939
320.2600,11.6592,41.0885,48.9939
314.0387,18.8410,40.2122,47.9491
308.3172,27.3366,40.2122,47.9491
291.1992,37.3732,39.3547,46.9266
2
0
0
0
0
1
309.5135,172.6199,76.4061,84.2446
305.1479,182.3551,74.7767,82.4481
320.6922,155.4413,76.4312,84.2723
2
0
0
0
0
1
64.7567,108.0187,96.0647,114.4296
137.2004,-2.5098,96.0647,114.4296
132.2723,5.2436,98.1901,116.9613
92.9218,117.3713,98.1901,116.9613
140.7348,31.4772,98.1901,116.9613
142.7215,35.0122,100.3626,119.5491
152.6686,39.7696,100.3626,119.5491
160.0837,20.9476,102.5831,122.1941