1
298.9360,139.3642,71.5089,84.7889
295.0268,142.6202,73.7944,87.4988
294.0751,147.3785,73.7944,87.4988
295.1164,146.9319,76.1528,90.2952
296.7532,147.2593,76.1528,90.2952
301.0089,146.2772,76.1528,90.2952
303.3004,145.9498,76.1528,90.2952
303.6277,146.2772,76.1528,90.2952
303.9551,148.5687,76.1528,90.2952
303.0655,148.7626,78.5867,93.1811
306.2014,147.6113,81.0983,96.1591
310.8319,140.8455,83.6902,99.2324
319.1064,134.7296,83.6902,99.2324
323.0637,130.0527,83.6902,99.2324
327.0211,127.5344,83.6902,99.2324
328.1003,126.4551,83.6902,99.2324
326.4032,125.2291,86.3650,102.4038
326.1368,121.7365,89.1252,105.6767
327.2862,115.9896,89.1252,105.6767
337.4583,111.0894,86.4046,102.4509
340.8011,107.7466,86.4046,102.4509
344.8868,105.1466,86.4046,102.4509
349.0775,105.3666,89.1661,105.7252
354.0604,111.1161,89.1661,105.7252
362.2180,119.7756,92.0159,109.1042
367.4719,120.8010,94.9567,112.5911
362.2808,107.9806,97.9915,116.1896
349.2224,96.6073,97.9915,116.1896
339.5340,83.5490,97.9915,116.1896
333.8686,76.4764,95.0003,112.6428
330.0097,76.1537,92.1004,109.2044
328.8220,75.7578,92.1004,109.2044
328.4260,78.5292,92.1004,109.2044
328.1420,85.8901,95.0439,112.6945
336.0202,95.9376,98.0815,116.2963
347.5232,108.8360,101.2162,120.0131
358.5236,120.4062,104.4510,123.8487
355.1787,117.3574,101.2626,120.0682
349.5198,103.8632,101.2626,120.0682
348.2140,92.9808,101.2626,120.0682
348.6493,82.0983,101.2626,120.0682
349.7595,79.1426,98.1716,116.4031
349.1478,78.8092,95.1749,112.8498
350.3752,85.7644,95.1749,112.8498
350.7843,83.7187,95.1749,112.8498
352.8300,89.8556,95.1749,112.8498
360.6034,105.8116,95.1749,112.8498
368.3768,120.9493,95.1749,112.8498
367.1494,127.0863,95.1749,112.8498
365.1038,120.9493,95.1749,112.8498
357.3304,105.8116,95.1749,112.8498
358.3738,103.0336,92.2696,109.4051
357.9772,108.9832,92.2696,109.4051
352.8209,115.7260,92.2696,109.4051
349.0729,120.1723,89.4531,106.0654
353.3027,130.5547,89.4531,106.0654
348.9001,132.5580,86.7225,102.8278
344.1591,139.4891,89.4941,106.1141
348.4996,152.7970,92.3544,109.5055
339.3685,153.9880,92.3544,109.5055
333.2350,145.7343,89.5352,106.1628
317.4547,137.6517,89.5352,106.1628
317.6666,122.7220,86.8021,102.9222
313.6676,123.6893,89.5763,106.2116
304.6381,126.4655,86.8420,102.9694
300.3640,128.4104,84.1911,99.8263
300.5632,130.2959,81.6211,96.7790
291.1890,133.3106,84.2297,99.8721
291.6534,149.4565,86.9217,103.0640
289.8907,157.1508,89.6997,106.3579
284.9870,166.6334,92.5666,109.7571
282.3141,161.2982,95.5250,113.2650
271.3430,152.5075,98.5779,116.8849
263.1012,135.2224,95.5688,113.3170
259.2191,125.8597,92.6516,109.8579
258.6418,134.3072,89.8233,106.5045
258.0822,134.0022,87.0815,103.2534
253.2158,123.8951,87.0815,103.2534
251.9245,126.5940,84.4233,100.1016
251.3985,136.4688,81.8462,97.0459
246.8247,141.7462,81.8462,97.0459
244.4613,146.1766,84.4620,100.1475
242.7485,160.9147,87.1614,103.3482
240.7067,179.3526,84.5008,100.1935
241.6331,176.8862,81.9214,97.1351
241.8270,168.1562,79.4207,94.1700
237.3887,171.9117,79.4207,94.1700
235.5283,176.4216,76.9964,91.2954
231.9810,176.6176,79.4572,94.2132
225.5878,180.9187,81.9966,97.2243
226.4868,184.1650,79.4937,94.2565
225.4617,194.0748,79.4937,94.2565
214.9650,175.8244,82.0343,97.2689
219.3908,179.0722,79.5302,94.2997
224.3652,183.5883,77.1025,91.4212
220.5704,183.3264,74.7489,88.6306
219.4621,179.8593,72.4672,85.9251
163.5610,196.4350,70.2551,83.3022
166.7473,194.3843,68.1105,80.7594
170.5535,184.7224,68.1105,80.7594
171.8858,189.7612,66.0314,78.2942
176.1436,187.7743,66.0314,78.2942
187.0861,185.8469,64.0158,75.9042
191.0902,182.8776,62.0617,73.5872
184.8342,180.5326,60.1672,71.3409
152.3879,182.3974,58.3306,69.1632
154.7155,189.0652,60.1949,71.3737
160.7401,208.3667,62.1187,73.6548
158.7508,205.4854,60.2225,71.4065
199.4679,220.1359,62.1472,73.6886
199.0806,227.4051,60.2501,71.4392
193.5253,229.7904,58.4110,69.2585
186.1308,230.0942,56.6280,67.1444
186.4430,216.1196,58.4378,69.2903
182.7459,216.7708,60.3055,71.5048
176.8568,211.2212,62.2328,73.7901
178.0741,202.4492,60.3332,71.5377
173.6651,210.4891,60.3332,71.5377
185.3360,225.7910,60.3332,71.5377
166.9219,212.0453,60.3332,71.5377
176.0726,205.4557,62.2614,73.8240
172.5932,208.3997,62.2614,73.8240
180.7699,208.1883,60.3609,71.5705
195.4432,216.8053,58.5183,69.3858
183.6913,210.9171,60.3886,71.6034
191.7387,212.2150,60.3886,71.6034
193.6292,216.0031,62.3186,73.8918
196.6517,218.3048,64.3103,76.2534
201.4294,216.8098,66.3657,78.6905
200.4453,217.7256,64.3398,76.2884
201.9064,222.3146,66.3961,78.7266
202.1918,229.4500,66.3961,78.7266
199.7037,233.6149,68.5181,81.2427
195.9579,231.4330,70.7080,83.8392
195.7399,231.0051,72.9678,86.5187
196.5399,237.6580,70.7404,83.8777
196.0991,247.1486,68.5811,81.3173
199.4254,249.0921,70.7729,83.9162
200.3380,236.0101,70.7729,83.9162
199.5113,246.5342,73.0348,86.5982
197.9415,250.6156,73.0348,86.5982
194.4881,252.1853,73.0348,86.5982
190.8934,253.1931,70.8054,83.9547
192.8872,254.1701,68.6441,81.3920
191.4118,250.3341,68.6441,81.3920
188.6235,241.2485,66.5487,78.9075
185.3481,240.4504,64.5173,76.4988
189.3835,245.2234,62.5479,74.1636
179.3144,245.5487,60.6386,71.8998
178.4152,265.6747,58.7875,69.7050
151.2617,250.3125,56.9930,67.5772
148.9466,250.1189,55.2533,65.5144
145.3838,248.9313,55.2533,65.5144
139.9209,247.7437,55.2533,65.5144
149.5524,253.7315,53.5667,63.5146
140.6370,252.0258,55.2787,65.5445
134.6964,253.2139,55.2787,65.5445
135.4093,254.8773,55.2787,65.5445
133.8130,254.0675,57.0454,67.6393
132.1658,253.7223,58.8686,69.8011
132.4189,257.0120,58.8686,69.8011
131.7312,257.6680,60.7500,72.0319
138.7821,261.5852,60.7500,72.0319
142.7731,261.7399,62.6916,74.3340
140.2265,264.2219,60.7779,72.0650
179.5602,267.6732,58.9226,69.8652
185.2721,271.0191,57.1240,67.7325
190.9199,276.6669,57.1240,67.7325
192.1477,278.8770,57.1240,67.7325
199.2689,280.5959,57.1240,67.7325
210.2087,281.8752,55.3803,65.6650
210.0379,291.0626,57.1502,67.7636
219.1277,290.8169,57.1502,67.7636
225.1591,293.0795,55.4057,65.6951
239.1042,289.0806,53.7144,63.6897
261.3979,290.2836,52.0748,61.7456
243.7767,293.1024,53.7391,63.7190
242.9799,298.4641,52.0987,61.7739
246.3392,301.8234,52.0987,61.7739
245.7306,301.9560,53.7637,63.7482
247.2446,305.4713,52.1226,61.8023
260.8114,299.0206,50.5315,59.9158
260.9310,301.8900,48.9890,58.0868
266.1011,291.6154,47.4936,56.3137
268.2551,300.4371,46.0439,54.5947
273.9061,294.7387,44.6384,52.9282
278.6170,292.2845,43.2758,51.3125
281.6959,291.0213,41.9548,49.7462
280.3524,295.5680,40.6741,48.2277
321.7122,295.7795,39.4325,46.7555
324.1786,293.9505,38.2288,45.3283
311.4510,296.7787,37.0619,43.9446
310.3358,300.7616,37.0619,43.9446
315.8403,295.5376,35.9305,42.6032
314.3808,289.2374,34.8337,41.3027
319.5544,293.0123,33.7704,40.0420
319.3440,300.7367,32.7396,38.8197
316.6700,306.5069,32.7396,38.8197
319.2807,308.0846,31.7402,37.6347
319.0829,306.6124,30.7713,36.4859
319.9494,311.0053,29.8320,35.3721
325.4060,309.8780,28.9214,34.2924
328.7069,311.5204,28.0385,33.2456
331.9612,311.8819,28.0385,33.2456
337.8130,314.1973,27.1827,32.2308
334.8392,318.7790,26.3529,31.2469
331.3274,323.1970,26.3529,31.2469
310.5457,322.2012,25.5485,30.2931
309.1180,322.5307,25.5485,30.2931
312.7422,322.4209,25.5485,30.2931
314.3896,318.5770,25.5485,30.2931
311.2046,311.6580,25.5485,30.2931
307.8000,309.1320,25.5485,30.2931
304.1758,310.3401,25.5485,30.2931
301.4302,314.4037,25.5485,30.2931
300.6121,319.8081,24.7686,29.3684
302.8001,325.2606,24.0125,28.4719
290.0574,327.6564,23.2795,27.6028
290.5128,328.1777,22.5689,26.7602
293.4767,328.1011,21.8800,25.9433
293.7588,327.0665,21.8800,25.9433
294.6053,326.5962,21.8800,25.9433
297.7092,326.3140,21.8800,25.9433
299.6843,324.5270,21.8800,25.9433
298.7955,326.1457,21.2121,25.1514
297.0221,326.8031,20.5646,24.3837
299.8996,327.9709,19.9369,23.6393
300.4995,327.0281,19.9369,23.6393
300.0710,327.6281,19.9369,23.6393
302.0036,329.1030,19.3283,22.9177
305.7425,325.5303,19.3283,22.9177
307.6161,323.8029,18.7383,22.2182
309.4688,325.4944,18.7383,22.2182
310.3548,324.4473,18.7383,22.2182
309.4688,321.1447,18.7383,22.2182
307.7772,322.9974,18.7383,22.2182
307.8578,324.0446,18.7383,22.2182
328.5819,302.6659,19.3372,22.9283
331.9527,303.2652,18.7469,22.2284
337.1908,300.7670,18.7469,22.2284
338.2385,303.9099,18.7469,22.2284
339.2861,303.5070,18.7469,22.2284
339.8502,303.1041,18.7469,22.2284
340.0920,303.1846,18.7469,22.2284
340.0114,305.3605,18.7469,22.2284
341.2202,306.7305,18.7469,22.2284
341.1396,308.4228,18.7469,22.2284
340.2531,307.8587,18.7469,22.2284
339.6890,310.1957,18.7469,22.2284
339.1249,311.5657,18.7469,22.2284
338.3996,318.0933,18.7469,22.2284
338.6414,324.1373,18.7469,22.2284
338.8832,323.5732,18.7469,22.2284
340.4143,321.3973,18.7469,22.2284
334.5315,319.0603,18.7469,22.2284
332.3556,319.1409,18.7469,22.2284
330.3409,319.0603,18.7469,22.2284
328.9709,317.8515,18.7469,22.2284
327.7621,317.9321,18.7469,22.2284
327.8427,316.8845,18.7469,22.2284
333.0809,315.0309,18.7469,22.2284
333.6450,315.2727,18.7469,22.2284
333.2421,313.9027,18.7469,22.2284
338.1579,319.9468,18.7469,22.2284
339.2055,321.1556,18.7469,22.2284
338.9637,322.8479,18.7469,22.2284
339.0443,324.8626,18.7469,22.2284
338.8026,329.1337,18.7469,22.2284
339.6890,329.2143,18.7469,22.2284
338.4802,329.9396,18.7469,22.2284
333.5644,327.4414,18.7469,22.2284
331.7109,325.5879,18.7469,22.2284
331.4691,324.0567,18.7469,22.2284
333.4476,324.3154,18.1746,21.5498
334.6195,327.2061,18.1746,21.5498
334.1938,327.9256,17.6198,20.8920
333.3606,329.9707,17.6198,20.8920
332.9819,329.2890,17.6198,20.8920
332.9061,326.9410,17.6198,20.8920
333.2849,327.0167,17.6198,20.8920
334.1180,326.6380,17.6198,20.8920
334.6482,326.4108,17.6198,20.8920
334.7240,325.7291,17.6198,20.8920
336.1631,325.0474,17.6198,20.8920
338.6626,324.3658,17.6198,20.8920
340.8591,324.4415,17.6198,20.8920
341.8438,324.0628,17.6198,20.8920
342.0710,322.3207,17.6198,20.8920
341.5408,322.0935,17.6198,20.8920
341.3135,320.5029,17.6198,20.8920
341.3893,319.5182,17.6198,20.8920
341.4650,319.8969,17.6198,20.8920
342.1467,320.1242,17.6198,20.8920
343.4343,318.9880,17.6198,20.8920
345.4794,320.5786,17.6198,20.8920
347.8274,321.4118,17.6198,20.8920
348.8120,320.8816,17.6198,20.8920
346.9185,318.5336,17.6198,20.8920
346.8427,317.3975,17.6198,20.8920
349.4937,316.5643,17.6198,20.8920
350.1754,318.3064,17.6198,20.8920
350.2511,317.9276,17.6198,20.8920
350.4784,316.7915,17.6198,20.8920
351.1600,316.2613,17.6198,20.8920
352.1447,317.2460,17.6198,20.8920
352.9778,319.1395,17.6198,20.8920
353.6595,319.2153,17.6198,20.8920
352.9778,318.2306,17.6198,20.8920
353.0536,318.3064,17.6198,20.8920
353.7353,318.9880,17.6198,20.8920
353.8110,319.2153,17.6198,20.8920
353.5838,319.1395,17.6198,20.8920
354.4170,318.9123,17.6198,20.8920
352.9778,318.8365,17.6198,20.8920
351.6902,318.0034,17.6198,20.8920
350.4026,317.4732,17.6198,20.8920
350.1754,317.3975,17.6198,20.8920
351.4630,317.9276,17.6198,20.8920
351.5388,317.5490,17.6198,20.8920
351.3115,317.1702,17.6198,20.8920
350.6299,316.9430,17.6198,20.8920
349.0392,316.5643,17.6198,20.8920
345.9338,315.8826,17.6198,20.8920
343.1313,315.2009,17.6198,20.8920
341.3893,313.6103,17.6198,20.8920
341.0106,313.5346,17.6198,20.8920
340.3289,313.9133,17.6198,20.8920
338.8898,314.2920,17.6198,20.8920
337.2992,312.3985,17.6198,20.8920
330.8611,310.5049,17.6198,20.8920
327.4527,308.9143,17.6198,20.8920
326.0136,306.8693,17.6198,20.8920
324.5745,305.2787,17.6198,20.8920
322.9839,304.7485,17.6198,20.8920
322.4537,304.5213,17.6198,20.8920
322.5294,305.0515,17.6198,20.8920
321.5448,304.2183,17.6198,20.8920
322.2265,306.7178,17.6198,20.8920
323.3626,306.7935,17.6198,20.8920
324.8017,306.7178,17.6198,20.8920
328.5131,304.9757,17.6198,20.8920
333.1334,303.0822,17.6198,20.8920
336.5418,301.7945,17.6198,20.8920
338.8898,301.2643,17.6198,20.8920
339.4200,302.0975,17.6198,20.8920
344.6462,302.6277,17.6198,20.8920
345.3279,302.2490,17.6198,20.8920
344.3432,301.5673,17.6198,20.8920
343.9305,302.2649,17.0820,20.2543
345.4395,302.3537,16.5606,19.6360
343.5174,301.5706,16.5606,19.6360
341.3105,301.2147,16.5606,19.6360
338.9613,300.4316,16.5606,19.6360
337.0392,299.7909,16.5606,19.6360
335.2595,299.0078,16.5606,19.6360
333.9069,298.5095,16.5606,19.6360
333.0919,298.3109,16.0550,19.0366
332.1636,298.2564,15.5650,18.4555
331.3976,298.4712,15.0898,17.8922
330.6549,298.8091,14.6292,17.3460
329.8373,298.9978,14.6292,17.3460
329.3971,298.8091,14.6292,17.3460
329.3343,298.6205,14.6292,17.3460
329.6487,296.0421,14.6292,17.3460
330.0606,295.1120,14.1826,16.8165
329.2614,294.0669,14.1826,16.8165
328.8016,290.5733,13.7497,16.3032
328.9860,290.6348,13.7497,16.3032
328.4327,291.5570,13.7497,16.3032
327.6335,292.8480,13.7497,16.3032
325.9735,294.0161,13.7497,16.3032
325.7891,295.9220,13.7497,16.3032
326.7113,296.8441,13.7497,16.3032
328.6172,298.1352,13.7497,16.3032
330.5230,297.5819,13.7497,16.3032
329.8467,296.6597,13.7497,16.3032
331.5067,296.9671,13.7497,16.3032
332.6748,298.3811,13.7497,16.3032
333.1051,302.1313,13.7497,16.3032
333.7814,305.1438,13.7497,16.3032
334.5806,308.0334,13.7497,16.3032
336.6094,311.2917,13.7497,16.3032
338.7251,315.0449,13.3300,15.8055
353.6221,331.3321,12.9231,15.3231
354.4213,332.6232,12.9231,15.3231
356.2785,335.7466,12.5286,14.8553
361.0124,337.0376,12.5286,14.8553
363.6013,339.1702,12.1462,14.4019
365.9384,342.1566,11.7754,13.9622
367.9672,341.4803,11.7754,13.9622
352.1009,325.6474,11.4160,13.5360
