0.19304
0.22057
0.055758
0.028755
0.036597
0.034018
0.026699
0.023831
0.023402
0.023724
0.023042
0.023178
0.023421
0.024938
0.024432
0.023437
0.023875
0.023902
0.024523
0.024428
0.024368
0.023406
0.023368
0.023118
0.023993
0.02395
0.024104
0.024434
0.024958
0.024289
0.024198
0.023672
0.023732
0.023866
0.023334
0.023288
0.023747
0.024879
0.025077
0.024496
0.024926
0.024475
0.025118
0.024112
0.023663
0.02348
0.022749
0.023972
0.024259
0.024136
0.023633
0.023423
0.023918
0.024893
0.024282
0.023459
0.024891
0.02371
0.023789
0.023393
0.023772
0.023669
0.024306
0.023435
0.023925
0.024029
0.024095
0.024057
0.02444
0.024066
0.022419
0.023166
0.023201
0.02416
0.023997
0.024335
0.024022
0.023826
0.023933
0.023139
0.024473
0.023503
0.022214
0.022316
0.022312
0.022789
0.022754
0.022684
0.022548
0.022602
0.023026
0.022332
0.022877
0.022896
0.022397
0.023792
0.023204
0.023159
0.023183
0.023184
0.023238
0.022889
0.023034
0.022997
0.02286
0.023433
0.0222
0.021747
0.022342
0.022493
0.02288
0.022668
0.022948
0.022617
0.023077
0.02247
0.022298
0.022449
0.022038
0.022179
0.022057
0.022836
0.022236
0.02219
0.022784
0.022931
0.022686
0.022621
0.022592
0.022518
0.0228
0.022457
0.023187
0.022187
0.022373
0.022572
0.022487
0.023876
0.023684
0.023007
0.022174
0.023695
0.02362
0.023703
0.023077
0.02306
0.022945
0.022269
0.022152
0.022455
0.022506
0.023342
0.022951
0.022677
0.022165
0.022866
0.022904
0.022701
0.022254
0.022623
0.022683
0.022181
0.022175
0.022163
0.023145
0.02324
0.022747
0.023959
0.023889
0.023272
0.02313
0.022951
0.022967
0.023607
0.023003
0.022927
0.023249
0.023335
0.023343
0.02333
0.023209
0.022903
0.023055
0.023356
0.02332
0.023724
0.023375
0.023279
0.02344
0.024104
0.023645
0.02358
0.022658
0.02379
0.022253
0.064362
0.02465
0.02272
0.022759
0.023474
0.023725
0.022705
0.02335
0.022703
0.022599
0.022656
0.023591
0.028619
0.032876
0.023485
0.024184
0.023618
0.023391
0.022609
0.02248
0.0233
0.02265
0.02373
0.024078
0.023654
0.023618
0.024288
0.023644
0.023621
0.023916
0.023685
0.023511
0.023545
0.024436
0.022833
0.023749
0.023741
0.02284
0.022813
0.022992
0.022755
0.022906
0.022917
0.022861
0.02193
0.022175
0.021919
0.022033
0.02194
0.022155
0.021899
0.022027
0.021923
0.023155
0.021887
0.023255
0.023336
0.023491
0.023085
0.023019
0.022905
0.022926
0.022737
0.022865
0.022758
0.022928
0.022754
0.022838
0.022721
0.022816
0.023575
0.022911
0.022795
0.022931
0.022799
0.022978
0.023694
0.02312
0.022782
0.022769
0.023085
0.022913
0.02291
0.023148
0.023045
0.023018
0.022765
0.023025
0.022847
0.022951
0.02281
0.022788
0.022847
0.022841
0.022741
0.022878
0.022691
0.022904
0.022715
0.0228
0.022818
0.022898
0.022672
0.022714
0.022723
0.022768
0.022828
0.022788
0.022688
0.022862
0.022636
0.022839
0.022635
0.022808
0.022636
0.022716
0.022633
0.022799
0.022749
0.022921
0.022753
0.022931
0.022648
0.022941
0.02278
0.023216
0.022987
0.022693
0.022669
0.023164
0.022773
0.022882
0.022735
0.022862
0.022675
0.02293
0.021845
0.021987
0.022059
0.022306
0.022432
0.022386
0.022165
0.022443
0.02187
0.022011
0.021792
0.022036
0.021798
0.021967
0.02185
0.021801
0.021935
0.022004
0.021811
0.022463
0.021743
0.022062
0.021757
0.021888
0.021773
0.02185
0.021748
0.022148
0.021775
0.022198
0.021661
0.022184
0.021646
0.021878
0.021734
0.021917
0.021704
0.021889
0.021782
0.021704
0.021737
0.021791
0.021734
0.021777
0.021776
0.021751
0.021693
0.021748
0.02168
0.021752
0.021623
0.021577
0.02144
0.021729
0.022367
0.022548
0.022404
0.022447
0.023261
0.023312
0.023161
