0.21187,0.20147,0.20571,0,0,0,0,0,0,0,0,0,0,0,0
0.23311,0.23073,0.22976,0,0,0,0,0,0,0,0,0,0,0,0
0.067423,0.065487,0.065506,0,0,0,0,0,0,0,0,0,0,0,0
0.0404,0.039083,0.038919,0,0,0,0,0,0,0,0,0,0,0,0
0.048936,0.047333,0.047347,0,0,0,0,0,0,0,0,0,0,0,0
0.044789,0.043439,0.04306,0,0,0,0,0,0,0,0,0,0,0,0
0.038303,0.036993,0.036899,0,0,0,0,0,0,0,0,0,0,0,0
0.034527,0.033264,0.033056,0,0,0,0,0,0,0,0,0,0,0,0
0.034643,0.033447,0.033403,0,0,0,0,0,0,0,0,0,0,0,0
0.03444,0.033073,0.032831,0,0,0,0,0,0,0,0,0,0,0,0
0.034454,0.032936,0.033285,0,0,0,0,0,0,0,0,0,0,0,0
0.03431,0.032876,0.032867,0,0,0,0,0,0,0,0,0,0,0,0
0.034274,0.032681,0.033051,0,0,0,0,0,0,0,0,0,0,0,0
0.034127,0.032756,0.032832,0,0,0,0,0,0,0,0,0,0,0,0
0.034584,0.032882,0.033437,0,0,0,0,0,0,0,0,0,0,0,0
0.034399,0.032976,0.033098,0,0,0,0,0,0,0,0,0,0,0,0
0.034174,0.032563,0.033065,0,0,0,0,0,0,0,0,0,0,0,0
0.034212,0.03271,0.032826,0,0,0,0,0,0,0,0,0,0,0,0
0.034281,0.032486,0.033014,0,0,0,0,0,0,0,0,0,0,0,0
0.034033,0.032678,0.032845,0,0,0,0,0,0,0,0,0,0,0,0
0.034178,0.032731,0.032993,0,0,0,0,0,0,0,0,0,0,0,0
0.03411,0.033121,0.033227,0,0,0,0,0,0,0,0,0,0,0,0
0.034122,0.032802,0.033143,0,0,0,0,0,0,0,0,0,0,0,0
0.033934,0.03283,0.032858,0,0,0,0,0,0,0,0,0,0,0,0
0.03386,0.032651,0.032913,0,0,0,0,0,0,0,0,0,0,0,0
0.034102,0.033025,0.033375,0,0,0,0,0,0,0,0,0,0,0,0
0.03363,0.032852,0.032951,0,0,0,0,0,0,0,0,0,0,0,0
0.033925,0.032843,0.032984,0,0,0,0,0,0,0,0,0,0,0,0
0.033774,0.032618,0.033026,0,0,0,0,0,0,0,0,0,0,0,0
0.033865,0.032759,0.032902,0,0,0,0,0,0,0,0,0,0,0,0
0.033703,0.032722,0.033037,0,0,0,0,0,0,0,0,0,0,0,0
0.034447,0.033275,0.033472,0,0,0,0,0,0,0,0,0,0,0,0
0.033674,0.032872,0.033032,0,0,0,0,0,0,0,0,0,0,0,0
0.03405,0.032929,0.033081,0,0,0,0,0,0,0,0,0,0,0,0
0.033828,0.032802,0.032943,0,0,0,0,0,0,0,0,0,0,0,0
0.033721,0.032658,0.032942,0,0,0,0,0,0,0,0,0,0,0,0
0.033602,0.033017,0.03299,0,0,0,0,0,0,0,0,0,0,0,0
0.033596,0.032892,0.033918,0,0,0,0,0,0,0,0,0,0,0,0
0.033704,0.032895,0.033206,0,0,0,0,0,0,0,0,0,0,0,0
0.033824,0.032866,0.033005,0,0,0,0,0,0,0,0,0,0,0,0
0.035037,0.033733,0.033936,0,0,0,0,0,0,0,0,0,0,0,0
0.033653,0.032937,0.032865,0,0,0,0,0,0,0,0,0,0,0,0
0.034341,0.033406,0.033528,0,0,0,0,0,0,0,0,0,0,0,0
0.033642,0.032798,0.032865,0,0,0,0,0,0,0,0,0,0,0,0
0.034007,0.03363,0.033485,0,0,0,0,0,0,0,0,0,0,0,0
0.033449,0.032707,0.032706,0,0,0,0,0,0,0,0,0,0,0,0
0.033509,0.03267,0.032816,0,0,0,0,0,0,0,0,0,0,0,0
0.033346,0.03272,0.03257,0,0,0,0,0,0,0,0,0,0,0,0
0.033642,0.032657,0.032957,0,0,0,0,0,0,0,0,0,0,0,0
0.033947,0.032614,0.032782,0,0,0,0,0,0,0,0,0,0,0,0
0.033671,0.032661,0.032742,0,0,0,0,0,0,0,0,0,0,0,0
0.034035,0.033056,0.032928,0,0,0,0,0,0,0,0,0,0,0,0
0.033582,0.032625,0.032874,0,0,0,0,0,0,0,0,0,0,0,0
0.034084,0.03053,0.031812,0,0,0,0,0,0,0,0,0,0,0,0
0.033677,0.032544,0.032843,0,0,0,0,0,0,0,0,0,0,0,0
0.033632,0.03272,0.032744,0,0,0,0,0,0,0,0,0,0,0,0
0.033632,0.032551,0.032836,0,0,0,0,0,0,0,0,0,0,0,0
0.033798,0.032933,0.032887,0,0,0,0,0,0,0,0,0,0,0,0
NaN,NaN,NaN,0,0,0,0,0,0,0,0,0,0,0,0
NaN,NaN,NaN,0,0,0,0,0,0,0,0,0,0,0,0
NaN,NaN,NaN,0,0,0,0,0,0,0,0,0,0,0,0
NaN,NaN,NaN,0,0,0,0,0,0,0,0,0,0,0,0
0.21316,0.21718,0.21563,0,0,0,0,0,0,0,0,0,0,0,0
0.22723,0.22629,0.22836,0,0,0,0,0,0,0,0,0,0,0,0
0.066421,0.068486,0.068572,0,0,0,0,0,0,0,0,0,0,0,0
0.042456,0.042598,0.042912,0,0,0,0,0,0,0,0,0,0,0,0
0.050267,0.050044,0.050214,0,0,0,0,0,0,0,0,0,0,0,0
0.045098,0.044849,0.044939,0,0,0,0,0,0,0,0,0,0,0,0
0.039499,0.03925,0.039318,0,0,0,0,0,0,0,0,0,0,0,0
0.035355,0.035165,0.035212,0,0,0,0,0,0,0,0,0,0,0,0
0.035698,0.035289,0.035579,0,0,0,0,0,0,0,0,0,0,0,0
0.035165,0.034965,0.035072,0,0,0,0,0,0,0,0,0,0,0,0
0.036165,0.035973,0.036086,0,0,0,0,0,0,0,0,0,0,0,0
0.034958,0.034834,0.035082,0,0,0,0,0,0,0,0,0,0,0,0
0.035143,0.034816,0.034757,0,0,0,0,0,0,0,0,0,0,0,0
0.035535,0.035417,0.035497,0,0,0,0,0,0,0,0,0,0,0,0
0.035167,0.035005,0.035066,0,0,0,0,0,0,0,0,0,0,0,0
0.034973,0.034844,0.03484,0,0,0,0,0,0,0,0,0,0,0,0
0.035008,0.03478,0.03487,0,0,0,0,0,0,0,0,0,0,0,0
0.035997,0.035812,0.035886,0,0,0,0,0,0,0,0,0,0,0,0
NaN,NaN,NaN,0,0,0,0,0,0,0,0,0,0,0,0
NaN,NaN,NaN,0,0,0,0,0,0,0,0,0,0,0,0
NaN,NaN,NaN,0,0,0,0,0,0,0,0,0,0,0,0
NaN,NaN,NaN,0,0,0,0,0,0,0,0,0,0,0,0
0.2057,0.20843,0.20929,0,0,0,0,0,0,0,0,0,0,0,0
0.23353,0.237,0.23792,0,0,0,0,0,0,0,0,0,0,0,0
0.068397,0.070144,0.068253,0,0,0,0,0,0,0,0,0,0,0,0
0.042259,0.042966,0.041614,0,0,0,0,0,0,0,0,0,0,0,0
0.04994,0.050771,0.049905,0,0,0,0,0,0,0,0,0,0,0,0
0.045841,0.046577,0.045647,0,0,0,0,0,0,0,0,0,0,0,0
0.038701,0.039531,0.038417,0,0,0,0,0,0,0,0,0,0,0,0
0.035137,0.036149,0.034896,0,0,0,0,0,0,0,0,0,0,0,0
0.035251,0.03627,0.035147,0,0,0,0,0,0,0,0,0,0,0,0
0.035074,0.03586,0.034748,0,0,0,0,0,0,0,0,0,0,0,0
0.034893,0.035717,0.034472,0,0,0,0,0,0,0,0,0,0,0,0
0.035019,0.035819,0.034625,0,0,0,0,0,0,0,0,0,0,0,0
0.034999,0.035957,0.034647,0,0,0,0,0,0,0,0,0,0,0,0
0.034875,0.035616,0.034381,0,0,0,0,0,0,0,0,0,0,0,0
0.035056,0.03589,0.03486,0,0,0,0,0,0,0,0,0,0,0,0
0.034674,0.035689,0.034402,0,0,0,0,0,0,0,0,0,0,0,0
0.034901,0.035558,0.034631,0,0,0,0,0,0,0,0,0,0,0,0
0.034394,0.03458,0.03391,0,0,0,0,0,0,0,0,0,0,0,0
0.034396,0.034939,0.034152,0,0,0,0,0,0,0,0,0,0,0,0
0.035103,0.03559,0.034747,0,0,0,0,0,0,0,0,0,0,0,0
0.034693,0.035013,0.034208,0,0,0,0,0,0,0,0,0,0,0,0
0.034314,0.035181,0.034143,0,0,0,0,0,0,0,0,0,0,0,0
0.034549,0.034877,0.03449,0,0,0,0,0,0,0,0,0,0,0,0
0.034288,0.034503,0.034084,0,0,0,0,0,0,0,0,0,0,0,0
0.034694,0.03501,0.034407,0,0,0,0,0,0,0,0,0,0,0,0
0.034623,0.034844,0.034485,0,0,0,0,0,0,0,0,0,0,0,0
0.034744,0.035197,0.034546,0,0,0,0,0,0,0,0,0,0,0,0
0.034802,0.035033,0.034644,0,0,0,0,0,0,0,0,0,0,0,0
0.034679,0.034886,0.034295,0,0,0,0,0,0,0,0,0,0,0,0
0.034652,0.034901,0.034631,0,0,0,0,0,0,0,0,0,0,0,0
0.033867,0.03432,0.033739,0,0,0,0,0,0,0,0,0,0,0,0
0.035006,0.035204,0.03488,0,0,0,0,0,0,0,0,0,0,0,0
0.03446,0.034826,0.034374,0,0,0,0,0,0,0,0,0,0,0,0
0.034181,0.034567,0.03419,0,0,0,0,0,0,0,0,0,0,0,0
0.034626,0.034976,0.034459,0,0,0,0,0,0,0,0,0,0,0,0
0.034448,0.034644,0.034117,0,0,0,0,0,0,0,0,0,0,0,0
0.034799,0.034773,0.034771,0,0,0,0,0,0,0,0,0,0,0,0
0.03417,0.034013,0.034007,0,0,0,0,0,0,0,0,0,0,0,0
0.033904,0.033995,0.03377,0,0,0,0,0,0,0,0,0,0,0,0
0.033908,0.033901,0.033848,0,0,0,0,0,0,0,0,0,0,0,0
0.035082,0.035186,0.03498,0,0,0,0,0,0,0,0,0,0,0,0
0.034793,0.034708,0.034614,0,0,0,0,0,0,0,0,0,0,0,0
0.035245,0.035385,0.035195,0,0,0,0,0,0,0,0,0,0,0,0
0.034758,0.034682,0.034665,0,0,0,0,0,0,0,0,0,0,0,0
0.035087,0.035202,0.034997,0,0,0,0,0,0,0,0,0,0,0,0
0.034614,0.034529,0.034352,0,0,0,0,0,0,0,0,0,0,0,0
0.034422,0.03453,0.034344,0,0,0,0,0,0,0,0,0,0,0,0
0.034133,0.034113,0.033895,0,0,0,0,0,0,0,0,0,0,0,0
0.034056,0.034239,0.03395,0,0,0,0,0,0,0,0,0,0,0,0
0.034383,0.032182,0.034187,0,0,0,0,0,0,0,0,0,0,0,0
0.034242,0.034476,0.034109,0,0,0,0,0,0,0,0,0,0,0,0
0.034702,0.034644,0.032325,0,0,0,0,0,0,0,0,0,0,0,0
0.034438,0.034814,0.034444,0,0,0,0,0,0,0,0,0,0,0,0
0.033906,0.034131,0.033821,0,0,0,0,0,0,0,0,0,0,0,0
