0.19716,0.1998,0.19538,0,0,0,0,0,0,0,0,0,0,0,0
0.22756,0.22845,0.22604,0,0,0,0,0,0,0,0,0,0,0,0
0.058688,0.060561,0.061432,0,0,0,0,0,0,0,0,0,0,0,0
0.033953,0.033829,0.034981,0,0,0,0,0,0,0,0,0,0,0,0
0.04363,0.043632,0.044442,0,0,0,0,0,0,0,0,0,0,0,0
0.038732,0.038586,0.039411,0,0,0,0,0,0,0,0,0,0,0,0
0.032706,0.032584,0.033544,0,0,0,0,0,0,0,0,0,0,0,0
0.028969,0.028583,0.030009,0,0,0,0,0,0,0,0,0,0,0,0
0.031001,0.030342,0.031957,0,0,0,0,0,0,0,0,0,0,0,0
0.030024,0.029368,0.030931,0,0,0,0,0,0,0,0,0,0,0,0
0.029635,0.028965,0.030541,0,0,0,0,0,0,0,0,0,0,0,0
0.029791,0.028809,0.030766,0,0,0,0,0,0,0,0,0,0,0,0
0.029158,0.028341,0.028807,0,0,0,0,0,0,0,0,0,0,0,0
0.029116,0.028263,0.028735,0,0,0,0,0,0,0,0,0,0,0,0
0.030272,0.030193,0.029592,0,0,0,0,0,0,0,0,0,0,0,0
0.030537,0.02997,0.029875,0,0,0,0,0,0,0,0,0,0,0,0
0.02997,0.028808,0.029336,0,0,0,0,0,0,0,0,0,0,0,0
0.030947,0.029649,0.030196,0,0,0,0,0,0,0,0,0,0,0,0
0.029021,0.027916,0.028353,0,0,0,0,0,0,0,0,0,0,0,0
0.028755,0.027733,0.028172,0,0,0,0,0,0,0,0,0,0,0,0
0.029678,0.028425,0.029019,0,0,0,0,0,0,0,0,0,0,0,0
0.02938,0.028187,0.028685,0,0,0,0,0,0,0,0,0,0,0,0
0.029182,0.028229,0.028725,0,0,0,0,0,0,0,0,0,0,0,0
0.028519,0.02751,0.0279,0,0,0,0,0,0,0,0,0,0,0,0
0.030665,0.029538,0.029983,0,0,0,0,0,0,0,0,0,0,0,0
0.028628,0.02781,0.028189,0,0,0,0,0,0,0,0,0,0,0,0
0.029961,0.028938,0.029289,0,0,0,0,0,0,0,0,0,0,0,0
0.030255,0.029354,0.02954,0,0,0,0,0,0,0,0,0,0,0,0
0.028605,0.028171,0.028257,0,0,0,0,0,0,0,0,0,0,0,0
0.030111,0.029166,0.029406,0,0,0,0,0,0,0,0,0,0,0,0
0.030018,0.029227,0.029405,0,0,0,0,0,0,0,0,0,0,0,0
0.029373,0.028493,0.028674,0,0,0,0,0,0,0,0,0,0,0,0
0.03033,0.029513,0.029613,0,0,0,0,0,0,0,0,0,0,0,0
0.030304,0.02935,0.029525,0,0,0,0,0,0,0,0,0,0,0,0
0.030057,0.029256,0.029485,0,0,0,0,0,0,0,0,0,0,0,0
0.028805,0.028482,0.028798,0,0,0,0,0,0,0,0,0,0,0,0
0.029489,0.028567,0.028828,0,0,0,0,0,0,0,0,0,0,0,0
0.029146,0.02868,0.028907,0,0,0,0,0,0,0,0,0,0,0,0
0.029413,0.028574,0.028823,0,0,0,0,0,0,0,0,0,0,0,0
0.028325,0.028075,0.028299,0,0,0,0,0,0,0,0,0,0,0,0
0.030192,0.028926,0.02927,0,0,0,0,0,0,0,0,0,0,0,0
0.029441,0.02889,0.029145,0,0,0,0,0,0,0,0,0,0,0,0
0.029047,0.028336,0.028519,0,0,0,0,0,0,0,0,0,0,0,0
0.029021,0.028792,0.02905,0,0,0,0,0,0,0,0,0,0,0,0
0.028642,0.028809,0.028963,0,0,0,0,0,0,0,0,0,0,0,0
0.028077,0.028356,0.028431,0,0,0,0,0,0,0,0,0,0,0,0
0.027345,0.027575,0.027649,0,0,0,0,0,0,0,0,0,0,0,0
0.027759,0.02803,0.028275,0,0,0,0,0,0,0,0,0,0,0,0
0.02728,0.027466,0.027655,0,0,0,0,0,0,0,0,0,0,0,0
0.028427,0.028538,0.028721,0,0,0,0,0,0,0,0,0,0,0,0
0.026954,0.027246,0.027477,0,0,0,0,0,0,0,0,0,0,0,0
0.027131,0.02714,0.027361,0,0,0,0,0,0,0,0,0,0,0,0
0.027815,0.027837,0.028224,0,0,0,0,0,0,0,0,0,0,0,0
0.028621,0.0289,0.029073,0,0,0,0,0,0,0,0,0,0,0,0
0.028415,0.02861,0.028829,0,0,0,0,0,0,0,0,0,0,0,0
0.028421,0.028664,0.028843,0,0,0,0,0,0,0,0,0,0,0,0
0.028413,0.028409,0.028962,0,0,0,0,0,0,0,0,0,0,0,0
0.027858,0.02803,0.028157,0,0,0,0,0,0,0,0,0,0,0,0
0.028695,0.028582,0.028917,0,0,0,0,0,0,0,0,0,0,0,0
0.028162,0.028279,0.028349,0,0,0,0,0,0,0,0,0,0,0,0
0.027957,0.027934,0.028184,0,0,0,0,0,0,0,0,0,0,0,0
0.028569,0.02865,0.028806,0,0,0,0,0,0,0,0,0,0,0,0
0.028097,0.027906,0.028332,0,0,0,0,0,0,0,0,0,0,0,0
0.027442,0.027574,0.027665,0,0,0,0,0,0,0,0,0,0,0,0
0.027948,0.028,0.02807,0,0,0,0,0,0,0,0,0,0,0,0
0.029513,0.028888,0.028966,0,0,0,0,0,0,0,0,0,0,0,0
0.028686,0.028332,0.028464,0,0,0,0,0,0,0,0,0,0,0,0
0.028479,0.028078,0.028134,0,0,0,0,0,0,0,0,0,0,0,0
0.028362,0.028118,0.028218,0,0,0,0,0,0,0,0,0,0,0,0
0.028524,0.028124,0.02836,0,0,0,0,0,0,0,0,0,0,0,0
0.027523,0.0274,0.027529,0,0,0,0,0,0,0,0,0,0,0,0
0.028483,0.028092,0.028241,0,0,0,0,0,0,0,0,0,0,0,0
0.028641,0.028245,0.028269,0,0,0,0,0,0,0,0,0,0,0,0
0.029694,0.028937,0.028587,0,0,0,0,0,0,0,0,0,0,0,0
0.030061,0.029287,0.02923,0,0,0,0,0,0,0,0,0,0,0,0
0.028752,0.028197,0.027807,0,0,0,0,0,0,0,0,0,0,0,0
0.029446,0.028816,0.028846,0,0,0,0,0,0,0,0,0,0,0,0
0.028669,0.02832,0.027757,0,0,0,0,0,0,0,0,0,0,0,0
0.027574,0.027293,0.027322,0,0,0,0,0,0,0,0,0,0,0,0
0.028223,0.027962,0.027641,0,0,0,0,0,0,0,0,0,0,0,0
0.028157,0.028008,0.028072,0,0,0,0,0,0,0,0,0,0,0,0
0.027929,0.027876,0.027442,0,0,0,0,0,0,0,0,0,0,0,0
0.028528,0.028536,0.028581,0,0,0,0,0,0,0,0,0,0,0,0
0.028547,0.028533,0.028182,0,0,0,0,0,0,0,0,0,0,0,0
0.02875,0.028754,0.028988,0,0,0,0,0,0,0,0,0,0,0,0
0.027836,0.027926,0.027572,0,0,0,0,0,0,0,0,0,0,0,0
0.027532,0.027432,0.027519,0,0,0,0,0,0,0,0,0,0,0,0
0.027275,0.027216,0.026784,0,0,0,0,0,0,0,0,0,0,0,0
0.027133,0.027342,0.027324,0,0,0,0,0,0,0,0,0,0,0,0
0.027831,0.029617,0.027649,0,0,0,0,0,0,0,0,0,0,0,0
0.027158,0.027321,0.027324,0,0,0,0,0,0,0,0,0,0,0,0
0.027205,0.027266,0.026904,0,0,0,0,0,0,0,0,0,0,0,0
0.027418,0.027557,0.027562,0,0,0,0,0,0,0,0,0,0,0,0
0.027335,0.027294,0.026973,0,0,0,0,0,0,0,0,0,0,0,0
0.027193,0.027415,0.027356,0,0,0,0,0,0,0,0,0,0,0,0
0.027402,0.027347,0.026919,0,0,0,0,0,0,0,0,0,0,0,0
0.028594,0.028072,0.028158,0,0,0,0,0,0,0,0,0,0,0,0
0.028346,0.027888,0.027455,0,0,0,0,0,0,0,0,0,0,0,0
0.027327,0.027241,0.026774,0,0,0,0,0,0,0,0,0,0,0,0
0.027285,0.027192,0.026773,0,0,0,0,0,0,0,0,0,0,0,0
0.028158,0.027754,0.027405,0,0,0,0,0,0,0,0,0,0,0,0
0.027985,0.02793,0.027397,0,0,0,0,0,0,0,0,0,0,0,0
0.027328,0.027553,0.027025,0,0,0,0,0,0,0,0,0,0,0,0
0.027536,0.027615,0.027074,0,0,0,0,0,0,0,0,0,0,0,0
0.027974,0.028048,0.027576,0,0,0,0,0,0,0,0,0,0,0,0
0.028169,0.028204,0.027698,0,0,0,0,0,0,0,0,0,0,0,0
0.027381,0.027395,0.026847,0,0,0,0,0,0,0,0,0,0,0,0
0.029144,0.02896,0.028521,0,0,0,0,0,0,0,0,0,0,0,0
0.027942,0.027996,0.027538,0,0,0,0,0,0,0,0,0,0,0,0
0.027694,0.027369,0.026814,0,0,0,0,0,0,0,0,0,0,0,0
0.02746,0.027309,0.026872,0,0,0,0,0,0,0,0,0,0,0,0
0.028097,0.027531,0.027146,0,0,0,0,0,0,0,0,0,0,0,0
0.028922,0.028487,0.028088,0,0,0,0,0,0,0,0,0,0,0,0
0.028628,0.028267,0.027779,0,0,0,0,0,0,0,0,0,0,0,0
0.02731,0.027432,0.026883,0,0,0,0,0,0,0,0,0,0,0,0
0.027767,0.02754,0.027095,0,0,0,0,0,0,0,0,0,0,0,0
0.027159,0.02733,0.026813,0,0,0,0,0,0,0,0,0,0,0,0
0.028198,0.028157,0.027496,0,0,0,0,0,0,0,0,0,0,0,0
0.027192,0.027259,0.026703,0,0,0,0,0,0,0,0,0,0,0,0
0.027458,0.027297,0.026785,0,0,0,0,0,0,0,0,0,0,0,0
0.028634,0.028766,0.028313,0,0,0,0,0,0,0,0,0,0,0,0
0.027588,0.027302,0.026821,0,0,0,0,0,0,0,0,0,0,0,0
0.02727,0.027394,0.026879,0,0,0,0,0,0,0,0,0,0,0,0
0.027485,0.02725,0.026772,0,0,0,0,0,0,0,0,0,0,0,0
0.027298,0.027267,0.026822,0,0,0,0,0,0,0,0,0,0,0,0
0.027967,0.027887,0.027311,0,0,0,0,0,0,0,0,0,0,0,0
0.027882,0.027896,0.027493,0,0,0,0,0,0,0,0,0,0,0,0
0.028044,0.027803,0.027299,0,0,0,0,0,0,0,0,0,0,0,0
0.027829,0.027757,0.027328,0,0,0,0,0,0,0,0,0,0,0,0
0.028051,0.027856,0.027369,0,0,0,0,0,0,0,0,0,0,0,0
0.027609,0.027637,0.027302,0,0,0,0,0,0,0,0,0,0,0,0
0.027699,0.027842,0.0271,0,0,0,0,0,0,0,0,0,0,0,0
0.027332,0.027279,0.026795,0,0,0,0,0,0,0,0,0,0,0,0
0.027371,0.027464,0.02671,0,0,0,0,0,0,0,0,0,0,0,0
0.027203,0.027335,0.026742,0,0,0,0,0,0,0,0,0,0,0,0
0.02748,0.027283,0.026851,0,0,0,0,0,0,0,0,0,0,0,0
0.027247,0.027314,0.026761,0,0,0,0,0,0,0,0,0,0,0,0
0.027457,0.027226,0.026728,0,0,0,0,0,0,0,0,0,0,0,0
0.02714,0.027346,0.026783,0,0,0,0,0,0,0,0,0,0,0,0
0.027478,0.027321,0.026726,0,0,0,0,0,0,0,0,0,0,0,0
0.027223,0.027295,0.026753,0,0,0,0,0,0,0,0,0,0,0,0
0.02748,0.027285,0.026812,0,0,0,0,0,0,0,0,0,0,0,0
0.027132,0.027219,0.026775,0,0,0,0,0,0,0,0,0,0,0,0
0.027517,0.027323,0.02677,0,0,0,0,0,0,0,0,0,0,0,0
0.027188,0.027412,0.026775,0,0,0,0,0,0,0,0,0,0,0,0
0.027492,0.027256,0.026833,0,0,0,0,0,0,0,0,0,0,0,0
0.027204,0.027316,0.02682,0,0,0,0,0,0,0,0,0,0,0,0
0.027487,0.027311,0.026854,0,0,0,0,0,0,0,0,0,0,0,0
0.0272,0.027274,0.026788,0,0,0,0,0,0,0,0,0,0,0,0
0.027472,0.027265,0.02679,0,0,0,0,0,0,0,0,0,0,0,0
0.027313,0.027265,0.026832,0,0,0,0,0,0,0,0,0,0,0,0
0.027523,0.027187,0.026749,0,0,0,0,0,0,0,0,0,0,0,0
0.028796,0.028786,0.028287,0,0,0,0,0,0,0,0,0,0,0,0
0.027473,0.027261,0.02681,0,0,0,0,0,0,0,0,0,0,0,0
0.02724,0.027304,0.026784,0,0,0,0,0,0,0,0,0,0,0,0
0.027466,0.027359,0.026746,0,0,0,0,0,0,0,0,0,0,0,0
0.027153,0.02725,0.026801,0,0,0,0,0,0,0,0,0,0,0,0
0.027821,0.027514,0.027033,0,0,0,0,0,0,0,0,0,0,0,0
0.027337,0.02743,0.02682,0,0,0,0,0,0,0,0,0,0,0,0
0.027498,0.027408,0.026721,0,0,0,0,0,0,0,0,0,0,0,0
0.027221,0.027444,0.026781,0,0,0,0,0,0,0,0,0,0,0,0
0.027542,0.025436,0.026745,0,0,0,0,0,0,0,0,0,0,0,0
0.027154,0.027507,0.025589,0,0,0,0,0,0,0,0,0,0,0,0
0.028206,0.028262,0.027537,0,0,0,0,0,0,0,0,0,0,0,0
0.027781,0.027993,0.027314,0,0,0,0,0,0,0,0,0,0,0,0
0.027478,0.027536,0.026881,0,0,0,0,0,0,0,0,0,0,0,0
0.028705,0.028959,0.028702,0,0,0,0,0,0,0,0,0,0,0,0
0.027609,0.027514,0.027409,0,0,0,0,0,0,0,0,0,0,0,0
0.02789,0.028069,0.027613,0,0,0,0,0,0,0,0,0,0,0,0
0.027726,0.02766,0.027688,0,0,0,0,0,0,0,0,0,0,0,0
0.02729,0.027575,0.026891,0,0,0,0,0,0,0,0,0,0,0,0
0.027512,0.027525,0.026879,0,0,0,0,0,0,0,0,0,0,0,0
0.027195,0.027369,0.027076,0,0,0,0,0,0,0,0,0,0,0,0
0.028392,0.028391,0.028348,0,0,0,0,0,0,0,0,0,0,0,0
0.027571,0.027486,0.027258,0,0,0,0,0,0,0,0,0,0,0,0
0.026382,0.027514,0.027588,0,0,0,0,0,0,0,0,0,0,0,0
0.028236,0.028232,0.027584,0,0,0,0,0,0,0,0,0,0,0,0
0.0286,0.028583,0.027941,0,0,0,0,0,0,0,0,0,0,0,0
0.028777,0.028275,0.02774,0,0,0,0,0,0,0,0,0,0,0,0
0.0279,0.027837,0.027318,0,0,0,0,0,0,0,0,0,0,0,0
0.028038,0.028051,0.027426,0,0,0,0,0,0,0,0,0,0,0,0
0.027629,0.027519,0.026893,0,0,0,0,0,0,0,0,0,0,0,0
0.027528,0.027527,0.026929,0,0,0,0,0,0,0,0,0,0,0,0
0.027859,0.027907,0.027221,0,0,0,0,0,0,0,0,0,0,0,0
0.02757,0.027565,0.026946,0,0,0,0,0,0,0,0,0,0,0,0
0.027487,0.02748,0.026959,0,0,0,0,0,0,0,0,0,0,0,0
0.02761,0.02745,0.026887,0,0,0,0,0,0,0,0,0,0,0,0
0.027463,0.027483,0.026892,0,0,0,0,0,0,0,0,0,0,0,0
0.027601,0.027492,0.02687,0,0,0,0,0,0,0,0,0,0,0,0
0.027813,0.027809,0.027205,0,0,0,0,0,0,0,0,0,0,0,0
0.027518,0.027539,0.026882,0,0,0,0,0,0,0,0,0,0,0,0
0.027551,0.027606,0.026867,0,0,0,0,0,0,0,0,0,0,0,0
0.028426,0.028508,0.027913,0,0,0,0,0,0,0,0,0,0,0,0
0.027934,0.027865,0.027286,0,0,0,0,0,0,0,0,0,0,0,0
0.027824,0.02785,0.027193,0,0,0,0,0,0,0,0,0,0,0,0
0.028193,0.028206,0.027465,0,0,0,0,0,0,0,0,0,0,0,0
0.028016,0.027993,0.027336,0,0,0,0,0,0,0,0,0,0,0,0
0.028129,0.028219,0.02756,0,0,0,0,0,0,0,0,0,0,0,0
0.028412,0.028421,0.027853,0,0,0,0,0,0,0,0,0,0,0,0
0.028701,0.028777,0.028118,0,0,0,0,0,0,0,0,0,0,0,0
0.028525,0.02857,0.02787,0,0,0,0,0,0,0,0,0,0,0,0
0.027882,0.027972,0.027256,0,0,0,0,0,0,0,0,0,0,0,0
0.027795,0.027875,0.027122,0,0,0,0,0,0,0,0,0,0,0,0
0.027584,0.027579,0.026868,0,0,0,0,0,0,0,0,0,0,0,0
0.028341,0.028312,0.02768,0,0,0,0,0,0,0,0,0,0,0,0
0.027883,0.027833,0.027244,0,0,0,0,0,0,0,0,0,0,0,0
0.028347,0.028277,0.027673,0,0,0,0,0,0,0,0,0,0,0,0
0.028577,0.028581,0.027853,0,0,0,0,0,0,0,0,0,0,0,0
0.028283,0.028221,0.027531,0,0,0,0,0,0,0,0,0,0,0,0
0.028222,0.028274,0.027663,0,0,0,0,0,0,0,0,0,0,0,0
0.028303,0.028274,0.027601,0,0,0,0,0,0,0,0,0,0,0,0
0.029474,0.029408,0.028691,0,0,0,0,0,0,0,0,0,0,0,0
0.028229,0.02827,0.02788,0,0,0,0,0,0,0,0,0,0,0,0
0.030336,0.030156,0.029892,0,0,0,0,0,0,0,0,0,0,0,0
0.029828,0.029494,0.029222,0,0,0,0,0,0,0,0,0,0,0,0
0.029933,0.029879,0.029568,0,0,0,0,0,0,0,0,0,0,0,0
0.029395,0.029207,0.029013,0,0,0,0,0,0,0,0,0,0,0,0
0.029738,0.029642,0.02936,0,0,0,0,0,0,0,0,0,0,0,0
0.028494,0.028362,0.028139,0,0,0,0,0,0,0,0,0,0,0,0
0.029184,0.029035,0.028892,0,0,0,0,0,0,0,0,0,0,0,0
0.029182,0.02916,0.028847,0,0,0,0,0,0,0,0,0,0,0,0
0.028406,0.028217,0.028005,0,0,0,0,0,0,0,0,0,0,0,0
0.02767,0.027521,0.027209,0,0,0,0,0,0,0,0,0,0,0,0
0.027692,0.027396,0.027214,0,0,0,0,0,0,0,0,0,0,0,0
0.02838,0.02824,0.029689,0,0,0,0,0,0,0,0,0,0,0,0
0.028421,0.028339,0.027944,0,0,0,0,0,0,0,0,0,0,0,0
0.027628,0.027555,0.027178,0,0,0,0,0,0,0,0,0,0,0,0
0.027661,0.027458,0.027247,0,0,0,0,0,0,0,0,0,0,0,0
0.028388,0.028402,0.028035,0,0,0,0,0,0,0,0,0,0,0,0
0.027897,0.027799,0.027653,0,0,0,0,0,0,0,0,0,0,0,0
0.028545,0.028477,0.028188,0,0,0,0,0,0,0,0,0,0,0,0
0.028457,0.028282,0.028028,0,0,0,0,0,0,0,0,0,0,0,0
0.028383,0.028316,0.027928,0,0,0,0,0,0,0,0,0,0,0,0
0.028405,0.028361,0.027999,0,0,0,0,0,0,0,0,0,0,0,0
0.028514,0.028387,0.0281,0,0,0,0,0,0,0,0,0,0,0,0
0.029332,0.029189,0.029001,0,0,0,0,0,0,0,0,0,0,0,0
0.027924,0.02792,0.027681,0,0,0,0,0,0,0,0,0,0,0,0
0.028487,0.028442,0.028171,0,0,0,0,0,0,0,0,0,0,0,0
0.02915,0.029187,0.028923,0,0,0,0,0,0,0,0,0,0,0,0
0.028863,0.028853,0.028561,0,0,0,0,0,0,0,0,0,0,0,0
0.027732,0.02781,0.027533,0,0,0,0,0,0,0,0,0,0,0,0
0.027686,0.0276,0.027346,0,0,0,0,0,0,0,0,0,0,0,0
0.027896,0.027818,0.027519,0,0,0,0,0,0,0,0,0,0,0,0
0.027201,0.02724,0.026886,0,0,0,0,0,0,0,0,0,0,0,0
0.027401,0.027196,0.027078,0,0,0,0,0,0,0,0,0,0,0,0
0.026831,0.026799,0.02654,0,0,0,0,0,0,0,0,0,0,0,0
0.026806,0.02675,0.026422,0,0,0,0,0,0,0,0,0,0,0,0
0.026725,0.026616,0.026464,0,0,0,0,0,0,0,0,0,0,0,0
0.028577,0.028476,0.028272,0,0,0,0,0,0,0,0,0,0,0,0
0.071625,0.072139,0.071399,0,0,0,0,0,0,0,0,0,0,0,0
NaN,NaN,NaN,0,0,0,0,0,0,0,0,0,0,0,0
NaN,NaN,NaN,0,0,0,0,0,0,0,0,0,0,0,0
NaN,NaN,NaN,0,0,0,0,0,0,0,0,0,0,0,0
NaN,NaN,NaN,0,0,0,0,0,0,0,0,0,0,0,0
0.19834,0.2012,0.19958,0,0,0,0,0,0,0,0,0,0,0,0
0.22698,0.22892,0.22856,0,0,0,0,0,0,0,0,0,0,0,0
0.061081,0.06034,0.06142,0,0,0,0,0,0,0,0,0,0,0,0
0.032014,0.033295,0.030178,0,0,0,0,0,0,0,0,0,0,0,0
0.041499,0.042405,0.041507,0,0,0,0,0,0,0,0,0,0,0,0
0.035736,0.037271,0.036381,0,0,0,0,0,0,0,0,0,0,0,0
0.029637,0.031186,0.029812,0,0,0,0,0,0,0,0,0,0,0,0
0.026481,0.027746,0.026688,0,0,0,0,0,0,0,0,0,0,0,0
0.026907,0.027753,0.026228,0,0,0,0,0,0,0,0,0,0,0,0
0.026601,0.026959,0.026495,0,0,0,0,0,0,0,0,0,0,0,0
0.026544,0.026509,0.026,0,0,0,0,0,0,0,0,0,0,0,0
0.025798,0.025509,0.025597,0,0,0,0,0,0,0,0,0,0,0,0
0.027118,0.026816,0.026455,0,0,0,0,0,0,0,0,0,0,0,0
0.026034,0.025401,0.02558,0,0,0,0,0,0,0,0,0,0,0,0
0.02727,0.027052,0.026776,0,0,0,0,0,0,0,0,0,0,0,0
0.027064,0.027084,0.027236,0,0,0,0,0,0,0,0,0,0,0,0
0.027296,0.02737,0.026811,0,0,0,0,0,0,0,0,0,0,0,0
0.029544,0.029259,0.0297,0,0,0,0,0,0,0,0,0,0,0,0
0.028247,0.028011,0.027957,0,0,0,0,0,0,0,0,0,0,0,0
0.027567,0.027346,0.027511,0,0,0,0,0,0,0,0,0,0,0,0
0.027714,0.027571,0.02713,0,0,0,0,0,0,0,0,0,0,0,0
0.028526,0.028623,0.027991,0,0,0,0,0,0,0,0,0,0,0,0
0.027805,0.027611,0.027398,0,0,0,0,0,0,0,0,0,0,0,0
0.028359,0.028138,0.028024,0,0,0,0,0,0,0,0,0,0,0,0
0.028545,0.028375,0.028161,0,0,0,0,0,0,0,0,0,0,0,0
0.027965,0.027878,0.027509,0,0,0,0,0,0,0,0,0,0,0,0
0.027633,0.027477,0.027443,0,0,0,0,0,0,0,0,0,0,0,0
0.027227,0.027176,0.026985,0,0,0,0,0,0,0,0,0,0,0,0
0.027793,0.027596,0.027377,0,0,0,0,0,0,0,0,0,0,0,0
0.02732,0.027073,0.026808,0,0,0,0,0,0,0,0,0,0,0,0
0.027251,0.027195,0.026814,0,0,0,0,0,0,0,0,0,0,0,0
0.028706,0.029045,0.02866,0,0,0,0,0,0,0,0,0,0,0,0
0.028275,0.028025,0.027963,0,0,0,0,0,0,0,0,0,0,0,0
0.028402,0.028342,0.028582,0,0,0,0,0,0,0,0,0,0,0,0
0.02712,0.027226,0.027096,0,0,0,0,0,0,0,0,0,0,0,0
0.027078,0.027057,0.027104,0,0,0,0,0,0,0,0,0,0,0,0
0.027129,0.027039,0.026961,0,0,0,0,0,0,0,0,0,0,0,0
0.028365,0.028165,0.028171,0,0,0,0,0,0,0,0,0,0,0,0
0.025338,0.027218,0.026978,0,0,0,0,0,0,0,0,0,0,0,0
0.027136,0.02696,0.027012,0,0,0,0,0,0,0,0,0,0,0,0
0.028967,0.028903,0.029154,0,0,0,0,0,0,0,0,0,0,0,0
0.028336,0.028338,0.028171,0,0,0,0,0,0,0,0,0,0,0,0
0.027866,0.027866,0.027598,0,0,0,0,0,0,0,0,0,0,0,0
0.02802,0.027694,0.027568,0,0,0,0,0,0,0,0,0,0,0,0
0.028265,0.028142,0.028018,0,0,0,0,0,0,0,0,0,0,0,0
0.027103,0.027113,0.026866,0,0,0,0,0,0,0,0,0,0,0,0
0.027786,0.027582,0.027352,0,0,0,0,0,0,0,0,0,0,0,0
0.027127,0.027033,0.026788,0,0,0,0,0,0,0,0,0,0,0,0
0.026983,0.026898,0.026873,0,0,0,0,0,0,0,0,0,0,0,0
0.027577,0.027473,0.027328,0,0,0,0,0,0,0,0,0,0,0,0
0.028283,0.02814,0.027987,0,0,0,0,0,0,0,0,0,0,0,0
0.027291,0.02714,0.027071,0,0,0,0,0,0,0,0,0,0,0,0
0.027095,0.026528,0.027064,0,0,0,0,0,0,0,0,0,0,0,0
0.027137,0.026881,0.026903,0,0,0,0,0,0,0,0,0,0,0,0
0.027693,0.026937,0.027327,0,0,0,0,0,0,0,0,0,0,0,0
0.027704,0.02742,0.02741,0,0,0,0,0,0,0,0,0,0,0,0
0.027566,0.027001,0.02736,0,0,0,0,0,0,0,0,0,0,0,0
0.027197,0.027005,0.026863,0,0,0,0,0,0,0,0,0,0,0,0
0.027772,0.027104,0.027531,0,0,0,0,0,0,0,0,0,0,0,0
0.027029,0.026903,0.026821,0,0,0,0,0,0,0,0,0,0,0,0
0.027156,0.026375,0.026838,0,0,0,0,0,0,0,0,0,0,0,0
0.028206,0.028076,0.027988,0,0,0,0,0,0,0,0,0,0,0,0
0.027837,0.027244,0.027585,0,0,0,0,0,0,0,0,0,0,0,0
0.027328,0.02701,0.027075,0,0,0,0,0,0,0,0,0,0,0,0
0.027111,0.026466,0.026884,0,0,0,0,0,0,0,0,0,0,0,0
0.026982,0.026929,0.026804,0,0,0,0,0,0,0,0,0,0,0,0
0.027698,0.026991,0.027439,0,0,0,0,0,0,0,0,0,0,0,0
0.027789,0.027646,0.027668,0,0,0,0,0,0,0,0,0,0,0,0
0.027113,0.02646,0.027027,0,0,0,0,0,0,0,0,0,0,0,0
0.027037,0.02686,0.026929,0,0,0,0,0,0,0,0,0,0,0,0
0.027641,0.026966,0.027869,0,0,0,0,0,0,0,0,0,0,0,0
0.027652,0.027602,0.02774,0,0,0,0,0,0,0,0,0,0,0,0
0.027143,0.02644,0.026985,0,0,0,0,0,0,0,0,0,0,0,0
0.027149,0.026841,0.026991,0,0,0,0,0,0,0,0,0,0,0,0
0.027681,0.027108,0.027754,0,0,0,0,0,0,0,0,0,0,0,0
0.027926,0.027685,0.028023,0,0,0,0,0,0,0,0,0,0,0,0
0.028168,0.027496,0.028127,0,0,0,0,0,0,0,0,0,0,0,0
0.027293,0.027218,0.027125,0,0,0,0,0,0,0,0,0,0,0,0
0.026991,0.026395,0.026878,0,0,0,0,0,0,0,0,0,0,0,0
0.027191,0.026835,0.026834,0,0,0,0,0,0,0,0,0,0,0,0
0.027114,0.026397,0.026849,0,0,0,0,0,0,0,0,0,0,0,0
0.026966,0.026824,0.026841,0,0,0,0,0,0,0,0,0,0,0,0
0.02692,0.026305,0.026818,0,0,0,0,0,0,0,0,0,0,0,0
0.026967,0.026631,0.026793,0,0,0,0,0,0,0,0,0,0,0,0
0.026859,0.026337,0.026822,0,0,0,0,0,0,0,0,0,0,0,0
0.028223,0.027963,0.028437,0,0,0,0,0,0,0,0,0,0,0,0
0.027183,0.026811,0.027089,0,0,0,0,0,0,0,0,0,0,0,0
0.027626,0.027508,0.027596,0,0,0,0,0,0,0,0,0,0,0,0
0.027141,0.026261,0.026939,0,0,0,0,0,0,0,0,0,0,0,0
0.028564,0.027844,0.028957,0,0,0,0,0,0,0,0,0,0,0,0
0.02759,0.026751,0.027343,0,0,0,0,0,0,0,0,0,0,0,0
0.028722,0.027969,0.028906,0,0,0,0,0,0,0,0,0,0,0,0
0.028491,0.027724,0.028158,0,0,0,0,0,0,0,0,0,0,0,0
0.027647,0.026726,0.027633,0,0,0,0,0,0,0,0,0,0,0,0
0.027492,0.026583,0.027244,0,0,0,0,0,0,0,0,0,0,0,0
0.027324,0.026421,0.027184,0,0,0,0,0,0,0,0,0,0,0,0
0.026938,0.026166,0.026699,0,0,0,0,0,0,0,0,0,0,0,0
0.026878,0.026082,0.026886,0,0,0,0,0,0,0,0,0,0,0,0
0.027528,0.02661,0.027208,0,0,0,0,0,0,0,0,0,0,0,0
0.028191,0.027353,0.028161,0,0,0,0,0,0,0,0,0,0,0,0
0.028432,0.027717,0.028305,0,0,0,0,0,0,0,0,0,0,0,0
0.027954,0.027341,0.028173,0,0,0,0,0,0,0,0,0,0,0,0
0.027621,0.026871,0.027399,0,0,0,0,0,0,0,0,0,0,0,0
0.026852,0.026187,0.026938,0,0,0,0,0,0,0,0,0,0,0,0
0.028102,0.02733,0.027951,0,0,0,0,0,0,0,0,0,0,0,0
0.027606,0.027009,0.027708,0,0,0,0,0,0,0,0,0,0,0,0
0.027508,0.026825,0.027367,0,0,0,0,0,0,0,0,0,0,0,0
0.026846,0.026181,0.026975,0,0,0,0,0,0,0,0,0,0,0,0
0.027403,0.026822,0.027307,0,0,0,0,0,0,0,0,0,0,0,0
0.027605,0.026812,0.027696,0,0,0,0,0,0,0,0,0,0,0,0
0.026847,0.026256,0.026727,0,0,0,0,0,0,0,0,0,0,0,0
0.027568,0.027444,0.028238,0,0,0,0,0,0,0,0,0,0,0,0
0.028802,0.028091,0.028532,0,0,0,0,0,0,0,0,0,0,0,0
0.027592,0.027389,0.028221,0,0,0,0,0,0,0,0,0,0,0,0
0.027742,0.027066,0.027947,0,0,0,0,0,0,0,0,0,0,0,0
0.027346,0.027248,0.028227,0,0,0,0,0,0,0,0,0,0,0,0
0.027517,0.026911,0.027607,0,0,0,0,0,0,0,0,0,0,0,0
0.027032,0.026958,0.027765,0,0,0,0,0,0,0,0,0,0,0,0
0.027043,0.026448,0.027244,0,0,0,0,0,0,0,0,0,0,0,0
0.026322,0.026182,0.027079,0,0,0,0,0,0,0,0,0,0,0,0
0.027462,0.026885,0.027666,0,0,0,0,0,0,0,0,0,0,0,0
0.027185,0.027007,0.027839,0,0,0,0,0,0,0,0,0,0,0,0
0.026849,0.026208,0.027062,0,0,0,0,0,0,0,0,0,0,0,0
0.02629,0.026255,0.027003,0,0,0,0,0,0,0,0,0,0,0,0
0.026987,0.026251,0.027072,0,0,0,0,0,0,0,0,0,0,0,0
0.026837,0.02672,0.027598,0,0,0,0,0,0,0,0,0,0,0,0
0.028632,0.027957,0.028841,0,0,0,0,0,0,0,0,0,0,0,0
0.028487,0.028011,0.028888,0,0,0,0,0,0,0,0,0,0,0,0
0.028602,0.028078,0.028722,0,0,0,0,0,0,0,0,0,0,0,0
0.028653,0.028319,0.029086,0,0,0,0,0,0,0,0,0,0,0,0
0.028392,0.027818,0.028723,0,0,0,0,0,0,0,0,0,0,0,0
0.02807,0.027718,0.028444,0,0,0,0,0,0,0,0,0,0,0,0
0.028098,0.027475,0.028207,0,0,0,0,0,0,0,0,0,0,0,0
0.027368,0.026871,0.027746,0,0,0,0,0,0,0,0,0,0,0,0
0.027775,0.027062,0.027908,0,0,0,0,0,0,0,0,0,0,0,0
0.02823,0.02771,0.02849,0,0,0,0,0,0,0,0,0,0,0,0
0.028171,0.027462,0.028359,0,0,0,0,0,0,0,0,0,0,0,0
0.027474,0.027002,0.027767,0,0,0,0,0,0,0,0,0,0,0,0
0.028931,0.027434,0.028279,0,0,0,0,0,0,0,0,0,0,0,0
0.02814,0.027477,0.028344,0,0,0,0,0,0,0,0,0,0,0,0
0.027868,0.027395,0.027921,0,0,0,0,0,0,0,0,0,0,0,0
0.027684,0.027461,0.027924,0,0,0,0,0,0,0,0,0,0,0,0
0.028331,0.028031,0.028485,0,0,0,0,0,0,0,0,0,0,0,0
0.028596,0.028296,0.028668,0,0,0,0,0,0,0,0,0,0,0,0
0.028578,0.02818,0.028608,0,0,0,0,0,0,0,0,0,0,0,0
0.027456,0.027473,0.028023,0,0,0,0,0,0,0,0,0,0,0,0
0.027733,0.027791,0.028332,0,0,0,0,0,0,0,0,0,0,0,0
0.02686,0.027072,0.027488,0,0,0,0,0,0,0,0,0,0,0,0
0.026662,0.026692,0.027263,0,0,0,0,0,0,0,0,0,0,0,0
0.027481,0.027674,0.028023,0,0,0,0,0,0,0,0,0,0,0,0
0.026881,0.027093,0.02752,0,0,0,0,0,0,0,0,0,0,0,0
0.02694,0.026968,0.027414,0,0,0,0,0,0,0,0,0,0,0,0
0.027708,0.027788,0.028084,0,0,0,0,0,0,0,0,0,0,0,0
0.027057,0.027169,0.027674,0,0,0,0,0,0,0,0,0,0,0,0
0.026943,0.027008,0.027441,0,0,0,0,0,0,0,0,0,0,0,0
0.026625,0.026764,0.027255,0,0,0,0,0,0,0,0,0,0,0,0
0.027441,0.027644,0.028059,0,0,0,0,0,0,0,0,0,0,0,0
0.027795,0.028059,0.02844,0,0,0,0,0,0,0,0,0,0,0,0
0.027792,0.028018,0.028428,0,0,0,0,0,0,0,0,0,0,0,0
0.026921,0.027081,0.027502,0,0,0,0,0,0,0,0,0,0,0,0
0.02803,0.028074,0.028552,0,0,0,0,0,0,0,0,0,0,0,0
0.027973,0.028116,0.028445,0,0,0,0,0,0,0,0,0,0,0,0
0.027955,0.028213,0.028572,0,0,0,0,0,0,0,0,0,0,0,0
0.028039,0.028123,0.028512,0,0,0,0,0,0,0,0,0,0,0,0
0.027973,0.028281,0.028638,0,0,0,0,0,0,0,0,0,0,0,0
0.026704,0.026864,0.027206,0,0,0,0,0,0,0,0,0,0,0,0
0.026711,0.026849,0.027206,0,0,0,0,0,0,0,0,0,0,0,0
0.028154,0.028453,0.028778,0,0,0,0,0,0,0,0,0,0,0,0
0.028875,0.029184,0.029539,0,0,0,0,0,0,0,0,0,0,0,0
0.027537,0.02806,0.028127,0,0,0,0,0,0,0,0,0,0,0,0
0.026673,0.026846,0.027309,0,0,0,0,0,0,0,0,0,0,0,0
0.027021,0.027397,0.027535,0,0,0,0,0,0,0,0,0,0,0,0
0.027383,0.027599,0.027942,0,0,0,0,0,0,0,0,0,0,0,0
0.027383,0.027831,0.027933,0,0,0,0,0,0,0,0,0,0,0,0
0.026771,0.026915,0.02733,0,0,0,0,0,0,0,0,0,0,0,0
0.027538,0.028097,0.028146,0,0,0,0,0,0,0,0,0,0,0,0
0.026956,0.027226,0.027609,0,0,0,0,0,0,0,0,0,0,0,0
0.026854,0.027479,0.027449,0,0,0,0,0,0,0,0,0,0,0,0
0.027659,0.027843,0.028197,0,0,0,0,0,0,0,0,0,0,0,0
0.027569,0.027822,0.027899,0,0,0,0,0,0,0,0,0,0,0,0
0.028378,0.027456,0.027812,0,0,0,0,0,0,0,0,0,0,0,0
0.027703,0.027953,0.028066,0,0,0,0,0,0,0,0,0,0,0,0
0.02753,0.027433,0.027892,0,0,0,0,0,0,0,0,0,0,0,0
0.028544,0.028924,0.028877,0,0,0,0,0,0,0,0,0,0,0,0
0.027772,0.027787,0.028233,0,0,0,0,0,0,0,0,0,0,0,0
0.027156,0.027357,0.027493,0,0,0,0,0,0,0,0,0,0,0,0
0.027882,0.027725,0.02818,0,0,0,0,0,0,0,0,0,0,0,0
0.027904,0.028079,0.02818,0,0,0,0,0,0,0,0,0,0,0,0
0.02773,0.027955,0.028061,0,0,0,0,0,0,0,0,0,0,0,0
0.027086,0.027325,0.027266,0,0,0,0,0,0,0,0,0,0,0,0
0.028464,0.028709,0.028939,0,0,0,0,0,0,0,0,0,0,0,0
0.028247,0.028399,0.02858,0,0,0,0,0,0,0,0,0,0,0,0
0.027803,0.028156,0.028177,0,0,0,0,0,0,0,0,0,0,0,0
0.027132,0.027387,0.02748,0,0,0,0,0,0,0,0,0,0,0,0
0.027011,0.027212,0.027471,0,0,0,0,0,0,0,0,0,0,0,0
0.027086,0.027232,0.027461,0,0,0,0,0,0,0,0,0,0,0,0
0.02854,0.028767,0.028963,0,0,0,0,0,0,0,0,0,0,0,0
0.028411,0.028694,0.028863,0,0,0,0,0,0,0,0,0,0,0,0
0.027759,0.028035,0.028115,0,0,0,0,0,0,0,0,0,0,0,0
0.028056,0.028311,0.028435,0,0,0,0,0,0,0,0,0,0,0,0
0.027486,0.027601,0.02768,0,0,0,0,0,0,0,0,0,0,0,0
0.027823,0.028092,0.028245,0,0,0,0,0,0,0,0,0,0,0,0
0.026568,0.026392,0.026659,0,0,0,0,0,0,0,0,0,0,0,0
0.026946,0.027159,0.027353,0,0,0,0,0,0,0,0,0,0,0,0
0.026551,0.026477,0.026689,0,0,0,0,0,0,0,0,0,0,0,0
0.026293,0.026532,0.026565,0,0,0,0,0,0,0,0,0,0,0,0
0.026426,0.02654,0.026636,0,0,0,0,0,0,0,0,0,0,0,0
0.026195,0.026505,0.026636,0,0,0,0,0,0,0,0,0,0,0,0
0.026456,0.026421,0.026721,0,0,0,0,0,0,0,0,0,0,0,0
0.026337,0.026456,0.026659,0,0,0,0,0,0,0,0,0,0,0,0
0.027285,0.027229,0.027322,0,0,0,0,0,0,0,0,0,0,0,0
0.028463,0.028736,0.029034,0,0,0,0,0,0,0,0,0,0,0,0
0.027339,0.027337,0.027576,0,0,0,0,0,0,0,0,0,0,0,0
0.027396,0.027766,0.027749,0,0,0,0,0,0,0,0,0,0,0,0
0.027357,0.027674,0.027508,0,0,0,0,0,0,0,0,0,0,0,0
0.027108,0.027516,0.027579,0,0,0,0,0,0,0,0,0,0,0,0
0.027628,0.02774,0.027814,0,0,0,0,0,0,0,0,0,0,0,0
0.026625,0.028251,0.028272,0,0,0,0,0,0,0,0,0,0,0,0
0.027359,0.027341,0.027404,0,0,0,0,0,0,0,0,0,0,0,0
0.027191,0.027631,0.02757,0,0,0,0,0,0,0,0,0,0,0,0
0.028316,0.028373,0.028431,0,0,0,0,0,0,0,0,0,0,0,0
0.027265,0.02759,0.027503,0,0,0,0,0,0,0,0,0,0,0,0
0.028443,0.028422,0.028438,0,0,0,0,0,0,0,0,0,0,0,0
0.027177,0.027503,0.02754,0,0,0,0,0,0,0,0,0,0,0,0
0.028308,0.028314,0.028311,0,0,0,0,0,0,0,0,0,0,0,0
0.02715,0.027432,0.027667,0,0,0,0,0,0,0,0,0,0,0,0
0.027513,0.027523,0.0275,0,0,0,0,0,0,0,0,0,0,0,0
0.02719,0.027538,0.027574,0,0,0,0,0,0,0,0,0,0,0,0
0.027425,0.027598,0.027523,0,0,0,0,0,0,0,0,0,0,0,0
0.027271,0.027564,0.027514,0,0,0,0,0,0,0,0,0,0,0,0
0.027502,0.027608,0.027597,0,0,0,0,0,0,0,0,0,0,0,0
0.027168,0.027401,0.027548,0,0,0,0,0,0,0,0,0,0,0,0
0.027385,0.027543,0.027525,0,0,0,0,0,0,0,0,0,0,0,0
0.027098,0.027454,0.028186,0,0,0,0,0,0,0,0,0,0,0,0
0.027396,0.027525,0.02766,0,0,0,0,0,0,0,0,0,0,0,0
0.027075,0.027498,0.02759,0,0,0,0,0,0,0,0,0,0,0,0
0.027477,0.027487,0.027504,0,0,0,0,0,0,0,0,0,0,0,0
0.02711,0.027616,0.027535,0,0,0,0,0,0,0,0,0,0,0,0
0.028209,0.028215,0.028299,0,0,0,0,0,0,0,0,0,0,0,0
0.027141,0.027444,0.027554,0,0,0,0,0,0,0,0,0,0,0,0
0.027401,0.027369,0.027618,0,0,0,0,0,0,0,0,0,0,0,0
0.027082,0.027474,0.027576,0,0,0,0,0,0,0,0,0,0,0,0
0.027435,0.027471,0.0275,0,0,0,0,0,0,0,0,0,0,0,0
0.027164,0.027363,0.027537,0,0,0,0,0,0,0,0,0,0,0,0
0.027349,0.027467,0.027578,0,0,0,0,0,0,0,0,0,0,0,0
0.02714,0.027547,0.027604,0,0,0,0,0,0,0,0,0,0,0,0
0.027385,0.027387,0.027543,0,0,0,0,0,0,0,0,0,0,0,0
0.027036,0.027431,0.027603,0,0,0,0,0,0,0,0,0,0,0,0
0.027263,0.027355,0.027506,0,0,0,0,0,0,0,0,0,0,0,0
0.027153,0.027419,0.027545,0,0,0,0,0,0,0,0,0,0,0,0
0.027736,0.027857,0.028008,0,0,0,0,0,0,0,0,0,0,0,0
0.027741,0.028159,0.0283,0,0,0,0,0,0,0,0,0,0,0,0
0.027883,0.027901,0.028185,0,0,0,0,0,0,0,0,0,0,0,0
0.027235,0.027549,0.02777,0,0,0,0,0,0,0,0,0,0,0,0
0.027392,0.027493,0.027684,0,0,0,0,0,0,0,0,0,0,0,0
0.027033,0.027421,0.027687,0,0,0,0,0,0,0,0,0,0,0,0
0.028092,0.028213,0.028524,0,0,0,0,0,0,0,0,0,0,0,0
0.027105,0.027491,0.027683,0,0,0,0,0,0,0,0,0,0,0,0
0.027406,0.027334,0.02758,0,0,0,0,0,0,0,0,0,0,0,0
0.027107,0.027374,0.027569,0,0,0,0,0,0,0,0,0,0,0,0
0.027337,0.027316,0.027592,0,0,0,0,0,0,0,0,0,0,0,0
0.027102,0.027321,0.027632,0,0,0,0,0,0,0,0,0,0,0,0
0.027311,0.027216,0.027498,0,0,0,0,0,0,0,0,0,0,0,0
0.027005,0.027286,0.027523,0,0,0,0,0,0,0,0,0,0,0,0
0.027371,0.027336,0.027512,0,0,0,0,0,0,0,0,0,0,0,0
0.027093,0.027412,0.027658,0,0,0,0,0,0,0,0,0,0,0,0
0.027345,0.027352,0.027605,0,0,0,0,0,0,0,0,0,0,0,0
0.027202,0.027331,0.027542,0,0,0,0,0,0,0,0,0,0,0,0
0.027325,0.027357,0.02767,0,0,0,0,0,0,0,0,0,0,0,0
0.02715,0.027325,0.027625,0,0,0,0,0,0,0,0,0,0,0,0
0.027726,0.027633,0.027888,0,0,0,0,0,0,0,0,0,0,0,0
0.026349,0.026519,0.026717,0,0,0,0,0,0,0,0,0,0,0,0
0.027317,0.027408,0.027618,0,0,0,0,0,0,0,0,0,0,0,0
0.026234,0.026483,0.026802,0,0,0,0,0,0,0,0,0,0,0,0
0.027311,0.027379,0.027563,0,0,0,0,0,0,0,0,0,0,0,0
0.026224,0.02647,0.026719,0,0,0,0,0,0,0,0,0,0,0,0
0.027402,0.027428,0.027587,0,0,0,0,0,0,0,0,0,0,0,0
0.026207,0.026467,0.026679,0,0,0,0,0,0,0,0,0,0,0,0
0.027279,0.027443,0.027492,0,0,0,0,0,0,0,0,0,0,0,0
0.027094,0.027307,0.027583,0,0,0,0,0,0,0,0,0,0,0,0
0.02736,0.027282,0.027568,0,0,0,0,0,0,0,0,0,0,0,0
0.027127,0.027433,0.027696,0,0,0,0,0,0,0,0,0,0,0,0
0.02734,0.02735,0.027549,0,0,0,0,0,0,0,0,0,0,0,0
0.02702,0.027342,0.027582,0,0,0,0,0,0,0,0,0,0,0,0
0.027408,0.027344,0.027599,0,0,0,0,0,0,0,0,0,0,0,0
0.027018,0.027394,0.02755,0,0,0,0,0,0,0,0,0,0,0,0
0.027374,0.027394,0.027575,0,0,0,0,0,0,0,0,0,0,0,0
0.027081,0.027316,0.027565,0,0,0,0,0,0,0,0,0,0,0,0
0.027368,0.027332,0.027513,0,0,0,0,0,0,0,0,0,0,0,0
0.027055,0.027364,0.027524,0,0,0,0,0,0,0,0,0,0,0,0
0.027292,0.027441,0.027528,0,0,0,0,0,0,0,0,0,0,0,0
0.027113,0.027418,0.027639,0,0,0,0,0,0,0,0,0,0,0,0
0.027314,0.027267,0.02756,0,0,0,0,0,0,0,0,0,0,0,0
0.027071,0.027251,0.027531,0,0,0,0,0,0,0,0,0,0,0,0
0.02744,0.02734,0.027588,0,0,0,0,0,0,0,0,0,0,0,0
0.027018,0.027324,0.027631,0,0,0,0,0,0,0,0,0,0,0,0
0.027339,0.027411,0.027513,0,0,0,0,0,0,0,0,0,0,0,0
0.027159,0.027289,0.02747,0,0,0,0,0,0,0,0,0,0,0,0
0.027458,0.027318,0.027584,0,0,0,0,0,0,0,0,0,0,0,0
0.027128,0.027294,0.027635,0,0,0,0,0,0,0,0,0,0,0,0
0.027408,0.027332,0.027551,0,0,0,0,0,0,0,0,0,0,0,0
0.027149,0.027377,0.027674,0,0,0,0,0,0,0,0,0,0,0,0
0.027411,0.027305,0.027549,0,0,0,0,0,0,0,0,0,0,0,0
0.027158,0.027361,0.0276,0,0,0,0,0,0,0,0,0,0,0,0
0.027418,0.027336,0.027666,0,0,0,0,0,0,0,0,0,0,0,0
0.027208,0.027253,0.027516,0,0,0,0,0,0,0,0,0,0,0,0
0.027522,0.027323,0.027603,0,0,0,0,0,0,0,0,0,0,0,0
0.027166,0.027442,0.027502,0,0,0,0,0,0,0,0,0,0,0,0
0.027395,0.027301,0.027529,0,0,0,0,0,0,0,0,0,0,0,0
0.027196,0.027431,0.027533,0,0,0,0,0,0,0,0,0,0,0,0
0.027418,0.02742,0.027604,0,0,0,0,0,0,0,0,0,0,0,0
0.027217,0.027345,0.027606,0,0,0,0,0,0,0,0,0,0,0,0
0.027571,0.027372,0.027572,0,0,0,0,0,0,0,0,0,0,0,0
0.027242,0.027422,0.027614,0,0,0,0,0,0,0,0,0,0,0,0
0.027567,0.027408,0.027586,0,0,0,0,0,0,0,0,0,0,0,0
0.027196,0.027363,0.027637,0,0,0,0,0,0,0,0,0,0,0,0
0.027475,0.02732,0.027665,0,0,0,0,0,0,0,0,0,0,0,0
NaN,NaN,NaN,0,0,0,0,0,0,0,0,0,0,0,0
NaN,NaN,NaN,0,0,0,0,0,0,0,0,0,0,0,0
NaN,NaN,NaN,0,0,0,0,0,0,0,0,0,0,0,0
NaN,NaN,NaN,0,0,0,0,0,0,0,0,0,0,0,0
0.20017,0.20222,0.19597,0,0,0,0,0,0,0,0,0,0,0,0
0.23009,0.23054,0.22524,0,0,0,0,0,0,0,0,0,0,0,0
0.061559,0.060717,0.060363,0,0,0,0,0,0,0,0,0,0,0,0
0.031201,0.032454,0.032031,0,0,0,0,0,0,0,0,0,0,0,0
0.043074,0.042128,0.042349,0,0,0,0,0,0,0,0,0,0,0,0
0.037096,0.036663,0.036085,0,0,0,0,0,0,0,0,0,0,0,0
0.030834,0.030624,0.030203,0,0,0,0,0,0,0,0,0,0,0,0
0.027851,0.027575,0.027251,0,0,0,0,0,0,0,0,0,0,0,0
0.028303,0.027749,0.02702,0,0,0,0,0,0,0,0,0,0,0,0
0.028702,0.027971,0.027745,0,0,0,0,0,0,0,0,0,0,0,0
0.026443,0.027078,0.026222,0,0,0,0,0,0,0,0,0,0,0,0
0.026801,0.027434,0.026963,0,0,0,0,0,0,0,0,0,0,0,0
0.026646,0.026826,0.026161,0,0,0,0,0,0,0,0,0,0,0,0
0.026635,0.026683,0.02624,0,0,0,0,0,0,0,0,0,0,0,0
0.026346,0.031065,0.026213,0,0,0,0,0,0,0,0,0,0,0,0
0.027032,0.02724,0.026992,0,0,0,0,0,0,0,0,0,0,0,0
0.027365,0.027255,0.026584,0,0,0,0,0,0,0,0,0,0,0,0
0.026065,0.026722,0.026615,0,0,0,0,0,0,0,0,0,0,0,0
0.026071,0.026674,0.025936,0,0,0,0,0,0,0,0,0,0,0,0
0.025934,0.026476,0.026479,0,0,0,0,0,0,0,0,0,0,0,0
0.026172,0.02905,0.026186,0,0,0,0,0,0,0,0,0,0,0,0
0.026249,0.02684,0.026632,0,0,0,0,0,0,0,0,0,0,0,0
0.025979,0.026649,0.025908,0,0,0,0,0,0,0,0,0,0,0,0
0.026112,0.026822,0.026442,0,0,0,0,0,0,0,0,0,0,0,0
0.026001,0.026705,0.0259,0,0,0,0,0,0,0,0,0,0,0,0
0.025944,0.026749,0.026359,0,0,0,0,0,0,0,0,0,0,0,0
0.026704,0.02725,0.026619,0,0,0,0,0,0,0,0,0,0,0,0
0.02703,0.028769,0.027393,0,0,0,0,0,0,0,0,0,0,0,0
0.026143,0.026894,0.026264,0,0,0,0,0,0,0,0,0,0,0,0
0.026125,0.026957,0.026627,0,0,0,0,0,0,0,0,0,0,0,0
0.026115,0.026814,0.026211,0,0,0,0,0,0,0,0,0,0,0,0
0.029885,0.035854,0.02984,0,0,0,0,0,0,0,0,0,0,0,0
0.025989,0.026663,0.026012,0,0,0,0,0,0,0,0,0,0,0,0
0.028011,0.030329,0.0283,0,0,0,0,0,0,0,0,0,0,0,0
0.025986,0.0266,0.025958,0,0,0,0,0,0,0,0,0,0,0,0
0.026685,0.027237,0.027049,0,0,0,0,0,0,0,0,0,0,0,0
0.026098,0.026762,0.026058,0,0,0,0,0,0,0,0,0,0,0,0
0.028036,0.02849,0.028295,0,0,0,0,0,0,0,0,0,0,0,0
0.026638,0.027161,0.026512,0,0,0,0,0,0,0,0,0,0,0,0
0.027996,0.028497,0.028231,0,0,0,0,0,0,0,0,0,0,0,0
0.028828,0.035234,0.028562,0,0,0,0,0,0,0,0,0,0,0,0
0.027286,0.028594,0.027694,0,0,0,0,0,0,0,0,0,0,0,0
0.027787,0.033554,0.027651,0,0,0,0,0,0,0,0,0,0,0,0
0.026875,0.028383,0.027385,0,0,0,0,0,0,0,0,0,0,0,0
0.027529,0.030906,0.027419,0,0,0,0,0,0,0,0,0,0,0,0
0.026863,0.027536,0.02726,0,0,0,0,0,0,0,0,0,0,0,0
0.026764,0.027437,0.026814,0,0,0,0,0,0,0,0,0,0,0,0
0.028023,0.028619,0.028123,0,0,0,0,0,0,0,0,0,0,0,0
0.027734,0.028225,0.027492,0,0,0,0,0,0,0,0,0,0,0,0
0.027453,0.027982,0.027681,0,0,0,0,0,0,0,0,0,0,0,0
0.027939,0.028041,0.027327,0,0,0,0,0,0,0,0,0,0,0,0
0.028035,0.027971,0.027718,0,0,0,0,0,0,0,0,0,0,0,0
0.027601,0.028198,0.02732,0,0,0,0,0,0,0,0,0,0,0,0
0.027309,0.027777,0.027514,0,0,0,0,0,0,0,0,0,0,0,0
0.027022,0.027533,0.026873,0,0,0,0,0,0,0,0,0,0,0,0
0.027471,0.027924,0.027928,0,0,0,0,0,0,0,0,0,0,0,0
0.026803,0.027959,0.026794,0,0,0,0,0,0,0,0,0,0,0,0
0.027557,0.029648,0.027775,0,0,0,0,0,0,0,0,0,0,0,0
0.027766,0.027982,0.027412,0,0,0,0,0,0,0,0,0,0,0,0
0.026732,0.027267,0.027221,0,0,0,0,0,0,0,0,0,0,0,0
0.028112,0.028299,0.027754,0,0,0,0,0,0,0,0,0,0,0,0
0.027532,0.027817,0.027821,0,0,0,0,0,0,0,0,0,0,0,0
0.0275,0.028512,0.027391,0,0,0,0,0,0,0,0,0,0,0,0
0.027686,0.029228,0.027914,0,0,0,0,0,0,0,0,0,0,0,0
0.027449,0.027772,0.027284,0,0,0,0,0,0,0,0,0,0,0,0
0.027153,0.027554,0.027414,0,0,0,0,0,0,0,0,0,0,0,0
0.027819,0.028143,0.027483,0,0,0,0,0,0,0,0,0,0,0,0
0.028214,0.028495,0.028384,0,0,0,0,0,0,0,0,0,0,0,0
0.028142,0.028358,0.027894,0,0,0,0,0,0,0,0,0,0,0,0
0.028214,0.028336,0.028246,0,0,0,0,0,0,0,0,0,0,0,0
0.026944,0.0272,0.026769,0,0,0,0,0,0,0,0,0,0,0,0
0.027025,0.027046,0.026957,0,0,0,0,0,0,0,0,0,0,0,0
0.026248,0.026458,0.025916,0,0,0,0,0,0,0,0,0,0,0,0
0.026998,0.027094,0.026966,0,0,0,0,0,0,0,0,0,0,0,0
0.026984,0.027088,0.026583,0,0,0,0,0,0,0,0,0,0,0,0
0.027338,0.027824,0.027205,0,0,0,0,0,0,0,0,0,0,0,0
0.02753,0.027344,0.026825,0,0,0,0,0,0,0,0,0,0,0,0
0.026066,0.026287,0.026261,0,0,0,0,0,0,0,0,0,0,0,0
0.02618,0.026366,0.025836,0,0,0,0,0,0,0,0,0,0,0,0
0.027742,0.027742,0.027742,0,0,0,0,0,0,0,0,0,0,0,0
0.027061,0.027246,0.026691,0,0,0,0,0,0,0,0,0,0,0,0
0.027133,0.027461,0.027365,0,0,0,0,0,0,0,0,0,0,0,0
0.027688,0.027785,0.027187,0,0,0,0,0,0,0,0,0,0,0,0
0.027891,0.027962,0.027796,0,0,0,0,0,0,0,0,0,0,0,0
0.026935,0.026665,0.026739,0,0,0,0,0,0,0,0,0,0,0,0
0.027727,0.027673,0.027678,0,0,0,0,0,0,0,0,0,0,0,0
0.027789,0.027668,0.027245,0,0,0,0,0,0,0,0,0,0,0,0
0.02831,0.028214,0.028196,0,0,0,0,0,0,0,0,0,0,0,0
0.027739,0.02731,0.02719,0,0,0,0,0,0,0,0,0,0,0,0
0.027921,0.02793,0.027913,0,0,0,0,0,0,0,0,0,0,0,0
0.027697,0.027318,0.027342,0,0,0,0,0,0,0,0,0,0,0,0
0.027682,0.027866,0.027863,0,0,0,0,0,0,0,0,0,0,0,0
0.027088,0.028219,0.026575,0,0,0,0,0,0,0,0,0,0,0,0
0.026092,0.026378,0.026339,0,0,0,0,0,0,0,0,0,0,0,0
0.027074,0.02646,0.026526,0,0,0,0,0,0,0,0,0,0,0,0
0.026125,0.026378,0.026303,0,0,0,0,0,0,0,0,0,0,0,0
0.027497,0.028674,0.026975,0,0,0,0,0,0,0,0,0,0,0,0
0.027984,0.034933,0.027707,0,0,0,0,0,0,0,0,0,0,0,0
0.027936,0.033836,0.027216,0,0,0,0,0,0,0,0,0,0,0,0
0.027082,0.033158,0.026952,0,0,0,0,0,0,0,0,0,0,0,0
0.02806,0.034086,0.027298,0,0,0,0,0,0,0,0,0,0,0,0
0.027949,0.03364,0.027587,0,0,0,0,0,0,0,0,0,0,0,0
0.026892,0.033183,0.026282,0,0,0,0,0,0,0,0,0,0,0,0
0.027042,0.032887,0.026933,0,0,0,0,0,0,0,0,0,0,0,0
0.027734,0.033892,0.027074,0,0,0,0,0,0,0,0,0,0,0,0
0.026181,0.033093,0.026501,0,0,0,0,0,0,0,0,0,0,0,0
0.026952,0.033268,0.026423,0,0,0,0,0,0,0,0,0,0,0,0
0.026057,0.025819,0.026221,0,0,0,0,0,0,0,0,0,0,0,0
0.026207,0.025741,0.025832,0,0,0,0,0,0,0,0,0,0,0,0
0.026912,0.026379,0.026868,0,0,0,0,0,0,0,0,0,0,0,0
0.026056,0.025719,0.025852,0,0,0,0,0,0,0,0,0,0,0,0
0.026669,0.031687,0.026635,0,0,0,0,0,0,0,0,0,0,0,0
0.028894,0.035571,0.028077,0,0,0,0,0,0,0,0,0,0,0,0
0.02811,0.033638,0.028071,0,0,0,0,0,0,0,0,0,0,0,0
0.026514,0.026649,0.026064,0,0,0,0,0,0,0,0,0,0,0,0
0.027513,0.031733,0.027415,0,0,0,0,0,0,0,0,0,0,0,0
0.025853,0.025437,0.02552,0,0,0,0,0,0,0,0,0,0,0,0
0.025253,0.024943,0.025526,0,0,0,0,0,0,0,0,0,0,0,0
0.025548,0.025141,0.025243,0,0,0,0,0,0,0,0,0,0,0,0
0.025531,0.025325,0.025782,0,0,0,0,0,0,0,0,0,0,0,0
0.025516,0.02516,0.025182,0,0,0,0,0,0,0,0,0,0,0,0
0.025819,0.025391,0.025425,0,0,0,0,0,0,0,0,0,0,0,0
0.025463,0.025038,0.025035,0,0,0,0,0,0,0,0,0,0,0,0
0.025811,0.02538,0.025452,0,0,0,0,0,0,0,0,0,0,0,0
0.025557,0.02509,0.02516,0,0,0,0,0,0,0,0,0,0,0,0
0.026082,0.031225,0.025523,0,0,0,0,0,0,0,0,0,0,0,0
0.026161,0.032244,0.025521,0,0,0,0,0,0,0,0,0,0,0,0
0.026281,0.032414,0.025738,0,0,0,0,0,0,0,0,0,0,0,0
0.025742,0.032166,0.025543,0,0,0,0,0,0,0,0,0,0,0,0
0.026008,0.03166,0.025603,0,0,0,0,0,0,0,0,0,0,0,0
0.025523,0.031646,0.025447,0,0,0,0,0,0,0,0,0,0,0,0
0.025789,0.031627,0.025695,0,0,0,0,0,0,0,0,0,0,0,0
0.02511,0.031974,0.025004,0,0,0,0,0,0,0,0,0,0,0,0
0.025173,0.027013,0.024921,0,0,0,0,0,0,0,0,0,0,0,0
0.025107,0.024871,0.024919,0,0,0,0,0,0,0,0,0,0,0,0
0.025265,0.024897,0.024861,0,0,0,0,0,0,0,0,0,0,0,0
0.025521,0.025161,0.025173,0,0,0,0,0,0,0,0,0,0,0,0
0.025611,0.025128,0.025174,0,0,0,0,0,0,0,0,0,0,0,0
0.025298,0.025035,0.02499,0,0,0,0,0,0,0,0,0,0,0,0
0.025568,0.025267,0.025247,0,0,0,0,0,0,0,0,0,0,0,0
0.025252,0.02501,0.025211,0,0,0,0,0,0,0,0,0,0,0,0
0.025568,0.025248,0.025109,0,0,0,0,0,0,0,0,0,0,0,0
0.025642,0.025282,0.025307,0,0,0,0,0,0,0,0,0,0,0,0
0.025667,0.025342,0.025236,0,0,0,0,0,0,0,0,0,0,0,0
0.025235,0.024994,0.025025,0,0,0,0,0,0,0,0,0,0,0,0
0.025381,0.025042,0.024911,0,0,0,0,0,0,0,0,0,0,0,0
0.025368,0.025083,0.024989,0,0,0,0,0,0,0,0,0,0,0,0
0.025243,0.025016,0.024944,0,0,0,0,0,0,0,0,0,0,0,0
0.025556,0.025335,0.025182,0,0,0,0,0,0,0,0,0,0,0,0
0.025222,0.024897,0.024937,0,0,0,0,0,0,0,0,0,0,0,0
0.025534,0.025209,0.02513,0,0,0,0,0,0,0,0,0,0,0,0
0.025888,0.025506,0.025406,0,0,0,0,0,0,0,0,0,0,0,0
0.025182,0.024891,0.024864,0,0,0,0,0,0,0,0,0,0,0,0
0.025577,0.02523,0.025266,0,0,0,0,0,0,0,0,0,0,0,0
0.025581,0.025237,0.025159,0,0,0,0,0,0,0,0,0,0,0,0
0.02556,0.025267,0.025189,0,0,0,0,0,0,0,0,0,0,0,0
0.025401,0.024954,0.024961,0,0,0,0,0,0,0,0,0,0,0,0
0.025316,0.025244,0.024957,0,0,0,0,0,0,0,0,0,0,0,0
0.025342,0.024988,0.025058,0,0,0,0,0,0,0,0,0,0,0,0
0.025343,0.025079,0.024964,0,0,0,0,0,0,0,0,0,0,0,0
0.025309,0.025005,0.024987,0,0,0,0,0,0,0,0,0,0,0,0
0.02531,0.024973,0.024934,0,0,0,0,0,0,0,0,0,0,0,0
0.02539,0.023976,0.024924,0,0,0,0,0,0,0,0,0,0,0,0
0.025253,0.025078,0.024986,0,0,0,0,0,0,0,0,0,0,0,0
0.02549,0.02522,0.025173,0,0,0,0,0,0,0,0,0,0,0,0
0.025232,0.024968,0.02493,0,0,0,0,0,0,0,0,0,0,0,0
0.025238,0.025061,0.024804,0,0,0,0,0,0,0,0,0,0,0,0
0.025151,0.025003,0.024845,0,0,0,0,0,0,0,0,0,0,0,0
0.026111,0.032101,0.025638,0,0,0,0,0,0,0,0,0,0,0,0
0.025763,0.025235,0.025086,0,0,0,0,0,0,0,0,0,0,0,0
0.025306,0.025069,0.024066,0,0,0,0,0,0,0,0,0,0,0,0
0.025594,0.024967,0.025025,0,0,0,0,0,0,0,0,0,0,0,0
0.025318,0.024897,0.024925,0,0,0,0,0,0,0,0,0,0,0,0
0.025517,0.02499,0.024899,0,0,0,0,0,0,0,0,0,0,0,0
0.025149,0.02498,0.024904,0,0,0,0,0,0,0,0,0,0,0,0
0.025476,0.02497,0.024899,0,0,0,0,0,0,0,0,0,0,0,0
0.025237,0.025033,0.025001,0,0,0,0,0,0,0,0,0,0,0,0
0.025663,0.027622,0.025114,0,0,0,0,0,0,0,0,0,0,0,0
0.025391,0.02512,0.024938,0,0,0,0,0,0,0,0,0,0,0,0
0.026002,0.02935,0.02523,0,0,0,0,0,0,0,0,0,0,0,0
0.025318,0.025228,0.025042,0,0,0,0,0,0,0,0,0,0,0,0
0.025402,0.025018,0.024964,0,0,0,0,0,0,0,0,0,0,0,0
0.025442,0.02584,0.025112,0,0,0,0,0,0,0,0,0,0,0,0
0.025539,0.025165,0.024962,0,0,0,0,0,0,0,0,0,0,0,0
0.025194,0.025106,0.024938,0,0,0,0,0,0,0,0,0,0,0,0
0.025558,0.025174,0.025014,0,0,0,0,0,0,0,0,0,0,0,0
0.025211,0.025077,0.024927,0,0,0,0,0,0,0,0,0,0,0,0
0.024685,0.025088,0.024917,0,0,0,0,0,0,0,0,0,0,0,0
0.02531,0.025072,0.024993,0,0,0,0,0,0,0,0,0,0,0,0
0.025502,0.02505,0.024983,0,0,0,0,0,0,0,0,0,0,0,0
0.025166,0.025202,0.025257,0,0,0,0,0,0,0,0,0,0,0,0
0.025498,0.025128,0.025002,0,0,0,0,0,0,0,0,0,0,0,0
0.025182,0.025072,0.025094,0,0,0,0,0,0,0,0,0,0,0,0
0.025595,0.025195,0.024979,0,0,0,0,0,0,0,0,0,0,0,0
0.025209,0.025095,0.024954,0,0,0,0,0,0,0,0,0,0,0,0
0.025508,0.025042,0.024943,0,0,0,0,0,0,0,0,0,0,0,0
0.025187,0.025035,0.024943,0,0,0,0,0,0,0,0,0,0,0,0
0.025431,0.024951,0.024889,0,0,0,0,0,0,0,0,0,0,0,0
0.025255,0.025178,0.024952,0,0,0,0,0,0,0,0,0,0,0,0
0.025583,0.025061,0.024986,0,0,0,0,0,0,0,0,0,0,0,0
0.025432,0.027465,0.025114,0,0,0,0,0,0,0,0,0,0,0,0
0.025599,0.025167,0.024955,0,0,0,0,0,0,0,0,0,0,0,0
0.025321,0.025066,0.024936,0,0,0,0,0,0,0,0,0,0,0,0
0.025514,0.025016,0.024994,0,0,0,0,0,0,0,0,0,0,0,0
0.025325,0.025183,0.025047,0,0,0,0,0,0,0,0,0,0,0,0
0.025564,0.025187,0.024937,0,0,0,0,0,0,0,0,0,0,0,0
0.025279,0.025154,0.024948,0,0,0,0,0,0,0,0,0,0,0,0
0.025487,0.025114,0.024996,0,0,0,0,0,0,0,0,0,0,0,0
0.025157,0.025063,0.025015,0,0,0,0,0,0,0,0,0,0,0,0
0.025835,0.025361,0.025285,0,0,0,0,0,0,0,0,0,0,0,0
0.025197,0.025104,0.024923,0,0,0,0,0,0,0,0,0,0,0,0
0.025509,0.025108,0.024793,0,0,0,0,0,0,0,0,0,0,0,0
0.025115,0.024888,0.024754,0,0,0,0,0,0,0,0,0,0,0,0
0.025507,0.025194,0.024978,0,0,0,0,0,0,0,0,0,0,0,0
0.025237,0.025091,0.024905,0,0,0,0,0,0,0,0,0,0,0,0
0.025548,0.025173,0.024827,0,0,0,0,0,0,0,0,0,0,0,0
0.025277,0.025005,0.024799,0,0,0,0,0,0,0,0,0,0,0,0
0.025487,0.025076,0.024802,0,0,0,0,0,0,0,0,0,0,0,0
0.025141,0.025067,0.024811,0,0,0,0,0,0,0,0,0,0,0,0
0.025472,0.025068,0.024821,0,0,0,0,0,0,0,0,0,0,0,0
0.025151,0.025061,0.024822,0,0,0,0,0,0,0,0,0,0,0,0
0.025493,0.025033,0.024828,0,0,0,0,0,0,0,0,0,0,0,0
0.025223,0.025056,0.02492,0,0,0,0,0,0,0,0,0,0,0,0
0.02547,0.025027,0.024985,0,0,0,0,0,0,0,0,0,0,0,0
0.025238,0.025173,0.024857,0,0,0,0,0,0,0,0,0,0,0,0
0.025447,0.025226,0.024842,0,0,0,0,0,0,0,0,0,0,0,0
0.02527,0.025077,0.024807,0,0,0,0,0,0,0,0,0,0,0,0
0.02545,0.024908,0.024812,0,0,0,0,0,0,0,0,0,0,0,0
0.025212,0.025429,0.024827,0,0,0,0,0,0,0,0,0,0,0,0
0.025517,0.025292,0.024842,0,0,0,0,0,0,0,0,0,0,0,0
0.025382,0.025243,0.024863,0,0,0,0,0,0,0,0,0,0,0,0
0.025449,0.025312,0.024777,0,0,0,0,0,0,0,0,0,0,0,0
0.02515,0.025086,0.024885,0,0,0,0,0,0,0,0,0,0,0,0
0.025432,0.02517,0.024803,0,0,0,0,0,0,0,0,0,0,0,0
0.025179,0.025101,0.024855,0,0,0,0,0,0,0,0,0,0,0,0
0.025504,0.025125,0.02484,0,0,0,0,0,0,0,0,0,0,0,0
0.025314,0.02502,0.024871,0,0,0,0,0,0,0,0,0,0,0,0
0.025505,0.025057,0.024807,0,0,0,0,0,0,0,0,0,0,0,0
0.02516,0.025096,0.024909,0,0,0,0,0,0,0,0,0,0,0,0
0.025506,0.025106,0.024823,0,0,0,0,0,0,0,0,0,0,0,0
0.025217,0.025055,0.024922,0,0,0,0,0,0,0,0,0,0,0,0
0.025476,0.025115,0.02491,0,0,0,0,0,0,0,0,0,0,0,0
0.025115,0.024973,0.024779,0,0,0,0,0,0,0,0,0,0,0,0
0.025471,0.025037,0.024813,0,0,0,0,0,0,0,0,0,0,0,0
0.025167,0.025094,0.024807,0,0,0,0,0,0,0,0,0,0,0,0
0.025426,0.025239,0.024858,0,0,0,0,0,0,0,0,0,0,0,0
0.025117,0.025094,0.024879,0,0,0,0,0,0,0,0,0,0,0,0
0.025456,0.025145,0.024865,0,0,0,0,0,0,0,0,0,0,0,0
0.0252,0.025107,0.024875,0,0,0,0,0,0,0,0,0,0,0,0
0.025414,0.025147,0.024827,0,0,0,0,0,0,0,0,0,0,0,0
0.025892,0.031184,0.025314,0,0,0,0,0,0,0,0,0,0,0,0
0.02666,0.032228,0.025641,0,0,0,0,0,0,0,0,0,0,0,0
0.026128,0.032527,0.025441,0,0,0,0,0,0,0,0,0,0,0,0
0.026072,0.031812,0.025345,0,0,0,0,0,0,0,0,0,0,0,0
0.025268,0.025373,0.024909,0,0,0,0,0,0,0,0,0,0,0,0
0.025614,0.025202,0.024812,0,0,0,0,0,0,0,0,0,0,0,0
0.025354,0.02526,0.024791,0,0,0,0,0,0,0,0,0,0,0,0
0.025601,0.024995,0.024693,0,0,0,0,0,0,0,0,0,0,0,0
0.025275,0.025144,0.024744,0,0,0,0,0,0,0,0,0,0,0,0
0.025623,0.025293,0.024767,0,0,0,0,0,0,0,0,0,0,0,0
0.025276,0.025041,0.024888,0,0,0,0,0,0,0,0,0,0,0,0
0.025614,0.025087,0.024902,0,0,0,0,0,0,0,0,0,0,0,0
0.025257,0.025175,0.024837,0,0,0,0,0,0,0,0,0,0,0,0
0.025607,0.025149,0.024868,0,0,0,0,0,0,0,0,0,0,0,0
0.025247,0.025107,0.024847,0,0,0,0,0,0,0,0,0,0,0,0
0.025576,0.025269,0.024912,0,0,0,0,0,0,0,0,0,0,0,0
0.025402,0.025118,0.024837,0,0,0,0,0,0,0,0,0,0,0,0
0.025608,0.025188,0.024851,0,0,0,0,0,0,0,0,0,0,0,0
0.025336,0.025144,0.024802,0,0,0,0,0,0,0,0,0,0,0,0
0.025535,0.025134,0.024882,0,0,0,0,0,0,0,0,0,0,0,0
0.025588,0.025468,0.025174,0,0,0,0,0,0,0,0,0,0,0,0
0.025843,0.025414,0.025143,0,0,0,0,0,0,0,0,0,0,0,0
0.025141,0.025101,0.02475,0,0,0,0,0,0,0,0,0,0,0,0
0.025496,0.025246,0.024905,0,0,0,0,0,0,0,0,0,0,0,0
0.025189,0.025106,0.024797,0,0,0,0,0,0,0,0,0,0,0,0
0.025556,0.02516,0.024774,0,0,0,0,0,0,0,0,0,0,0,0
0.025322,0.025202,0.024825,0,0,0,0,0,0,0,0,0,0,0,0
0.025636,0.025186,0.024797,0,0,0,0,0,0,0,0,0,0,0,0
0.025841,0.025114,0.024868,0,0,0,0,0,0,0,0,0,0,0,0
0.025353,0.025136,0.024897,0,0,0,0,0,0,0,0,0,0,0,0
0.025121,0.025128,0.0249,0,0,0,0,0,0,0,0,0,0,0,0
0.025409,0.025117,0.024885,0,0,0,0,0,0,0,0,0,0,0,0
0.025204,0.025253,0.024795,0,0,0,0,0,0,0,0,0,0,0,0
0.025467,0.025176,0.024905,0,0,0,0,0,0,0,0,0,0,0,0
0.025111,0.025374,0.024868,0,0,0,0,0,0,0,0,0,0,0,0
0.025405,0.025076,0.024813,0,0,0,0,0,0,0,0,0,0,0,0
0.025058,0.025119,0.024869,0,0,0,0,0,0,0,0,0,0,0,0
0.025344,0.02501,0.024744,0,0,0,0,0,0,0,0,0,0,0,0
0.025122,0.025094,0.02477,0,0,0,0,0,0,0,0,0,0,0,0
0.025499,0.025129,0.024759,0,0,0,0,0,0,0,0,0,0,0,0
0.025055,0.02504,0.02475,0,0,0,0,0,0,0,0,0,0,0,0
0.025441,0.025067,0.024802,0,0,0,0,0,0,0,0,0,0,0,0
0.025049,0.025145,0.024773,0,0,0,0,0,0,0,0,0,0,0,0
0.025418,0.025132,0.024837,0,0,0,0,0,0,0,0,0,0,0,0
0.025055,0.025066,0.024708,0,0,0,0,0,0,0,0,0,0,0,0
0.025473,0.025071,0.024811,0,0,0,0,0,0,0,0,0,0,0,0
0.025053,0.025102,0.02475,0,0,0,0,0,0,0,0,0,0,0,0
0.025365,0.025073,0.024755,0,0,0,0,0,0,0,0,0,0,0,0
0.025104,0.025121,0.024886,0,0,0,0,0,0,0,0,0,0,0,0
0.025499,0.025096,0.024768,0,0,0,0,0,0,0,0,0,0,0,0
0.025072,0.025019,0.024705,0,0,0,0,0,0,0,0,0,0,0,0
0.025284,0.025073,0.024708,0,0,0,0,0,0,0,0,0,0,0,0
0.024984,0.025018,0.024625,0,0,0,0,0,0,0,0,0,0,0,0
0.025514,0.025056,0.024813,0,0,0,0,0,0,0,0,0,0,0,0
0.02504,0.025068,0.024792,0,0,0,0,0,0,0,0,0,0,0,0
0.02541,0.025065,0.024835,0,0,0,0,0,0,0,0,0,0,0,0
0.025073,0.025071,0.024779,0,0,0,0,0,0,0,0,0,0,0,0
0.025448,0.025114,0.024729,0,0,0,0,0,0,0,0,0,0,0,0
0.025293,0.025063,0.024816,0,0,0,0,0,0,0,0,0,0,0,0
0.025327,0.025032,0.024785,0,0,0,0,0,0,0,0,0,0,0,0
0.025227,0.025081,0.02477,0,0,0,0,0,0,0,0,0,0,0,0
0.025308,0.025005,0.024682,0,0,0,0,0,0,0,0,0,0,0,0
0.025083,0.025017,0.024636,0,0,0,0,0,0,0,0,0,0,0,0
0.025437,0.025086,0.024746,0,0,0,0,0,0,0,0,0,0,0,0
0.025087,0.025107,0.024729,0,0,0,0,0,0,0,0,0,0,0,0
0.025397,0.025094,0.024797,0,0,0,0,0,0,0,0,0,0,0,0
0.025165,0.025103,0.024738,0,0,0,0,0,0,0,0,0,0,0,0
0.025484,0.024999,0.02471,0,0,0,0,0,0,0,0,0,0,0,0
0.025186,0.025169,0.024741,0,0,0,0,0,0,0,0,0,0,0,0
0.025465,0.025077,0.024774,0,0,0,0,0,0,0,0,0,0,0,0
0.025224,0.02512,0.024704,0,0,0,0,0,0,0,0,0,0,0,0
0.02555,0.025161,0.02477,0,0,0,0,0,0,0,0,0,0,0,0
0.02529,0.025148,0.024758,0,0,0,0,0,0,0,0,0,0,0,0
0.025638,0.025127,0.024766,0,0,0,0,0,0,0,0,0,0,0,0
0.025226,0.025181,0.024816,0,0,0,0,0,0,0,0,0,0,0,0
0.025625,0.025185,0.024942,0,0,0,0,0,0,0,0,0,0,0,0
0.02534,0.025181,0.024753,0,0,0,0,0,0,0,0,0,0,0,0
0.025712,0.025079,0.024709,0,0,0,0,0,0,0,0,0,0,0,0
0.025287,0.025149,0.024841,0,0,0,0,0,0,0,0,0,0,0,0
0.02548,0.025151,0.024717,0,0,0,0,0,0,0,0,0,0,0,0
0.025273,0.025158,0.024751,0,0,0,0,0,0,0,0,0,0,0,0
0.025468,0.025093,0.024757,0,0,0,0,0,0,0,0,0,0,0,0
0.025196,0.025043,0.024665,0,0,0,0,0,0,0,0,0,0,0,0
0.025683,0.025299,0.024822,0,0,0,0,0,0,0,0,0,0,0,0
0.025852,0.028766,0.025092,0,0,0,0,0,0,0,0,0,0,0,0
0.026523,0.032968,0.025273,0,0,0,0,0,0,0,0,0,0,0,0
0.026088,0.033165,0.025183,0,0,0,0,0,0,0,0,0,0,0,0
0.02647,0.031672,0.025443,0,0,0,0,0,0,0,0,0,0,0,0
0.025529,0.032209,0.025048,0,0,0,0,0,0,0,0,0,0,0,0
0.0257,0.025272,0.024812,0,0,0,0,0,0,0,0,0,0,0,0
0.025334,0.02513,0.024781,0,0,0,0,0,0,0,0,0,0,0,0
0.025613,0.025023,0.024717,0,0,0,0,0,0,0,0,0,0,0,0
0.025325,0.025086,0.024686,0,0,0,0,0,0,0,0,0,0,0,0
0.025695,0.025075,0.024795,0,0,0,0,0,0,0,0,0,0,0,0
0.02538,0.025062,0.024744,0,0,0,0,0,0,0,0,0,0,0,0
NaN,NaN,NaN,0,0,0,0,0,0,0,0,0,0,0,0
NaN,NaN,NaN,0,0,0,0,0,0,0,0,0,0,0,0
NaN,NaN,NaN,0,0,0,0,0,0,0,0,0,0,0,0
NaN,NaN,NaN,0,0,0,0,0,0,0,0,0,0,0,0
0.19647,0.19687,0.19329,0,0,0,0,0,0,0,0,0,0,0,0
0.22965,0.22923,0.22887,0,0,0,0,0,0,0,0,0,0,0,0
0.063624,0.061914,0.062979,0,0,0,0,0,0,0,0,0,0,0,0
0.033747,0.033566,0.034861,0,0,0,0,0,0,0,0,0,0,0,0
0.0434,0.043335,0.044486,0,0,0,0,0,0,0,0,0,0,0,0
0.038534,0.038391,0.040273,0,0,0,0,0,0,0,0,0,0,0,0
0.032495,0.031708,0.033568,0,0,0,0,0,0,0,0,0,0,0,0
0.027746,0.027506,0.028904,0,0,0,0,0,0,0,0,0,0,0,0
0.028588,0.027861,0.029704,0,0,0,0,0,0,0,0,0,0,0,0
0.027347,0.027091,0.028557,0,0,0,0,0,0,0,0,0,0,0,0
0.028561,0.027833,0.029722,0,0,0,0,0,0,0,0,0,0,0,0
0.027718,0.027431,0.028877,0,0,0,0,0,0,0,0,0,0,0,0
0.027629,0.026811,0.02871,0,0,0,0,0,0,0,0,0,0,0,0
0.027546,0.027226,0.028054,0,0,0,0,0,0,0,0,0,0,0,0
0.028432,0.02769,0.028536,0,0,0,0,0,0,0,0,0,0,0,0
0.027695,0.027314,0.027821,0,0,0,0,0,0,0,0,0,0,0,0
0.028222,0.027389,0.028383,0,0,0,0,0,0,0,0,0,0,0,0
0.027728,0.027467,0.027979,0,0,0,0,0,0,0,0,0,0,0,0
0.028024,0.027288,0.028164,0,0,0,0,0,0,0,0,0,0,0,0
0.027705,0.027302,0.028302,0,0,0,0,0,0,0,0,0,0,0,0
0.028819,0.0281,0.028939,0,0,0,0,0,0,0,0,0,0,0,0
0.027981,0.027639,0.028115,0,0,0,0,0,0,0,0,0,0,0,0
0.028066,0.027331,0.028243,0,0,0,0,0,0,0,0,0,0,0,0
0.02809,0.027924,0.028422,0,0,0,0,0,0,0,0,0,0,0,0
0.029019,0.028187,0.029094,0,0,0,0,0,0,0,0,0,0,0,0
0.0274,0.027056,0.027446,0,0,0,0,0,0,0,0,0,0,0,0
0.027572,0.026835,0.027625,0,0,0,0,0,0,0,0,0,0,0,0
0.02726,0.02696,0.027474,0,0,0,0,0,0,0,0,0,0,0,0
0.027306,0.026619,0.027448,0,0,0,0,0,0,0,0,0,0,0,0
0.025745,0.025491,0.025824,0,0,0,0,0,0,0,0,0,0,0,0
0.025976,0.02523,0.026189,0,0,0,0,0,0,0,0,0,0,0,0
0.026092,0.025597,0.025864,0,0,0,0,0,0,0,0,0,0,0,0
0.026994,0.026122,0.026974,0,0,0,0,0,0,0,0,0,0,0,0
0.02722,0.026877,0.02734,0,0,0,0,0,0,0,0,0,0,0,0
NaN,NaN,NaN,0,0,0,0,0,0,0,0,0,0,0,0
NaN,NaN,NaN,0,0,0,0,0,0,0,0,0,0,0,0
NaN,NaN,NaN,0,0,0,0,0,0,0,0,0,0,0,0
NaN,NaN,NaN,0,0,0,0,0,0,0,0,0,0,0,0
0.20341,0.1995,0.1931,0,0,0,0,0,0,0,0,0,0,0,0
0.2291,0.22833,0.22757,0,0,0,0,0,0,0,0,0,0,0,0
0.059563,0.059119,0.059433,0,0,0,0,0,0,0,0,0,0,0,0
0.032149,0.032157,0.03325,0,0,0,0,0,0,0,0,0,0,0,0
0.040601,0.040488,0.040764,0,0,0,0,0,0,0,0,0,0,0,0
0.034954,0.035016,0.035732,0,0,0,0,0,0,0,0,0,0,0,0
0.029484,0.029377,0.029399,0,0,0,0,0,0,0,0,0,0,0,0
0.025942,0.025913,0.025947,0,0,0,0,0,0,0,0,0,0,0,0
0.026634,0.026553,0.026624,0,0,0,0,0,0,0,0,0,0,0,0
0.02601,0.025923,0.025998,0,0,0,0,0,0,0,0,0,0,0,0
0.025644,0.02571,0.025689,0,0,0,0,0,0,0,0,0,0,0,0
0.025568,0.025495,0.025532,0,0,0,0,0,0,0,0,0,0,0,0
0.025428,0.025422,0.02543,0,0,0,0,0,0,0,0,0,0,0,0
0.025373,0.025405,0.025586,0,0,0,0,0,0,0,0,0,0,0,0
0.02587,0.025706,0.02568,0,0,0,0,0,0,0,0,0,0,0,0
0.025627,0.025491,0.025511,0,0,0,0,0,0,0,0,0,0,0,0
0.025635,0.025429,0.025529,0,0,0,0,0,0,0,0,0,0,0,0
0.025604,0.025532,0.025468,0,0,0,0,0,0,0,0,0,0,0,0
0.025541,0.025424,0.025494,0,0,0,0,0,0,0,0,0,0,0,0
0.025621,0.02544,0.025561,0,0,0,0,0,0,0,0,0,0,0,0
0.025695,0.025641,0.025642,0,0,0,0,0,0,0,0,0,0,0,0
0.025808,0.025552,0.025655,0,0,0,0,0,0,0,0,0,0,0,0
0.025627,0.025492,0.025512,0,0,0,0,0,0,0,0,0,0,0,0
0.025939,0.025641,0.025662,0,0,0,0,0,0,0,0,0,0,0,0
0.025627,0.025527,0.025638,0,0,0,0,0,0,0,0,0,0,0,0
0.025588,0.025497,0.025612,0,0,0,0,0,0,0,0,0,0,0,0
0.025724,0.025563,0.025501,0,0,0,0,0,0,0,0,0,0,0,0
0.02577,0.025614,0.025555,0,0,0,0,0,0,0,0,0,0,0,0
0.025686,0.02551,0.025548,0,0,0,0,0,0,0,0,0,0,0,0
0.025792,0.025587,0.02576,0,0,0,0,0,0,0,0,0,0,0,0
0.025822,0.025706,0.025738,0,0,0,0,0,0,0,0,0,0,0,0
0.026042,0.025896,0.025837,0,0,0,0,0,0,0,0,0,0,0,0
0.026062,0.025576,0.025656,0,0,0,0,0,0,0,0,0,0,0,0
0.02579,0.025602,0.025572,0,0,0,0,0,0,0,0,0,0,0,0
0.025658,0.025583,0.025446,0,0,0,0,0,0,0,0,0,0,0,0
0.025528,0.025375,0.025401,0,0,0,0,0,0,0,0,0,0,0,0
0.025592,0.025472,0.025514,0,0,0,0,0,0,0,0,0,0,0,0
