1
759.5042,239.2579,149.3141,93.3884
760.9279,238.7833,149.3141,93.3884
761.4025,239.2579,149.3141,93.3884
762.3385,239.1893,154.0862,96.3730
762.3250,238.1390,159.0108,99.4531
764.3326,237.0551,164.0927,102.6316
763.2750,234.8935,169.3371,105.9118
762.7368,234.3553,169.3371,105.9118
764.3514,233.8171,169.3371,105.9118
764.8896,233.2789,169.3371,105.9118
758.9692,233.8171,169.3371,105.9118
759.5074,233.2789,169.3371,105.9118
761.6454,233.2011,174.7492,109.2967
762.2009,232.6456,174.7492,109.2967
763.8671,233.2011,174.7492,109.2967
789.3066,226.5379,169.4149,105.9604
793.5077,228.6936,164.2435,102.7259
794.0297,228.1716,164.2435,102.7259
794.5518,226.6055,164.2435,102.7259
800.7128,225.5632,159.2299,99.5902
805.2676,221.0083,159.2299,99.5902
804.7615,221.5144,159.2299,99.5902
800.6987,221.4413,164.3188,102.7731
800.1765,220.9190,164.3188,102.7731
801.7433,219.3522,164.3188,102.7731
803.3101,218.8299,164.3188,102.7731
803.8323,218.3076,164.3188,102.7731
805.3992,218.8299,164.3188,102.7731
805.9214,219.3522,164.3188,102.7731
806.4437,219.8745,164.3188,102.7731
812.1887,220.3967,164.3188,102.7731
814.8000,220.9190,164.3188,102.7731
817.4114,220.3967,164.3188,102.7731
825.6643,222.4876,159.3030,99.6359
828.6020,226.5399,154.4402,96.5945
832.0381,225.0673,154.4402,96.5945
835.8679,223.1055,149.7259,93.6459
839.1991,223.5814,149.7259,93.6459
841.5786,223.1055,149.7259,93.6459
846.8133,220.7261,149.7259,93.6459
849.5744,219.7759,145.1554,90.7873
852.2512,218.8548,140.7245,88.0160
853.0573,218.8563,136.4289,85.3293
858.1749,216.2560,132.2643,82.7246
861.9584,216.6764,132.2643,82.7246
862.7159,216.6778,128.2269,80.1994
863.1235,216.2703,128.2269,80.1994
863.5310,216.6778,128.2269,80.1994
863.9386,217.0854,128.2269,80.1994
864.3461,217.4929,128.2269,80.1994
869.9712,215.0490,124.3128,77.7513
872.2637,215.8406,120.5181,75.3779
874.4861,213.5435,116.8392,73.0770
876.6408,214.2875,113.2727,70.8463
878.7297,216.4489,109.8150,68.6837
878.3806,215.4018,109.8150,68.6837
881.8019,216.1011,106.4628,66.5871
884.4419,220.1628,103.2130,64.5545
885.4261,219.8347,103.2130,64.5545
886.4102,216.8823,103.2130,64.5545
884.4329,216.1787,106.5117,66.6176
884.7714,221.2568,106.5117,66.6176
882.7308,225.9474,109.9158,68.7467
880.6249,223.8007,113.4287,70.9439
881.7065,222.7191,113.4287,70.9439
883.5092,223.0797,113.4287,70.9439
883.8696,226.3244,113.4287,70.9439
885.2404,224.8835,109.9663,68.7783
886.5692,222.0886,106.6095,66.6788
889.2129,223.4451,103.3552,64.6434
890.4619,224.7602,100.2003,62.6702
892.3097,225.3983,97.1417,60.7572
894.1011,226.0168,94.1764,58.9025
892.6044,225.1189,94.1764,58.9025
893.5024,224.8195,94.1764,58.9025
895.2391,226.6165,91.3016,57.1045
894.9489,225.1656,91.3016,57.1045
894.6588,225.4557,91.3016,57.1045
894.9489,225.1656,91.3016,57.1045
894.6588,226.0361,91.3016,57.1045
891.1684,226.5746,94.2196,58.9296
889.3633,225.9323,97.2309,60.8130
888.1186,225.2696,100.3384,62.7565
886.1963,222.0343,103.5452,64.7622
885.8671,223.6799,103.5452,64.7622
885.5380,222.6926,103.5452,64.7622
888.1057,220.7190,100.3844,62.7853
889.0629,219.7618,100.3844,62.7853
889.3820,216.8903,100.3844,62.7853
889.0629,217.2094,100.3844,62.7853
889.3820,215.6140,100.3844,62.7853
888.4248,217.2094,100.3844,62.7853
888.1057,216.8903,100.3844,62.7853
889.0629,217.8475,100.3844,62.7853
890.2760,217.8486,97.3202,60.8688
890.5853,219.3952,97.3202,60.8688
888.1022,218.1132,100.4305,62.8142
888.4214,215.8787,100.4305,62.8142
888.1022,215.5595,100.4305,62.8142
890.5927,211.7301,97.3648,60.8967
892.3881,211.7312,94.3928,59.0379
894.7289,212.3322,91.5114,57.2357
895.0197,213.2048,91.5114,57.2357
895.5439,214.3692,88.7180,55.4886
895.8259,215.7791,88.7180,55.4886
896.8979,215.2161,86.0098,53.7948
895.7969,216.2701,88.7587,55.5140
895.5148,216.5522,88.7587,55.5140
895.2327,216.8343,88.7587,55.5140
894.9506,216.5522,88.7587,55.5140
893.2501,217.0756,91.5954,57.2883
892.3767,219.1135,91.5954,57.2883
892.6678,219.4046,91.5954,57.2883
892.3767,220.8603,91.5954,57.2883
892.6678,218.8224,91.5954,57.2883
892.9589,220.2780,91.5954,57.2883
892.6678,221.7337,91.5954,57.2883
894.3569,222.3169,88.7995,55.5395
894.0747,223.7281,88.7995,55.5395
894.3569,224.5748,88.7995,55.5395
893.5102,224.2926,88.7995,55.5395
893.2280,224.0103,88.7995,55.5395
893.5102,223.7281,88.7995,55.5395
893.7925,223.4459,88.7995,55.5395
894.0747,223.1636,88.7995,55.5395
894.3569,222.8814,88.7995,55.5395
894.0747,221.4702,88.7995,55.5395
894.3569,221.7524,88.7995,55.5395
894.0747,219.7767,88.7995,55.5395
894.3569,219.4945,88.7995,55.5395
894.0747,219.7767,88.7995,55.5395
894.3569,220.0590,88.7995,55.5395
894.0747,219.2123,88.7995,55.5395
894.3569,218.3655,88.7995,55.5395
894.0747,218.6478,88.7995,55.5395
894.3569,218.3655,88.7995,55.5395
894.0747,218.6478,88.7995,55.5395
894.9214,218.9300,88.7995,55.5395
894.6392,218.0833,88.7995,55.5395
894.3569,218.3655,88.7995,55.5395
894.0747,218.6478,88.7995,55.5395
894.3569,218.3655,88.7995,55.5395
894.0747,218.0833,88.7995,55.5395
894.3569,217.8011,88.7995,55.5395
894.0747,217.5188,88.7995,55.5395
894.3569,217.8011,88.7995,55.5395
894.0747,216.9543,88.7995,55.5395
894.3569,216.6721,88.7995,55.5395
893.5102,216.3899,88.7995,55.5395
893.2280,215.5432,88.7995,55.5395
890.9622,214.9379,91.6375,57.3146
891.2535,214.6466,91.6375,57.3146
892.1273,215.5204,91.6375,57.3146
892.4185,215.2291,91.6375,57.3146
892.7098,214.3553,91.6375,57.3146
894.3997,214.9389,88.8402,55.5650
894.6821,214.6565,88.8402,55.5650
894.3997,214.3741,88.8402,55.5650
894.6821,214.0918,88.8402,55.5650
894.3997,214.3741,88.8402,55.5650
894.6821,214.0918,88.8402,55.5650
895.7556,214.0927,86.1283,53.8689
896.0294,212.7240,86.1283,53.8689
895.2081,212.4502,86.1283,53.8689
894.9344,211.6290,86.1283,53.8689
896.3032,211.3552,86.1283,53.8689
896.0294,211.0815,86.1283,53.8689
895.7556,211.3552,86.1283,53.8689
896.5769,211.6290,86.1283,53.8689
896.8506,211.9027,86.1283,53.8689
897.1244,212.7240,86.1283,53.8689
898.1652,214.9149,83.4993,52.2245
898.4306,215.1803,83.4993,52.2245
898.6960,214.9149,83.4993,52.2245
898.9614,214.6495,83.4993,52.2245
899.9704,215.1812,80.9504,50.6304
899.7131,214.9239,80.9504,50.6304
899.4558,214.6666,80.9504,50.6304
897.9049,213.6003,83.5376,52.2485
898.1704,213.3347,83.5376,52.2485
898.4360,213.0692,83.5376,52.2485
896.8355,213.5619,86.2074,53.9184
898.4253,214.1108,83.5759,52.2725
898.1596,214.3764,83.5759,52.2725
898.4253,215.1733,83.5759,52.2725
896.8241,215.6662,86.2470,53.9431
894.6235,216.7231,89.0035,55.6671
892.3525,217.8138,91.8480,57.4463
891.4767,219.8573,91.8480,57.4463
891.1848,221.9008,91.8480,57.4463
888.8413,223.0263,94.7835,59.2822
885.8204,223.5852,97.8128,61.1769
883.3246,223.5403,100.9389,63.1321
880.7492,223.4939,104.1649,65.1498
878.0914,222.7839,107.4940,67.2320
875.3486,224.1011,110.9295,69.3807
871.8131,222.6399,114.4748,71.5982
868.8923,222.5873,118.1334,73.8864
867.7659,221.4608,118.1334,73.8864
864.7516,220.6556,121.9090,76.2478
863.5892,220.2681,121.9090,76.2478
861.6519,221.4306,121.9090,76.2478
859.3163,221.3745,125.8052,78.6847
858.9164,220.9747,125.8052,78.6847
857.7169,220.5748,125.8052,78.6847
852.9075,218.9176,129.8259,81.1995
848.7697,217.2074,133.9751,83.7946
845.3513,217.1458,138.2570,86.4727
840.9448,217.9612,142.6757,89.2364
837.3043,216.9886,147.2356,92.0884
833.5476,215.0491,151.9412,95.0315
825.8074,212.0817,156.7973,98.0687
825.3090,212.5801,156.7973,98.0687
823.8139,213.0784,156.7973,98.0687
825.3090,213.5768,156.7973,98.0687
824.8106,214.0752,156.7973,98.0687
825.3090,214.5735,156.7973,98.0687
825.8074,215.0719,156.7973,98.0687
826.3057,216.5670,156.7973,98.0687
831.1907,220.5556,152.0110,95.0751
833.0276,224.4224,147.3708,92.1729
830.6856,227.7013,147.3708,92.1729
826.4700,228.1697,147.3708,92.1729
823.1912,227.7013,147.3708,92.1729
822.7228,228.1697,147.3708,92.1729
821.3176,227.7013,147.3708,92.1729
817.1019,228.1697,147.3708,92.1729
820.7564,229.1081,142.8723,89.3593
816.6695,229.5622,142.8723,89.3593
813.4907,231.8327,142.8723,89.3593
810.3120,230.4704,142.8723,89.3593
790.3188,227.6801,147.4385,92.2152
780.9335,229.4868,152.1506,95.1624
773.6796,227.0688,152.1506,95.1624
764.9615,223.1302,157.0133,98.2038
756.4776,221.6330,157.0133,98.2038
746.4828,218.5666,162.0315,101.3424
739.1708,215.4783,157.0854,98.2489
733.0806,214.4815,152.2903,95.2498
728.7242,214.9655,152.2903,95.2498
725.7242,220.7756,147.6416,92.3423
713.5104,219.7693,152.3603,95.2936
715.3515,221.7080,147.7094,92.3847
708.3093,220.2995,147.7094,92.3847
703.6016,217.4148,152.4302,95.3373
698.2722,222.7441,152.4302,95.3373
642.0587,182.9464,157.3019,98.3843
626.0459,166.8752,162.3292,101.5287
2
0
0
0
0
1
430.2955,203.2567,145.8650,95.2376
428.8796,203.7287,145.8650,95.2376
429.3516,203.2567,145.8650,95.2376
427.9356,202.7847,145.8650,95.2376
427.4636,203.2567,145.8650,95.2376
426.9916,203.7287,145.8650,95.2376
427.4636,203.2567,145.8650,95.2376
427.9356,203.7287,145.8650,95.2376
428.4076,204.2007,145.8650,95.2376
427.9356,205.6166,145.8650,95.2376
427.4636,205.1446,145.8650,95.2376
425.1037,206.5606,145.8650,95.2376
421.3568,206.4547,150.5268,98.2814
416.5160,205.3712,155.3376,101.4225
413.5311,205.2584,160.3022,104.6640
409.4133,204.1046,165.4255,108.0090
407.8075,203.5693,165.4255,108.0090
407.2722,204.1046,165.4255,108.0090
407.8075,203.5693,165.4255,108.0090
408.3427,204.1046,165.4255,108.0090
407.8075,202.4987,165.4255,108.0090
404.6287,204.5197,170.7125,111.4610
400.2435,202.1862,176.1685,115.0233
395.1131,200.4760,176.1685,115.0233
393.4030,199.9060,176.1685,115.0233
395.1131,200.4760,176.1685,115.0233
389.9827,201.0461,176.1685,115.0233
389.4127,200.4760,176.1685,115.0233
392.2629,199.9060,176.1685,115.0233
391.1579,202.0582,181.7988,118.6994
393.3443,210.3408,176.2493,115.0761
397.9419,211.3534,181.8823,118.7539
392.6451,210.7649,181.8823,118.7539
390.8795,210.1763,181.8823,118.7539
392.6451,210.7649,181.8823,118.7539
390.3271,209.4557,187.6952,122.5493
387.7258,207.0748,181.9658,118.8084
390.6698,208.8412,181.9658,118.8084
396.3911,208.8881,176.4112,115.1818
399.6544,210.0752,171.0262,111.6658
399.1010,211.7355,171.0262,111.6658
392.4942,214.9317,176.4922,115.2347
388.4965,214.3606,176.4922,115.2347
385.1051,221.0855,182.1329,118.9176
382.1584,224.0322,182.1329,118.9176
380.3904,225.8003,182.1329,118.9176
377.4436,227.5683,182.1329,118.9176
373.7407,229.9726,176.5732,115.2876
371.4904,228.7017,182.2165,118.9722
372.0800,228.1121,182.2165,118.9722
372.6696,227.5225,182.2165,118.9722
372.0800,226.9328,182.2165,118.9722
370.7338,230.5175,176.6543,115.3405
372.4487,232.2324,176.6543,115.3405
373.0203,232.8040,176.6543,115.3405
372.4487,234.5188,176.6543,115.3405
373.0203,233.9472,176.6543,115.3405
371.3054,234.5188,176.6543,115.3405
371.8770,233.9472,176.6543,115.3405
372.8584,232.8495,171.2619,111.8197
371.1959,231.1870,171.2619,111.8197
369.5334,231.7412,171.2619,111.8197
366.7626,232.2954,171.2619,111.8197
367.3167,231.7412,171.2619,111.8197
367.8709,234.5120,171.2619,111.8197
365.6883,235.4960,176.7354,115.3934
363.9727,234.9241,176.7354,115.3934
363.4008,234.3522,176.7354,115.3934
360.0047,234.2239,182.3839,119.0814
360.5948,234.8140,182.3839,119.0814
361.1850,234.2239,182.3839,119.0814
361.7751,234.8140,182.3839,119.0814
362.3653,231.8633,182.3839,119.0814
358.8607,227.0096,188.2128,122.8873
357.6801,226.8729,194.2281,126.8147
355.7946,224.9874,194.2281,126.8147
355.1661,225.6159,194.2281,126.8147
354.5377,226.2444,194.2281,126.8147
352.6522,226.8729,194.2281,126.8147
350.7668,227.5014,194.2281,126.8147
350.1383,226.8729,194.2281,126.8147
350.7668,228.7583,194.2281,126.8147
348.8813,228.1298,194.2281,126.8147
346.4060,226.7318,200.4357,130.8677
344.4603,226.0833,200.4357,130.8677
345.1089,224.1376,200.4357,130.8677
352.7081,225.4864,194.3173,126.8730
347.7166,225.3453,200.5277,130.9278
347.0677,224.6964,200.5277,130.9278
343.2144,224.5508,206.9365,135.1123
341.2056,223.8811,206.9365,135.1123
339.1968,221.8723,206.9365,135.1123
338.5272,221.2027,206.9365,135.1123
337.8576,221.8723,206.9365,135.1123
337.1880,221.2027,206.9365,135.1123
336.5184,220.5331,206.9365,135.1123
334.5096,219.8635,206.9365,135.1123
330.5331,218.3740,213.5502,139.4305
331.2241,214.9190,213.5502,139.4305
333.7924,217.7381,207.0315,135.1743
333.1225,218.4080,207.0315,135.1743
332.4526,217.7381,207.0315,135.1743
334.9426,221.8110,200.7118,131.0481
332.3846,219.0674,207.1266,135.2364
333.0549,217.0567,207.1266,135.2364
332.3846,216.3865,207.1266,135.2364
331.7144,215.7163,207.1266,135.2364
329.0748,215.5658,213.7464,139.5585
331.6455,215.6210,207.2217,135.2984
329.0046,214.1294,213.8445,139.6226
327.6632,212.5902,220.6790,144.0849
320.5664,211.0018,227.7319,148.6899
323.3053,214.0081,220.7803,144.1511
324.5318,215.4938,214.0409,139.7508
319.0337,215.3384,220.8816,144.2173
318.8313,216.8248,214.1391,139.8150
318.1384,216.1319,214.1391,139.8150
309.1306,215.4390,214.1391,139.8150
272.4064,223.0610,214.1391,139.8150
269.4385,224.5020,207.6025,135.5471
268.7668,223.8302,207.6025,135.5471
266.7515,224.5020,207.6025,135.5471
267.4232,223.8302,207.6025,135.5471
261.3774,223.1585,207.6025,135.5471
262.7622,220.3207,214.2375,139.8792
260.0320,217.3922,221.0845,144.3497
257.2144,215.8009,228.1504,148.9631
256.4762,215.0626,228.1504,148.9631
255.7379,214.3244,228.1504,148.9631
253.5232,215.0626,228.1504,148.9631
249.8319,215.8009,228.1504,148.9631
246.1407,218.0156,228.1504,148.9631
245.9317,219.5509,221.1860,144.4160
253.8045,218.8352,221.1860,144.4160
254.5202,218.1195,221.1860,144.4160
253.8045,217.4038,221.1860,144.4160
253.0888,218.1195,221.1860,144.4160
254.3175,222.4708,214.4342,140.0076
250.1970,220.9274,221.2875,144.4823
251.4263,223.8486,214.5327,140.0719
249.8414,225.2923,207.9840,135.7962
242.9209,232.0758,201.6352,131.6510
242.2684,232.7283,201.6352,131.6510
244.6935,235.3901,195.4802,127.6323
239.4541,236.7055,189.5131,123.7363
240.0673,237.3188,189.5131,123.7363
240.6805,237.9320,189.5131,123.7363
241.7333,240.4338,183.7282,119.9592
241.1388,239.8392,183.7282,119.9592
239.7815,241.0756,178.1198,116.2974
233.4415,240.4993,178.1198,116.2974
236.7365,245.1561,172.6827,112.7474
232.3007,241.6781,178.2016,116.3508
227.1111,241.1015,178.2016,116.3508
196.5501,237.0651,178.2016,116.3508
190.8193,238.0889,183.8969,120.0693
194.2211,240.5166,178.2834,116.4042
195.9518,239.9397,178.2834,116.4042
191.9136,238.2090,178.2834,116.4042
191.3367,238.7859,178.2834,116.4042
198.0960,239.9856,172.8413,112.8509
196.4181,241.6635,172.8413,112.8509
195.8589,241.1042,172.8413,112.8509
191.4190,238.7416,178.3653,116.4576
191.9962,238.1644,178.3653,116.4576
186.2601,236.8806,184.0658,120.1796
185.6645,236.2850,184.0658,120.1796
185.0689,235.6894,184.0658,120.1796
185.6645,235.0938,184.0658,120.1796
185.0689,233.3070,184.0658,120.1796
184.4733,233.9026,184.0658,120.1796
185.0689,234.4982,184.0658,120.1796
184.4733,233.9026,184.0658,120.1796
183.8777,234.4982,184.0658,120.1796
189.6651,234.5456,178.4472,116.5111
190.2425,235.1231,178.4472,116.5111
191.9747,235.7005,178.4472,116.5111
191.3973,236.2779,178.4472,116.5111
190.8199,236.8553,178.4472,116.5111
191.3973,237.4327,178.4472,116.5111
194.6983,239.7884,173.0000,112.9546
194.1385,238.1090,173.0000,112.9546
193.5787,238.6688,173.0000,112.9546
194.1385,239.2286,173.0000,112.9546
193.5787,239.7884,173.0000,112.9546
193.0189,240.3482,173.0000,112.9546
193.5787,240.9080,173.0000,112.9546
193.0189,240.3482,173.0000,112.9546
196.2192,242.6320,167.7191,109.5066
195.6765,243.1747,167.7191,109.5066
195.1338,242.6320,167.7191,109.5066
195.6765,243.1747,167.7191,109.5066
195.1338,243.7174,167.7191,109.5066
195.6765,243.1747,167.7191,109.5066
197.6936,247.5596,162.5994,106.1639
200.3243,248.0857,162.5994,106.1639
199.7982,247.5596,162.5994,106.1639
199.2720,248.0857,162.5994,106.1639
199.7982,248.6118,162.5994,106.1639
200.3243,249.1380,162.5994,106.1639
200.8504,249.6641,162.5994,106.1639
201.3766,250.1903,162.5994,106.1639
201.9027,249.6641,162.5994,106.1639
202.4288,250.1903,162.5994,106.1639
202.9550,249.6641,162.5994,106.1639
202.4288,250.1903,162.5994,106.1639
201.9027,249.6641,162.5994,106.1639
201.3766,249.1380,162.5994,106.1639
201.9027,248.6118,162.5994,106.1639
197.7260,246.3892,167.7961,109.5569
199.7440,247.5184,162.6741,106.2126
196.6181,246.3475,167.8732,109.6071
199.7235,248.5636,162.7488,106.2614
196.5961,246.3389,167.9502,109.6575
196.0527,245.7955,167.9502,109.6575
195.5092,246.3389,167.9502,109.6575
194.9658,245.7955,167.9502,109.6575
195.5092,246.3389,167.9502,109.6575
199.7030,248.5560,162.8235,106.3101
199.1761,249.0829,162.8235,106.3101
198.6492,249.6098,162.8235,106.3101
199.1761,249.0829,162.8235,106.3101
198.6492,248.5560,162.8235,106.3101
199.1761,248.0292,162.8235,106.3101
198.6492,248.5560,162.8235,106.3101
199.1761,249.0829,162.8235,106.3101
198.6492,249.6098,162.8235,106.3101
199.1761,249.0829,162.8235,106.3101
198.6492,249.6098,162.8235,106.3101
199.1761,249.0829,162.8235,106.3101
198.6492,249.6098,162.8235,106.3101
199.1761,249.0829,162.8235,106.3101
198.6492,249.6098,162.8235,106.3101
199.1761,249.0829,162.8235,106.3101
198.6492,249.6098,162.8235,106.3101
198.1224,249.0829,162.8235,106.3101
197.5955,249.6098,162.8235,106.3101
198.1224,249.0829,162.8235,106.3101
197.5955,249.6098,162.8235,106.3101
198.1224,249.0829,162.8235,106.3101
198.6492,248.5560,162.8235,106.3101
199.1761,248.0292,162.8235,106.3101
198.6492,248.5560,162.8235,106.3101
199.1761,248.0292,162.8235,106.3101
198.6492,248.5560,162.8235,106.3101
199.1761,248.0292,162.8235,106.3101
198.6492,248.5560,162.8235,106.3101
199.1761,249.0829,162.8235,106.3101
198.6492,249.6098,162.8235,106.3101
199.1761,249.0829,162.8235,106.3101
198.6492,249.6098,162.8235,106.3101
199.1761,249.0829,162.8235,106.3101
198.6492,249.6098,162.8235,106.3101
199.1761,249.0829,162.8235,106.3101
199.7030,249.6098,162.8235,106.3101
200.2298,249.0829,162.8235,106.3101
199.7030,249.6098,162.8235,106.3101
200.2298,249.0829,162.8235,106.3101
199.7030,249.6098,162.8235,106.3101
200.2298,249.0829,162.8235,106.3101
199.7030,249.6098,162.8235,106.3101
200.2298,249.0829,162.8235,106.3101
199.7030,249.6098,162.8235,106.3101
200.2298,249.0829,162.8235,106.3101
199.7030,249.6098,162.8235,106.3101
200.2298,249.0829,162.8235,106.3101
199.7030,249.6098,162.8235,106.3101
200.2298,249.0829,162.8235,106.3101
200.7567,249.6098,162.8235,106.3101
201.2836,249.0829,162.8235,106.3101
200.7567,249.6098,162.8235,106.3101
201.2836,249.0829,162.8235,106.3101
200.7567,249.6098,162.8235,106.3101
201.2836,249.0829,162.8235,106.3101
200.7567,249.6098,162.8235,106.3101
201.2836,249.0829,162.8235,106.3101
200.7567,249.6098,162.8235,106.3101
200.2298,249.0829,162.8235,106.3101
199.7030,249.6098,162.8235,106.3101
200.2298,249.0829,162.8235,106.3101
199.7030,249.6098,162.8235,106.3101
200.2298,249.0829,162.8235,106.3101
199.7030,249.6098,162.8235,106.3101
200.2298,249.0829,162.8235,106.3101
199.7030,249.6098,162.8235,106.3101
200.2298,249.0829,162.8235,106.3101
199.7030,249.6098,162.8235,106.3101
200.2298,249.0829,162.8235,106.3101
199.7030,249.6098,162.8235,106.3101
200.2298,249.0829,162.8235,106.3101
199.7030,249.6098,162.8235,106.3101
200.2298,249.0829,162.8235,106.3101
199.7030,249.6098,162.8235,106.3101
200.2298,249.0829,162.8235,106.3101
199.7030,249.6098,162.8235,106.3101
200.2298,249.0829,162.8235,106.3101
199.7030,249.6098,162.8235,106.3101
200.2298,249.0829,162.8235,106.3101
199.7030,249.6098,162.8235,106.3101
200.2298,249.0829,162.8235,106.3101
199.7030,249.6098,162.8235,106.3101
200.2298,249.0829,162.8235,106.3101
199.7030,249.6098,162.8235,106.3101
200.2298,249.0829,162.8235,106.3101
199.7030,249.6098,162.8235,106.3101
200.2298,249.0829,162.8235,106.3101
199.7030,249.6098,162.8235,106.3101
199.1761,249.0829,162.8235,106.3101
198.6492,248.5560,162.8235,106.3101
199.1761,248.0292,162.8235,106.3101
199.7030,248.5560,162.8235,106.3101
199.1761,249.0829,162.8235,106.3101
198.6492,249.6098,162.8235,106.3101
199.1761,249.0829,162.8235,106.3101
198.6492,249.6098,162.8235,106.3101
2
0
0
0
0
1
75.3809,225.5798,104.0815,94.9022
75.7725,225.1882,104.0815,94.9022
76.1640,224.7966,104.0815,94.9022
75.7725,224.4050,104.0815,94.9022
76.9472,224.7966,104.0815,94.9022
78.9052,225.1882,104.0815,94.9022
78.4168,225.6297,107.4079,97.9353
79.5292,224.4688,110.8407,101.0653
85.7846,224.0517,110.8407,101.0653
84.4304,221.1856,114.3831,104.2953
84.0000,219.8946,114.3831,104.2953
84.4304,219.4642,114.3831,104.2953
85.7214,219.8946,114.3831,104.2953
87.0125,218.6035,114.3831,104.2953
87.3364,217.3672,118.0388,107.6286
87.7805,217.8113,118.0388,107.6286
89.1129,218.2554,118.0388,107.6286
89.5570,218.6995,118.0388,107.6286
90.0011,219.1436,118.0388,107.6286
90.4452,220.4760,118.0388,107.6286
90.8893,220.0319,118.0388,107.6286
92.2216,221.3642,118.0388,107.6286
92.6657,220.9201,118.0388,107.6286
96.6627,222.2524,118.0388,107.6286
101.4381,221.8648,121.8114,111.0684
103.6163,221.4649,125.7044,114.6182
110.7105,221.9378,125.7044,114.6182
113.9042,221.5251,129.7220,118.2814
113.4162,221.0370,129.7220,118.2814
117.8088,222.5012,129.7220,118.2814
118.2968,221.0370,129.7220,118.2814
119.7610,222.5012,129.7220,118.2814
120.2491,221.0370,129.7220,118.2814
120.7372,221.5251,129.7220,118.2814
121.2252,222.0131,129.7220,118.2814
122.6894,222.5012,129.7220,118.2814
122.2013,222.0131,129.7220,118.2814
123.6656,223.4773,129.7220,118.2814
123.1775,222.9893,129.7220,118.2814
123.6656,223.4773,129.7220,118.2814
123.1775,222.9893,129.7220,118.2814
123.6656,223.4773,129.7220,118.2814
123.1775,222.9893,129.7220,118.2814
123.6656,223.4773,129.7220,118.2814
124.1536,222.9893,129.7220,118.2814
122.5687,223.5395,133.8679,122.0616
127.1302,224.8988,129.7815,118.3357
126.6419,225.3871,129.7815,118.3357
128.1068,225.8754,129.7815,118.3357
127.6185,226.3636,129.7815,118.3357
126.1536,225.8754,129.7815,118.3357
126.6419,226.3636,129.7815,118.3357
126.1536,226.8519,129.7815,118.3357
126.6419,227.3402,129.7815,118.3357
127.1302,227.8285,129.7815,118.3357
127.6185,228.3168,129.7815,118.3357
128.1068,228.8051,129.7815,118.3357
127.6185,228.3168,129.7815,118.3357
125.0563,226.9141,133.9293,122.1177
128.5836,227.4180,133.9293,122.1177
129.0875,226.9141,133.9293,122.1177
129.5914,227.4180,133.9293,122.1177
132.1109,226.9141,133.9293,122.1177
133.6225,228.4258,133.9293,122.1177
141.2095,231.8013,129.8411,118.3900
144.6568,233.1197,125.8777,114.7761
145.1304,233.5933,125.8777,114.7761
143.7096,234.0669,125.8777,114.7761
148.9460,236.2923,122.0352,111.2725
149.4052,237.6698,122.0352,111.2725
149.8643,239.0472,122.0352,111.2725
152.1600,240.4246,122.0352,111.2725
151.7009,239.0472,122.0352,111.2725
154.0226,239.3681,118.3100,107.8759
150.7966,237.1991,122.0912,111.3236
150.3373,236.7397,122.0912,111.3236
150.7966,236.2804,122.0912,111.3236
147.4675,234.0421,125.9933,114.8815
147.9416,233.5680,125.9933,114.8815
147.4675,233.0940,125.9933,114.8815
146.9935,233.5680,125.9933,114.8815
148.4156,233.0940,125.9933,114.8815
146.9935,233.5680,125.9933,114.8815
148.4156,234.0421,125.9933,114.8815
149.8377,234.5161,125.9933,114.8815
151.2598,235.9382,125.9933,114.8815
151.7339,235.4642,125.9933,114.8815
152.2079,235.9382,125.9933,114.8815
152.6819,235.4642,125.9933,114.8815
155.0521,235.9382,125.9933,114.8815
157.4491,237.2176,122.1473,111.3747
157.9087,236.7580,122.1473,111.3747
159.2874,237.2176,122.1473,111.3747
159.7470,236.7580,122.1473,111.3747
161.1257,236.2984,122.1473,111.3747
165.2618,234.9198,122.1473,111.3747
167.5596,234.4602,122.1473,111.3747
168.0192,234.0006,122.1473,111.3747
170.3170,233.5411,122.1473,111.3747
174.4531,233.0815,122.1473,111.3747
174.9127,231.7028,122.1473,111.3747
175.3722,231.2432,122.1473,111.3747
175.8318,230.7837,122.1473,111.3747
173.4203,228.5443,126.0511,114.9342
172.9461,227.1216,126.0511,114.9342
173.4203,226.6473,126.0511,114.9342
173.8946,226.1730,126.0511,114.9342
177.2144,226.6473,126.0511,114.9342
175.7916,226.1730,126.0511,114.9342
175.3174,226.6473,126.0511,114.9342
171.8803,224.3364,130.0797,118.6076
171.3909,223.8470,130.0797,118.6076
175.8233,226.1467,126.1090,114.9870
178.2225,228.3761,122.2595,111.4770
185.1484,233.2975,118.5275,108.0741
182.9187,233.7435,118.5275,108.0741
185.1737,238.5146,114.9094,104.7751
185.6060,238.9469,114.9094,104.7751
188.6568,242.7077,111.4017,101.5768
194.9676,246.3538,108.0012,98.4762
198.6477,250.7012,104.7044,95.4702
200.6397,252.5522,101.5082,92.5559
201.8071,255.1106,98.4097,89.7306
201.4368,254.7404,98.4097,89.7306
201.8071,254.3701,98.4097,89.7306
204.4199,257.5909,95.4057,86.9916
204.7788,257.2320,95.4057,86.9916
205.1378,256.8730,95.4057,86.9916
205.4967,257.2320,95.4057,86.9916
208.7476,258.9186,92.4934,84.3361
209.0956,257.8747,92.4934,84.3361
209.4436,257.5266,92.4934,84.3361
209.0956,257.1786,92.4934,84.3361
208.0517,257.5266,92.4934,84.3361
211.2033,259.1618,89.6700,81.7617
214.2588,260.0724,86.9328,79.2659
211.2342,258.4786,89.7112,81.7993
208.1130,256.8340,92.5784,84.4136
208.4613,255.7890,92.5784,84.4136
205.9370,255.4850,95.5372,87.1114
204.0508,253.0146,98.5905,89.8955
202.1044,251.2072,101.7415,92.7686
204.0401,252.2403,98.6358,89.9368
204.4112,251.8692,98.6358,89.9368
206.2877,258.8084,95.6249,87.1914
205.9279,257.7291,95.6249,87.1914
204.7596,253.8173,98.6811,89.9781
207.3796,255.5619,95.6688,87.2315
209.9196,257.9731,92.7485,84.5687
209.4843,256.2728,95.7127,87.2715
209.0352,254.5181,98.7717,90.0607
210.8933,253.4032,98.7717,90.0607
209.6865,251.5924,101.9284,92.9390
206.1402,248.1898,105.1861,95.9094
207.3499,253.2154,101.9752,92.9817
207.7336,252.0643,101.9752,92.9817
205.7203,248.6601,105.2344,95.9534
206.9306,252.8962,102.0221,93.0244
208.8715,254.6998,98.9078,90.1848
209.9879,255.0720,98.9078,90.1848
210.3600,255.4441,98.9078,90.1848
208.4074,251.3980,102.0689,93.0671
209.5812,254.7386,98.9532,90.2262
208.4643,255.1109,98.9532,90.2262
208.8366,253.9940,98.9532,90.2262
209.2089,253.6217,98.9532,90.2262
209.5812,253.9940,98.9532,90.2262
209.2089,253.6217,98.9532,90.2262
209.5812,254.7386,98.9532,90.2262
209.9535,254.3663,98.9532,90.2262
210.3258,254.7386,98.9532,90.2262
209.9535,255.1109,98.9532,90.2262
210.3469,256.8603,95.9326,87.4720
210.7078,256.4994,95.9326,87.4720
210.3469,256.8603,95.9326,87.4720
210.7078,256.4994,95.9326,87.4720
210.3469,256.8603,95.9326,87.4720
209.9859,257.2212,95.9326,87.4720
209.6250,257.5822,95.9326,87.4720
208.5422,258.6650,95.9326,87.4720
208.9236,261.0829,93.0043,84.8019
208.5737,260.0331,93.0043,84.8019
207.5239,259.6832,93.0043,84.8019
207.1740,259.3333,93.0043,84.8019
207.5239,259.6832,93.0043,84.8019
207.1740,259.3333,93.0043,84.8019
207.5239,259.6832,93.0043,84.8019
207.1740,258.6334,93.0043,84.8019
207.5239,258.9833,93.0043,84.8019
207.1740,259.3333,93.0043,84.8019
207.5239,259.6832,93.0043,84.8019
207.1740,259.3333,93.0043,84.8019
207.5239,259.6832,93.0043,84.8019
207.1740,259.3333,93.0043,84.8019
207.5239,259.6832,93.0043,84.8019
207.1740,259.3333,93.0043,84.8019
206.8241,259.6832,93.0043,84.8019
206.4741,259.3333,93.0043,84.8019
206.8241,259.6832,93.0043,84.8019
206.4741,259.3333,93.0043,84.8019
206.8241,259.6832,93.0043,84.8019
207.1740,259.3333,93.0043,84.8019
207.5239,260.3830,93.0043,84.8019
207.1740,260.7329,93.0043,84.8019
207.5239,260.3830,93.0043,84.8019
207.8738,260.7329,93.0043,84.8019
208.2237,260.3830,93.0043,84.8019
207.0874,258.6779,95.9767,87.5122
206.7263,258.3168,95.9767,87.5122
206.3652,257.9557,95.9767,87.5122
206.0041,258.3168,95.9767,87.5122
205.6430,257.9557,95.9767,87.5122
206.7468,261.0969,93.0470,84.8408
206.3967,260.7469,93.0470,84.8408
206.7468,260.3968,93.0470,84.8408
206.3967,261.4470,93.0470,84.8408
206.7468,261.0969,93.0470,84.8408
206.3967,260.7469,93.0470,84.8408
206.7468,260.3968,93.0470,84.8408
206.3967,260.7469,93.0470,84.8408
206.0466,260.3968,93.0470,84.8408
205.6965,260.0467,93.0470,84.8408
205.3465,259.6966,93.0470,84.8408
206.3967,259.3465,93.0470,84.8408
206.0466,259.6966,93.0470,84.8408
205.6965,260.0467,93.0470,84.8408
205.3465,260.3968,93.0470,84.8408
205.6965,260.0467,93.0470,84.8408
205.3465,259.6966,93.0470,84.8408
206.3967,259.3465,93.0470,84.8408
206.0466,259.6966,93.0470,84.8408
206.3967,259.3465,93.0470,84.8408
206.0466,260.3968,93.0470,84.8408
205.6965,260.0467,93.0470,84.8408
206.0466,259.6966,93.0470,84.8408
205.6965,259.3465,93.0470,84.8408
205.3465,260.3968,93.0470,84.8408
206.3967,260.7469,93.0470,84.8408
206.0466,260.3968,93.0470,84.8408
206.3967,260.7469,93.0470,84.8408
206.7468,260.3968,93.0470,84.8408
206.3967,260.7469,93.0470,84.8408
206.7468,260.3968,93.0470,84.8408
206.3967,260.7469,93.0470,84.8408
206.7468,260.3968,93.0470,84.8408
206.3967,260.7469,93.0470,84.8408
206.7468,260.3968,93.0470,84.8408
205.6965,260.7469,93.0470,84.8408
206.0466,260.3968,93.0470,84.8408
206.3967,260.7469,93.0470,84.8408
206.7468,260.3968,93.0470,84.8408
206.3967,260.7469,93.0470,84.8408
206.7468,260.3968,93.0470,84.8408
205.6965,260.7469,93.0470,84.8408
206.0466,260.3968,93.0470,84.8408
205.6965,260.0467,93.0470,84.8408
205.3465,260.3968,93.0470,84.8408
205.6965,260.0467,93.0470,84.8408
205.3465,260.3968,93.0470,84.8408
205.6965,260.0467,93.0470,84.8408
205.3465,260.3968,93.0470,84.8408
205.6965,260.7469,93.0470,84.8408
205.3465,260.3968,93.0470,84.8408
205.6965,260.7469,93.0470,84.8408
205.3465,260.3968,93.0470,84.8408
205.6965,260.0467,93.0470,84.8408
205.3465,259.6966,93.0470,84.8408
205.6965,260.0467,93.0470,84.8408
206.7666,261.6917,90.2067,82.2511
207.1060,262.0311,90.2067,82.2511
206.7666,261.6917,90.2067,82.2511
207.1060,262.0311,90.2067,82.2511
206.7666,261.6917,90.2067,82.2511
207.1060,262.7098,90.2067,82.2511
206.7666,263.0492,90.2067,82.2511
207.1060,262.7098,90.2067,82.2511
205.3251,261.0561,93.0897,84.8798
204.9749,260.0054,93.0897,84.8798
204.6246,259.6551,93.0897,84.8798
204.2744,260.0054,93.0897,84.8798
204.6246,259.6551,93.0897,84.8798
204.2744,259.3049,93.0897,84.8798
204.6246,260.3556,93.0897,84.8798
204.2744,260.0054,93.0897,84.8798
204.6246,259.6551,93.0897,84.8798
204.2744,259.3049,93.0897,84.8798
204.6246,259.6551,93.0897,84.8798
204.2744,260.0054,93.0897,84.8798
204.6246,259.6551,93.0897,84.8798
204.2744,260.0054,93.0897,84.8798
204.6246,259.6551,93.0897,84.8798
204.2744,259.3049,93.0897,84.8798
204.6246,259.6551,93.0897,84.8798
204.2744,259.3049,93.0897,84.8798
204.6246,259.6551,93.0897,84.8798
204.2744,259.3049,93.0897,84.8798
204.6246,259.6551,93.0897,84.8798
204.2744,259.3049,93.0897,84.8798
204.6246,259.6551,93.0897,84.8798
203.5739,259.3049,93.0897,84.8798
203.9241,260.3556,93.0897,84.8798
204.2744,260.0054,93.0897,84.8798
203.9241,259.6551,93.0897,84.8798
204.2744,259.3049,93.0897,84.8798
204.6246,260.3556,93.0897,84.8798
204.2744,260.0054,93.0897,84.8798
204.6246,259.6551,93.0897,84.8798
204.2744,259.3049,93.0897,84.8798
204.6246,259.6551,93.0897,84.8798
203.5739,259.3049,93.0897,84.8798
203.2237,259.6551,93.0897,84.8798
204.2744,260.0054,93.0897,84.8798
204.6246,260.3556,93.0897,84.8798
204.2744,260.7058,93.0897,84.8798
203.9241,259.6551,93.0897,84.8798
204.2744,259.3049,93.0897,84.8798
204.6246,259.6551,93.0897,84.8798
204.2744,258.6044,93.0897,84.8798
203.9241,258.2542,93.0897,84.8798
203.5739,258.6044,93.0897,84.8798
203.9241,258.9546,93.0897,84.8798
204.2744,259.3049,93.0897,84.8798
204.6246,259.6551,93.0897,84.8798
204.2744,259.3049,93.0897,84.8798
203.9241,259.6551,93.0897,84.8798
203.5739,260.0054,93.0897,84.8798
203.9241,260.3556,93.0897,84.8798
203.5739,260.7058,93.0897,84.8798
203.9241,260.3556,93.0897,84.8798
204.2744,260.7058,93.0897,84.8798
204.6246,259.6551,93.0897,84.8798
203.4873,258.6490,96.0648,87.5926
203.1259,258.2875,96.0648,87.5926
202.7644,258.6490,96.0648,87.5926
203.1259,259.0104,96.0648,87.5926
202.7644,259.3719,96.0648,87.5926
202.4030,259.7333,96.0648,87.5926
202.0416,260.0947,96.0648,87.5926
202.4030,260.4561,96.0648,87.5926
202.7644,260.0947,96.0648,87.5926
203.1259,260.4561,96.0648,87.5926
202.7644,259.3719,96.0648,87.5926
203.1259,259.0104,96.0648,87.5926
2
0
0
0
0
1
319.5020,212.1217,216.1833,92.8543
321.2903,211.5256,216.1833,92.8543
326.7773,208.2535,223.0925,95.8219
328.6227,206.4080,223.0925,95.8219
328.1335,205.4919,230.2226,98.8844
331.3076,204.8571,230.2226,98.8844
335.7514,204.2223,230.2226,98.8844
342.7344,203.5875,230.2226,98.8844
348.1527,204.4619,223.1950,95.8659
352.4608,205.0773,223.1950,95.8659
354.3071,205.6928,223.1950,95.8659
359.5600,206.5405,216.3819,92.9396
356.6989,206.8453,223.2974,95.9099
360.7227,207.6934,216.4812,92.9823
365.8175,209.7095,209.8731,90.1439
366.3963,210.2882,209.8731,90.1439
366.9750,212.0243,209.8731,90.1439
371.0259,218.3901,209.8731,90.1439
374.8079,222.6595,203.4666,87.3923
377.6131,224.3426,203.4666,87.3923
380.4183,226.0258,203.4666,87.3923
389.6952,233.5311,197.2557,84.7246
406.3038,240.8073,191.2345,82.1384
421.3507,245.7521,185.3970,79.6311
441.0505,247.4787,179.7377,77.2003
454.4321,250.9480,179.7377,77.2003
466.5920,250.6395,174.2511,74.8437
474.5368,246.4964,168.9320,72.5591
477.7975,243.2357,168.9320,72.5591
478.2634,242.7699,168.9320,72.5591
475.9343,172.4316,168.9320,72.5591
478.0468,173.0732,163.7753,70.3442
2
0
0
0
0
1
585.7221,238.7145,185.5117,59.9070
586.1891,238.2475,185.5117,59.9070
585.7221,237.7804,185.5117,59.9070
585.2551,236.3794,185.5117,59.9070
583.8540,236.8464,185.5117,59.9070
583.3870,236.3794,185.5117,59.9070
580.8895,236.8231,191.4407,61.8216
580.4076,236.3412,191.4407,61.8216
580.8895,237.7870,191.4407,61.8216
580.4076,236.3412,191.4407,61.8216
580.8895,236.8231,191.4407,61.8216
580.4076,236.3412,191.4407,61.8216
580.8895,235.8592,191.4407,61.8216
579.4437,235.3773,191.4407,61.8216
579.9257,236.8231,191.4407,61.8216
579.4437,236.3412,191.4407,61.8216
579.9257,236.8231,191.4407,61.8216
580.4076,237.3051,191.4407,61.8216
580.8895,238.7509,191.4407,61.8216
579.4437,237.3051,191.4407,61.8216
581.8837,237.7667,185.5969,59.9345
580.4819,237.2994,185.5969,59.9345
580.9492,236.8322,185.5969,59.9345
580.4819,236.3650,185.5969,59.9345
580.0147,236.8322,185.5969,59.9345
580.4819,237.2994,185.5969,59.9345
580.9492,237.7667,185.5969,59.9345
583.3146,238.2142,179.9315,58.1050
582.8617,237.7612,179.9315,58.1050
583.3146,238.2142,179.9315,58.1050
582.8617,237.7612,179.9315,58.1050
583.3146,238.2142,179.9315,58.1050
582.8617,237.7612,179.9315,58.1050
583.3146,238.2142,179.9315,58.1050
582.8617,238.6672,179.9315,58.1050
583.3146,239.1201,179.9315,58.1050
