1
81.3522,145.9317,27.3665,25.0685
81.4554,143.9711,27.3665,25.0685
81.3522,142.4232,27.3665,25.0685
80.8363,141.9072,27.3665,25.0685
80.9395,140.3593,27.3665,25.0685
80.8117,139.6491,28.2411,25.8697
81.1312,137.8387,28.2411,25.8697
80.1474,136.0410,29.1437,26.6965
79.3520,134.1857,30.0751,27.5497
79.2117,131.8175,31.0363,28.4302
77.4283,129.6077,32.0283,29.3388
78.0035,127.3273,33.0519,30.2765
75.6058,125.2233,34.1082,31.2441
74.1605,122.7948,35.1983,32.2427
74.0277,120.5384,35.1983,32.2427
73.3641,118.2821,35.1983,32.2427
73.2314,114.6985,35.1983,32.2427
72.8332,111.9112,35.1983,32.2427
72.1696,107.5313,35.1983,32.2427
71.7398,104.7597,36.3233,33.2732
72.7051,101.2955,35.2145,32.2575
73.1035,98.7725,35.2145,32.2575
74.2986,96.5151,35.2145,32.2575
74.3998,93.4767,36.3399,33.2884
74.5042,89.7931,37.5014,34.3523
76.0597,87.3891,37.5014,34.3523
76.7332,84.1533,38.6999,35.4502
79.5128,83.0892,37.5186,34.3681
79.6206,82.3985,38.7177,35.4665
80.0239,80.5178,39.9551,36.6000
81.6883,79.1178,38.7354,35.4828
80.6311,76.3598,39.9734,36.6168
79.8416,71.1020,41.2510,37.7871
79.9972,68.4576,41.2510,37.7871
80.7823,65.4567,39.9918,36.6336
79.4251,63.7979,39.9918,36.6336
77.7663,62.4407,39.9918,36.6336
77.9243,60.1346,38.7710,35.5154
79.2470,57.3141,37.5875,34.4313
79.3955,56.2805,36.4402,33.3802
77.8906,55.5533,35.3278,32.3613
76.9581,55.6865,35.3278,32.3613
77.3640,54.9815,34.2494,31.3735
76.9827,54.5563,33.2039,30.4158
77.3584,54.4311,33.2039,30.4158
77.2034,54.0703,34.2651,31.3879
76.8219,55.1954,33.2192,30.4297
77.2037,55.7851,32.2052,29.5009
77.8166,57.8141,31.2221,28.6003
77.9344,57.2254,31.2221,28.6003
79.2014,55.7088,32.2199,29.5144
79.3229,56.8022,32.2199,29.5144
78.2006,60.0969,33.2497,30.4577
79.8305,62.4791,33.2497,30.4577
79.6753,64.6253,34.3124,31.4311
82.1336,65.0135,34.3124,31.4311
85.1156,67.6928,33.2650,30.4717
87.7498,70.3269,33.2650,30.4717
88.6338,72.1718,32.2495,29.5415
90.9154,73.0374,33.2802,30.4857
92.3018,73.6282,32.2643,29.5551
93.6111,73.7642,33.2955,30.4997
94.7471,73.3509,32.2792,29.5686
98.5261,73.4370,31.2938,28.6660
99.3578,74.7005,30.3386,27.7910
100.6216,75.4679,29.4125,26.9427
101.4033,76.4337,28.5146,26.1202
102.3761,77.3699,27.6442,25.3229
102.6888,77.6827,27.6442,25.3229
101.9591,78.4123,27.6442,25.3229
102.6640,77.4865,28.5277,26.1322
102.5564,76.9486,28.5277,26.1322
101.7779,76.6386,29.4395,26.9674
101.8625,76.0966,30.3804,27.8293
100.8314,75.5239,30.3804,27.8293
100.9460,75.1802,30.3804,27.8293
101.0660,75.0321,29.4530,26.9798
101.1771,74.6990,29.4530,26.9798
101.0660,75.9206,29.4530,26.9798
100.7064,75.1563,30.3943,27.8421
101.5087,74.1248,30.3943,27.8421
100.9084,73.7945,31.3657,28.7319
100.2889,73.2171,32.3682,29.6502
100.9050,72.8153,31.3801,28.7451
101.2599,71.5136,31.3801,28.7451
101.6149,72.3419,31.3801,28.7451
101.2318,71.5276,32.3830,29.6638
101.1097,70.6728,32.3830,29.6638
101.2318,70.7950,32.3830,29.6638
101.6039,71.3698,31.3945,28.7583
101.2206,71.0286,32.3979,29.6774
101.5929,71.3594,31.4089,28.7715
101.4745,71.0041,31.4089,28.7715
101.3561,70.6488,31.4089,28.7715
101.2376,70.2935,31.4089,28.7715
101.8017,70.4259,32.4128,29.6910
101.4350,70.5481,32.4128,29.6910
101.3128,70.6703,32.4128,29.6910
100.9170,70.5626,33.4487,30.6400
100.5087,70.4513,34.5177,31.6192
101.4198,70.0608,34.5177,31.6192
100.5087,70.7116,34.5177,31.6192
99.8269,70.5968,35.6209,32.6298
99.9612,71.2684,35.6209,32.6298
100.8695,70.6127,36.7593,33.6726
102.6715,69.9196,36.7593,33.6726
102.4999,69.2429,37.9342,34.7488
102.6089,68.2585,39.1465,35.8594
101.8708,68.4061,39.1465,35.8594
101.7303,68.8058,37.9516,34.7647
100.7285,69.8076,37.9516,34.7647
102.8819,69.0502,36.7931,33.7035
101.6333,70.0214,36.7931,33.7035
99.8297,70.7151,36.7931,33.7035
98.5480,70.5927,37.9690,34.7807
97.5458,70.4495,37.9690,34.7807
96.5436,70.3064,37.9690,34.7807
95.5414,70.1632,37.9690,34.7807
96.5095,71.7550,39.1825,35.8923
96.0663,73.3803,39.1825,35.8923
96.5095,72.6415,39.1825,35.8923
95.7356,72.2157,40.4348,37.0394
95.5832,72.6731,40.4348,37.0394
95.4307,73.4355,40.4348,37.0394
94.3634,74.1978,40.4348,37.0394
95.7429,75.2206,39.2005,35.9088
94.4125,75.9596,39.2005,35.9088
95.4543,78.1337,38.0039,34.8127
97.3241,79.3816,36.8438,33.7500
97.1852,79.5205,36.8438,33.7500
97.6086,77.9517,35.7191,32.7198
98.2884,78.8551,34.6288,31.7210
98.4190,82.1196,34.6288,31.7210
98.8107,85.6452,34.6288,31.7210
98.6491,87.3581,35.7355,32.7348
98.7518,87.5088,36.8776,33.7810
98.5797,87.3861,38.0562,34.8606
97.8280,87.8336,39.2725,35.9748
100.3526,88.5307,38.0737,34.8766
101.6447,86.9515,38.0737,34.8766
103.2308,87.3402,36.9115,33.8120
105.6036,86.8820,35.7848,32.7799
108.1738,84.8185,34.6924,31.7793
110.1361,84.1644,34.6924,31.7793
112.6279,82.1639,33.6334,30.8092
113.9928,81.0374,34.7083,31.7939
115.4387,81.3918,33.6489,30.8233
115.7891,80.5186,34.7243,31.8085
116.4127,79.3556,35.8341,32.8251
117.6288,77.8692,35.8341,32.8251
117.7318,77.2096,36.9793,33.8741
118.1170,77.0866,38.1612,34.9568
118.8364,76.6549,38.1612,34.9568
118.6925,77.0866,38.1612,34.9568
119.1311,78.3396,36.9963,33.8897
116.7595,78.2001,36.9963,33.8897
116.3078,77.2400,38.1787,34.9728
115.8759,76.5202,38.1787,34.9728
118.8649,74.9536,39.3989,36.0905
118.7163,74.2108,39.3989,36.0905
119.7634,73.7216,38.1962,34.9889
122.2188,73.2475,37.0303,33.9208
121.2081,72.8450,38.2138,35.0049
121.0640,72.1245,38.2138,35.0049
121.7502,72.5739,39.4351,36.1237
122.4584,71.8479,40.6954,37.2782
124.1537,71.0358,39.4532,36.1403
124.9046,70.8435,38.2489,35.0371
125.9211,70.9456,37.0813,33.9676
126.3073,70.8223,38.2664,35.0532
125.8401,70.1178,39.4894,36.1735
125.6912,69.3733,39.4894,36.1735
126.9959,68.6463,40.7515,37.3296
128.0716,66.9560,40.7515,37.3296
127.2667,66.5131,42.0539,38.5226
126.7533,65.1047,43.3980,39.7538
127.8988,64.6137,43.3980,39.7538
128.0624,65.1047,43.3980,39.7538
128.8807,65.2683,43.3980,39.7538
128.7170,65.4319,43.3980,39.7538
130.8444,66.5775,43.3980,39.7538
130.6808,67.7230,43.3980,39.7538
134.7797,69.8025,42.0732,38.5403
136.2151,71.5013,40.7889,37.3638
137.5993,71.9627,40.7889,37.3638
139.5988,72.4242,40.7889,37.3638
141.2980,73.4558,39.5438,36.2233
139.6578,74.4996,39.5438,36.2233
140.7016,76.1399,39.5438,36.2233
139.9560,77.7801,39.5438,36.2233
139.5158,77.8856,38.3368,35.1176
141.4019,78.5662,37.1665,34.0456
142.6699,78.9457,36.0320,33.0063
140.6319,80.7120,36.0320,33.0063
140.4960,81.9348,36.0320,33.0063
140.3666,84.2049,34.9321,31.9988
144.9832,50.3138,33.8658,31.0220
144.0953,52.4474,32.8320,30.0751
142.9811,52.5712,32.8320,30.0751
142.8573,52.6950,32.8320,30.0751
142.9811,52.8188,32.8320,30.0751
143.3525,52.4474,32.8320,30.0751
144.2191,51.5807,32.8320,30.0751
144.5905,51.7045,32.8320,30.0751
144.2191,51.5807,32.8320,30.0751
144.8382,51.4569,32.8320,30.0751
145.2096,51.5807,32.8320,30.0751
146.0762,51.4569,32.8320,30.0751
146.9428,51.3331,32.8320,30.0751
147.5618,51.7045,32.8320,30.0751
148.6761,52.0760,32.8320,30.0751
147.5324,51.4715,33.8813,31.0363
148.1712,51.8548,33.8813,31.0363
148.2686,51.4866,34.9642,32.0282
149.4614,50.5252,33.8969,31.0505
150.6118,50.6530,33.8969,31.0505
149.9727,50.5252,33.8969,31.0505
150.3562,50.1417,33.8969,31.0505
151.2509,49.2470,33.8969,31.0505
151.6343,48.8635,33.8969,31.0505
151.2509,49.2470,33.8969,31.0505
152.4012,48.3523,33.8969,31.0505
152.7847,48.4801,33.8969,31.0505
152.6569,48.3523,33.8969,31.0505
152.7847,47.9688,33.8969,31.0505
153.4299,48.3149,32.8622,30.1027
154.0554,47.1634,31.8590,29.1838
153.6950,47.2836,31.8590,29.1838
152.8597,47.6089,30.8865,28.2930
151.8171,47.6913,29.9437,27.4293
151.9300,47.5784,29.9437,27.4293
151.3708,48.1099,29.0297,26.5920
154.3003,45.6052,29.9575,27.4419
153.9346,44.8277,30.9149,28.3190
153.3240,44.2586,31.9029,29.2240
152.4819,43.8977,31.9029,29.2240
151.8804,43.5368,31.9029,29.2240
151.7601,42.6947,31.9029,29.2240
150.9180,42.8150,31.9029,29.2240
150.5285,42.2277,32.9226,30.1580
149.4112,42.1036,32.9226,30.1580
148.7905,41.4829,32.9226,30.1580
147.8919,39.6353,33.9748,31.1219
146.4522,39.0099,35.0606,32.1165
145.7597,38.3645,36.1811,33.1430
145.0451,37.4256,37.3375,34.2022
143.7780,35.8768,37.3375,34.2022
142.4774,35.7527,38.5308,35.2953
141.1698,34.7356,38.5308,35.2953
140.7339,33.7186,38.5308,35.2953
138.5545,33.5733,38.5308,35.2953
137.2123,32.5734,39.7622,36.4234
134.6634,32.1236,39.7622,36.4234
133.9137,30.4743,39.7622,36.4234
132.2288,30.3420,41.0330,37.5875
130.7994,29.2772,42.3445,38.7888
129.3700,26.8355,41.0519,37.6047
129.2225,26.3258,39.7988,36.4568
128.4722,25.5754,39.7988,36.4568
128.9295,24.1809,38.5839,35.3440
128.7910,22.5380,37.4061,34.2651
128.0857,21.5506,37.4061,34.2651
127.3804,20.5633,37.4061,34.2651
126.3596,20.1568,38.6016,35.3602
125.0564,19.0953,37.4233,34.2808
124.3509,19.5186,37.4233,34.2808
123.6453,19.6598,37.4233,34.2808
122.9397,20.9298,37.4233,34.2808
120.8230,23.0465,37.4233,34.2808
119.8016,25.1799,38.6193,35.3764
117.5826,27.9640,39.8536,36.5071
115.6289,29.6171,39.8536,36.5071
113.3819,31.8274,38.6371,35.3927
110.6137,34.0128,38.6371,35.3927
108.7197,36.7809,38.6371,35.3927
105.0774,38.3836,38.6371,35.3927
103.1834,39.1120,38.6371,35.3927
101.5877,40.3807,37.4576,34.3123
100.5654,40.8211,38.6548,35.4089
98.9620,41.8414,38.6548,35.4089
98.2402,41.3615,37.4748,34.3280
98.1056,41.4615,36.3309,33.2802
97.1531,42.1065,35.2219,32.2643
97.8235,42.9973,34.1467,31.2794
95.6040,43.6563,35.2381,32.2791
95.4774,44.0161,34.1624,31.2938
92.4839,43.9025,35.2542,32.2939
90.4582,44.3170,36.3810,33.3260
88.9166,45.5679,37.5437,34.3911
88.7413,45.4430,38.7436,35.4903
87.4334,45.8386,37.5609,34.4069
86.7320,46.5054,36.4144,33.3566
84.6723,48.5651,36.4144,33.3566
81.7888,51.9978,36.4144,33.3566
78.0487,51.8767,37.5782,34.4227
75.3227,52.0352,38.7792,35.5229
73.1293,51.5965,38.7792,35.5229
70.3162,49.4203,40.0186,36.6582
67.1472,48.6658,40.0186,36.6582
63.0370,47.9291,41.2976,37.8298
66.3146,46.7935,40.0369,36.6750
67.6805,46.5984,38.8148,35.5555
67.2484,46.1165,37.6300,34.4701
65.4105,46.5007,36.4813,33.4179
64.7227,47.1886,36.4813,33.4179
64.5917,46.1854,35.3677,32.3978
63.9249,47.1190,35.3677,32.3978
63.5248,47.5191,35.3677,32.3978
61.7593,47.6682,36.4981,33.4333
60.7632,47.8220,37.6645,34.5018
58.9169,47.3960,37.6645,34.5018
57.3546,47.8220,37.6645,34.5018
54.9401,47.1119,37.6645,34.5018
54.5141,47.8220,37.6645,34.5018
52.9518,47.9641,37.6645,34.5018
52.2417,48.3901,37.6645,34.5018
51.8223,49.9109,36.5148,33.4486
52.7927,48.6314,35.4002,32.4276
53.7335,48.9929,34.3196,31.4377
54.3498,48.1023,35.4164,32.4425
53.6503,47.4503,36.5483,33.4794
53.2040,47.0531,37.7164,34.5494
52.7435,47.4966,38.9218,35.6535
53.4425,47.9542,40.1658,36.7930
54.5099,48.9701,38.9397,35.6699
55.5377,49.4106,38.9397,35.6699
56.5306,50.7495,40.1842,36.8099
58.4645,51.2219,41.4685,37.9864
60.5047,52.2708,40.2027,36.8268
62.7859,54.1972,38.9755,35.7027
64.7035,55.1831,37.7857,34.6128
67.4174,56.7087,36.6323,33.5563
69.7722,56.5302,35.5141,32.5320
71.5132,56.9320,35.5141,32.5320
74.8675,57.5624,34.4300,31.5389
76.5552,56.3940,34.4300,31.5389
78.2121,54.7215,35.5304,32.5469
80.4898,53.7837,35.5304,32.5469
83.0417,53.6105,34.4458,31.5534
84.9901,54.2600,34.4458,31.5534
86.9384,53.6105,34.4458,31.5534
88.6269,53.7404,34.4458,31.5534
90.0557,52.8312,34.4458,31.5534
92.5236,52.4415,34.4458,31.5534
93.6926,52.0519,34.4458,31.5534
95.6409,51.1426,34.4458,31.5534
96.8099,50.7530,34.4458,31.5534
97.9789,49.5840,34.4458,31.5534
99.4077,50.2334,34.4458,31.5534
99.7973,50.3633,34.4458,31.5534
101.2323,51.7541,33.3944,30.5902
100.8246,51.3912,34.4617,31.5679
100.6946,53.0805,34.4617,31.5679
100.8308,54.7319,33.4097,30.6043
99.6969,56.1177,33.4097,30.6043
99.0670,58.2594,33.4097,30.6043
96.3915,59.9120,34.4775,31.5824
94.7014,62.3821,34.4775,31.5824
92.7512,65.8923,34.4775,31.5824
90.8073,68.3245,33.4250,30.6183
87.1522,70.9713,33.4250,30.6183
86.0178,73.6181,33.4250,30.6183
83.8751,74.2483,33.4250,30.6183
82.4887,73.6181,33.4250,30.6183
82.6147,72.9879,33.4250,30.6183
