0.19685
0.22039
0.054288
0.027055
0.035533
0.030652
0.024427
0.021554
0.021178
0.020996
0.062488
0.022046
0.020606
0.02053
0.020703
0.020603
0.020418
0.020158
0.020287
0.020168
0.020579
0.02041
0.020572
0.020244
0.020244
0.020237
0.020542
0.020411
0.020338
0.020343
0.020259
0.020687
0.02049
0.020461
0.020376
0.020161
0.020264
0.020347
0.021444
0.021448
0.0215
0.021531
0.021931
0.021187
0.020807
0.020205
0.020198
0.020988
0.020212
0.020089
0.020257
0.020085
0.020141
0.02028
0.020099
0.020025
0.020025
0.020066
0.020051
0.020059
0.020093
0.020134
0.020157
0.020362
0.020163
0.020173
0.025185
0.020185
0.020127
0.020067
0.020392
0.020093
0.020054
0.020135
0.020151
0.020289
0.020077
0.019997
0.019949
0.019936
0.01998
0.020118
0.01992
0.020005
0.019914
0.019901
0.020004
0.019901
0.019914
0.019925
0.02033
0.020047
0.020146
0.01992
0.019902
0.019875
0.019878
0.019961
0.019932
0.019856
0.020504
0.020524
0.02052
0.019975
0.019951
0.01991
0.019913
0.019886
0.020036
0.019897
0.020079
0.020368
0.020564
0.020536
0.020262
0.020288
0.020141
0.019925
0.019881
0.020029
0.019969
0.019913
0.019931
0.019898
0.019956
0.020571
0.020636
0.020469
0.020432
0.020527
0.020524
0.020441
0.020181
0.01988
0.019853
0.020202
0.020208
0.020038
0.019859
0.019827
0.019947
0.019855
0.019899
0.029338
0.01988
0.019877
0.019852
0.019862
0.020036
0.019886
0.019964
0.01985
0.019806
0.020103
0.019946
0.019908
0.01993
0.019965
0.019837
0.019919
0.019938
0.01987
0.01985
0.019977
0.020714
0.02055
0.020492
0.023895
0.020589
0.020515
0.020468
0.020412
0.020473
0.020355
0.019859
0.019803
0.020068
0.02146
0.021224
0.021025
0.02092
0.020726
0.021191
0.020742
0.019819
0.019841
0.020025
0.019882
0.019907
0.019874
0.019859
0.019863
0.019847
0.019818
0.030966
0.022511
0.022435
0.019897
0.020709
0.019831
0.020183
0.019927
0.018418
0.019892
0.020616
0.020695
0.020663
0.020674
0.020757
0.020651
0.020673
0.020769
0.019973
0.020788
0.020716
0.020836
0.02068
0.020679
0.02073
0.020692
0.020769
0.021149
0.020814
0.020648
0.020731
0.020703
0.021079
0.02065
0.020658
0.020716
0.023088
0.020672
0.020758
0.019835
0.020676
0.021162
0.020717
0.02068
0.020637
0.021119
0.020673
0.021125
0.020807
0.020671
0.021139
0.021134
0.021104
0.02114
0.02121
0.021214
0.021667
0.021732
0.021418
0.021699
0.020921
0.021205
0.02124
0.021298
0.020811
0.021097
0.020903
0.020982
0.020693
0.020749
0.022119
0.021858
0.02165
0.021959
0.021652
0.021581
0.020848
0.020722
0.020753
0.02125
0.021295
0.020728
0.021268
0.021269
0.020773
0.021429
0.021237
0.020864
0.021288
0.021261
0.021193
0.021702
0.024004
0.021014
0.020835
0.020942
0.020832
0.020913
0.02086
0.02094
0.021282
0.020984
0.02081
0.020886
0.020736
0.020795
0.020744
0.021014
0.020747
0.020953
0.020801
0.020952
0.020771
0.020799
0.021323
0.020794
0.020743
0.020893
0.020691
0.021076
0.021119
0.0213
0.021035
0.020869
0.020724
0.021165
0.02074
0.020798
0.021003
0.020861
0.021012
0.021412
0.020948
0.020943
0.020802
0.020843
0.021347
0.020881
0.020767
0.020995
0.022646
0.022924
0.020498
0.020448
0.021342
0.021005
0.020848
0.020937
0.020793
0.020966
0.021
0.020971
0.020817
0.020891
0.020856
0.020916
0.020801
0.020993
0.020799
0.020844
0.020861
0.019983
0.019996
0.020165
0.020026
0.020081
0.020014
0.019986
0.020085
0.020011
0.020001
0.02014
