0.20677
0.23014
0.065219
0.038359
0.047048
0.041615
0.03568
0.032182
0.032432
0.032361
0.032195
0.032169
0.032122
0.032024
0.032581
0.032062
0.032117
0.032001
0.032695
0.032085
0.032578
0.032628
0.032226
0.032498
0.032318
0.032218
0.032479
0.032426
0.032225
0.032247
0.032341
0.032834
0.032304
0.03251
0.032264
0.032242
0.032382
0.032418
0.032296
0.032206
0.033539
0.032515
0.033224
0.032342
0.033044
0.032169
0.032191
0.032196
0.032091
0.03213
0.032031
0.032085
0.032098
0.032353
0.032047
0.03217
0.032287
0.032342
0.0323
0.032232
0.032283
0.032257
0.032323
0.032478
0.032427
0.032214
0.032395
0.032375
NaN
NaN
NaN
NaN
0.2088
0.22978
0.065356
0.036075
0.046989
0.042176
0.036009
0.03205
0.031789
0.031824
0.031422
0.031851
0.031402
0.031451
0.031784
0.031869
0.03152
0.031366
0.031378
0.031554
0.07292
0.038681
0.031968
0.031899
0.032022
0.032023
0.03199
0.031914
0.032204
0.031975
0.031994
0.03241
0.032032
