1
712.3148,230.4095,22.0000,24.0000
714.9401,231.5864,22.0000,24.0000
715.3928,230.7716,22.0000,24.0000
717.2939,230.6811,22.0000,24.0000
718.1087,230.5905,22.0000,24.0000
718.3802,230.3189,22.0000,24.0000
719.9193,230.9527,22.0000,24.0000
720.0098,230.5000,22.0000,24.0000
721.1867,230.7716,22.0000,24.0000
721.6393,230.1379,22.0000,24.0000
721.7299,230.2284,22.0000,24.0000
721.8204,230.3189,22.0000,24.0000
722.0920,230.2284,22.0000,24.0000
722.1825,230.1379,22.0000,24.0000
722.0920,230.0473,22.0000,24.0000
721.6393,229.9568,22.0000,24.0000
720.2814,229.5042,22.0000,24.0000
720.1909,228.6894,22.0000,24.0000
719.1950,228.7799,22.0000,24.0000
718.7424,228.8705,22.0000,24.0000
717.3845,228.9610,22.0000,24.0000
716.3886,229.0515,22.0000,24.0000
715.2117,229.1421,22.0000,24.0000
713.3106,229.4136,22.0000,24.0000
711.9526,229.6852,22.0000,24.0000
710.4136,229.4136,22.0000,24.0000
708.5125,230.2284,22.0000,24.0000
705.7061,230.1379,22.0000,24.0000
702.8997,230.0473,22.0000,24.0000
700.9985,229.9568,22.0000,24.0000
698.7353,229.6852,22.0000,24.0000
694.8425,229.4136,22.0000,24.0000
692.2172,230.2284,22.0000,24.0000
687.9623,230.1379,22.0000,24.0000
684.4316,230.2284,22.0000,24.0000
681.4441,230.1379,22.0000,24.0000
675.7407,230.0473,22.0000,24.0000
670.9427,229.9568,22.0000,24.0000
664.5150,229.6852,22.0000,24.0000
659.7170,228.8705,22.0000,24.0000
655.4726,227.3101,22.7031,24.7670
648.4387,229.2763,22.0101,24.0110
643.6384,229.0045,22.0101,24.0110
634.3201,228.1680,22.7135,24.7784
635.1613,214.4285,22.7135,24.7784
2
0
0
0
0
1
673.4235,229.1525,26.0000,30.0000
678.6013,229.2626,26.0000,30.0000
685.9824,230.0338,26.0000,30.0000
691.3805,230.3643,26.0000,30.0000
695.2363,231.5761,26.0000,30.0000
701.5157,232.5676,26.0000,30.0000
706.0325,233.1185,26.0000,30.0000
710.9900,233.2286,26.0000,30.0000
715.0662,233.9998,26.0000,30.0000
717.3796,235.4319,26.0000,30.0000
721.8964,235.3218,26.0000,30.0000
725.4881,236.3305,25.2063,29.0842
727.7310,236.8645,25.2063,29.0842
729.5466,236.7577,25.2063,29.0842
730.9350,236.8645,25.2063,29.0842
733.1779,236.9713,25.2063,29.0842
734.9510,237.7356,24.4369,28.1964
736.2971,237.6321,24.4369,28.1964
736.3594,237.9589,23.6910,27.3357
736.8613,237.4570,23.6910,27.3357
736.1587,237.5574,23.6910,27.3357
736.0583,237.6577,23.6910,27.3357
734.9541,237.5574,23.6910,27.3357
734.0507,237.4570,23.6910,27.3357
732.5449,237.3566,23.6910,27.3357
731.2399,236.8547,23.6910,27.3357
729.1549,236.1167,24.4481,28.2094
726.5239,237.0652,23.7018,27.3483
724.6158,236.7639,23.7018,27.3483
721.3016,237.0652,23.7018,27.3483
718.0104,236.5278,24.4594,28.2223
716.0413,236.6314,24.4594,28.2223
710.9631,236.9423,24.4594,28.2223
707.3358,237.4605,24.4594,28.2223
701.2211,237.1496,24.4594,28.2223
698.2156,237.8750,24.4594,28.2223
693.9664,237.7714,24.4594,28.2223
687.0227,237.8750,24.4594,28.2223
681.9445,237.9787,24.4594,28.2223
674.7935,238.0823,24.4594,28.2223
668.6376,238.8240,23.7127,27.3608
662.5316,238.0853,24.4706,28.2353
653.0962,238.3964,24.4706,28.2353
647.6246,235.9752,25.2527,29.1377
643.4761,237.3285,26.0597,30.0689
650.4324,237.2181,26.0597,30.0689
657.1680,237.3285,26.0597,30.0689
666.1119,237.6598,26.0597,30.0689
672.1850,238.2119,26.0597,30.0689
680.6873,238.3223,26.0597,30.0689
686.3187,238.6536,26.0597,30.0689
691.2875,239.4265,26.0597,30.0689
698.2439,239.5369,26.0597,30.0689
702.5502,240.0890,26.0597,30.0689
709.6835,240.8792,25.2643,29.1511
712.7880,241.4144,25.2643,29.1511
716.5346,242.5920,25.2643,29.1511
721.1377,242.0567,25.2643,29.1511
724.8844,242.5920,25.2643,29.1511
729.0593,242.4849,25.2643,29.1511
731.7355,242.5920,25.2643,29.1511
733.7694,242.6990,25.2643,29.1511
737.6876,243.4651,24.4931,28.2612
739.8257,243.7926,23.7454,27.3985
742.1398,245.3018,23.7454,27.3985
743.8502,245.0000,23.7454,27.3985
744.5545,244.8994,23.7454,27.3985
746.2650,244.7988,23.7454,27.3985
746.1644,245.7043,23.7454,27.3985
746.2650,246.0061,23.7454,27.3985
746.1644,245.7043,23.7454,27.3985
745.2589,246.2074,23.7454,27.3985
743.9509,246.1068,23.7454,27.3985
742.2404,246.0061,23.7454,27.3985
739.9263,245.9055,23.7454,27.3985
737.6122,245.6037,23.7454,27.3985
736.1030,245.9055,23.7454,27.3985
732.3804,245.2012,23.7454,27.3985
729.6638,245.1006,23.7454,27.3985
724.9351,244.3963,23.7454,27.3985
721.2123,244.0945,23.7454,27.3985
717.6909,243.5914,23.7454,27.3985
710.9498,243.4908,23.7454,27.3985
706.4223,242.9877,23.7454,27.3985
699.6812,241.6798,23.7454,27.3985
693.9463,242.1828,23.7454,27.3985
689.0162,241.6798,23.7454,27.3985
681.0679,241.5792,23.7454,27.3985
674.9305,241.4786,23.7454,27.3985
665.1940,240.5377,24.5043,28.2742
659.4835,239.1879,24.5043,28.2742
652.1116,239.4994,24.5043,28.2742
642.4794,237.9055,25.2875,29.1778
645.3968,237.3320,26.0956,30.1104
656.1222,237.2215,26.0956,30.1104
662.6459,237.3320,26.0956,30.1104
669.3907,237.6638,26.0956,30.1104
678.1259,238.8800,26.0956,30.1104
683.7650,239.4329,26.0956,30.1104
692.7213,239.9857,26.0956,30.1104
697.9181,240.0963,26.0956,30.1104
705.3264,241.3126,26.0956,30.1104
709.4175,242.0866,26.0956,30.1104
713.9509,242.6395,26.0956,30.1104
721.3152,244.9787,25.2991,29.1912
724.8527,244.8715,25.2991,29.1912
729.8909,245.1931,25.2991,29.1912
734.0289,247.0322,24.5268,28.3002
737.8327,247.5681,23.7781,27.4363
741.9635,247.4673,23.7781,27.4363
744.6838,247.5681,23.7781,27.4363
748.3715,248.6921,23.0523,26.5988
750.5792,250.5632,22.3486,25.7869
751.5831,250.8621,21.6664,24.9997
754.0253,251.1518,21.0050,24.2366
754.2923,251.4188,21.0050,24.2366
754.7373,251.1518,21.0050,24.2366
755.3604,252.1308,21.0050,24.2366
754.9153,252.2198,21.0050,24.2366
754.2923,252.3088,21.0050,24.2366
752.6013,252.5759,21.0050,24.2366
750.5746,251.5655,21.6764,25.0112
748.0948,251.1063,21.6764,25.0112
746.5334,251.3818,21.6764,25.0112
742.2166,251.2900,21.6764,25.0112
739.3694,251.1982,21.6764,25.0112
735.6037,250.9226,21.6764,25.0112
732.5728,250.4634,21.6764,25.0112
728.9908,250.5552,21.6764,25.0112
723.5929,248.7779,22.3691,25.8105
718.4016,248.0811,23.0840,26.6354
711.6750,247.3620,23.8218,27.4867
706.3484,246.2162,24.5832,28.3652
700.6195,246.3204,24.5832,28.3652
693.4323,244.9662,24.5832,28.3652
688.3283,245.0704,24.5832,28.3652
679.7067,243.8880,25.3688,29.2717
674.4396,242.2756,25.3688,29.2717
667.6676,242.3831,25.3688,29.2717
657.6709,241.8457,25.3688,29.2717
650.8989,241.7382,25.3688,29.2717
655.2633,241.2175,24.5944,28.3782
660.1850,240.6598,25.3805,29.2852
666.3148,240.7674,25.3805,29.2852
674.3804,241.0900,25.3805,29.2852
679.4348,240.9824,25.3805,29.2852
686.2099,241.7352,25.3805,29.2852
689.9738,243.3483,25.3805,29.2852
693.5227,243.4559,25.3805,29.2852
699.2224,244.6388,25.3805,29.2852
702.5561,245.1765,25.3805,29.2852
707.1804,245.7142,25.3805,29.2852
709.2236,246.6821,25.3805,29.2852
712.0845,247.4517,24.6057,28.3912
715.3165,247.1389,24.6057,28.3912
716.6718,247.4517,24.6057,28.3912
719.4868,247.3474,24.6057,28.3912
721.0507,247.2432,24.6057,28.3912
722.8231,247.9730,24.6057,28.3912
724.9710,248.3021,23.8546,27.5246
726.0828,247.1902,23.8546,27.5246
725.9818,248.0999,23.8546,27.5246
726.8914,247.9988,23.8546,27.5246
726.8135,247.4579,24.6170,28.4043
727.2935,246.7441,23.8656,27.5372
726.9901,247.2497,23.8656,27.5372
725.6755,247.5531,23.8656,27.5372
724.9908,247.0119,24.6283,28.4173
724.9103,246.2447,25.4155,29.3255
719.8061,247.2307,24.6396,28.4304
718.0312,247.1263,24.6396,28.4304
715.6300,247.2307,24.6396,28.4304
713.8552,246.7087,24.6396,28.4304
712.2891,245.5603,24.6396,28.4304
709.0111,246.3074,23.8875,27.5625
708.3026,245.1941,23.8875,27.5625
704.5174,246.3233,23.1583,26.7212
702.6755,244.4244,23.8985,27.5752
699.5595,243.8825,24.6623,28.4565
693.0000,242.6962,25.4505,29.3659
691.1239,243.4680,24.6736,28.4695
685.1887,242.6994,25.4622,29.3794
682.0846,242.1220,26.2759,30.3184
680.4146,241.5653,26.2759,30.3184
675.4045,240.7860,26.2759,30.3184
671.9531,240.4520,26.2759,30.3184
665.8297,239.8953,26.2759,30.3184
661.2650,239.7840,26.2759,30.3184
654.4735,239.2273,26.2759,30.3184
648.7954,239.3386,26.2759,30.3184
646.4574,232.5472,26.2759,30.3184
642.0710,238.2427,25.4739,29.3929
644.7695,238.1348,25.4739,29.3929
647.6837,237.3792,25.4739,29.3929
650.8139,237.7030,25.4739,29.3929
651.7853,237.8109,25.4739,29.3929
655.9519,237.5040,24.6963,28.4957
657.8984,238.2528,23.9424,27.6258
661.8145,238.5730,23.2115,26.7826
664.2342,239.2769,22.5030,25.9650
666.0079,239.3871,21.8161,25.1724
668.3188,239.8493,21.8161,25.1724
670.4660,240.2790,22.5133,25.9769
672.4692,240.3744,22.5133,25.9769
674.0909,240.4698,22.5133,25.9769
674.7587,240.7560,22.5133,25.9769
676.3804,241.2329,22.5133,25.9769
678.0020,241.1375,22.5133,25.9769
679.4329,241.4237,22.5133,25.9769
680.8638,241.9007,22.5133,25.9769
681.5316,242.1868,22.5133,25.9769
683.7256,241.5191,22.5133,25.9769
685.3093,241.8202,21.8261,25.1840
686.3265,241.9127,21.8261,25.1840
686.4402,241.0478,22.5237,25.9889
686.9174,240.7615,22.5237,25.9889
686.4620,240.8234,23.2435,26.8195
687.3709,240.0993,23.9864,27.6766
689.2615,240.0136,23.2542,26.8318
689.7150,240.3246,22.5444,26.0127
690.9567,239.8470,22.5444,26.0127
690.6321,240.7216,21.8562,25.2187
690.1903,240.4112,22.5547,26.0247
691.7769,240.1395,21.8662,25.2303
691.3348,239.6436,22.5651,26.0366
692.5397,240.5191,21.8763,25.2418
694.0787,241.1824,21.2085,24.4713
693.4496,240.5534,21.2085,24.4713
693.5037,241.3762,20.5611,23.7243
694.2531,241.9996,19.9334,23.0001
695.3175,241.9284,19.3250,22.2980
694.7631,240.8351,19.9426,23.0107
694.8669,240.0449,20.5800,23.7461
694.4508,239.2294,21.2377,24.5050
694.3608,238.7795,21.2377,24.5050
695.1707,238.5095,21.2377,24.5050
695.1013,239.1078,21.9165,25.2882
695.1942,238.8292,21.9165,25.2882
694.9156,240.4079,21.9165,25.2882
694.8227,240.1293,21.9165,25.2882
695.8442,239.2935,21.9165,25.2882
694.9715,240.1438,21.2475,24.5163
695.7459,240.4280,20.5989,23.7679
695.4841,240.6898,20.5989,23.7679
694.6985,239.7297,20.5989,23.7679
694.4367,239.9916,20.5989,23.7679
693.1275,240.2534,20.5989,23.7679
693.9130,240.5152,20.5989,23.7679
695.1875,240.2670,19.9701,23.0424
692.8692,241.8880,19.3605,22.3390
691.9669,240.6575,19.3605,22.3390
693.2161,241.0388,19.9792,23.0530
695.4681,240.7981,19.3694,22.3493
694.4012,241.2084,19.3694,22.3493
694.6661,240.7692,19.9884,23.0636
694.0927,240.1466,20.6273,23.8007
692.1024,239.8536,21.2865,24.5613
691.6514,239.9438,21.2865,24.5613
693.5096,239.5070,20.6367,23.8116
693.6171,240.2632,21.2963,24.5726
693.6714,240.5480,20.6462,23.8225
696.1735,241.1740,20.0160,23.0953
695.0372,242.6291,19.4050,22.3904
696.4023,243.0530,18.8126,21.7069
696.4503,242.6669,18.2384,21.0443
694.3814,242.7170,18.8213,21.7168
697.9384,242.9687,18.2467,21.0539
703.8916,243.5099,18.2467,21.0539
713.0612,226.1263,17.6898,20.4113
716.8540,219.7669,17.1498,19.7882
2
0
0
0
0
1
686.9208,231.1791,33.7273,35.0909
684.8889,230.7727,33.7273,35.0909
683.1008,232.2565,32.6978,34.0197
681.9188,232.1252,32.6978,34.0197
678.9011,231.7129,33.7428,35.1070
676.5972,232.3905,33.7428,35.1070
675.1064,232.5260,33.7428,35.1070
671.9894,232.9326,33.7428,35.1070
669.6855,233.6102,33.7428,35.1070
667.1105,233.7458,33.7428,35.1070
665.3487,234.1523,33.7428,35.1070
664.6440,234.8237,32.7128,34.0353
661.8848,235.4806,32.7128,34.0353
660.4396,235.6120,32.7128,34.0353
658.4688,235.7434,32.7128,34.0353
657.0235,235.8748,32.7128,34.0353
655.0527,236.2689,32.7128,34.0353
