0.19339
0.22665
0.058741
0.028065
0.037909
0.032308
0.025868
0.023128
0.022621
0.022251
0.022359
0.022359
0.021988
0.022107
0.022924
0.022128
0.022207
0.022032
0.021987
0.021963
0.022388
0.022201
0.022184
0.022232
0.022259
0.022273
0.022411
0.022166
0.021951
0.022182
0.022144
0.022439
0.022461
0.022347
0.022089
0.022318
0.022172
0.022423
0.022293
0.022361
0.022788
0.023801
0.024748
0.026133
0.025541
0.025159
0.024661
0.024252
0.023367
0.022832
0.022844
0.023352
0.022999
0.023753
0.023544
0.022895
0.023331
0.023369
0.023445
0.023457
0.023489
0.023347
0.023467
0.023871
0.023355
0.023435
0.023175
0.023357
0.023428
0.023038
0.023348
0.023035
0.023495
0.023801
0.023649
0.023793
0.023807
0.023438
0.023568
0.023633
0.023627
0.022885
0.023681
0.023155
0.023606
0.023476
0.023434
0.023545
0.022909
0.023598
0.023452
0.023564
0.023785
0.023587
0.023505
0.023641
0.023513
0.023074
0.022042
0.022076
0.022527
0.022702
0.022628
0.022116
0.022414
0.022342
0.022145
0.022353
0.022099
0.02215
0.022411
0.022824
0.022984
0.02296
0.022439
0.022606
0.022363
0.022267
0.022234
0.022175
0.022429
0.022224
0.022416
0.02264
0.02252
0.022827
0.023115
0.022974
0.023078
0.022638
0.022793
0.022728
0.022625
0.022227
0.022453
0.022258
0.023494
0.023109
0.023074
0.023189
0.022875
0.023156
0.023131
0.022468
0.022713
0.022266
0.022256
0.022396
0.022213
0.022466
0.022366
0.022376
0.02233
0.022294
0.022293
0.022254
