0.20477
0.21696
0.058475
0.030172
0.037
0.033927
0.028022
0.024312
0.024676
0.024455
0.02439
0.022927
0.022847
0.023078
0.023479
0.022836
0.02282
0.022881
0.022808
0.022892
0.023129
0.024386
0.02401
0.024114
0.024408
0.023676
0.024057
0.02427
0.023631
0.023734
0.024342
0.024638
0.022975
0.023193
0.024328
0.024227
0.024224
0.024276
0.024123
0.024056
0.023986
0.024582
0.02498
0.025173
0.024691
0.024269
0.024131
0.024088
0.024096
0.023777
0.023556
0.024079
0.024123
0.024231
0.023484
0.024185
0.024209
0.023483
0.024093
0.023496
0.023726
0.023768
0.02363
0.023686
0.023552
0.023471
0.023477
0.023611
0.023599
0.023489
0.023531
0.024109
0.023596
0.023429
0.023435
0.023628
0.02349
0.023392
0.02336
0.023593
0.023393
0.023484
0.023374
0.023336
0.023349
0.023336
0.023381
0.023356
0.02333
0.022572
0.022614
0.02248
0.022798
0.022614
0.022519
0.022506
0.022521
0.022605
0.022554
0.022574
0.023055
0.023065
0.023027
0.022609
0.022569
0.022763
0.022647
0.022603
0.022854
0.022631
0.022825
0.022947
0.023159
0.023125
0.022689
0.022865
0.023438
0.023959
0.023363
0.023954
0.023959
0.023419
0.02344
0.023379
0.023801
0.023446
0.023269
0.023073
0.023183
0.023018
0.023131
0.023944
0.023911
0.023867
0.023068
0.023014
0.022975
0.022998
0.022947
0.022598
0.022462
0.022434
0.022455
0.022464
0.022526
0.022429
0.022418
0.022476
0.022406
0.022484
0.022468
0.022494
0.022431
0.022404
0.022464
0.022417
0.022437
0.022511
0.022466
0.022469
0.022471
0.022704
0.022552
0.022563
0.022539
0.022495
0.022546
0.022645
0.023105
0.022811
0.022533
0.022565
0.022561
0.022524
0.022432
