0.2039
0.2357
0.07124
0.044776
0.051592
0.047892
0.041324
0.037904
0.03797
0.037849
0.037743
0.037705
0.037446
0.037509
0.037823
0.037585
0.038343
0.037604
0.037597
0.037529
0.03765
0.03752
0.037495
0.037523
0.037423
0.037269
0.037463
0.035575
0.037385
0.03724
0.03743
0.037934
0.037501
0.037354
0.037607
0.037585
0.038359
0.037772
0.037467
0.038024
0.037936
0.037844
0.038273
0.037519
0.037954
0.037539
0.037487
0.037635
0.037096
0.037321
0.037264
0.037216
0.037311
0.037378
0.037272
0.037268
0.037201
0.037319
0.037175
0.037377
0.037246
0.037196
0.037253
0.037455
0.037228
0.037202
0.037191
0.03723
0.037372
0.037079
0.037171
0.037107
0.03714
0.03711
0.037325
0.037288
0.037141
0.036916
0.0372
0.037095
0.036928
0.036907
0.037066
0.037129
0.036678
0.036973
0.037023
0.036995
0.036946
0.036702
0.036831
0.037002
0.036924
0.036814
0.036654
0.036651
0.036754
0.036766
0.03676
0.037334
0.037422
0.03711
0.036731
0.036714
0.036661
0.036748
0.036757
0.036713
0.036754
0.036731
0.036806
0.03706
0.037077
0.036901
0.036901
0.036938
0.036863
0.036727
0.036756
0.036617
0.036588
0.036705
0.036551
0.036569
0.036729
0.037205
0.037664
0.037185
0.037194
0.037161
0.036861
0.03668
0.036688
0.036644
0.036757
0.036703
0.036699
0.036882
0.036531
0.036525
0.036392
0.036629
0.036365
0.036371
0.0364
0.03632
0.036459
0.036684
0.036453
0.036352
0.036433
0.036524
0.036261
0.03633
0.036247
0.036314
0.036318
0.036459
0.036299
0.036201
0.036416
0.036359
0.034535
0.036464
0.036438
0.036405
0.03648
0.03668
0.037497
0.037051
0.037098
0.037041
0.037128
0.036768
0.036452
0.036548
0.036388
0.03684
0.036698
0.036633
0.036669
0.036486
0.03637
0.036373
0.036532
0.03635
0.036494
0.03633
0.036438
0.036425
0.036472
0.036499
0.036502
0.036521
0.036457
0.036486
0.036462
0.036586
0.036552
0.036369
0.036642
0.036452
0.036399
0.036451
0.036447
0.036361
0.036574
0.036472
0.036565
0.036357
0.036453
0.036526
0.036363
0.036428
0.036374
0.036392
0.036781
0.036664
0.036619
0.036546
0.036524
0.036453
0.036522
0.036558
0.036354
0.036565
0.036502
0.036406
0.036682
0.036746
0.036412
0.036429
0.036487
0.036583
0.036618
0.036381
0.036412
0.036409
0.036493
0.036643
0.036552
0.036607
0.036433
0.036617
0.036431
0.036375
0.036609
0.036461
0.036403
0.036532
0.037018
0.037083
0.036912
0.036527
0.036626
0.036439
0.036551
0.03655
0.036574
0.036592
0.036582
0.03648
0.036428
0.03666
0.036534
0.036379
0.03651
0.036497
0.036464
0.03654
0.036622
0.036617
0.03633
0.036462
0.036552
0.036375
0.03646
0.036445
0.036312
0.036479
0.036371
0.036534
0.036367
0.03649
0.036477
0.036361
0.036427
0.036479
0.036482
0.036435
0.036504
0.036376
0.036557
0.036718
0.036594
0.036572
0.036497
0.036482
0.035372
0.036422
0.036493
0.036541
0.036404
0.036499
0.036719
0.036447
0.036511
0.036458
0.036691
0.036582
0.036516
0.036581
0.036628
0.036496
0.036429
0.036509
0.036446
0.036418
0.036386
0.036523
0.036458
0.03656
0.036416
0.036426
0.036375
