1
291.9464,144.9911,42.6475,148.5346
292.3080,144.6295,42.6475,148.5346
294.1162,145.7143,42.6475,148.5346
293.7545,146.0760,42.6475,148.5346
294.1162,145.7143,42.6475,148.5346
295.2010,146.0760,42.6475,148.5346
295.5627,145.7143,42.6475,148.5346
296.6475,146.0760,42.6475,148.5346
296.2859,146.4376,42.6475,148.5346
295.2010,146.0760,42.6475,148.5346
294.1162,146.4376,42.6475,148.5346
292.3080,146.7992,42.6475,148.5346
290.4999,146.4376,42.6475,148.5346
288.6918,146.7992,42.6475,148.5346
286.1604,146.4376,42.6475,148.5346
284.3523,146.7992,42.6475,148.5346
282.5441,146.4376,42.6475,148.5346
281.4593,147.5224,42.6475,148.5346
279.6511,147.8841,42.6475,148.5346
278.5662,148.2457,42.6475,148.5346
276.7581,148.6073,42.6475,148.5346
274.9500,149.6922,42.6475,148.5346
275.3116,150.0538,42.6475,148.5346
274.9500,150.4154,42.6475,148.5346
274.5883,151.5003,42.6475,148.5346
274.2267,152.5851,42.6475,148.5346
273.1418,152.9468,42.6475,148.5346
272.7802,152.5851,42.6475,148.5346
270.9721,154.3933,42.6475,148.5346
269.1639,156.2014,42.6475,148.5346
268.0791,157.2862,42.6475,148.5346
266.9942,158.3711,42.6475,148.5346
265.9093,159.4560,42.6475,148.5346
265.5477,160.5409,42.6475,148.5346
265.9093,160.9025,42.6475,148.5346
262.6547,159.8176,42.6475,148.5346
263.0163,159.4560,42.6475,148.5346
261.2082,160.5409,42.6475,148.5346
259.4001,160.9025,42.6475,148.5346
258.3152,160.5409,42.6475,148.5346
257.9536,161.6257,42.6475,148.5346
256.1454,161.9873,42.6475,148.5346
256.5071,161.6257,42.6475,148.5346
258.3152,162.7106,42.6475,148.5346
257.9536,163.7955,42.6475,148.5346
261.5453,165.0307,41.7380,145.3671
264.0227,164.6768,41.7380,145.3671
266.1733,165.2034,40.8479,142.2671
267.2124,164.8570,40.8479,142.2671
268.2515,165.2034,40.8479,142.2671
267.6855,167.0542,39.9768,139.2332
267.1316,167.5586,39.1243,136.2640
265.3105,168.0523,38.2900,133.3581
266.2845,167.0782,38.2900,133.3581
264.0117,165.4549,38.2900,133.3581
263.0377,164.4808,38.2900,133.3581
262.0637,162.2081,38.2900,133.3581
261.7390,161.2341,38.2900,133.3581
261.4143,160.2600,38.2900,133.3581
259.1416,160.5847,38.2900,133.3581
255.5702,159.6107,38.2900,133.3581
251.9987,158.6367,38.2900,133.3581
250.3753,155.7146,38.2900,133.3581
251.3494,152.7925,38.2900,133.3581
253.6221,151.1691,38.2900,133.3581
255.2455,150.8445,38.2900,133.3581
253.6221,148.5717,38.2900,133.3581
251.3494,144.3510,38.2900,133.3581
249.7260,140.7795,38.2900,133.3581
248.7520,139.1562,38.2900,133.3581
252.3234,143.3769,38.2900,133.3581
250.0507,146.9484,38.2900,133.3581
253.9013,147.4315,37.4734,130.5142
256.1256,147.1137,37.4734,130.5142
258.3498,148.7025,37.4734,130.5142
258.9243,147.5883,38.3025,133.4018
258.8375,146.4495,39.1500,136.3534
258.5056,148.1094,39.1500,136.3534
258.8375,146.4495,39.1500,136.3534
259.1695,147.4454,39.1500,136.3534
259.5015,147.1135,39.1500,136.3534
257.8416,146.7815,39.1500,136.3534
256.8457,148.4413,39.1500,136.3534
257.1777,147.4454,39.1500,136.3534
256.8457,147.1135,39.1500,136.3534
255.8498,146.7815,39.1500,136.3534
255.5178,146.4495,39.1500,136.3534
255.1859,144.1257,39.1500,136.3534
257.5096,143.7938,39.1500,136.3534
258.5055,145.4536,39.1500,136.3534
258.8375,143.7938,39.1500,136.3534
261.1613,144.7897,39.1500,136.3534
263.4850,144.4577,39.1500,136.3534
263.8170,144.1257,39.1500,136.3534
264.1490,143.7938,39.1500,136.3534
265.1449,142.7979,39.1500,136.3534
268.1326,143.7938,39.1500,136.3534
271.1203,144.1257,39.1500,136.3534
275.0574,147.1795,38.3151,133.4456
278.2842,150.1681,37.4980,130.5998
279.8740,148.5783,37.4980,130.5998
281.4639,148.2603,37.4980,130.5998
286.2333,150.4860,37.4980,130.5998
291.8431,152.7980,36.6984,127.8147
298.8626,151.7069,37.5103,130.6426
299.4376,152.5716,38.3402,133.5331
282.4861,175.7167,39.1885,136.4875
277.5017,182.0303,39.1885,136.4875
280.4924,181.0334,39.1885,136.4875
287.6362,184.0901,38.3528,133.5769
262.6554,162.0054,37.5349,130.7283
262.1353,158.1843,36.7345,127.9405
264.0281,160.4491,35.9511,125.2121
269.2104,161.3637,35.9511,125.2121
271.3443,162.2782,35.9511,125.2121
273.4782,159.5346,35.9511,125.2121
276.5596,156.5681,36.7465,127.9825
274.5367,152.2428,37.5595,130.8141
271.1474,146.5002,38.3905,133.7083
269.5198,139.6641,38.3905,133.7083
271.4592,135.1453,39.2399,136.6666
274.8224,134.6691,40.1081,139.6904
277.2030,139.0903,40.1081,139.6904
276.8629,142.8313,40.1081,139.6904
277.8832,143.1714,40.1081,139.6904
278.2233,144.1917,40.1081,139.6904
277.8832,143.1714,40.1081,139.6904
279.5837,146.2322,40.1081,139.6904
279.2436,147.2525,40.1081,139.6904
278.2233,146.9124,40.1081,139.6904
277.8832,147.2525,40.1081,139.6904
278.2233,146.9124,40.1081,139.6904
276.5229,147.9327,40.1081,139.6904
275.5026,148.2728,40.1081,139.6904
275.1625,148.6128,40.1081,139.6904
275.5026,150.3133,40.1081,139.6904
277.2031,151.3336,40.1081,139.6904
277.3029,153.1508,39.2528,136.7114
278.9671,154.1494,39.2528,136.7114
277.9686,154.4822,39.2528,136.7114
278.3014,155.4807,39.2528,136.7114
279.6824,157.9009,38.4157,133.7960
280.0081,156.2722,38.4157,133.7960
281.3597,158.6407,37.5965,130.9428
281.0409,155.7715,37.5965,130.9428
281.9973,156.7279,37.5965,130.9428
281.4763,156.5878,36.7947,128.1504
281.7883,156.8997,36.7947,128.1504
282.1003,157.8357,36.7947,128.1504
283.0364,158.7717,36.7947,128.1504
283.9724,159.0837,36.7947,128.1504
283.6603,159.3957,36.7947,128.1504
283.3483,160.3317,36.7947,128.1504
283.6603,160.0197,36.7947,128.1504
284.5963,159.7077,36.7947,128.1504
282.4124,159.3957,36.7947,128.1504
280.2284,160.3317,36.7947,128.1504
278.6684,161.2677,36.7947,128.1504
277.7324,161.5797,36.7947,128.1504
275.5484,162.5157,36.7947,128.1504
275.0385,165.9871,36.0101,125.4175
272.9012,165.6818,36.0101,125.4175
271.2250,169.0792,35.2421,122.7430
272.1214,169.9757,35.2421,122.7430
271.2250,170.8722,35.2421,122.7430
270.9261,172.3664,35.2421,122.7430
271.2250,173.2629,35.2421,122.7430
272.1214,172.9641,35.2421,122.7430
274.2133,172.6652,35.2421,122.7430
276.3051,173.5617,35.2421,122.7430
278.3969,174.4582,35.2421,122.7430
278.0981,175.3547,35.2421,122.7430
278.9946,174.4582,35.2421,122.7430
279.8911,173.5617,35.2421,122.7430
280.1899,173.2629,35.2421,122.7430
281.0864,170.5734,35.2421,122.7430
282.5806,169.0793,35.2421,122.7430
283.1208,166.7913,36.0219,125.4587
283.0392,166.9879,36.8189,128.2345
284.8993,164.5976,37.6335,131.0716
285.8566,164.2785,37.6335,131.0716
285.7714,162.4974,38.4661,133.9716
286.0975,161.5189,38.4661,133.9716
287.3640,159.0217,39.3172,136.9357
285.8914,157.1609,40.1871,139.9654
287.2145,155.2590,41.0762,143.0622
288.9560,155.6073,41.0762,143.0622
290.0009,155.2590,41.0762,143.0622
291.0458,157.6971,41.0762,143.0622
292.0907,159.4386,41.0762,143.0622
291.0458,161.8767,41.0762,143.0622
289.3043,163.6182,41.0762,143.0622
288.0637,166.1508,40.2003,140.0113
287.7228,167.8552,40.2003,140.0113
286.0185,166.8325,40.2003,140.0113
284.8043,170.6253,39.3430,137.0256
286.4724,170.2917,39.3430,137.0256
285.4715,169.9581,39.3430,137.0256
285.8052,171.6261,39.3430,137.0256
286.1388,169.9581,39.3430,137.0256
286.2367,173.0269,38.5040,134.1035
289.1752,170.7414,38.5040,134.1035
290.8076,171.7209,38.5040,134.1035
293.7460,171.3944,38.5040,134.1035
297.3374,171.7209,38.5040,134.1035
298.9699,171.3944,38.5040,134.1035
301.2553,171.0679,38.5040,134.1035
304.1937,169.4355,38.5040,134.1035
305.8262,169.1090,38.5040,134.1035
304.8467,168.1295,38.5040,134.1035
304.9426,168.6154,37.6829,131.2437
303.3449,168.9349,37.6829,131.2437
301.7473,167.3372,37.6829,131.2437
304.9209,172.1244,36.8793,128.4448
315.8659,178.0660,36.8793,128.4448
316.1786,179.0041,36.8793,128.4448
308.9862,174.9388,36.8793,128.4448
304.2554,177.8154,36.0928,125.7057
298.4456,203.0494,35.3231,123.0250
295.7500,210.5374,35.3231,123.0250
294.2524,213.8321,35.3231,123.0250
292.1558,216.5277,35.3231,123.0250
292.4553,215.6292,35.3231,123.0250
294.5519,216.5277,35.3231,123.0250
295.7947,216.3960,34.5698,120.4015
306.6171,185.1882,33.8326,117.8339
308.6252,182.0326,33.8326,117.8339
307.6035,183.0125,33.1111,115.3210
309.0073,183.2932,33.1111,115.3210
309.8496,184.1355,33.1111,115.3210
313.4995,183.2932,33.1111,115.3210
316.0263,184.1355,33.1111,115.3210
318.5532,184.4163,33.1111,115.3210
321.6415,184.6970,33.1111,115.3210
324.1684,185.5393,33.1111,115.3210
325.8411,183.3897,33.8437,117.8725
328.4239,185.3985,33.8437,117.8725
329.8588,184.5376,33.8437,117.8725
332.4415,185.9725,33.8437,117.8725
332.3649,183.7753,34.5925,120.4804
334.4181,184.0686,34.5925,120.4804
335.8847,185.5353,34.5925,120.4804
337.3514,186.4152,34.5925,120.4804
338.8180,186.1219,34.5925,120.4804
339.6979,185.2419,34.5925,120.4804
342.3378,186.1219,34.5925,120.4804
343.2178,185.8286,34.5925,120.4804
344.6844,184.9486,34.5925,120.4804
346.7377,184.6553,34.5925,120.4804
347.0310,185.5353,34.5925,120.4804
349.0843,185.2420,34.5925,120.4804
352.3108,184.9486,34.5925,120.4804
355.5374,185.2420,34.5925,120.4804
358.1773,186.1219,34.5925,120.4804
361.4038,186.4153,34.5925,120.4804
364.0437,186.7086,34.5925,120.4804
366.6836,187.0019,34.5925,120.4804
369.9102,186.1219,34.5925,120.4804
373.7234,185.8286,34.5925,120.4804
377.5366,186.1219,34.5925,120.4804
381.3498,185.8286,34.5925,120.4804
384.5764,185.5353,34.5925,120.4804
387.2163,186.4153,34.5925,120.4804
389.8561,186.1219,34.5925,120.4804
391.3228,185.8286,34.5925,120.4804
392.7894,184.9486,34.5925,120.4804
391.3228,186.4153,34.5925,120.4804
392.2027,187.2952,34.5925,120.4804
390.7361,187.5885,34.5925,120.4804
391.0295,189.0552,34.5925,120.4804
391.3228,188.1752,34.5925,120.4804
391.2444,188.3640,35.3579,123.1461
392.1439,187.4645,35.3579,123.1461
392.4437,188.3640,35.3579,123.1461
394.5424,189.2634,35.3579,123.1461
397.2407,189.5632,35.3579,123.1461
400.5386,188.6638,35.3579,123.1461
403.2369,190.7625,35.3579,123.1461
406.5349,191.6619,35.3579,123.1461
409.8328,190.7625,35.3579,123.1461
412.5311,189.8630,35.3579,123.1461
415.2294,189.5632,35.3579,123.1461
417.3281,186.2653,35.3579,123.1461
420.0264,183.5670,35.3579,123.1461
422.4348,179.4052,36.1402,125.8707
424.5799,179.0987,36.1402,125.8707
426.7250,178.1794,36.1402,125.8707
429.4830,176.6471,36.1402,125.8707
429.1766,178.1794,36.1402,125.8707
428.8701,177.8729,36.1402,125.8707
429.1766,178.7923,36.1402,125.8707
427.6443,179.7116,36.1402,125.8707
428.5637,178.7923,36.1402,125.8707
426.4186,180.9374,36.1402,125.8707
424.8863,181.8567,36.1402,125.8707
424.5799,181.5503,36.1402,125.8707
421.9545,180.4758,36.9398,128.6556
419.9210,178.0776,37.7571,131.5021
419.1712,174.9621,38.5924,134.4116
415.6887,172.4566,39.4463,137.3854
411.4350,169.8957,40.3190,140.4251
406.9906,169.5538,40.3190,140.4251
403.2299,170.5794,40.3190,140.4251
400.8367,170.2376,40.3190,140.4251
398.4436,169.8957,40.3190,140.4251
396.0504,169.5538,40.3190,140.4251
392.9735,170.5795,40.3190,140.4251
391.9478,170.9213,40.3190,140.4251
390.9222,169.8957,40.3190,140.4251
390.5803,170.9213,40.3190,140.4251
389.5547,168.5282,40.3190,140.4251
389.2128,170.2376,40.3190,140.4251
386.8196,168.5282,40.3190,140.4251
386.7283,164.4918,41.2111,143.5320
385.6800,165.5402,41.2111,143.5320
383.9327,162.3951,41.2111,143.5320
384.9811,161.3468,41.2111,143.5320
388.1261,161.6963,41.2111,143.5320
390.5722,162.0457,41.2111,143.5320
391.6205,160.9974,41.2111,143.5320
391.9700,162.0457,41.2111,143.5320
390.9216,163.0940,41.2111,143.5320
389.8733,163.4435,41.2111,143.5320
390.9216,165.1907,41.2111,143.5320
389.1744,163.4435,41.2111,143.5320
387.6309,162.2182,42.1229,146.7076
386.5593,160.4323,42.1229,146.7076
384.2405,157.6977,43.0549,149.9536
384.9005,157.1751,44.0075,153.2713
386.0200,157.5483,44.0075,153.2713
388.6321,155.6825,44.0075,153.2713
388.2589,156.8019,44.0075,153.2713
389.3784,155.6825,44.0075,153.2713
389.0052,155.3093,44.0075,153.2713
388.6321,156.4288,44.0075,153.2713
392.7368,153.8167,44.0075,153.2713
390.8710,154.9362,44.0075,153.2713
395.7220,156.8019,44.0075,153.2713
396.8415,157.9214,44.0075,153.2713
396.4683,156.0556,44.0075,153.2713
400.5730,157.1751,44.0075,153.2713
400.6826,159.1690,43.0690,150.0027
402.1978,161.1205,42.1505,146.8039
401.6138,162.3413,41.2517,143.6732
399.8648,161.2919,41.2517,143.6732
399.5150,158.8434,41.2517,143.6732
397.7661,160.5923,41.2517,143.6732
395.3176,158.1438,41.2517,143.6732
395.4203,159.3386,40.3720,140.6094
394.3933,157.6270,40.3720,140.6094
392.5141,158.1364,39.5110,137.6108
391.3208,159.2807,38.6684,134.6762
388.2567,160.4007,37.8438,131.8042
384.6394,161.4968,37.0368,128.9935
382.9155,162.5695,36.2470,126.2426
378.9199,162.8769,36.2470,126.2426
376.1537,162.5695,36.2470,126.2426
373.3875,161.0327,36.2470,126.2426
372.4655,158.8813,36.2470,126.2426
369.0846,157.9592,36.2470,126.2426
367.3974,158.4166,35.4740,123.5505
365.1663,158.8642,34.7175,120.9157
364.1178,159.8697,33.9771,118.3372
363.0916,159.7430,33.2526,115.8136
361.6819,158.8972,33.2526,115.8136
362.8517,158.7732,32.5434,113.3438
361.8689,158.6519,31.8494,110.9268
361.4275,159.5743,31.1702,108.5612
362.5241,159.9676,30.5055,106.2461
359.6788,158.6743,30.5055,106.2461
359.4201,157.3810,30.5055,106.2461
357.6095,155.5703,30.5055,106.2461
356.1895,157.4511,29.8550,103.9804
355.2878,159.2918,29.2183,101.7630
355.5356,158.5486,29.2183,101.7630
353.3058,157.8053,29.2183,101.7630
353.8562,158.6516,28.5952,99.5928
351.6739,158.4091,28.5952,99.5928
351.4315,159.1365,28.5952,99.5928
350.7041,159.8639,28.5952,99.5928
349.0068,159.6215,28.5952,99.5928
348.2793,159.3790,28.5952,99.5928
347.5519,159.1366,28.5952,99.5928
347.3095,160.8338,28.5952,99.5928
346.4459,162.1295,27.9854,97.4690
346.6832,162.8414,27.9854,97.4690
344.5475,163.0787,27.9854,97.4690
343.8356,164.2652,27.9854,97.4690
342.6491,164.5025,27.9854,97.4690
340.5134,165.6890,27.9854,97.4690
339.3269,166.4009,27.9854,97.4690
338.1404,165.6890,27.9854,97.4690
336.4793,166.4009,27.9854,97.4690
334.3436,164.2652,27.9854,97.4690
331.2112,163.7034,27.3886,95.3904
328.6566,163.4711,27.3886,95.3904
326.0387,163.8167,26.8046,93.3562
323.0840,164.0440,26.8046,93.3562
320.5218,165.2585,26.2330,91.3654
318.0750,166.3707,26.2330,91.3654
315.6282,167.4829,26.2330,91.3654
314.9608,169.4848,26.2330,91.3654
313.4038,171.0419,26.2330,91.3654
312.7364,172.5990,26.2330,91.3654
312.8018,174.6452,25.6735,89.4170
310.7674,176.2281,25.1260,87.5101
308.4238,176.4411,25.1260,87.5101
305.6114,177.5796,24.5902,85.6439
302.0667,177.7881,24.5902,85.6439
298.5221,177.5796,24.5902,85.6439
297.0625,177.7881,24.5902,85.6439
298.1050,177.9966,24.5902,85.6439
299.1476,178.2051,24.5902,85.6439
296.8540,178.4136,24.5902,85.6439
294.1433,179.4562,24.5902,85.6439
295.6029,180.4987,24.5902,85.6439
292.4752,181.1242,24.5902,85.6439
291.7326,183.0423,24.0658,83.8176
292.7529,183.6545,24.0658,83.8176
290.1001,184.2667,24.0658,83.8176
291.5285,184.8788,24.0658,83.8176
289.7803,184.5868,24.5983,85.6720
287.0688,185.6296,24.5983,85.6720
287.2774,186.6725,24.5983,85.6720
285.0577,186.8068,25.1425,87.5675
281.4617,186.5016,25.6988,89.5049
281.8557,186.1897,26.2674,91.4852
278.0988,185.8709,26.8485,93.5093
274.6839,187.0092,26.8485,93.5093
274.9116,188.1475,26.8485,93.5093
271.9520,189.7411,26.8485,93.5093
269.9031,190.8794,26.8485,93.5093
267.8542,191.5624,26.8485,93.5093
267.6265,192.2454,26.8485,93.5093
265.4991,194.3396,26.2760,91.5152
265.7219,194.5624,26.2760,91.5152
266.8359,193.4484,26.2760,91.5152
268.3955,194.1168,26.2760,91.5152
267.2815,196.1220,26.2760,91.5152
268.8412,197.2360,26.2760,91.5152
271.4836,199.2856,25.7156,89.5636
272.1377,199.9398,25.7156,89.5636
272.3558,200.5939,25.7156,89.5636
273.8821,201.2481,25.7156,89.5636
274.9724,201.4661,25.7156,89.5636
277.1765,198.8917,26.2846,91.5452
279.4293,198.5727,26.8661,93.5707
281.7319,196.3558,27.4606,95.6409
284.0855,193.6068,28.0681,97.7570
283.5281,193.7599,28.6891,99.9199
284.2579,190.5975,28.6891,99.9199
285.9607,187.9216,28.6891,99.9199
287.6636,185.7322,28.6891,99.9199
287.7350,187.0320,28.0773,97.7890
287.4969,185.3655,28.0773,97.7890
286.3065,185.1274,28.0773,97.7890
284.1638,185.8416,28.0773,97.7890
282.4973,187.9843,28.0773,97.7890
280.8308,190.1270,28.0773,97.7890
279.1642,190.8413,28.0773,97.7890
277.0215,191.5555,28.0773,97.7890
275.3550,191.3174,28.0773,97.7890
273.6885,190.1270,28.0773,97.7890
273.9265,186.5559,28.0773,97.7890
272.2600,184.8893,28.0773,97.7890
270.1173,182.7466,28.0773,97.7890
268.4508,183.4609,28.0773,97.7890
267.1438,185.1920,27.4786,95.7037
265.4156,186.4370,26.8926,93.6627
264.6034,187.6555,26.3191,91.6654
265.2729,187.8787,26.3191,91.6654
265.0497,188.5482,26.3191,91.6654
266.3793,188.2287,26.9014,93.6935
266.6075,189.3693,26.9014,93.6935
265.7950,192.3470,26.3277,91.6954
267.8042,194.3562,26.3277,91.6954
270.2598,196.3654,26.3277,91.6954
271.1861,199.2797,25.7663,89.7400
272.2785,201.2460,25.7663,89.7400
273.6061,203.2558,25.2168,87.8263
274.6753,204.3249,25.2168,87.8263
275.5624,204.2309,24.6790,85.9533
273.2605,204.4402,24.6790,85.9533
270.9587,205.4865,24.6790,85.9533
268.5997,207.0081,24.1528,84.1204
273.7197,220.7297,24.1528,84.1204
272.3901,221.2865,24.6871,85.9815
270.9248,221.4958,24.6871,85.9815
269.8781,220.8678,24.6871,85.9815
266.7381,218.9838,24.6871,85.9815
264.3784,221.7165,24.1607,84.1479
259.6665,224.3798,24.1607,84.1479
257.4129,226.6333,24.1607,84.1479
259.8426,237.6011,23.6454,82.3535
264.5395,242.9240,23.1412,80.5973
266.4885,241.3247,22.6477,78.8785
264.3237,239.7595,22.1647,77.1964
263.0081,237.3162,22.1647,77.1964
262.7010,235.4221,21.6921,75.5502
261.0455,233.0310,21.6921,75.5502
262.1414,230.8594,22.1720,77.2217
258.5693,227.6633,22.1720,77.2217
255.7251,223.5940,21.6992,75.5749
254.0692,222.3061,21.6992,75.5749
252.7812,220.2821,21.6992,75.5749
254.6087,222.6840,21.2364,73.9633
255.7030,224.6876,20.7836,72.3860
259.1520,226.6485,20.3403,70.8423
261.0492,226.1311,20.3403,70.8423
262.6014,224.2338,20.3403,70.8423
263.2711,221.4818,20.7904,72.4097
264.5052,219.5426,20.7904,72.4097
262.9186,218.6612,20.7904,72.4097
264.1526,219.5426,20.7904,72.4097
265.2239,222.5236,20.3470,70.8656
264.3612,221.3159,20.3470,70.8656
264.7445,219.9097,19.9131,69.3543
266.2641,216.7015,19.9131,69.3543
265.8687,208.7518,20.3537,70.8888
264.3154,201.3306,20.3537,70.8888
264.0333,199.9239,19.9196,69.3771
262.8510,198.7416,19.9196,69.3771
262.8059,197.4484,20.3604,70.9120
261.8581,198.7037,19.9262,69.3998
263.2154,198.4619,20.3670,70.9353
265.1151,200.3616,20.3670,70.9353
267.0148,201.9159,20.3670,70.9353
269.9506,214.5229,20.3670,70.9353
271.5049,216.7680,20.3670,70.9353
270.2240,218.3567,19.9327,69.4226
270.3930,218.8637,19.9327,69.4226
270.1168,219.1152,19.5076,67.9421
269.7294,217.8488,19.9392,69.4453
269.4531,219.0781,19.5140,67.9644
268.8638,218.3674,19.0979,66.5150
269.6735,218.2055,19.0979,66.5150
270.1593,216.7480,19.0979,66.5150
270.6451,214.6428,19.0979,66.5150
269.5115,197.9632,19.0979,66.5150
269.2469,196.6433,18.6906,65.0966
268.3769,195.0461,18.2920,63.7084
266.3605,189.3072,18.2920,63.7084
264.6121,188.3420,17.9020,62.3498
262.0315,187.2794,17.9020,62.3498
255.8078,177.7162,17.9020,62.3498
250.0976,174.9791,18.2980,63.7293
248.0806,173.2724,18.2980,63.7293
248.3611,172.4064,18.7029,65.1393
246.8791,174.1710,18.3040,63.7502
247.8038,174.5929,18.7090,65.1606
246.6271,176.6639,18.3100,63.7711
247.0929,173.4034,18.3100,63.7711
245.6956,173.5587,18.3100,63.7711
244.5440,171.6947,17.9196,62.4111
242.5687,169.4155,17.9196,62.4111
240.8972,170.1752,17.9196,62.4111
240.3560,171.5730,17.5374,61.0802
238.7203,167.2605,17.5374,61.0802
239.4638,161.1635,17.5374,61.0802
240.9408,155.6515,17.1634,59.7776
237.5935,146.1918,17.1634,59.7776
237.7390,142.8444,17.1634,59.7776
235.8471,141.5346,17.1634,59.7776
236.4509,142.8734,16.7974,58.5029
235.1199,144.7327,16.4392,57.2553
235.9669,147.0899,16.0886,56.0343
238.0133,147.4991,16.0886,56.0343
237.8768,145.7256,16.0886,56.0343
238.1235,144.6812,16.4446,57.2740
236.5896,145.6572,16.4446,57.2740
237.4370,148.0151,16.0939,56.0527
238.9381,148.1516,16.0939,56.0527
239.6204,146.9234,16.0939,56.0527
239.6605,146.8634,15.7507,54.8573
239.9572,146.8047,15.4148,53.6875
238.7808,146.1511,15.4148,53.6875
239.6957,146.8047,15.4148,53.6875
238.2223,149.5188,15.0861,52.5426
242.2054,152.1751,14.7644,51.4221
243.2075,151.1547,14.4495,50.3255
242.5949,145.3962,14.4495,50.3255
241.0021,140.1277,14.4495,50.3255
240.6345,135.1043,14.4495,50.3255
241.4922,132.5313,14.4495,50.3255
241.1246,130.2033,14.4495,50.3255
242.4723,127.1403,14.4495,50.3255
244.3102,125.7925,14.4495,50.3255
243.7690,126.1256,14.7692,51.4389
244.6456,125.7499,14.7692,51.4389
241.0139,115.3555,14.7692,51.4389
239.8867,112.9761,14.7692,51.4389
240.5129,112.0994,14.7692,51.4389
239.1012,111.5616,14.4543,50.3420
237.9559,110.5626,14.1460,49.2684
237.8359,111.8820,14.1460,49.2684
236.0213,112.9854,13.8444,48.2178
234.9243,115.1968,13.5491,47.1895
232.7414,113.2437,13.5491,47.1895
232.7751,115.4079,13.2602,46.1832
232.1579,117.5259,12.9774,45.1983
228.0185,121.2501,13.2645,46.1983
225.8880,120.8557,13.5580,47.2205
229.6741,118.7828,13.8580,48.2652
229.8865,126.6609,14.1646,49.3331
228.8575,127.4858,14.4780,50.4246
227.5511,125.2722,14.7983,51.5402
228.4294,124.8958,14.7983,51.5402
227.0149,127.0176,14.4827,50.4411
232.0499,131.0702,14.4827,50.4411
236.3481,135.1227,14.4827,50.4411
253.6429,135.4566,14.8032,51.5571
256.2789,139.5988,14.8032,51.5571
258.4128,142.2348,14.8032,51.5571
259.5425,144.3686,14.8032,51.5571
261.6763,147.7577,14.8032,51.5571
263.8102,150.3937,14.8032,51.5571
265.8603,152.2977,15.1307,52.6978
268.5546,154.4787,15.1307,52.6978
272.0186,155.3768,15.1307,52.6978
275.7393,156.0183,15.1307,52.6978
265.6037,157.6862,15.1307,52.6978
260.8567,160.3805,15.1307,52.6978
262.7811,161.7917,15.1307,52.6978
264.1924,161.1503,15.1307,52.6978
265.9613,162.8251,14.8080,51.5740
268.4187,164.9483,14.4922,50.4742
266.5754,164.8255,14.4922,50.4742
267.9272,164.2110,14.4922,50.4742
276.6520,164.0881,14.4922,50.4742
281.1988,165.4399,14.4922,50.4742
286.7286,167.2832,14.4922,50.4742
291.2753,168.8807,14.4922,50.4742
293.8559,169.2493,14.4922,50.4742
298.6678,171.6233,14.8129,51.5909
303.5862,172.2254,15.1406,52.7324
306.0255,172.3538,15.1406,52.7324
308.3887,171.1044,15.4756,53.8991
2
0
0
0
0
1
262.0691,56.1916,44.6617,130.0456
264.4035,53.8571,44.6617,130.0456
265.4040,52.8567,44.6617,130.0456
267.7384,51.1893,44.6617,130.0456
270.0728,50.1888,44.6617,130.0456
272.4072,49.1883,44.6617,130.0456
274.0746,48.8549,44.6617,130.0456
275.7420,48.5214,44.6617,130.0456
277.4095,48.8549,44.6617,130.0456
278.4099,49.8553,44.6617,130.0456
280.0773,50.8558,44.6617,130.0456
281.7448,51.8562,44.6617,130.0456
282.7452,51.5227,44.6617,130.0456
285.0796,52.5232,44.6617,130.0456
287.0075,52.1225,45.6498,132.9229
288.0301,51.7817,45.6498,132.9229
289.0527,52.1225,45.6498,132.9229
288.0301,51.1000,45.6498,132.9229
288.5860,50.6904,46.6598,135.8638
289.6312,51.0388,46.6598,135.8638
289.9797,52.0841,46.6598,135.8638
290.3281,50.3420,46.6598,135.8638
291.3733,51.3873,46.6598,135.8638
292.4185,53.1293,46.6598,135.8638
291.3733,54.1745,46.6598,135.8638
288.9345,54.5229,46.6598,135.8638
290.2256,54.1043,47.6922,138.8698
285.5961,53.0360,47.6922,138.8698
286.4479,56.2329,46.6751,135.9083
281.9171,55.8844,46.6751,135.9083
327.7644,44.9044,45.6798,133.0100
332.5254,44.0213,44.7056,130.1736
333.5268,46.3580,44.7056,130.1736
331.8577,45.3566,44.7056,130.1736
333.2997,45.1358,43.7523,127.3976
331.0128,44.1557,43.7523,127.3976
333.0537,43.9397,42.8192,124.6808
330.1762,45.5383,42.8192,124.6808
327.2428,47.1759,41.9061,122.0219
328.1816,47.4888,41.9061,122.0219
325.9912,47.8018,41.9061,122.0219
327.3428,50.0076,41.0124,119.4198
324.5867,50.9263,41.0124,119.4198
322.3675,53.6755,40.1378,116.8731
323.8660,54.5746,40.1378,116.8731
319.9698,57.8714,40.1378,116.8731
324.7309,59.9842,39.2819,114.3808
328.5440,62.0374,39.2819,114.3808
333.5304,63.5040,39.2819,114.3808
338.1899,65.0063,38.4442,111.9416
341.3475,65.8675,38.4442,111.9416
342.5875,66.2310,37.6244,109.5544
344.8842,67.6700,36.8220,107.2181
346.2589,68.4948,36.8220,107.2181
346.5338,68.7697,36.8220,107.2181
350.1081,65.7453,36.8220,107.2181
350.9330,63.8207,36.8220,107.2181
352.3077,63.5457,36.8220,107.2181
350.3831,63.8207,36.8220,107.2181
352.3077,63.5457,36.8220,107.2181
350.3831,64.3706,36.8220,107.2181
351.7578,63.5457,36.8220,107.2181
350.3831,64.9205,36.8220,107.2181
349.5582,64.6455,36.8220,107.2181
350.9330,66.5702,36.8220,107.2181
348.4584,69.0447,36.8220,107.2181
347.6336,69.8695,36.8220,107.2181
345.2295,70.1097,37.6367,109.5903
348.3208,69.8287,37.6367,109.5903
351.9742,67.8615,37.6367,109.5903
356.1897,65.3322,37.6367,109.5903
358.1569,61.6788,37.6367,109.5903
359.0000,58.5875,37.6367,109.5903
358.7189,56.0582,37.6367,109.5903
358.4379,53.5289,37.6367,109.5903
357.0328,50.9997,37.6367,109.5903
356.6214,49.7303,36.8341,107.2533
357.8095,48.4880,36.0486,104.9660
358.4533,47.2723,35.2798,102.7276
358.0677,46.5902,34.5275,100.5369
359.3568,44.2699,34.5275,100.5369
359.6146,42.4652,34.5275,100.5369
360.9037,42.2074,34.5275,100.5369
359.6146,43.4965,34.5275,100.5369
360.3881,41.6918,34.5275,100.5369
360.6459,42.9808,34.5275,100.5369
360.3881,41.6918,34.5275,100.5369
360.1302,44.0121,34.5275,100.5369
359.8724,43.2387,34.5275,100.5369
360.1302,43.4965,34.5275,100.5369
359.8724,43.7543,34.5275,100.5369
359.6146,42.4652,34.5275,100.5369
361.2253,45.2767,33.7912,98.3929
360.4683,45.0244,33.7912,98.3929
360.7206,46.2859,33.7912,98.3929
360.8377,49.0374,33.0706,96.2947
362.5663,48.7905,33.0706,96.2947
362.3193,51.0129,33.0706,96.2947
362.5663,51.2599,33.0706,96.2947
362.8132,52.9884,33.0706,96.2947
362.9278,52.8251,32.3653,94.2412
363.9717,56.3923,31.6751,92.2314
363.2622,59.4670,31.6751,92.2314
363.9717,58.2844,31.6751,92.2314
366.3612,58.5839,30.9996,90.2646
365.6667,57.8895,30.9996,90.2646
366.8241,57.1951,30.9996,90.2646
364.7408,59.7413,30.9996,90.2646
367.0793,60.9268,30.3386,88.3397
365.0405,62.0595,30.3386,88.3397
367.3291,62.3464,29.6916,86.4558
365.3338,63.8983,29.6916,86.4558
365.1121,65.4503,29.6916,86.4558
364.0035,65.6720,29.6916,86.4558
362.8950,67.2239,29.6916,86.4558
363.5601,67.8890,29.6916,86.4558
363.7819,68.5541,29.6916,86.4558
364.4470,68.3324,29.6916,86.4558
364.6687,68.9976,29.6916,86.4558
365.3338,68.3324,29.6916,86.4558
365.5555,68.1107,29.6916,86.4558
366.6641,67.8890,29.6916,86.4558
364.2253,67.6673,29.6916,86.4558
365.3338,67.0022,29.6916,86.4558
365.9990,66.3371,29.6916,86.4558
363.5602,67.4456,29.6916,86.4558
364.6687,66.7805,29.6916,86.4558
362.2300,67.4456,29.6916,86.4558
362.8951,67.6673,29.6916,86.4558
362.2300,67.8890,29.6916,86.4558
362.8951,67.6673,29.6916,86.4558
364.8905,66.1154,29.6916,86.4558
380.1881,67.6673,29.6916,86.4558
2
0
0
0
0
1
347.9429,54.5239,31.8710,111.7905
347.1280,53.7090,31.8710,111.7905
344.6832,52.3508,31.8710,111.7905
343.8683,50.9926,31.8710,111.7905
341.9668,50.1777,31.8710,111.7905
341.1519,48.8195,31.8710,111.7905
338.1639,48.0046,31.8710,111.7905
336.2625,48.2762,31.8710,111.7905
335.9908,46.3747,31.8710,111.7905
334.0894,46.1031,31.8710,111.7905
331.6446,47.4613,31.8710,111.7905
331.3730,46.1031,31.8710,111.7905
329.4715,46.9180,31.8710,111.7905
329.1999,46.1031,31.8710,111.7905
327.8417,46.9180,31.8710,111.7905
327.0268,47.7329,31.8710,111.7905
326.2119,46.9180,31.8710,111.7905
323.7672,47.7329,31.8710,111.7905
322.9523,46.3747,31.8710,111.7905
322.5066,46.7813,31.1913,109.4065
321.1774,45.9837,31.1913,109.4065
321.7662,46.8941,30.5262,107.0734
318.9043,46.6339,30.5262,107.0734
318.4774,49.0294,29.8752,104.7900
316.5872,50.3922,29.2381,102.5553
313.8460,51.6382,29.2381,102.5553
311.9960,53.4523,28.6146,100.3683
311.2644,54.1839,28.6146,100.3683
309.0694,54.9156,28.6146,100.3683
307.3622,55.6472,28.6146,100.3683
305.6551,56.8666,28.6146,100.3683
302.9723,57.5983,28.6146,100.3683
300.7774,59.7932,28.6146,100.3683
298.1836,60.9602,29.2477,102.5889
295.9401,62.7051,29.2477,102.5889
292.2544,63.3806,29.8948,104.8587
290.0732,63.0137,30.5562,107.1787
292.4171,60.1489,30.5562,107.1787
293.9981,61.0407,29.9046,104.8931
295.0539,63.3875,29.2669,102.6562
296.5681,65.2033,28.6427,100.4671
295.8358,66.4240,28.6427,100.4671
295.1034,68.1328,28.6427,100.4671
293.0136,67.7812,29.2765,102.6899
292.1232,68.6357,28.6521,100.5000
293.3443,69.3683,28.6521,100.5000
292.1232,69.1241,28.6521,100.5000
291.7226,72.3141,28.0411,98.3568
292.7127,73.5932,27.4431,96.2593
291.8781,73.4923,26.8579,94.2066
290.6200,76.9238,26.2851,92.1976
290.3960,75.3556,26.2851,92.1976
288.4782,74.1032,26.8667,94.2375
287.4683,73.7735,27.4611,96.3225
285.8299,73.0713,27.4611,96.3225
285.5959,73.3054,27.4611,96.3225
284.8937,72.6032,27.4611,96.3225
282.4045,68.8665,28.0687,98.4536
281.0897,67.8410,27.4701,96.3540
284.7676,70.4481,26.8843,94.2993
285.2751,74.7664,26.3110,92.2883
287.5010,77.6957,25.7499,90.3202
287.5640,79.2934,25.2008,88.3941
286.3835,79.6148,24.6634,86.5091
287.8550,77.7230,24.6634,86.5091
287.5101,77.6323,24.1374,84.6643
289.1555,78.3368,23.6227,82.8588
290.9676,77.7328,23.6227,82.8588
292.7796,77.5314,23.6227,82.8588
294.3899,78.9971,23.1189,81.0918
295.5860,80.8114,22.6259,79.3625
297.1284,82.5870,22.1434,77.6701
299.7293,84.3247,21.6712,76.0137
301.5626,85.3132,21.2090,74.3927
304.7507,84.1899,20.7568,72.8063
306.8477,83.0905,20.3141,71.2536
308.4060,82.2248,20.3141,71.2536
311.0030,82.0517,20.3141,71.2536
312.9075,81.1860,20.3141,71.2536
314.4658,81.0128,20.3141,71.2536
316.5181,80.9382,19.8809,69.7341
318.2000,82.4983,19.4569,68.2470
320.3558,82.0008,19.4569,68.2470
322.3215,82.8884,19.0420,66.7916
324.4313,82.7261,19.0420,66.7916
326.5412,82.5638,19.0420,66.7916
328.9756,82.4015,19.0420,66.7916
330.7609,83.5376,19.0420,66.7916
332.2215,84.9982,19.0420,66.7916
333.0330,85.8097,19.0420,66.7916
334.4937,86.9458,19.0420,66.7916
336.2789,87.1081,19.0420,66.7916
337.0904,85.6474,19.0420,66.7916
337.5773,85.8097,19.0420,66.7916
338.3888,86.6212,19.0420,66.7916
338.8757,87.7572,19.0420,66.7916
339.6872,89.2179,19.0420,66.7916
337.2527,91.0032,19.0420,66.7916
337.0904,97.3327,19.0420,66.7916
336.5113,99.1399,18.6359,65.3673
335.6384,100.9085,18.2385,63.9733
336.8817,103.5385,17.8496,62.6091
337.3381,105.5162,17.8496,62.6091
333.5347,108.4067,17.8496,62.6091
358.0281,72.3512,17.8496,62.6091
357.1920,70.8193,17.4689,61.2739
358.5320,70.0748,17.4689,61.2739
358.9787,70.8193,17.4689,61.2739
357.6387,70.9682,17.4689,61.2739
364.3967,85.8920,17.8554,62.6296
364.5488,90.3053,17.8554,62.6296
366.2229,92.5880,17.8554,62.6296
367.5925,98.8275,17.8554,62.6296
367.3429,101.6955,17.4747,61.2940
371.6621,95.8870,17.4747,61.2940
375.0876,93.0572,17.4747,61.2940
377.2121,91.2975,17.8613,62.6501
379.8001,92.9720,17.8613,62.6501
381.7791,91.9064,17.8613,62.6501
383.4537,90.5363,17.8613,62.6501
385.1283,92.2109,17.8613,62.6501
386.8028,90.8408,17.8613,62.6501
388.4774,89.4707,17.8613,62.6501
389.8475,90.8408,17.8613,62.6501
391.8265,89.7751,17.8613,62.6501
393.1966,90.2318,17.8613,62.6501
393.7887,90.0126,18.2565,64.0363
396.4339,89.2346,18.2565,64.0363
396.9007,90.3238,18.2565,64.0363
397.6787,89.5458,18.2565,64.0363
399.7015,89.0790,18.2565,64.0363
400.1683,89.2346,18.2565,64.0363
400.4507,88.6876,18.6604,65.4531
399.3373,90.1190,18.6604,65.4531
400.9460,90.2200,19.0733,66.9012
399.8917,89.9858,19.4953,68.3814
400.7225,89.4874,19.4953,68.3814
410.6778,86.1450,19.9266,69.8943
411.1873,84.6165,19.9266,69.8943
408.6398,84.4467,19.9266,69.8943
404.7336,85.2959,19.9266,69.8943
401.5067,86.1450,19.9266,69.8943
399.9782,85.9752,19.9266,69.8943
399.2291,86.4354,20.3675,71.4408
400.0971,86.2618,20.3675,71.4408
398.8819,88.5185,20.3675,71.4408
397.6668,89.7337,20.3675,71.4408
397.8404,89.5601,20.3675,71.4408
396.2780,92.1640,20.3675,71.4408
395.5124,89.7527,20.8181,73.0214
393.9155,87.0912,20.8181,73.0214
391.9637,85.1395,20.8181,73.0214
391.7863,85.6718,20.8181,73.0214
390.5443,86.2041,20.8181,73.0214
390.0120,87.4461,20.8181,73.0214
388.7699,87.6236,20.8181,73.0214
387.7948,88.9152,20.3741,71.4642
387.9684,89.7835,20.3741,71.4642
386.6793,91.7171,19.9397,69.9402
386.4005,93.9371,19.5144,68.4487
385.2363,95.4340,19.5144,68.4487
383.4067,96.9309,19.5144,68.4487
381.2445,98.7604,19.5144,68.4487
379.7476,99.2594,19.5144,68.4487
380.5792,101.4215,19.5144,68.4487
382.7414,103.2511,19.5144,68.4487
383.5730,105.4133,19.5144,68.4487
387.0658,119.8833,19.5144,68.4487
388.5627,123.7087,19.5144,68.4487
389.7269,123.5424,19.5144,68.4487
390.5585,123.3761,19.5144,68.4487
390.7248,123.2098,19.5144,68.4487
392.2217,125.3720,19.5144,68.4487
392.3880,124.2077,19.5144,68.4487
393.5523,126.3699,19.5144,68.4487
393.3860,125.2056,19.5144,68.4487
390.2258,123.3761,19.5144,68.4487
386.7331,121.8792,19.5144,68.4487
384.5709,122.3781,19.5144,68.4487
386.2218,129.3601,19.0983,66.9890
388.7788,135.2518,18.6910,65.5604
390.9742,137.9470,18.2924,64.1623
390.1946,140.2856,18.2924,64.1623
389.7269,142.0006,18.2924,64.1623
389.4712,144.3377,17.9023,62.7941
389.2209,146.6250,17.5205,61.4550
388.6880,149.1514,17.1469,60.1444
387.8848,152.7508,16.7813,58.8618
386.2716,155.1705,16.4234,57.6066
386.6915,160.0697,16.4234,57.6066
387.9513,161.6095,16.4234,57.6066
388.9312,163.1492,16.4234,57.6066
390.7509,162.4493,16.4234,57.6066
388.3625,165.0873,16.0732,56.3781
388.2255,167.1422,16.0732,56.3781
386.9926,168.6491,16.0732,56.3781
384.1271,170.1746,15.7304,55.1758
381.3226,171.9259,15.3949,53.9992
378.3250,173.3870,15.0666,52.8476
376.9125,174.7995,15.0666,52.8476
374.2158,174.9279,15.0666,52.8476
372.0328,176.0837,15.0666,52.8476
373.1885,173.9006,15.0666,52.8476
374.6010,173.0017,15.0666,52.8476
375.4999,173.3870,15.0666,52.8476
380.7649,171.2039,15.0666,52.8476
379.3523,171.3324,15.0666,52.8476
373.0601,173.0017,15.0666,52.8476
371.1339,171.3324,15.0666,52.8476
370.2350,170.1766,15.0666,52.8476
370.3634,166.4526,15.0666,52.8476
370.2350,164.7833,15.0666,52.8476
369.0792,165.4253,15.0666,52.8476
369.4645,166.8379,15.0666,52.8476
369.6975,164.5213,15.4000,54.0169
370.8788,162.2900,15.4000,54.0169
369.1725,163.9963,15.4000,54.0169
368.7787,165.1776,15.4000,54.0169
370.2226,166.6214,15.4000,54.0169
371.1413,168.3277,15.4000,54.0169
372.8476,170.0340,15.4000,54.0169
373.5039,169.6402,15.4000,54.0169
375.2102,168.7214,15.4000,54.0169
375.8665,169.9027,15.4000,54.0169
374.9477,171.8716,15.4000,54.0169
376.8200,173.3166,15.7407,55.2120
375.3932,174.7937,16.0890,56.4336
377.4501,176.0279,16.0890,56.4336
380.3298,177.2620,16.0890,56.4336
380.0095,177.6336,16.4449,57.6822
380.1497,178.3344,16.4449,57.6822
382.7306,176.6784,16.8088,58.9584
382.0988,176.7693,17.1807,60.2628
381.7568,176.5584,17.5608,61.5962
381.4073,176.3429,17.9493,62.9590
382.6372,175.8051,18.3465,64.3520
383.1063,175.0233,18.3465,64.3520
383.8881,172.6777,18.3465,64.3520
384.9827,171.5832,18.3465,64.3520
386.0773,172.0523,18.3465,64.3520
387.7973,172.5214,18.3465,64.3520
390.1428,173.9287,18.3465,64.3520
393.6712,174.0279,18.7524,65.7757
395.6194,174.1294,19.1673,67.2310
397.4164,174.6195,19.1673,67.2310
399.4078,172.0114,19.5914,68.7185
400.7502,172.8103,20.0248,70.2389
401.7681,172.5645,20.4679,71.7930
402.9893,169.9478,20.4679,71.7930
404.0298,169.6965,20.9207,73.3814
405.2780,170.5881,20.9207,73.3814
406.3415,170.7013,21.3836,75.0049
406.5237,172.3416,21.3836,75.0049
405.9770,173.2528,21.3836,75.0049
404.7012,171.2480,21.3836,75.0049
404.2755,171.3637,21.8567,76.6644
404.0893,168.5694,21.8567,76.6644
403.9030,169.1283,21.8567,76.6644
403.8545,166.9273,22.3403,78.3606
401.4343,166.2580,22.8346,80.0944
402.4074,164.5064,22.8346,80.0944
401.4343,165.8687,22.8346,80.0944
402.0181,166.8418,22.8346,80.0944
401.4343,167.4257,22.8346,80.0944
400.8504,168.0095,22.8346,80.0944
401.8235,165.4795,22.8346,80.0944
401.2397,165.6741,22.8346,80.0944
403.7697,162.7548,22.8346,80.0944
405.9105,163.3387,22.8346,80.0944
407.8790,163.8661,23.3398,81.8664
408.8737,165.2585,23.3398,81.8664
410.2662,166.2532,23.3398,81.8664
412.0565,167.6457,23.3398,81.8664
412.8302,167.7719,23.8562,83.6777
413.4402,166.3486,23.8562,83.6777
414.0502,163.2987,23.8562,83.6777
415.0668,163.5020,23.8562,83.6777
416.2796,161.5216,24.3840,85.5291
416.4874,162.5607,24.3840,85.5291
415.4483,163.5998,24.3840,85.5291
416.0717,165.0546,24.3840,85.5291
416.2796,166.9251,24.3840,85.5291
418.5656,168.3798,24.3840,85.5291
421.2674,169.4189,24.3840,85.5291
428.1131,169.5509,24.9235,87.4214
431.5840,168.8042,25.4749,89.3556
434.8408,169.8898,25.4749,89.3556
436.7949,169.2384,25.4749,89.3556
434.4857,169.3762,26.0385,91.3326
436.9269,170.4859,26.0385,91.3326
438.9242,169.8201,26.0385,91.3326
440.4777,170.9297,26.0385,91.3326
441.1435,169.8201,26.0385,91.3326
443.1409,166.9350,26.0385,91.3326
445.1382,162.7184,26.0385,91.3326
446.6917,158.5018,26.0385,91.3326
446.0259,156.5044,26.0385,91.3326
444.1261,152.9613,26.6146,93.3534
441.6309,153.6418,26.6146,93.3534
438.2770,154.2565,27.2035,95.4188
436.2922,155.3659,27.8054,97.5300
433.2800,156.0081,28.4206,99.6878
433.5222,158.1882,28.4206,99.6878
431.3421,159.8838,28.4206,99.6878
431.0999,162.0638,28.4206,99.6878
432.7955,164.2439,28.4206,99.6878
434.4912,166.4240,28.4206,99.6878
435.2178,169.0885,28.4206,99.6878
434.0067,170.7841,28.4206,99.6878
432.7955,171.9953,28.4206,99.6878
433.5222,173.2064,28.4206,99.6878
434.7334,173.9331,28.4206,99.6878
435.2699,175.6964,27.8145,97.5619
435.9811,176.8818,27.8145,97.5619
435.7440,175.6964,27.8145,97.5619
436.9293,176.4076,27.8145,97.5619
437.6405,176.6447,27.8145,97.5619
437.8776,177.3559,27.8145,97.5619
440.2306,176.7967,27.2213,95.4814
442.5335,177.1439,26.6408,93.4452
444.5770,177.3710,26.6408,93.4452
446.1664,177.5980,26.6408,93.4452
448.6641,177.3710,26.6408,93.4452
450.7077,177.1439,26.6408,93.4452
452.2971,175.5545,26.6408,93.4452
453.4324,176.2357,26.6408,93.4452
454.5677,176.0086,26.6408,93.4452
456.1571,176.2357,26.6408,93.4452
456.8383,177.8251,26.6408,93.4452
456.3080,177.0269,27.2303,95.5127
455.2844,176.2111,27.8327,97.6259
455.5217,177.8717,27.8327,97.6259
454.8100,178.5833,27.8327,97.6259
454.0983,179.2950,27.8327,97.6259
456.7077,178.1089,27.8327,97.6259
455.9960,177.8717,27.8327,97.6259
458.1310,177.1600,27.8327,97.6259
456.1003,177.3106,28.4485,99.7859
455.3729,175.6133,28.4485,99.7859
454.1606,172.9462,28.4485,99.7859
452.4633,171.7338,28.4485,99.7859
453.6756,169.0667,28.4485,99.7859
458.2825,167.8543,28.4485,99.7859
438.0945,176.5613,29.0780,101.9937
432.8875,175.6901,29.7213,104.2503
431.1142,177.4633,29.7213,104.2503
431.3676,174.6769,29.7213,104.2503
429.5943,172.3970,29.7213,104.2503
426.3012,169.6106,29.7213,104.2503
423.5147,168.3440,29.7213,104.2503
422.7548,165.5575,29.7213,104.2503
419.9683,161.7578,29.7213,104.2503
420.7283,158.4647,29.7213,104.2503
420.9816,155.6782,29.7213,104.2503
421.2349,153.9050,29.7213,104.2503
418.4485,156.6915,29.7213,104.2503
418.9081,151.0703,30.3789,106.5568
420.9897,145.8621,31.0510,108.9144
419.1372,145.0681,31.0510,108.9144
420.9897,141.0984,31.0510,108.9144
422.5682,135.7749,31.7380,111.3241
418.4743,102.2852,31.0612,108.9501
423.5043,98.8436,31.0612,108.9501
428.0048,119.7578,31.0612,108.9501
428.4852,124.8698,31.7484,111.3606
427.2917,122.2341,32.4509,113.8245
424.9241,119.5402,33.1688,116.3428
425.2068,118.6921,33.1688,116.3428
425.4895,117.2786,33.1688,116.3428
424.6414,119.2575,33.1688,116.3428
423.3945,115.3308,33.9027,118.9169
423.9189,111.9167,34.6528,121.5480
423.0328,114.5748,34.6528,121.5480
423.9189,111.9167,34.6528,121.5480
423.6235,110.4400,34.6528,121.5480
425.1003,107.7819,34.6528,121.5480
424.4105,104.9051,35.4195,124.2372
425.9199,104.6032,35.4195,124.2372
426.8255,104.3013,35.4195,124.2372
427.1274,107.0183,35.4195,124.2372
428.0331,104.9051,35.4195,124.2372
428.9387,103.9995,35.4195,124.2372
427.4293,106.7164,35.4195,124.2372
429.5425,104.6032,35.4195,124.2372
430.4481,105.5089,35.4195,124.2372
429.5425,107.6220,35.4195,124.2372
430.7930,111.5655,34.6642,121.5878
429.9067,110.6791,34.6642,121.5878
430.2022,113.9290,34.6642,121.5878
431.6794,114.8154,34.6642,121.5878
429.6113,116.8835,34.6642,121.5878
431.6794,118.9516,34.6642,121.5878
430.2022,117.4744,34.6642,121.5878
431.6794,120.7243,34.6642,121.5878
431.9748,119.2470,34.6642,121.5878
431.6794,121.3152,34.6642,121.5878
431.3840,123.9742,34.6642,121.5878
432.8612,127.2241,34.6642,121.5878
432.5657,126.9286,34.6642,121.5878
433.4521,131.3603,34.6642,121.5878
431.9748,134.0193,34.6642,121.5878
431.0885,137.2692,34.6642,121.5878
431.9748,138.7464,34.6642,121.5878
429.3158,140.8145,34.6642,121.5878
428.4295,144.0644,34.6642,121.5878
428.7250,146.7234,34.6642,121.5878
425.4751,147.6097,34.6642,121.5878
426.9523,150.8596,34.6642,121.5878
423.7024,152.9277,34.6642,121.5878
422.8161,156.1776,34.6642,121.5878
423.7024,159.4275,34.6642,121.5878
422.2252,157.9503,34.6642,121.5878
423.7024,161.2002,34.6642,121.5878
422.2252,159.1321,34.6642,121.5878
423.7024,162.3820,34.6642,121.5878
423.4070,160.3139,34.6642,121.5878
424.2933,162.3820,34.6642,121.5878
425.5172,165.6718,33.9249,118.9949
424.6498,163.0695,33.9249,118.9949
425.5172,164.5152,33.9249,118.9949
425.8064,162.4912,33.9249,118.9949
427.2521,165.0935,33.9249,118.9949
427.5413,162.4912,33.9249,118.9949
426.6738,165.6718,33.9249,118.9949
426.9630,164.8044,33.9249,118.9949
428.4087,166.8284,33.9249,118.9949
428.6978,168.2741,33.9249,118.9949
427.8304,172.6112,33.9249,118.9949
426.3847,175.7918,33.9249,118.9949
427.8304,175.5027,33.9249,118.9949
428.3551,174.4863,34.6755,121.6277
429.5046,173.4474,35.4427,124.3187
431.6192,174.3537,35.4427,124.3187
433.4529,173.0588,34.6869,121.6676
435.2475,176.3507,33.9472,119.0730
435.8883,175.1105,33.2233,116.5337
436.5155,177.1718,32.5148,114.0486
432.3214,179.1892,31.8214,111.6165
434.2199,180.0029,31.8214,111.6165
435.3434,180.9316,31.1428,109.2362
436.1397,179.6044,31.1428,109.2362
434.2817,180.4007,31.1428,109.2362
435.6088,178.5427,31.1428,109.2362
431.6273,179.8699,31.1428,109.2362
432.9545,179.0736,31.1428,109.2362
431.0965,180.4007,31.1428,109.2362
427.6459,183.3204,31.1428,109.2362
428.4422,178.8081,31.1428,109.2362
428.7076,178.0118,31.1428,109.2362
426.8496,179.8698,31.1428,109.2362
429.2385,181.7279,31.1428,109.2362
425.7330,179.0550,30.4786,106.9067
423.9146,175.6780,30.4786,106.9067
407.4640,166.0515,29.8287,104.6269
413.7281,154.6073,30.4886,106.9418
420.2245,143.4335,30.4886,106.9418
422.3136,143.0592,31.1632,109.3079
426.1024,145.4324,31.8527,111.7263
425.4683,156.3079,32.5574,114.1982
426.5476,160.5145,33.2778,116.7249
425.8853,158.9290,34.0140,119.3074
424.0051,159.7146,34.7666,121.9471
425.4867,159.4183,34.7666,121.9471
422.9501,160.8361,35.5358,124.6452
422.8712,157.8861,36.3220,127.4029
422.7906,155.5131,37.1257,130.2217
446.3450,137.3298,37.9471,133.1029
449.6163,132.1662,38.7866,136.0478
449.2857,133.1580,38.7866,136.0478
448.2940,133.4886,38.7866,136.0478
447.3023,134.4803,38.7866,136.0478
446.3105,134.8109,38.7866,136.0478
444.6576,136.4638,38.7866,136.0478
443.0047,137.4556,38.7866,136.0478
446.6411,133.8192,38.7866,136.0478
443.6659,136.7944,38.7866,136.0478
438.7072,139.7696,38.7866,136.0478
431.7650,145.3895,38.7866,136.0478
428.1286,149.0258,38.7866,136.0478
426.4758,148.6953,38.7866,136.0478
424.1617,152.9928,38.7866,136.0478
423.8311,152.6622,38.7866,136.0478
421.5171,156.9598,38.7866,136.0478
420.5253,156.6292,38.7866,136.0478
418.8725,156.2986,38.7866,136.0478
416.5584,159.2738,38.7866,136.0478
414.9055,156.9598,38.7866,136.0478
413.2526,159.2738,38.7866,136.0478
413.5832,158.9433,38.7866,136.0478
415.5899,161.3498,37.9595,133.1465
411.3840,160.3792,37.9595,133.1465
406.5310,158.7615,37.9595,133.1465
403.5056,164.2351,37.1500,130.3071
401.1550,167.7608,36.3578,127.5283
398.3661,164.9719,36.3578,127.5283
396.1970,166.5213,36.3578,127.5283
394.6476,168.0707,36.3578,127.5283
393.0982,169.0004,36.3578,127.5283
391.5487,166.8312,36.3578,127.5283
386.9005,165.2818,36.3578,127.5283
382.2524,164.9719,36.3578,127.5283
377.6042,163.4225,36.3578,127.5283
371.7165,165.5917,36.3578,127.5283
2
0
0
0
0
1
395.5549,128.5574,57.9024,153.0874
392.7225,128.9621,57.9024,153.0874
389.8901,129.3667,57.9024,153.0874
386.2485,129.7713,57.9024,153.0874
383.4161,129.3667,57.9024,153.0874
379.7744,129.7713,57.9024,153.0874
376.1327,130.9852,57.9024,153.0874
374.1096,128.9621,57.9024,153.0874
368.8494,131.7945,57.9024,153.0874
365.2077,131.3898,57.9024,153.0874
359.1097,128.4369,59.1834,156.4745
354.5603,128.8505,59.1834,156.4745
358.6256,124.9740,60.4929,159.9365
354.8863,124.5205,61.8313,163.4751
355.3184,123.2242,61.8313,163.4751
349.7032,121.8641,63.1993,167.0919
345.7966,118.6410,64.5976,170.7888
342.6367,119.0924,64.5976,170.7888
342.3904,115.7980,66.0268,174.5676
338.2378,114.4138,66.0268,174.5676
335.9308,113.9524,66.0268,174.5676
334.5465,114.4138,66.0268,174.5676
333.1623,116.7208,66.0268,174.5676
332.9106,114.3110,67.4876,178.4299
330.5525,117.6123,67.4876,178.4299
330.0809,119.9703,67.4876,178.4299
331.4957,120.4419,67.4876,178.4299
331.9674,122.8000,67.4876,178.4299
334.3254,124.2148,67.4876,178.4299
328.1944,127.5161,67.4876,178.4299
329.6093,128.9310,67.4876,178.4299
322.5351,127.5161,67.4876,178.4299
316.4362,128.9641,66.0485,174.6248
317.5853,134.8299,64.6400,170.9009
313.4853,139.6999,63.2615,167.2563
312.1591,141.9103,63.2615,167.2563
311.7170,143.2365,63.2615,167.2563
309.5066,147.2153,63.2615,167.2563
309.0645,143.2365,63.2615,167.2563
2
0
0
0
0
1
380.6583,149.5461,57.8551,167.4389
382.8092,150.8366,57.8551,167.4389
385.8205,152.1272,57.8551,167.4389
387.1110,154.2780,57.8551,167.4389
387.5412,154.7082,57.8551,167.4389
388.8317,155.9987,57.8551,167.4389
389.2619,157.2893,57.8551,167.4389
388.8317,158.5798,57.8551,167.4389
389.2619,160.7307,57.8551,167.4389
389.6920,161.1609,57.8551,167.4389
390.1222,162.4514,57.8551,167.4389
389.6920,161.1609,57.8551,167.4389
390.9826,160.7307,57.8551,167.4389
390.5524,160.3005,57.8551,167.4389
391.8429,158.1496,57.8551,167.4389
391.4127,160.3005,57.8551,167.4389
390.9826,159.8703,57.8551,167.4389
392.2731,161.1609,57.8551,167.4389
391.8429,162.4514,57.8551,167.4389
393.9938,162.0212,57.8551,167.4389
392.7033,163.3117,57.8551,167.4389
392.2731,162.8816,57.8551,167.4389
390.9826,164.1721,57.8551,167.4389
389.6920,165.4626,57.8551,167.4389
388.4015,164.1721,57.8551,167.4389
386.2506,165.4626,57.8551,167.4389
383.2394,164.1721,57.8551,167.4389
381.9489,164.6023,57.8551,167.4389
381.5187,162.4514,57.8551,167.4389
378.5075,160.3005,57.8551,167.4389
378.0773,158.1496,57.8551,167.4389
375.9264,156.8591,57.8551,167.4389
376.3566,153.8479,57.8551,167.4389
374.2057,150.8366,57.8551,167.4389
374.6359,147.8254,57.8551,167.4389
374.2057,145.6745,57.8551,167.4389
372.0548,144.3840,57.8551,167.4389
373.3454,141.3728,57.8551,167.4389
372.0548,138.3615,57.8551,167.4389
371.6247,135.3503,57.8551,167.4389
368.6134,134.9201,57.8551,167.4389
365.6022,132.7692,57.8551,167.4389
363.4513,130.6184,57.8551,167.4389
363.0211,129.3278,57.8551,167.4389
364.3117,129.7580,57.8551,167.4389
363.8815,131.9089,57.8551,167.4389
366.8927,128.0373,57.8551,167.4389
367.3229,125.0261,57.8551,167.4389
370.3341,122.0149,57.8551,167.4389
365.6773,114.3606,59.1351,171.1434
361.8299,107.4493,60.4435,174.9300
363.4926,104.1153,61.7808,178.8003
365.1921,99.7543,63.1477,182.7563
372.7749,98.2197,64.5448,186.7998
382.5170,92.6679,65.9729,190.9327
394.5105,86.9931,67.4325,195.1571
400.0258,80.4751,67.4325,195.1571
404.5383,81.9793,67.4325,195.1571
411.0563,78.4695,67.4325,195.1571
417.5744,76.9654,67.4325,195.1571
426.0980,74.4584,67.4325,195.1571
2
0
0
0
0
1
375.8960,132.9807,42.3586,111.8401
375.0088,132.6849,42.3586,111.8401
372.9386,131.7977,42.3586,111.8401
372.0514,132.6849,42.3586,111.8401
371.1642,132.3892,42.3586,111.8401
369.6855,133.8679,42.3586,111.8401
369.3897,134.1636,42.3586,111.8401
367.3196,136.2338,42.3586,111.8401
368.2068,137.1210,42.3586,111.8401
367.3196,136.8252,42.3586,111.8401
365.3168,137.7358,43.2958,114.3146
365.6191,139.2472,43.2958,114.3146
366.0810,140.1779,44.2537,116.8438
363.9182,141.1048,44.2537,116.8438
364.2272,142.6497,44.2537,116.8438
364.5362,143.5766,44.2537,116.8438
362.3734,145.7393,44.2537,116.8438
363.9182,146.6663,44.2537,116.8438
361.7554,147.5932,44.2537,116.8438
362.6823,147.9021,44.2537,116.8438
362.9913,148.8290,44.2537,116.8438
360.2106,148.5201,44.2537,116.8438
361.7554,150.6829,44.2537,116.8438
362.0644,152.8456,44.2537,116.8438
359.9016,154.3905,44.2537,116.8438
360.8285,156.5533,44.2537,116.8438
359.9016,158.0981,44.2537,116.8438
359.5926,159.6430,44.2537,116.8438
359.9016,160.5699,44.2537,116.8438
358.3568,161.4968,44.2537,116.8438
358.6657,162.4237,44.2537,116.8438
358.9747,162.1147,44.2537,116.8438
356.1940,162.4237,44.2537,116.8438
357.1209,163.3506,44.2537,116.8438
354.3402,164.8954,44.2537,116.8438
355.2671,165.8223,44.2537,116.8438
353.7223,166.7493,44.2537,116.8438
354.0312,167.6762,44.2537,116.8438
351.2505,166.1313,44.2537,116.8438
349.7057,167.0582,44.2537,116.8438
350.0147,167.3672,44.2537,116.8438
347.8519,168.2941,44.2537,116.8438
349.3967,169.2210,44.2537,116.8438
346.6160,170.1479,44.2537,116.8438
346.9250,171.0749,44.2537,116.8438
344.1443,173.2376,44.2537,116.8438
343.8353,174.7825,44.2537,116.8438
343.5264,175.0915,44.2537,116.8438
340.1277,176.6363,44.2537,116.8438
339.2008,176.9453,44.2537,116.8438
337.0380,177.8722,44.2537,116.8438
337.3470,178.7991,44.2537,116.8438
335.8021,179.1081,44.2537,116.8438
334.2573,180.6529,44.2537,116.8438
333.3304,180.9619,44.2537,116.8438
330.5497,181.8888,44.2537,116.8438
330.2407,182.8157,44.2537,116.8438
328.1484,182.4848,45.2329,119.4290
324.6746,182.8006,45.2329,119.4290
322.4174,181.3345,44.2683,116.8821
319.6125,182.2829,43.3242,114.3896
316.2843,183.2111,42.4003,111.9502
314.1685,183.5488,41.4961,109.5628
312.0977,186.1132,40.6112,107.2264
309.5246,188.0764,39.7452,104.9397
307.0272,187.7989,39.7452,104.9397
304.5298,186.9664,39.7452,104.9397
302.0115,186.7481,38.8976,102.7019
299.5469,187.5814,38.0681,100.5117
298.2180,188.3787,38.0681,100.5117
294.7628,189.1761,38.0681,100.5117
292.9024,188.9103,38.0681,100.5117
291.0419,187.5814,38.0681,100.5117
288.6299,189.4216,37.2563,98.3683
286.2888,188.6413,37.2563,98.3683
283.4276,190.4621,37.2563,98.3683
280.5664,190.7222,37.2563,98.3683
278.2253,190.9823,37.2563,98.3683
276.4045,191.7627,37.2563,98.3683
273.5433,193.5835,37.2563,98.3683
270.6820,193.8436,37.2563,98.3683
268.8612,193.5835,37.2563,98.3683
266.0000,195.4043,37.2563,98.3683
264.1409,195.7010,36.4618,96.2705
262.3589,196.9738,36.4618,96.2705
259.0495,198.2467,36.4618,96.2705
258.2858,199.0104,36.4618,96.2705
254.4490,198.7377,37.2685,98.4005
252.1072,200.0387,37.2685,98.4005
250.8062,200.2989,37.2685,98.4005
247.9440,200.5591,37.2685,98.4005
246.6430,200.8193,37.2685,98.4005
244.3012,200.0387,37.2685,98.4005
241.9594,200.2989,37.2685,98.4005
239.6177,201.5999,37.2685,98.4005
236.2351,201.3397,37.2685,98.4005