0.26257
0.22751
0.058746
0.029522
0.038149
0.034779
0.028134
0.024091
0.023502
0.023688
0.023688
0.023064
0.022973
0.02251
0.023821
0.022879
0.023312
0.022631
0.023329
0.022409
0.023447
0.022481
0.02298
0.021926
0.022572
0.021455
0.022578
0.021602
0.023017
0.022542
0.021738
0.022605
0.022768
0.021671
0.022521
0.022184
0.023096
0.022838
0.022516
0.022532
0.023333
0.021873
0.023745
0.021366
0.022476
0.021998
0.021684
0.02255
0.021902
0.021205
0.021622
0.022632
0.02172
0.023032
0.021705
0.022591
0.023177
0.022492
0.021903
0.022631
0.023191
0.022752
0.023218
0.023126
0.022832
0.022201
0.023323
0.022975
0.022925
0.02203
0.023243
0.022788
0.023302
0.022584
0.022565
0.022904
0.022185
0.022612
0.021152
0.021787
0.022088
0.022579
0.022844
0.022446
0.023971
0.025088
0.02523
0.023747
0.022732
0.023794
0.022778
0.022845
0.022979
0.021968
0.022006
0.021921
0.021937
0.021226
0.0213
0.02094
0.022078
0.021729
0.023613
0.066739
0.026354
0.031076
0.025055
0.025305
0.025813
0.02598
0.024882
0.024441
0.02317
0.023082
0.024642
0.024609
0.024314
0.02344
0.023296
0.02268
0.021873
0.02256
0.021806
0.021665
0.023404
0.02335
0.024652
0.025086
0.025467
0.024508
0.025054
0.025122
0.024408
0.024482
0.025889
0.024362
0.02412
0.024115
0.023205
0.023402
0.022301
0.023352
0.023348
0.022685
0.022858
0.022698
0.022332
0.023206
0.02195
0.022735
0.023768
0.02421
0.023027
0.023008
0.024345
0.022352
0.022356
0.023058
0.02302
0.023032
0.023056
0.022246
0.022435
0.023373
0.024278
0.0233
0.023445
0.022184
0.024247
0.023975
0.023615
0.023633
0.022763
0.025367
0.023554
0.024899
0.025845
0.026508
0.026258
0.024934
0.025086
0.025264
0.024012
0.024084
0.023734
0.023229
0.023671
0.024616
0.024595
0.023399
0.026206
0.025403
0.024121
0.026368
0.02632
0.024932
0.02645
0.026279
0.024674
0.024711
0.025024
0.025171
0.025614
0.026488
0.026539
0.026612
0.025595
0.025967
0.025508
0.025541
0.026052
0.024891
0.02664
0.026553
0.024845
0.024852
0.026085
0.025917
0.025077
0.025898
0.025927
0.025836
0.023955
0.025051
0.025095
0.025883
0.024385
0.02447
0.024343
0.025723
0.026087
0.026812
0.027113
0.026813
0.02639
0.026065
0.024959
0.025009
0.025017
0.023936
0.025109
0.025504
0.025165
0.025076
0.026747
0.026254
0.02519
0.025084
0.025862
0.025113
0.025729
0.025842
0.026378
0.025208
0.025343
0.02523
0.025234
0.023946
NaN
NaN
NaN
NaN
0.19184
0.22309
0.056976
0.027678
0.036812
0.032222
0.025408
0.021906
0.022116
0.023355
0.021959
0.021599
0.022657
0.021616
0.022475
0.022708
0.022246
0.022621
0.022126
0.022244
0.022836
0.022288
0.022182
0.021581
0.022204
0.021575
0.021611
0.021822
0.022086
0.022796
0.021523
0.022705
0.021774
0.022572
0.02227
0.022774
0.022489
0.022381
0.022138
0.022586
0.022746
0.022136
0.022574
0.021711
0.022287
0.021654
0.01952
0.02159
0.021519
0.022777
0.021548
0.021648
0.021565
0.021726
0.021634
0.021488
0.021719
0.021876
0.021699
0.022095
0.021498
0.021599
0.021613
0.021688
0.022256
0.022119
0.022184
0.022104
0.022232
0.022793
NaN
NaN
NaN
NaN
0.19038
0.22601
0.056353
0.027148
0.036529
0.031825
0.024719
0.021823
0.022942
0.021385
0.022597
0.022051
0.021393
0.022033
0.022435
0.021915
0.022462
0.021911
0.022102
0.021596
0.022434
0.021729
0.021545
0.021176
0.021356
0.022055
0.022498
0.022196
0.021813
0.021615
0.022639
0.021472
0.022239
0.022442
0.022454
0.021587
0.021432
0.021094
0.02224
0.021606
0.023146
0.022826
0.023602
0.02386
0.024337
0.022839
0.022961
0.022442
0.023304
0.023128
0.025377
0.023183
0.022191
0.022408
0.022247
0.022202
0.022236
0.022451
0.022339
0.022579
0.022562
0.024826
0.023763
0.024863
0.02435
0.02438
0.025805
0.024502
0.023688
0.023602
0.024592
0.023923
0.023573
0.023116
0.023251
0.023965
0.024833
0.023108
0.023822
0.022415
0.024035
0.023972
0.023069
0.022672
0.023484
0.023737
0.022835
0.023588
0.023595
0.022936
0.023733
0.023612
0.023347
0.022969
0.02458
0.02394
0.023037
0.022305
0.023724
0.023704
0.022822
0.025304
0.02358
0.023134
0.023431
0.024009
0.024033
0.023972
0.024907
0.023306
0.023454
0.023335
0.02374
0.023713
0.022583
0.022872
0.022733
0.022839
0.024904
0.022531
0.022528
0.02327
0.022263
0.023424
0.021777
0.023215
0.024192
0.023038
0.023086
0.023557
0.023815
0.023581
0.022865
0.022574
0.022655
0.022067
0.022442
0.023376
0.023149
0.023603
0.02288
0.023049
0.022715
0.022958
0.02268
0.022746
0.021733
0.023297
0.022748
0.02362
0.023276
0.023337
0.023408
0.022761
0.02261
0.023154
0.02316
0.022227
0.023426
0.02224
0.023339
0.022288
0.023429
0.023805
0.023513
0.024001
0.022574
0.02436
0.024298
0.022143
0.022856
0.022406
0.022013
0.021795
0.02209
0.023327
0.022908
0.023299
0.022026
0.022311
0.023324
0.022114
0.022042
0.023533
0.023009
0.023867
0.023065
0.023661
0.023477
0.023478
0.022649
0.023645
0.022046
0.02374
0.023185
0.023891
0.020871
0.022575
0.023319
0.024463
0.024611
0.024498
0.02416
0.023962
0.024728
0.024045
0.02404
0.02405
0.024057
0.023057
0.023159
0.024228
0.024102
0.023976
0.025004
0.024183
0.024183
0.024102
0.025229
0.02445
0.023621
0.025118
0.024213
0.025259
0.024611
0.024229
0.02423
0.024509
0.025013
0.025165
0.024318
0.024478
0.023729
0.024252
0.025074
0.024191
0.024276
0.024254
0.024244
0.023707
0.024218
0.025004
0.024921
0.025286
0.026178
0.026244
0.025003
0.024476
0.023621
0.026202
0.026355
0.02713
0.026259
0.026226
0.024465
0.026031
0.02455
0.024337
0.026
0.027024
0.027518
0.026648
0.025421
0.026131
0.026679
0.026838
0.026849
0.026994
0.027108
0.0256
0.027381
0.027664
0.02638
0.02722
0.026498
0.026531
0.026076
0.027787
0.027177
0.027846
0.02792
0.027356
0.026447
0.027384
0.025508
0.025979
0.025484
0.025605
0.026757
0.025832
0.025222
0.025688
0.024346
0.024574
0.02434
0.025963
0.022283
0.022711
0.024583
0.024604
0.025498
0.024438
0.025036
0.024989
0.02337
0.023481
0.023504
0.025632
0.02582
0.025691
0.024251
0.024715
0.024468
0.024552
0.024137
0.025689
0.026373
0.025504
0.025467
0.026363
0.023273
0.024973
0.024719
0.024498
0.024149
