0.19146
0.22327
0.056213
0.029451
0.038633
0.034234
0.027708
0.024039
0.024166
0.02419
0.02416
0.023175
0.023158
0.023084
0.023423
0.023188
0.02283
0.022701
0.022946
0.022936
0.022839
0.022571
0.02305
0.022936
0.02294
0.022772
0.022686
0.023216
0.023063
0.022572
0.022415
0.022029
0.0214
0.021732
0.021371
0.021803
0.021564
0.022013
0.021914
0.021642
0.022121
0.022127
0.022302
0.021769
0.02138
0.021842
0.020274
0.020538
0.019973
0.020088
0.020212
0.021791
0.020817
0.021729
0.021045
0.022016
0.021456
0.020948
0.021388
0.021567
0.021415
0.020246
0.019839
0.020302
0.019929
0.019985
0.01999
0.019839
0.021257
0.0213
0.019804
0.020634
0.021144
0.020827
0.021414
0.020963
0.020939
0.021336
0.020529
0.021228
0.020466
0.021204
0.020461
0.021209
0.020519
0.020564
0.02044
0.020573
0.021147
0.021153
0.020482
0.020586
0.020716
0.019695
0.019669
0.019654
0.019713
0.019748
0.019691
0.020096
0.020616
0.020121
0.020028
0.021226
0.019724
0.019959
0.019667
0.019791
0.020207
0.021167
0.021129
0.021526
0.021744
0.021375
0.021835
0.021554
0.02244
0.022481
0.022886
0.022997
0.021901
0.021235
0.021839
0.021725
0.022128
0.023398
0.023375
0.023339
0.023252
0.023299
0.023811
0.02303
0.022851
0.022968
0.023149
0.024238
0.023807
0.022593
0.02401
0.024084
0.023187
0.022803
0.022041
0.024688
0.024316
0.023376
0.024033
0.023651
0.024049
0.023347
0.023508
0.023305
0.022726
0.022493
0.023218
0.022777
0.022175
0.023245
0.022888
0.022578
0.023141
0.023494
0.023455
0.023411
0.023503
0.023451
0.024142
0.023472
0.024714
0.02366
0.023462
0.023406
0.022682
0.023541
0.02262
0.022786
0.023581
0.02345
0.022791
0.023044
0.022813
0.022822
0.023353
0.023581
0.023532
0.023544
0.023562
0.023618
0.022704
0.023608
0.023531
0.024461
0.023667
0.023701
0.023606
0.023634
