0.20214
0.21756
0.059679
0.031478
0.040068
0.034343
0.028475
0.024838
0.025216
0.024339
0.024944
0.024364
0.024516
0.02356
0.025082
0.024532
0.024528
0.024245
0.024413
0.024143
0.024905
0.02386
0.02439
0.024167
0.023811
0.024243
0.02446
0.024752
0.023871
0.023453
0.023985
0.024123
0.024823
0.024104
0.024127
0.024546
0.024618
0.024535
0.024208
0.024467
0.025324
0.02406
0.02288
0.023884
0.024675
0.022747
0.023062
0.022707
0.022983
0.022708
0.02295
0.022639
0.022978
0.022831
0.022873
0.02267
0.022962
0.022591
0.024192
0.024309
0.024029
0.023915
0.024545
0.024553
0.023751
0.023371
0.024511
0.024201
0.023934
0.024121
0.02425
0.023445
0.023985
0.023631
0.023725
0.023891
0.02407
0.023533
0.024331
0.024168
0.024586
0.024272
0.025425
0.025585
0.025772
0.024987
0.026
0.025831
0.025829
0.025784
0.026042
0.024503
0.025776
0.02526
0.025454
0.02519
0.025642
0.024838
0.026023
0.025724
0.024941
0.024633
0.024833
0.024441
0.023768
0.023661
0.023652
0.023505
0.024702
0.023997
0.024719
0.024371
0.024714
0.024532
0.024493
0.024259
0.024708
0.024195
0.02445
0.024187
0.024781
0.024707
0.024681
0.024452
0.024818
0.024844
0.025022
0.024132
0.025148
0.02466
0.025012
0.02394
0.023915
0.023489
0.024625
0.024328
0.024067
0.023342
0.024098
0.024228
0.023415
0.023425
0.023361
0.023611
0.023723
0.02367
0.02345
0.024192
0.022808
0.022551
0.022877
0.023888
0.023425
0.023673
0.023734
0.022849
0.023449
0.023373
0.02331
0.023678
0.023676
0.023484
0.023399
0.023544
0.023587
0.02256
0.02293
0.062688
0.024972
0.024293
0.024346
0.024549
0.024152
0.024096
0.02387
0.024463
0.02387
0.024315
0.024622
0.024583
0.024289
0.023883
0.023743
0.023792
0.02383
0.023864
0.023894
0.023888
0.023935
0.024212
0.02479
0.023913
0.024174
0.024946
0.023872
0.02402
0.023857
0.02392
0.023919
0.023887
0.024248
0.024173
0.023901
0.023927
0.024116
0.024993
0.023984
0.023865
0.023836
0.023858
0.023944
0.024206
0.023882
0.024527
0.024211
0.024421
0.025191
0.024382
0.024005
0.024017
0.023858
0.023903
0.023845
0.024077
0.024494
0.024013
0.023883
0.02479
0.024137
0.0239
0.023851
0.023926
0.023822
0.023986
0.023922
0.024075
0.023825
0.024003
0.023896
0.023894
0.024226
0.02388
0.024302
0.02429
0.024217
0.023947
0.022694
0.023891
0.023863
0.023855
0.02467
0.025
0.02509
0.024212
0.023157
0.022977
0.023358
0.023154
0.022926
0.022958
0.023877
0.023933
0.024146
0.024127
0.024241
0.025262
0.024402
0.024
0.023872
0.024915
0.024991
0.025103
0.024998
0.025375
0.025271
0.025506
0.024922
0.023915
0.02498
0.025009
0.025052
0.024986
0.025974
0.025853
0.025737
0.025876
0.025947
0.024907
0.024047
0.02527
0.025369
0.024972
0.025286
0.024174
0.024126
0.023968
0.024955
0.024885
0.02424
0.024001
0.024046
0.023957
0.024066
0.023943
0.024064
0.023904
0.024165
0.024057
0.024303
0.0243
0.024069
0.024412
0.02528
0.024456
0.024176
0.025311
0.024389
0.024102
0.024406
0.024054
0.024211
0.02403
0.024318
0.024127
0.024192
0.024193
0.023992
0.02419
0.024144
0.024058
0.024089
0.024035
0.024093
0.024235
0.024916
0.025019
0.024632
0.024503
0.024735
0.023466
0.023392
0.023297
0.024208
0.024048
0.024484
0.024094
0.024077
0.024031
0.024126
0.024191
0.02405
0.023998
0.024018
0.024074
0.023172
0.023391
0.024047
0.024051
0.024194
0.024089
0.024282
0.023988
0.02402
0.024068
0.024088
