1
510.5054,198.4539,54.6577,30.1738
505.0524,198.2887,54.6577,30.1738
491.5104,199.9059,52.9892,29.2527
479.3431,200.1922,51.3717,28.3597
476.3922,199.7263,51.3717,28.3597
460.8689,199.3826,49.8036,27.4941
444.9160,197.2425,48.2833,26.6548
440.0989,195.3449,48.2833,26.6548
428.3794,191.8535,49.8264,27.5067
417.4905,187.9493,51.4189,28.3858
409.6735,185.7858,53.0622,29.2930
403.2109,187.4031,54.7581,30.2292
392.2375,183.4436,56.5082,31.1953
385.3552,180.3825,58.3142,32.1923
385.3048,182.8651,60.1779,33.2212
378.2095,185.5941,60.1779,33.2212
389.4373,200.1636,62.1012,34.2830
2
0
0
0
0
1
283.6938,161.9296,42.2548,29.9988
272.5760,158.8445,40.9649,29.0831
273.0639,162.1736,39.7145,28.1953
266.4353,160.5242,40.9837,29.0965
243.9249,159.6469,42.2936,30.0264
242.3645,160.9236,42.2936,30.0264
243.0737,171.2785,42.2936,30.0264
245.2796,175.8504,41.0026,29.1098
244.3927,179.1826,39.7509,28.2212
2
0
0
0
0
1
160.3223,159.6517,38.2539,39.4175
163.5333,167.1251,39.4765,40.6773
165.8714,169.7971,38.2714,39.4356
168.7776,174.5389,38.2714,39.4356
172.6017,177.4452,38.2714,39.4356
174.5902,179.1278,38.2714,39.4356
179.6102,182.0241,37.1032,38.2318
182.4009,186.0184,35.9706,37.0648
2
0
0
0
0
1
158.1079,176.7599,36.6540,29.0313
161.5238,177.9741,37.8255,29.9592
165.0488,180.2928,39.0344,30.9167
166.2121,179.9362,40.2819,31.9047
169.1149,180.4194,41.5693,32.9244
172.4033,182.6747,42.8979,33.9767
174.0651,183.1279,42.8979,33.9767
175.6457,184.5489,44.2689,35.0626
179.8550,188.1347,44.2689,35.0626
182.1097,190.5365,45.6837,36.1832
187.0971,197.4545,45.6837,36.1832
192.4600,201.3853,44.2892,35.0787
194.2278,203.9483,42.9373,34.0079
197.1513,208.8525,41.6266,32.9698
199.9856,213.6070,40.3559,31.9634
203.0176,214.8055,39.1240,30.9877
202.9258,224.2343,37.9298,30.0418
209.7828,226.6965,36.7719,29.1247
212.8045,223.3855,35.6495,28.2357
216.9895,226.9551,34.5613,27.3738
221.2901,229.6855,33.5063,26.5382
223.8075,231.8605,32.4835,25.7281
228.0784,231.6812,31.4919,24.9428
219.7975,214.4280,30.5306,24.1814
222.5214,215.7648,29.5987,23.4432
225.0713,217.5791,30.5446,24.1925
226.6848,218.9775,30.5446,24.1925
226.0892,218.6985,31.5208,24.9657
227.5693,224.0748,30.5586,24.2036
232.0176,228.4261,29.6258,23.4648
235.7041,231.6012,28.7215,22.7485
242.7171,236.2978,27.8448,22.0541
248.7315,239.4782,26.9948,21.3809
250.3794,239.7094,26.1708,20.7282
255.6636,240.6710,25.3719,20.0955
262.0374,245.5346,24.5974,19.4821
265.9644,250.0766,23.8466,18.8874
262.5493,244.7382,23.1186,18.3108
266.9835,247.1323,23.8575,18.8960
269.9241,247.8885,23.8575,18.8960
273.4918,249.1829,24.6200,19.5000
268.5030,248.2643,25.4069,20.1232
273.2751,250.2715,24.6313,19.5089
276.1376,240.8164,24.6313,19.5089
274.1715,244.3237,23.8794,18.9134
276.9747,245.2010,23.1505,18.3361
277.5726,247.0300,22.4438,17.7763
278.2840,250.5868,22.4438,17.7763
273.8051,249.6725,21.7587,17.2337
274.3415,251.5882,21.7587,17.2337
274.8367,255.2208,22.4541,17.7845
274.8733,257.5461,23.1718,18.3529
276.5431,258.8033,23.9123,18.9395
2
0
0
0
0
1
273.3207,281.6906,45.5355,42.8157
276.2770,286.7336,45.5355,42.8157
278.8855,289.3421,45.5355,42.8157
281.8418,292.2984,45.5355,42.8157
284.7981,292.8201,45.5355,42.8157
283.8965,291.2664,46.9908,44.1841
279.7684,288.8900,45.5564,42.8353
280.6377,292.5014,44.1658,41.5278
281.1431,294.6533,42.8176,40.2601
289.1550,298.7016,41.5106,39.0312
291.8494,303.5776,40.2435,37.8397
291.6674,305.8930,41.5296,39.0491
287.7024,306.0516,41.5296,39.0491
297.6937,337.2575,40.2619,37.8571
299.0775,338.9489,40.2619,37.8571
299.8179,343.1105,41.5487,39.0670
299.9474,345.5010,42.8766,40.3156
301.7486,347.6297,42.8766,40.3156
2
0
0
0
0
1
250.2364,324.1009,50.0361,36.6590
253.5524,329.5948,48.5087,35.5400
255.6968,331.7392,48.5087,35.5400
262.2107,336.7355,47.0280,34.4551
270.4448,339.6602,45.5924,33.4034
270.3654,343.4258,44.2007,32.3837
273.2213,347.4841,44.2007,32.3837
278.8560,348.4293,42.8515,31.3952
280.6485,347.7819,44.2210,32.3986
283.8064,349.1353,44.2210,32.3986
286.0620,348.9849,44.2210,32.3986
286.5132,347.9323,44.2210,32.3986
2
0
0
0
0
1
230.6334,342.9793,43.9298,33.6229
230.9977,341.6804,45.3338,34.6975
231.3736,339.3968,46.7826,35.8064
233.0592,339.3112,48.2778,36.9508
