0.19273
0.22395
0.056293
0.026571
0.037939
0.032813
0.02599
0.022746
0.022645
0.022333
0.021851
0.063072
0.023465
0.022024
0.022506
0.022162
0.022371
0.022086
0.022042
NaN
NaN
NaN
NaN
0.19184
0.22363
0.056659
0.029483
0.038065
0.032506
0.026161
0.022742
0.022793
0.02251
0.02236
NaN
NaN
NaN
NaN
0.19371
0.22423
0.057583
0.030622
0.038157
0.032937
0.026872
0.023354
0.023384
0.023674
NaN
NaN
NaN
NaN
0.18787
0.22209
0.056296
0.028635
0.037377
0.031979
0.026545
0.022461
0.022811
0.021832
0.021773
0.02175
0.021674
0.021653
0.022005
0.021736
0.022138
0.021633
0.021732
0.021721
0.02211
0.022011
0.021774
0.064846
0.023674
0.022158
0.022333
0.022649
0.022219
0.022223
0.022104
0.022808
0.022617
0.022525
0.022263
0.022683
0.022284
0.023072
0.022211
0.022339
0.022877
0.022815
0.023445
0.022334
0.023037
0.022256
0.022246
0.022111
0.022539
0.022143
0.022156
0.022099
0.022179
0.022442
0.022407
NaN
NaN
NaN
NaN
0.19513
0.22265
0.056343
0.029332
0.037431
0.032428
0.026426
0.02328
0.023027
0.022968
0.022955
0.022615
0.022928
0.022904
0.022844
0.022472
0.022406
0.022402
0.022546
0.022441
NaN
NaN
NaN
NaN
0.1895
0.22168
0.055978
0.029711
0.037452
0.031901
0.026535
0.023265
0.022769
0.022309
0.022474
0.022115
0.022286
0.021936
NaN
NaN
NaN
NaN
0.19773
0.22153
0.056324
0.028976
0.037901
