1
759.5042,239.2579,149.3141,93.3884
760.9279,238.7833,149.3141,93.3884
761.4025,239.2579,149.3141,93.3884
762.3385,239.1893,154.0862,96.3730
762.3250,238.1390,159.0108,99.4531
764.3326,237.0551,164.0927,102.6316
763.2750,234.8935,169.3371,105.9118
762.7368,234.3553,169.3371,105.9118
764.3514,233.8171,169.3371,105.9118
764.8896,233.2789,169.3371,105.9118
758.9692,233.8171,169.3371,105.9118
759.5074,233.2789,169.3371,105.9118
761.6454,233.2011,174.7492,109.2967
762.2009,232.6456,174.7492,109.2967
763.8671,233.2011,174.7492,109.2967
789.3066,226.5379,169.4149,105.9604
793.5077,228.6936,164.2435,102.7259
794.0297,228.1716,164.2435,102.7259
794.5518,226.6055,164.2435,102.7259
800.7128,225.5632,159.2299,99.5902
805.2676,221.0083,159.2299,99.5902
804.7615,221.5144,159.2299,99.5902
800.6987,221.4413,164.3188,102.7731
800.1765,220.9190,164.3188,102.7731
801.7433,219.3522,164.3188,102.7731
803.3101,218.8299,164.3188,102.7731
803.8323,218.3076,164.3188,102.7731
805.3992,218.8299,164.3188,102.7731
805.9214,219.3522,164.3188,102.7731
806.4437,219.8745,164.3188,102.7731
812.1887,220.3967,164.3188,102.7731
814.8000,220.9190,164.3188,102.7731
817.4114,220.3967,164.3188,102.7731
825.6643,222.4876,159.3030,99.6359
828.6020,226.5399,154.4402,96.5945
832.0381,225.0673,154.4402,96.5945
835.8679,223.1055,149.7259,93.6459
839.1991,223.5814,149.7259,93.6459
841.5786,223.1055,149.7259,93.6459
846.8133,220.7261,149.7259,93.6459
849.5744,219.7759,145.1554,90.7873
852.2512,218.8548,140.7245,88.0160
853.0573,218.8563,136.4289,85.3293
858.1749,216.2560,132.2643,82.7246
861.9584,216.6764,132.2643,82.7246
862.7159,216.6778,128.2269,80.1994
863.1235,216.2703,128.2269,80.1994
863.5310,216.6778,128.2269,80.1994
863.9386,217.0854,128.2269,80.1994
864.3461,217.4929,128.2269,80.1994
869.9712,215.0490,124.3128,77.7513
872.2637,215.8406,120.5181,75.3779
874.4861,213.5435,116.8392,73.0770
876.6408,214.2875,113.2727,70.8463
878.7297,216.4489,109.8150,68.6837
878.3806,215.4018,109.8150,68.6837
881.8019,216.1011,106.4628,66.5871
884.4419,220.1628,103.2130,64.5545
885.4261,219.8347,103.2130,64.5545
886.4102,216.8823,103.2130,64.5545
884.4329,216.1787,106.5117,66.6176
884.7714,221.2568,106.5117,66.6176
882.7308,225.9474,109.9158,68.7467
880.6249,223.8007,113.4287,70.9439
881.7065,222.7191,113.4287,70.9439
883.5092,223.0797,113.4287,70.9439
883.8696,226.3244,113.4287,70.9439
885.2404,224.8835,109.9663,68.7783
886.5692,222.0886,106.6095,66.6788
889.2129,223.4451,103.3552,64.6434
890.4619,224.7602,100.2003,62.6702
892.3097,225.3983,97.1417,60.7572
894.1011,226.0168,94.1764,58.9025
892.6044,225.1189,94.1764,58.9025
893.5024,224.8195,94.1764,58.9025
895.2391,226.6165,91.3016,57.1045
894.9489,225.1656,91.3016,57.1045
894.6588,225.4557,91.3016,57.1045
894.9489,225.1656,91.3016,57.1045
894.6588,226.0361,91.3016,57.1045
891.1684,226.5746,94.2196,58.9296
889.3633,225.9323,97.2309,60.8130
888.1186,225.2696,100.3384,62.7565
886.1963,222.0343,103.5452,64.7622
885.8671,223.6799,103.5452,64.7622
885.5380,222.6926,103.5452,64.7622
888.1057,220.7190,100.3844,62.7853
889.0629,219.7618,100.3844,62.7853
889.3820,216.8903,100.3844,62.7853
889.0629,217.2094,100.3844,62.7853
889.3820,215.6140,100.3844,62.7853
888.4248,217.2094,100.3844,62.7853
888.1057,216.8903,100.3844,62.7853
889.0629,217.8475,100.3844,62.7853
890.2760,217.8486,97.3202,60.8688
890.5853,219.3952,97.3202,60.8688
888.1022,218.1132,100.4305,62.8142
888.4214,215.8787,100.4305,62.8142
888.1022,215.5595,100.4305,62.8142
890.5927,211.7301,97.3648,60.8967
892.3881,211.7312,94.3928,59.0379
894.7289,212.3322,91.5114,57.2357
895.0197,213.2048,91.5114,57.2357
895.5439,214.3692,88.7180,55.4886
895.8259,215.7791,88.7180,55.4886
896.8979,215.2161,86.0098,53.7948
895.7969,216.2701,88.7587,55.5140
895.5148,216.5522,88.7587,55.5140
895.2327,216.8343,88.7587,55.5140
894.9506,216.5522,88.7587,55.5140
893.2501,217.0756,91.5954,57.2883
892.3767,219.1135,91.5954,57.2883
892.6678,219.4046,91.5954,57.2883
892.3767,220.8603,91.5954,57.2883
892.6678,218.8224,91.5954,57.2883
892.9589,220.2780,91.5954,57.2883
892.6678,221.7337,91.5954,57.2883
894.3569,222.3169,88.7995,55.5395
894.0747,223.7281,88.7995,55.5395
894.3569,224.5748,88.7995,55.5395
893.5102,224.2926,88.7995,55.5395
893.2280,224.0103,88.7995,55.5395
893.5102,223.7281,88.7995,55.5395
893.7925,223.4459,88.7995,55.5395
894.0747,223.1636,88.7995,55.5395
894.3569,222.8814,88.7995,55.5395
894.0747,221.4702,88.7995,55.5395
894.3569,221.7524,88.7995,55.5395
894.0747,219.7767,88.7995,55.5395
894.3569,219.4945,88.7995,55.5395
894.0747,219.7767,88.7995,55.5395
894.3569,220.0590,88.7995,55.5395
894.0747,219.2123,88.7995,55.5395
894.3569,218.3655,88.7995,55.5395
894.0747,218.6478,88.7995,55.5395
894.3569,218.3655,88.7995,55.5395
894.0747,218.6478,88.7995,55.5395
894.9214,218.9300,88.7995,55.5395
894.6392,218.0833,88.7995,55.5395
894.3569,218.3655,88.7995,55.5395
894.0747,218.6478,88.7995,55.5395
894.3569,218.3655,88.7995,55.5395
894.0747,218.0833,88.7995,55.5395
894.3569,217.8011,88.7995,55.5395
894.0747,217.5188,88.7995,55.5395
894.3569,217.8011,88.7995,55.5395
894.0747,216.9543,88.7995,55.5395
894.3569,216.6721,88.7995,55.5395
893.5102,216.3899,88.7995,55.5395
893.2280,215.5432,88.7995,55.5395
890.9622,214.9379,91.6375,57.3146
891.2535,214.6466,91.6375,57.3146
892.1273,215.5204,91.6375,57.3146
892.4185,215.2291,91.6375,57.3146
892.7098,214.3553,91.6375,57.3146
894.3997,214.9389,88.8402,55.5650
894.6821,214.6565,88.8402,55.5650
894.3997,214.3741,88.8402,55.5650
894.6821,214.0918,88.8402,55.5650
894.3997,214.3741,88.8402,55.5650
894.6821,214.0918,88.8402,55.5650
895.7556,214.0927,86.1283,53.8689
896.0294,212.7240,86.1283,53.8689
895.2081,212.4502,86.1283,53.8689
894.9344,211.6290,86.1283,53.8689
896.3032,211.3552,86.1283,53.8689
896.0294,211.0815,86.1283,53.8689
895.7556,211.3552,86.1283,53.8689
896.5769,211.6290,86.1283,53.8689
896.8506,211.9027,86.1283,53.8689
897.1244,212.7240,86.1283,53.8689
898.1652,214.9149,83.4993,52.2245
898.4306,215.1803,83.4993,52.2245
898.6960,214.9149,83.4993,52.2245
898.9614,214.6495,83.4993,52.2245
899.9704,215.1812,80.9504,50.6304
899.7131,214.9239,80.9504,50.6304
899.4558,214.6666,80.9504,50.6304
897.9049,213.6003,83.5376,52.2485
898.1704,213.3347,83.5376,52.2485
898.4360,213.0692,83.5376,52.2485
896.8355,213.5619,86.2074,53.9184
898.4253,214.1108,83.5759,52.2725
898.1596,214.3764,83.5759,52.2725
898.4253,215.1733,83.5759,52.2725
896.8241,215.6662,86.2470,53.9431
894.6235,216.7231,89.0035,55.6671
892.3525,217.8138,91.8480,57.4463
891.4767,219.8573,91.8480,57.4463
891.1848,221.9008,91.8480,57.4463
888.8413,223.0263,94.7835,59.2822
885.8204,223.5852,97.8128,61.1769
883.3246,223.5403,100.9389,63.1321
880.7492,223.4939,104.1649,65.1498
878.0914,222.7839,107.4940,67.2320
875.3486,224.1011,110.9295,69.3807
871.8131,222.6399,114.4748,71.5982
868.8923,222.5873,118.1334,73.8864
867.7659,221.4608,118.1334,73.8864
864.7516,220.6556,121.9090,76.2478
863.5892,220.2681,121.9090,76.2478
861.6519,221.4306,121.9090,76.2478
859.3163,221.3745,125.8052,78.6847
858.9164,220.9747,125.8052,78.6847
857.7169,220.5748,125.8052,78.6847
852.9075,218.9176,129.8259,81.1995
848.7697,217.2074,133.9751,83.7946
845.3513,217.1458,138.2570,86.4727
840.9448,217.9612,142.6757,89.2364
837.3043,216.9886,147.2356,92.0884
833.5476,215.0491,151.9412,95.0315
825.8074,212.0817,156.7973,98.0687
825.3090,212.5801,156.7973,98.0687
823.8139,213.0784,156.7973,98.0687
825.3090,213.5768,156.7973,98.0687
824.8106,214.0752,156.7973,98.0687
825.3090,214.5735,156.7973,98.0687
825.8074,215.0719,156.7973,98.0687
826.3057,216.5670,156.7973,98.0687
831.1907,220.5556,152.0110,95.0751
833.0276,224.4224,147.3708,92.1729
830.6856,227.7013,147.3708,92.1729
826.4700,228.1697,147.3708,92.1729
823.1912,227.7013,147.3708,92.1729
822.7228,228.1697,147.3708,92.1729
821.3176,227.7013,147.3708,92.1729
817.1019,228.1697,147.3708,92.1729
820.7564,229.1081,142.8723,89.3593
816.6695,229.5622,142.8723,89.3593
813.4907,231.8327,142.8723,89.3593
810.3120,230.4704,142.8723,89.3593
790.3188,227.6801,147.4385,92.2152
780.9335,229.4868,152.1506,95.1624
773.6796,227.0688,152.1506,95.1624
764.9615,223.1302,157.0133,98.2038
756.4776,221.6330,157.0133,98.2038
746.4828,218.5666,162.0315,101.3424
739.1708,215.4783,157.0854,98.2489
733.0806,214.4815,152.2903,95.2498
728.7242,214.9655,152.2903,95.2498
725.7242,220.7756,147.6416,92.3423
713.5104,219.7693,152.3603,95.2936
715.3515,221.7080,147.7094,92.3847
708.3093,220.2995,147.7094,92.3847
703.6016,217.4148,152.4302,95.3373
698.2722,222.7441,152.4302,95.3373
642.0587,182.9464,157.3019,98.3843
626.0459,166.8752,162.3292,101.5287
626.5619,172.5506,162.3292,101.5287
618.8227,181.3217,162.3292,101.5287
621.4024,182.8695,162.3292,101.5287
621.3881,179.6992,167.5173,104.7735
624.0503,186.6209,167.5173,104.7735
626.1653,193.9980,172.8711,108.1221
629.3532,198.3955,167.5942,104.8216
622.4284,192.5361,167.5942,104.8216
618.1522,193.5244,172.9505,108.1717
619.8013,200.6706,172.9505,108.1717
630.6865,201.7719,167.6711,104.8698
622.1450,198.4973,173.0299,108.2214
617.7301,194.0181,178.5599,111.6801
615.4443,191.6659,184.2667,115.2494
616.0299,189.9089,184.2667,115.2494
611.3283,186.3102,190.1559,118.9328
605.2677,183.8053,196.2333,122.7339
596.5185,181.2203,202.5049,126.6565
590.0643,181.1272,208.9769,130.7044
597.9033,186.4432,202.5979,126.7146
594.6836,185.7992,202.5979,126.7146
591.4639,186.4432,202.5979,126.7146
591.4461,190.2137,209.0729,130.7644
599.2888,191.5450,202.6909,126.7728
601.2214,193.4777,202.6909,126.7728
608.8246,194.7683,196.5037,122.9030
611.1992,194.7705,190.5053,119.1514
610.5938,194.1650,190.5053,119.1514
608.7772,193.5595,190.5053,119.1514
609.3828,195.3760,190.5053,119.1514
611.6849,197.8000,184.6901,115.5142
608.7498,196.0390,184.6901,115.5142
610.5108,196.6260,184.6901,115.5142
606.9725,195.3671,190.5928,119.2061
605.7441,195.2795,196.6841,123.0159
609.3712,196.5319,190.6803,119.2608
609.9772,197.1380,190.6803,119.2608
613.0075,197.7440,190.6803,119.2608
611.1893,197.1380,190.6803,119.2608
612.2815,197.1401,184.8597,115.6203
607.5648,194.7049,190.7678,119.3156
611.0827,197.1323,184.9446,115.6734
611.6705,197.7201,184.9446,115.6734
611.0827,197.1323,184.9446,115.6734
607.5394,195.8717,190.8554,119.3703
608.1461,195.2650,190.8554,119.3703
607.5394,194.6584,190.8554,119.3703
603.8830,192.1443,196.9552,123.1854
601.3616,190.8018,203.2498,127.1224
603.8177,192.0960,197.0456,123.2420
607.4515,193.3507,191.0307,119.4800
610.9743,195.7815,185.1994,115.8328
610.3857,196.3701,185.1994,115.8328
609.7970,195.7815,185.1994,115.8328
607.4261,194.5191,191.1184,119.5348
606.8187,193.9116,191.1184,119.5348
604.9963,192.0893,191.1184,119.5348
604.3889,191.4818,191.1184,119.5348
603.7815,190.8744,191.1184,119.5348
601.3348,189.5717,197.2265,123.3551
600.7080,190.1985,197.2265,123.3551
602.5886,190.8254,197.2265,123.3551
606.2256,192.0813,191.2061,119.5897
604.4025,190.2581,191.2061,119.5897
603.7947,190.8658,191.2061,119.5897
605.6179,190.2581,191.2061,119.5897
605.0102,190.8658,191.2061,119.5897
603.1870,190.2581,191.2061,119.5897
602.5793,189.6504,191.2061,119.5897
601.9716,189.0426,191.2061,119.5897
601.3638,188.4349,191.2061,119.5897
601.9716,189.0426,191.2061,119.5897
597.0929,187.7393,197.3171,123.4118
594.5669,186.3943,203.6233,127.3560
595.2141,187.0415,203.6233,127.3560
600.2635,189.6325,197.4077,123.4684
597.1263,187.7502,197.4077,123.4684
600.7667,189.0072,191.3817,119.6995
598.3167,188.9193,197.4983,123.5251
598.9445,189.5470,197.4983,123.5251
600.8276,188.9193,197.4983,123.5251
601.9588,190.1769,191.4696,119.7545
600.1331,187.1340,191.4696,119.7545
600.1163,187.0461,197.5890,123.5818
596.9762,187.6741,197.5890,123.5818
594.4467,186.3273,203.9039,127.5315
593.7986,185.6792,203.9039,127.5315
594.4467,185.0311,203.9039,127.5315
596.9108,186.3295,197.6797,123.6386
596.2825,186.9578,197.6797,123.6386
593.7518,185.6103,203.9975,127.5901
592.4371,184.2198,210.5173,131.6678
589.0916,182.2125,210.5173,131.6678
589.7607,181.5434,210.5173,131.6678
589.0916,182.2125,210.5173,131.6678
588.4225,181.5434,210.5173,131.6678
587.7534,182.2125,210.5173,131.6678
587.0842,181.5434,210.5173,131.6678
587.7534,182.2125,210.5173,131.6678
588.4225,181.5434,210.5173,131.6678
587.7534,182.2125,210.5173,131.6678
587.0842,182.8816,210.5173,131.6678
590.9664,184.2221,204.0912,127.6486
588.3537,182.8310,210.6140,131.7283
589.0231,183.5004,210.6140,131.7283
588.3537,181.4921,210.6140,131.7283
587.6843,180.8227,210.6140,131.7283
588.3537,180.1533,210.6140,131.7283
589.0231,180.8227,210.6140,131.7283
588.3537,180.1533,210.6140,131.7283
590.8988,182.8333,204.1849,127.7072
588.2849,180.1435,210.7106,131.7888
587.6152,180.8132,210.7106,131.7888
588.2849,181.4830,210.7106,131.7888
587.6152,182.1527,210.7106,131.7888
588.2849,181.4830,210.7106,131.7888
590.8312,185.5036,204.2786,127.7659
591.4805,184.8543,204.2786,127.7659
590.8312,182.9064,204.2786,127.7659
591.4805,183.5557,204.2786,127.7659
586.2683,180.8647,210.8074,131.8493
585.5983,180.1947,210.8074,131.8493
588.1457,181.5371,204.3724,127.8245
588.7953,182.1866,204.3724,127.8245
588.1457,181.5371,204.3724,127.8245
588.7953,182.1866,204.3724,127.8245
589.4449,182.8362,204.3724,127.8245
586.8286,180.1440,210.9042,131.9098
586.1582,180.8143,210.9042,131.9098
585.4879,178.8033,210.9042,131.9098
586.1582,179.4737,210.9042,131.9098
590.0475,182.1573,204.4662,127.8832
587.4300,180.7636,211.0010,131.9704
586.7594,181.4342,211.0010,131.9704
587.4300,182.1049,211.0010,131.9704
586.7594,181.4342,211.0010,131.9704
586.0887,180.7636,211.0010,131.9704
585.4181,181.4342,211.0010,131.9704
584.0582,178.6547,217.7446,136.1881
581.9820,176.5785,217.7446,136.1881
582.6741,177.2706,217.7446,136.1881
581.9820,177.9626,217.7446,136.1881
582.6741,178.6547,217.7446,136.1881
583.3661,177.9626,217.7446,136.1881
584.0582,177.2706,217.7446,136.1881
584.7503,177.9626,217.7446,136.1881
585.9974,179.3492,211.0979,132.0309
585.3265,180.0201,211.0979,132.0309
593.2451,184.0481,204.6540,128.0007
588.0233,181.3522,211.1948,132.0916
583.9771,179.9126,217.9445,136.3132
584.6699,177.8345,217.9445,136.3132
587.3035,180.6077,211.2917,132.1522
587.9751,179.9361,211.2917,132.1522
583.9271,178.4959,218.0446,136.3758
584.6201,179.1889,218.0446,136.3758
583.9271,178.4959,218.0446,136.3758
584.6201,179.1889,218.0446,136.3758
583.9271,178.4959,218.0446,136.3758
584.6201,177.8029,218.0446,136.3758
583.9271,178.4959,218.0446,136.3758
583.2341,176.4168,218.0446,136.3758
582.5410,177.1098,218.0446,136.3758
581.8480,177.8029,218.0446,136.3758
582.5410,178.4959,218.0446,136.3758
581.1357,177.0096,225.0133,140.7344
582.4245,178.4424,218.1447,136.4384
580.3445,177.7491,218.1447,136.4384
578.9386,176.2622,225.1166,140.7990
583.0900,177.6956,218.2449,136.5010
580.2961,176.2080,225.2200,140.8636
579.5803,175.4922,225.2200,140.8636
580.2961,176.2080,225.2200,140.8636
581.0119,176.9238,225.2200,140.8636
580.2961,176.2080,225.2200,140.8636
575.9812,174.6728,232.4180,145.3656
580.2673,177.6302,225.3234,140.9283
584.4225,181.9297,218.4453,136.6264
583.7281,181.2354,218.4453,136.6264
583.0339,180.5410,218.4453,136.6264
583.7281,181.2354,218.4453,136.6264
584.4225,181.9297,218.4453,136.6264
583.7281,182.6240,218.4453,136.6264
584.4225,181.9297,218.4453,136.6264
583.7281,182.6240,218.4453,136.6264
584.4225,181.9297,218.4453,136.6264
583.7281,182.6240,218.4453,136.6264
584.4225,183.3183,218.4453,136.6264
588.4508,186.0979,211.7772,132.4558
584.3935,183.3081,218.5456,136.6891
588.4237,187.4782,211.8744,132.5166
589.0971,186.8048,211.8744,132.5166
588.4237,187.4782,211.8744,132.5166
589.0971,186.8048,211.8744,132.5166
588.4237,187.4782,211.8744,132.5166
589.0971,186.8048,211.8744,132.5166
589.7706,187.4782,211.8744,132.5166
589.0971,188.1516,211.8744,132.5166
589.7706,188.8250,211.8744,132.5166
589.0971,188.1516,211.8744,132.5166
589.7706,188.8250,211.8744,132.5166
589.0971,188.1516,211.8744,132.5166
589.7706,188.8250,211.8744,132.5166
593.6777,191.5210,205.4069,128.4715
594.3306,190.8682,205.4069,128.4715
593.6777,191.5210,205.4069,128.4715
593.0249,190.8682,205.4069,128.4715
593.6777,191.5210,205.4069,128.4715
593.0249,190.8682,205.4069,128.4715
592.3720,191.5210,205.4069,128.4715
589.7425,188.8152,211.9717,132.5775
589.0687,188.1414,211.9717,132.5775
588.3950,187.4677,211.9717,132.5775
587.7213,188.1414,211.9717,132.5775
588.3950,187.4677,211.9717,132.5775
587.7213,186.7940,211.9717,132.5775
588.3950,186.1203,211.9717,132.5775
587.7213,186.7940,211.9717,132.5775
587.0475,186.1203,211.9717,132.5775
587.7213,186.7940,211.9717,132.5775
587.0475,186.1203,211.9717,132.5775
587.7213,186.7940,211.9717,132.5775
588.3950,186.1203,211.9717,132.5775
587.7213,186.7940,211.9717,132.5775
588.3950,186.1203,211.9717,132.5775
587.7213,186.7940,211.9717,132.5775
587.0475,186.1203,211.9717,132.5775
587.7213,186.7940,211.9717,132.5775
587.0475,186.1203,211.9717,132.5775
586.3738,185.4465,211.9717,132.5775
587.0475,186.1203,211.9717,132.5775
587.7213,186.7940,211.9717,132.5775
587.0475,186.1203,211.9717,132.5775
587.7213,186.7940,211.9717,132.5775
587.0475,186.1203,211.9717,132.5775
586.3738,186.7940,211.9717,132.5775
587.0475,186.1203,211.9717,132.5775
586.3738,186.7940,211.9717,132.5775
587.0475,186.1203,211.9717,132.5775
586.3738,186.7940,211.9717,132.5775
587.0475,186.1203,211.9717,132.5775
586.3738,185.4465,211.9717,132.5775
585.7001,186.1203,211.9717,132.5775
586.3738,186.7940,211.9717,132.5775
585.7001,186.1203,211.9717,132.5775
586.3738,186.7940,211.9717,132.5775
585.7001,186.1203,211.9717,132.5775
586.3738,185.4465,211.9717,132.5775
585.7001,186.1203,211.9717,132.5775
586.3738,186.7940,211.9717,132.5775
585.7001,186.1203,211.9717,132.5775
586.3738,185.4465,211.9717,132.5775
585.7001,186.1203,211.9717,132.5775
586.3738,185.4465,211.9717,132.5775
585.7001,186.1203,211.9717,132.5775
586.3738,185.4465,211.9717,132.5775
585.7001,186.1203,211.9717,132.5775
586.3738,185.4465,211.9717,132.5775
585.7001,186.1203,211.9717,132.5775
586.3738,185.4465,211.9717,132.5775
585.7001,186.1203,211.9717,132.5775
586.3738,186.7940,211.9717,132.5775
585.7001,186.1203,211.9717,132.5775
586.3738,186.7940,211.9717,132.5775
585.7001,186.1203,211.9717,132.5775
586.3738,185.4465,211.9717,132.5775
585.7001,186.1203,211.9717,132.5775
586.3738,185.4465,211.9717,132.5775
585.7001,186.1203,211.9717,132.5775
586.3738,185.4465,211.9717,132.5775
587.0475,186.1203,211.9717,132.5775
586.3738,186.7940,211.9717,132.5775
585.7001,186.1203,211.9717,132.5775
586.3738,185.4465,211.9717,132.5775
585.7001,186.1203,211.9717,132.5775
586.3738,185.4465,211.9717,132.5775
585.7001,186.1203,211.9717,132.5775
586.3738,186.7940,211.9717,132.5775
585.7001,186.1203,211.9717,132.5775
586.3738,186.7940,211.9717,132.5775
585.7001,186.1203,211.9717,132.5775
586.3738,186.7940,211.9717,132.5775
585.7001,186.1203,211.9717,132.5775
586.3738,186.7940,211.9717,132.5775
585.7001,186.1203,211.9717,132.5775
586.3738,185.4465,211.9717,132.5775
585.7001,186.1203,211.9717,132.5775
586.3738,185.4465,211.9717,132.5775
585.7001,186.1203,211.9717,132.5775
586.3738,185.4465,211.9717,132.5775
585.7001,186.1203,211.9717,132.5775
586.3738,185.4465,211.9717,132.5775
585.7001,186.1203,211.9717,132.5775
586.3738,185.4465,211.9717,132.5775
585.7001,186.1203,211.9717,132.5775
586.3738,185.4465,211.9717,132.5775
585.7001,186.1203,211.9717,132.5775
586.3738,185.4465,211.9717,132.5775
585.7001,186.1203,211.9717,132.5775
586.3738,185.4465,211.9717,132.5775
585.7001,186.1203,211.9717,132.5775
586.3738,185.4465,211.9717,132.5775
585.7001,186.1203,211.9717,132.5775
586.3738,185.4465,211.9717,132.5775
585.7001,186.1203,211.9717,132.5775
586.3738,185.4465,211.9717,132.5775
585.7001,186.1203,211.9717,132.5775
586.3738,185.4465,211.9717,132.5775
585.7001,186.1203,211.9717,132.5775
586.3738,185.4465,211.9717,132.5775
585.7001,186.1203,211.9717,132.5775
586.3738,185.4465,211.9717,132.5775
585.7001,186.1203,211.9717,132.5775
586.3738,185.4465,211.9717,132.5775
585.7001,184.7728,211.9717,132.5775
586.3738,185.4465,211.9717,132.5775
585.7001,186.1203,211.9717,132.5775
586.3738,185.4465,211.9717,132.5775
585.7001,186.1203,211.9717,132.5775
586.3738,185.4465,211.9717,132.5775
585.7001,186.1203,211.9717,132.5775
586.3738,185.4465,211.9717,132.5775
585.7001,186.1203,211.9717,132.5775
586.3738,185.4465,211.9717,132.5775
585.7001,186.1203,211.9717,132.5775
586.3738,185.4465,211.9717,132.5775
585.7001,186.1203,211.9717,132.5775
585.0264,185.4465,211.9717,132.5775
585.7001,184.7728,211.9717,132.5775
586.3738,184.0991,211.9717,132.5775
585.7001,184.7728,211.9717,132.5775
586.3738,185.4465,211.9717,132.5775
585.7001,186.1203,211.9717,132.5775
586.3738,185.4465,211.9717,132.5775
585.7001,184.7728,211.9717,132.5775
586.3738,184.0991,211.9717,132.5775
585.7001,184.7728,211.9717,132.5775
586.3738,185.4465,211.9717,132.5775
585.7001,186.1203,211.9717,132.5775
586.3738,185.4465,211.9717,132.5775
585.7001,184.7728,211.9717,132.5775
586.3738,184.0991,211.9717,132.5775
585.7001,184.7728,211.9717,132.5775
586.3738,184.0991,211.9717,132.5775
585.7001,184.7728,211.9717,132.5775
586.3738,184.0991,211.9717,132.5775
585.7001,184.7728,211.9717,132.5775
586.3738,184.0991,211.9717,132.5775
585.7001,184.7728,211.9717,132.5775
586.3738,184.0991,211.9717,132.5775
585.7001,184.7728,211.9717,132.5775
586.3738,184.0991,211.9717,132.5775
585.7001,184.7728,211.9717,132.5775
586.3738,184.0991,211.9717,132.5775
585.7001,184.7728,211.9717,132.5775
586.3738,184.0991,211.9717,132.5775
585.7001,184.7728,211.9717,132.5775
586.3738,184.0991,211.9717,132.5775
585.7001,184.7728,211.9717,132.5775
586.3738,184.0991,211.9717,132.5775
585.7001,184.7728,211.9717,132.5775
586.3738,184.0991,211.9717,132.5775
585.7001,184.7728,211.9717,132.5775
586.3738,184.0991,211.9717,132.5775
585.7001,184.7728,211.9717,132.5775
586.3738,184.0991,211.9717,132.5775
585.7001,184.7728,211.9717,132.5775
586.3738,185.4465,211.9717,132.5775
585.7001,184.7728,211.9717,132.5775
586.3738,184.0991,211.9717,132.5775
585.7001,184.7728,211.9717,132.5775
585.0264,184.0991,211.9717,132.5775
585.7001,184.7728,211.9717,132.5775
585.0264,184.0991,211.9717,132.5775
584.3527,184.7728,211.9717,132.5775
585.0264,184.0991,211.9717,132.5775
584.3527,184.7728,211.9717,132.5775
585.0264,184.0991,211.9717,132.5775
584.3527,184.7728,211.9717,132.5775
585.0264,184.0991,211.9717,132.5775
584.3527,184.7728,211.9717,132.5775
585.0264,184.0991,211.9717,132.5775
584.3527,184.7728,211.9717,132.5775
585.0264,184.0991,211.9717,132.5775
584.3527,184.7728,211.9717,132.5775
585.0264,184.0991,211.9717,132.5775
584.3527,184.7728,211.9717,132.5775
585.0264,184.0991,211.9717,132.5775
584.3527,184.7728,211.9717,132.5775
585.0264,184.0991,211.9717,132.5775
584.3527,184.7728,211.9717,132.5775
585.0264,184.0991,211.9717,132.5775
584.3527,184.7728,211.9717,132.5775
585.0264,185.4465,211.9717,132.5775
584.3527,184.7728,211.9717,132.5775
585.0264,185.4465,211.9717,132.5775
584.3527,186.1203,211.9717,132.5775
585.0264,185.4465,211.9717,132.5775
584.3527,186.1203,211.9717,132.5775
585.0264,185.4465,211.9717,132.5775
584.3527,186.1203,211.9717,132.5775
585.0264,185.4465,211.9717,132.5775
584.3527,184.7728,211.9717,132.5775
585.0264,184.0991,211.9717,132.5775
584.3527,184.7728,211.9717,132.5775
585.0264,184.0991,211.9717,132.5775
584.3527,184.7728,211.9717,132.5775
585.0264,184.0991,211.9717,132.5775
584.3527,184.7728,211.9717,132.5775
585.0264,185.4465,211.9717,132.5775
584.3527,186.1203,211.9717,132.5775
585.0264,185.4465,211.9717,132.5775
584.3527,184.7728,211.9717,132.5775
585.0264,184.0991,211.9717,132.5775
584.3527,184.7728,211.9717,132.5775
585.0264,184.0991,211.9717,132.5775
584.3527,184.7728,211.9717,132.5775
585.0264,184.0991,211.9717,132.5775
584.3527,184.7728,211.9717,132.5775
583.6789,184.0991,211.9717,132.5775
584.3527,184.7728,211.9717,132.5775
585.0264,185.4465,211.9717,132.5775
584.3527,184.7728,211.9717,132.5775
585.0264,185.4465,211.9717,132.5775
584.3527,186.1203,211.9717,132.5775
585.0264,185.4465,211.9717,132.5775
584.3527,186.1203,211.9717,132.5775
583.6789,185.4465,211.9717,132.5775
584.3527,186.1203,211.9717,132.5775
583.6789,185.4465,211.9717,132.5775
584.3527,186.1203,211.9717,132.5775
585.0264,185.4465,211.9717,132.5775
584.3527,186.1203,211.9717,132.5775
583.6789,185.4465,211.9717,132.5775
584.3527,186.1203,211.9717,132.5775
585.0264,185.4465,211.9717,132.5775
584.3527,186.1203,211.9717,132.5775
583.6789,185.4465,211.9717,132.5775
584.3527,186.1203,211.9717,132.5775
583.6789,185.4465,211.9717,132.5775
584.3527,186.1203,211.9717,132.5775
583.6789,185.4465,211.9717,132.5775
584.3527,186.1203,211.9717,132.5775
583.6789,185.4465,211.9717,132.5775
584.3527,186.1203,211.9717,132.5775
583.6789,185.4465,211.9717,132.5775
584.3527,186.1203,211.9717,132.5775
583.6789,185.4465,211.9717,132.5775
584.3527,186.1203,211.9717,132.5775
583.6789,185.4465,211.9717,132.5775
584.3527,186.1203,211.9717,132.5775
585.0264,185.4465,211.9717,132.5775
584.3527,184.7728,211.9717,132.5775
585.0264,185.4465,211.9717,132.5775
584.3527,184.7728,211.9717,132.5775
585.0264,184.0991,211.9717,132.5775
584.3527,184.7728,211.9717,132.5775
585.0264,185.4465,211.9717,132.5775
584.3527,186.1203,211.9717,132.5775
588.2616,188.8175,205.5012,128.5305
587.6085,188.1643,205.5012,128.5305
586.9553,187.5112,205.5012,128.5305
587.6085,188.1643,205.5012,128.5305
588.2616,187.5112,205.5012,128.5305
587.6085,188.1643,205.5012,128.5305
586.9553,187.5112,205.5012,128.5305
587.6085,188.1643,205.5012,128.5305
586.9553,188.8175,205.5012,128.5305
587.6085,188.1643,205.5012,128.5305
586.9553,188.8175,205.5012,128.5305
587.6085,188.1643,205.5012,128.5305
586.9553,188.8175,205.5012,128.5305
587.6085,188.1643,205.5012,128.5305
584.9777,185.4572,212.0690,132.6384
584.3036,186.1313,212.0690,132.6384
584.9777,186.8053,212.0690,132.6384
584.3036,186.1313,212.0690,132.6384
584.9777,186.8053,212.0690,132.6384
584.3036,186.1313,212.0690,132.6384
584.9777,186.8053,212.0690,132.6384
585.6517,186.1313,212.0690,132.6384
586.3258,186.8053,212.0690,132.6384
585.6517,186.1313,212.0690,132.6384
586.3258,186.8053,212.0690,132.6384
585.6517,186.1313,212.0690,132.6384
586.3258,186.8053,212.0690,132.6384
585.6517,186.1313,212.0690,132.6384
586.3258,186.8053,212.0690,132.6384
586.9998,187.4794,212.0690,132.6384
586.3258,186.8053,212.0690,132.6384
585.6517,186.1313,212.0690,132.6384
586.3258,186.8053,212.0690,132.6384
586.9998,186.1313,212.0690,132.6384
586.3258,186.8053,212.0690,132.6384
586.9998,187.4794,212.0690,132.6384
586.3258,186.8053,212.0690,132.6384
585.6517,186.1313,212.0690,132.6384
586.3258,186.8053,212.0690,132.6384
586.9998,186.1313,212.0690,132.6384
586.3258,186.8053,212.0690,132.6384
585.6517,186.1313,212.0690,132.6384
586.3258,186.8053,212.0690,132.6384
586.9998,186.1313,212.0690,132.6384
586.3258,186.8053,212.0690,132.6384
586.9998,187.4794,212.0690,132.6384
586.3258,188.1534,212.0690,132.6384
586.9998,187.4794,212.0690,132.6384
586.3258,188.1534,212.0690,132.6384
585.6517,187.4794,212.0690,132.6384
586.3258,186.8053,212.0690,132.6384
585.6517,186.1313,212.0690,132.6384
586.3258,186.8053,212.0690,132.6384
586.9998,187.4794,212.0690,132.6384
586.3258,188.1534,212.0690,132.6384
585.6517,187.4794,212.0690,132.6384
586.3258,188.1534,212.0690,132.6384
586.9998,187.4794,212.0690,132.6384
586.3258,188.1534,212.0690,132.6384
585.6517,188.8274,212.0690,132.6384
586.3258,188.1534,212.0690,132.6384
585.6517,187.4794,212.0690,132.6384
586.3258,188.1534,212.0690,132.6384
585.6517,187.4794,212.0690,132.6384
586.3258,188.1534,212.0690,132.6384
585.6517,187.4794,212.0690,132.6384
586.3258,188.1534,212.0690,132.6384
585.6517,187.4794,212.0690,132.6384
586.3258,188.1534,212.0690,132.6384
585.6517,187.4794,212.0690,132.6384
586.3258,188.1534,212.0690,132.6384
585.6517,187.4794,212.0690,132.6384
586.3258,188.1534,212.0690,132.6384
585.6517,188.8274,212.0690,132.6384
586.3258,188.1534,212.0690,132.6384
586.9998,188.8274,212.0690,132.6384
586.3258,188.1534,212.0690,132.6384
585.6517,188.8274,212.0690,132.6384
586.3258,189.5015,212.0690,132.6384
586.9998,188.8274,212.0690,132.6384
586.3258,188.1534,212.0690,132.6384
585.6517,187.4794,212.0690,132.6384
586.3258,188.1534,212.0690,132.6384
586.9998,188.8274,212.0690,132.6384
586.3258,188.1534,212.0690,132.6384
586.9998,188.8274,212.0690,132.6384
586.3258,188.1534,212.0690,132.6384
585.6517,187.4794,212.0690,132.6384
586.3258,188.1534,212.0690,132.6384
586.9998,188.8274,212.0690,132.6384
586.3258,188.1534,212.0690,132.6384
586.9998,187.4794,212.0690,132.6384
586.3258,188.1534,212.0690,132.6384
586.9998,187.4794,212.0690,132.6384
586.3258,188.1534,212.0690,132.6384
586.9998,187.4794,212.0690,132.6384
586.3258,188.1534,212.0690,132.6384
586.9998,187.4794,212.0690,132.6384
586.3258,188.1534,212.0690,132.6384
585.6517,187.4794,212.0690,132.6384
586.3258,188.1534,212.0690,132.6384
585.6517,187.4794,212.0690,132.6384
586.3258,188.1534,212.0690,132.6384
586.9998,187.4794,212.0690,132.6384
586.3258,188.1534,212.0690,132.6384
586.9998,187.4794,212.0690,132.6384
586.3258,188.1534,212.0690,132.6384
586.9998,187.4794,212.0690,132.6384
586.3258,188.1534,212.0690,132.6384
585.6517,187.4794,212.0690,132.6384
586.3258,188.1534,212.0690,132.6384
585.6517,187.4794,212.0690,132.6384
586.3258,188.1534,212.0690,132.6384
585.6517,188.8274,212.0690,132.6384
586.3258,188.1534,212.0690,132.6384
585.6517,188.8274,212.0690,132.6384
586.3258,188.1534,212.0690,132.6384
586.9998,188.8274,212.0690,132.6384
586.3258,188.1534,212.0690,132.6384
585.6517,188.8274,212.0690,132.6384
586.3258,188.1534,212.0690,132.6384
586.9998,188.8274,212.0690,132.6384
586.3258,188.1534,212.0690,132.6384
586.9998,188.8274,212.0690,132.6384
586.3258,188.1534,212.0690,132.6384
586.9998,187.4794,212.0690,132.6384
586.3258,188.1534,212.0690,132.6384
586.9998,188.8274,212.0690,132.6384
586.3258,188.1534,212.0690,132.6384
586.9998,188.8274,212.0690,132.6384
586.3258,188.1534,212.0690,132.6384
586.9998,188.8274,212.0690,132.6384
586.3258,188.1534,212.0690,132.6384
586.9998,188.8274,212.0690,132.6384
586.3258,188.1534,212.0690,132.6384
586.9998,188.8274,212.0690,132.6384
586.3258,188.1534,212.0690,132.6384
585.6517,187.4794,212.0690,132.6384
586.3258,188.1534,212.0690,132.6384
585.6517,187.4794,212.0690,132.6384
586.3258,188.1534,212.0690,132.6384
585.6517,187.4794,212.0690,132.6384
586.3258,188.1534,212.0690,132.6384
586.9998,188.8274,212.0690,132.6384
587.6739,189.5015,212.0690,132.6384
586.9998,188.8274,212.0690,132.6384
586.3258,188.1534,212.0690,132.6384
586.9998,188.8274,212.0690,132.6384
586.3258,189.5015,212.0690,132.6384
585.6517,188.8274,212.0690,132.6384
586.3258,189.5015,212.0690,132.6384
586.9998,190.1755,212.0690,132.6384
586.3258,189.5015,212.0690,132.6384
585.6517,188.8274,212.0690,132.6384
586.3258,189.5015,212.0690,132.6384
586.9998,190.1755,212.0690,132.6384
586.3258,189.5015,212.0690,132.6384
585.6517,188.8274,212.0690,132.6384
586.3258,189.5015,212.0690,132.6384
586.9998,188.8274,212.0690,132.6384
586.3258,188.1534,212.0690,132.6384
586.9998,188.8274,212.0690,132.6384
586.3258,189.5015,212.0690,132.6384
585.6517,188.8274,212.0690,132.6384
584.9777,188.1534,212.0690,132.6384
585.6517,188.8274,212.0690,132.6384
586.3258,189.5015,212.0690,132.6384
585.6517,188.8274,212.0690,132.6384
586.3258,188.1534,212.0690,132.6384
586.9998,188.8274,212.0690,132.6384
586.3258,189.5015,212.0690,132.6384
586.9998,190.1755,212.0690,132.6384
586.3258,189.5015,212.0690,132.6384
586.9998,190.1755,212.0690,132.6384
586.3258,189.5015,212.0690,132.6384
586.9998,190.1755,212.0690,132.6384
586.3258,190.8495,212.0690,132.6384
586.9998,190.1755,212.0690,132.6384
586.3258,189.5015,212.0690,132.6384
586.9998,190.1755,212.0690,132.6384
586.3258,189.5015,212.0690,132.6384
586.9998,190.1755,212.0690,132.6384
586.3258,189.5015,212.0690,132.6384
586.9998,190.1755,212.0690,132.6384
586.3258,189.5015,212.0690,132.6384
585.6517,188.8274,212.0690,132.6384
586.3258,189.5015,212.0690,132.6384
586.9998,190.1755,212.0690,132.6384
586.3258,189.5015,212.0690,132.6384
586.9998,190.1755,212.0690,132.6384
586.3258,189.5015,212.0690,132.6384
585.6517,190.1755,212.0690,132.6384
586.3258,189.5015,212.0690,132.6384
586.9998,190.1755,212.0690,132.6384
586.3258,189.5015,212.0690,132.6384
585.6517,190.1755,212.0690,132.6384
586.3258,189.5015,212.0690,132.6384
585.6517,188.8274,212.0690,132.6384
586.3258,189.5015,212.0690,132.6384
586.9998,190.1755,212.0690,132.6384
586.3258,189.5015,212.0690,132.6384
585.6517,190.1755,212.0690,132.6384
586.3258,189.5015,212.0690,132.6384
585.6517,190.1755,212.0690,132.6384
586.3258,189.5015,212.0690,132.6384
585.6517,190.1755,212.0690,132.6384
586.3258,189.5015,212.0690,132.6384
585.6517,190.1755,212.0690,132.6384
584.9777,189.5015,212.0690,132.6384
585.6517,190.1755,212.0690,132.6384
586.3258,189.5015,212.0690,132.6384
585.6517,190.1755,212.0690,132.6384
586.3258,189.5015,212.0690,132.6384
585.6517,190.1755,212.0690,132.6384
586.3258,189.5015,212.0690,132.6384
585.6517,190.1755,212.0690,132.6384
586.3258,190.8495,212.0690,132.6384
586.9998,190.1755,212.0690,132.6384
586.3258,189.5015,212.0690,132.6384
585.6517,190.1755,212.0690,132.6384
586.3258,190.8495,212.0690,132.6384
585.6517,190.1755,212.0690,132.6384
586.3258,190.8495,212.0690,132.6384
585.6517,190.1755,212.0690,132.6384
586.3258,190.8495,212.0690,132.6384
585.6517,190.1755,212.0690,132.6384
586.3258,190.8495,212.0690,132.6384
583.6110,188.0559,218.8467,136.8775
582.9154,188.7515,218.8467,136.8775
583.6110,188.0559,218.8467,136.8775
582.9154,188.7515,218.8467,136.8775
583.6110,188.0559,218.8467,136.8775
582.9154,188.7515,218.8467,136.8775
583.6110,188.0559,218.8467,136.8775
582.9154,188.7515,218.8467,136.8775
582.2198,188.0559,218.8467,136.8775
581.5242,188.7515,218.8467,136.8775
582.2198,188.0559,218.8467,136.8775
582.9154,188.7515,218.8467,136.8775
583.6110,189.4471,218.8467,136.8775
582.9154,188.7515,218.8467,136.8775
583.6110,189.4471,218.8467,136.8775
582.9154,190.1427,218.8467,136.8775
583.6110,189.4471,218.8467,136.8775
581.5242,188.7515,218.8467,136.8775
580.8286,189.4471,218.8467,136.8775
581.5242,188.7515,218.8467,136.8775
580.8286,189.4471,218.8467,136.8775
581.5242,188.7515,218.8467,136.8775
582.2198,188.0559,218.8467,136.8775
581.5242,187.3604,218.8467,136.8775
582.2198,188.0559,218.8467,136.8775
582.9154,188.7515,218.8467,136.8775
585.0021,188.0559,218.8467,136.8775
585.6977,187.3604,218.8467,136.8775
586.3933,186.6648,218.8467,136.8775
585.6977,185.9692,218.8467,136.8775
584.2873,184.4775,225.8411,141.2521
583.5695,183.7597,225.8411,141.2521
582.8517,184.4775,225.8411,141.2521
582.1339,183.7597,225.8411,141.2521
581.4160,183.0419,225.8411,141.2521
582.1339,183.7597,225.8411,141.2521
580.5561,185.1977,218.9472,136.9403
581.8101,187.9837,212.2638,132.7602
582.4847,187.3091,212.2638,132.7602
583.1594,187.9837,212.2638,132.7602
582.4847,188.6584,212.2638,132.7602
581.8101,187.9837,212.2638,132.7602
582.4847,187.3091,212.2638,132.7602
583.1594,187.9837,212.2638,132.7602
582.4847,187.3091,212.2638,132.7602
583.1594,187.9837,212.2638,132.7602
583.8341,188.6584,212.2638,132.7602
584.5087,187.9837,212.2638,132.7602
583.8341,188.6584,212.2638,132.7602
583.1594,187.9837,212.2638,132.7602
582.4847,188.6584,212.2638,132.7602
583.1594,187.9837,212.2638,132.7602
582.4847,187.3091,212.2638,132.7602
581.8101,187.9837,212.2638,132.7602
582.4847,187.3091,212.2638,132.7602
581.8101,187.9837,212.2638,132.7602
582.4847,188.6584,212.2638,132.7602
583.1594,189.3330,212.2638,132.7602
582.4847,190.0077,212.2638,132.7602
583.1594,190.6823,212.2638,132.7602
583.8341,190.0077,212.2638,132.7602
583.1594,189.3330,212.2638,132.7602
582.4847,190.0077,212.2638,132.7602
583.1594,189.3330,212.2638,132.7602
