0.19561
0.22619
0.060657
0.033948
0.043555
0.03848
0.03266
0.028951
0.030959
0.030015
0.02953
0.029324
0.028871
0.028766
0.029547
0.029983
0.029421
0.030298
0.028536
0.028335
0.029133
0.028699
0.028983
0.028017
0.030003
0.028283
0.029465
0.029601
0.0283
0.029531
0.029524
0.028851
0.029705
0.029665
0.029662
0.028995
0.028856
0.028981
0.028823
0.028449
0.029348
0.029059
0.028539
0.029161
0.029111
0.028587
0.027784
0.028438
0.02782
0.028877
0.027053
0.027495
0.027741
0.029107
0.028332
0.028859
0.028449
0.028252
0.028381
0.026279
0.028026
0.028769
0.027894
0.027321
0.027633
0.028433
0.027872
0.027574
0.027627
0.027611
0.026975
0.027678
0.02778
0.028524
0.028779
0.027981
0.02871
0.028364
0.026844
0.02753
0.027598
0.027504
0.028091
0.028137
0.028421
0.02751
0.0271
0.026852
0.026826
0.027514
0.026917
0.026886
0.027056
0.026868
0.026822
0.026858
0.02776
0.027492
0.026787
0.026904
0.027432
0.027472
0.027022
0.02736
0.027629
0.028176
0.02686
0.028472
0.027519
0.026964
0.026858
0.027302
0.028989
0.02841
0.027165
0.027494
0.027056
0.027941
0.026956
0.02699
0.029088
0.026938
0.02701
0.027054
0.026971
0.027827
0.027988
0.028042
0.027921
0.027875
0.027514
0.02717
0.026834
0.026792
0.026839
0.027042
0.026934
0.027052
0.026969
0.026921
0.027016
0.026933
0.026934
0.027
0.027008
0.026957
0.026993
0.026971
0.026953
0.026939
0.027003
0.026993
0.029044
0.027004
0.027036
0.027072
0.027032
0.027266
0.027
0.02699
0.026965
0.027048
0.02702
0.028125
0.027647
0.027086
0.029126
0.027036
0.027899
0.027317
0.026997
0.02702
0.026928
0.028241
0.026965
0.027132
0.0282
0.028675
0.02808
0.027675
0.027537
0.027075
0.027118
0.027389
0.027259
0.027105
0.027016
0.026979
0.026968
0.027403
0.027057
0.027066
0.028315
0.027353
0.02735
0.027627
0.027618
0.027697
0.028365
0.028804
0.02861
0.027412
0.027344
0.026989
0.028204
0.027426
0.028159
0.028609
0.027743
0.027752
0.027822
0.03002
0.027977
0.030837
0.0297
0.030334
0.029357
0.030318
0.028255
0.029477
0.028796
0.027907
0.027289
0.027249
0.027946
0.028088
0.027226
0.027263
0.028053
0.027588
0.02824
0.028166
0.028062
0.02834
0.028152
0.029205
0.027666
0.028469
0.028864
0.028731
0.027565
0.027674
0.027497
0.027144
0.026952
0.026828
0.026427
0.026663
0.028198
0.071501
0.029526
0.029015
0.029105
0.028189
0.028596
0.028627
0.029012
0.028495
0.027987
0.028464
0.028357
0.028108
0.029048
0.028725
0.028495
0.028831
0.029593
0.029369
0.029723
0.030785
0.029544
0.029469
0.03083
0.029848
0.029624
0.030649
0.030729
0.027858
0.02922
0.030445
0.029647
0.029649
0.028372
0.029458
0.029928
0.028487
0.027741
0.029619
0.029606
0.029611
0.030384
0.028221
0.029307
0.027938
0.027835
0.030108
0.027953
0.02994
0.030618
0.028175
0.027689
0.030316
0.029587
0.028124
0.0301
0.029672
0.030142
0.030489
0.02966
0.030347
0.030473
0.029858
0.027877
0.029501
0.027785
0.027797
0.027672
0.027767
0.029512
0.028022
0.029632
0.027815
0.029916
0.030885
0.029778
0.029712
0.02793
0.029448
0.02992
0.027874
0.029449
0.028157
0.027756
0.030611
0.030022
0.030419
0.031479
0.02951
0.027734
0.029371
0.027852
0.030764
0.031137
0.030635
0.027847
0.027724
0.029743
0.029794
0.027946
0.027624
0.027653
0.027648
0.029677
0.027798
0.027676
0.027671
0.027617
0.028867
0.0278
0.027617
0.027637
0.027686
0.027664
0.027763
0.02809
0.027791
0.027711
0.029624
0.027852
0.02772
0.030026
0.028061
0.030593
0.029823
0.028207
0.027821
0.027798
0.029665
0.028349
0.030792
0.030031
0.027905
0.02807
0.027785
0.027752
0.027749
0.027767
0.027768
0.031046
0.031281
0.029962
0.028646
0.027965
0.027756
0.027737
0.029928
0.030149
0.027921
0.029798
0.027895
0.030216
0.030062
0.028847
0.028016
0.027828
0.028316
0.027968
0.028112
0.026708
0.027749
0.027744
0.029806
0.029712
0.030035
0.028043
0.030731
0.028422
0.029934
0.030693
0.030573
0.030001
0.029096
0.028056
0.027788
0.027767
0.031079
0.03013
0.03076
0.029981
0.027941
0.027853
0.027829
0.030015
0.028047
0.027891
0.027901
0.027842
0.029975
0.030369
0.030678
0.029933
0.030916
0.028062
0.027869
0.027879
0.027886
0.02999
0.028118
0.029749
0.028193
0.028011
0.027963
0.027926
0.030941
0.03101
0.028106
0.028062
0.027816
0.027976
0.029736
0.030461
0.028279
0.029655
0.029993
0.028194
0.028012
0.02795
0.02799
0.028008
0.027935
0.028276
0.028006
0.027873
0.02795
0.027897
0.027973
0.027947
0.027932
0.028045
0.029887
0.02812
0.028017
0.028042
0.027982
0.028069
0.02797
0.028055
0.027805
0.027984
0.027908
0.027889
0.027966
0.029985
0.028063
0.027869
0.027905
0.027909
0.027882
0.028082
0.028108
0.028212
0.028133
0.028559
0.028452
0.028362
0.028201
0.027846
0.0278
0.02786
0.02782
0.02777
0.027806
0.027872
0.027791
0.027758
0.027788
0.027794
0.027785
0.027825
0.02781
0.027699
0.027834
0.027728
0.027726
0.027774
0.027825
0.027779
0.027702
0.027809
0.027738
0.027748
0.027665
0.027692
0.027758
0.027717
0.027683
0.02783
0.027742
0.02775
0.027767
0.027868
0.027834
0.027759
0.02778
0.02772
0.027777
0.027721
0.027688
0.027807
0.027732
0.027784
0.027738
0.027771
0.027719
0.027832
0.027818
0.027834
0.027744
0.02778
0.02775
0.027812
0.027657
0.027716
0.027772
0.027723
0.027656
0.027726
0.027779
0.02776
0.027761
0.027764
0.027736
0.027774
0.02777
0.027785
0.02776
0.027715
0.027616
0.027795
0.02767
0.027731
0.027747
0.027846
0.026742
0.027771
0.027738
0.027702
0.027726
0.027824
0.0277
0.027798
0.027721
0.027734
0.027776
0.02775
0.027755
0.027754
0.027717
0.027729
0.027721
0.027784
0.027694
0.027735
0.027785
0.027727
0.027736
0.027741
0.02766
0.02777
0.027756
0.027745
0.027715
0.027687
0.027741
0.027789
0.027756
0.027732
0.027804
0.027728
0.027755
0.027697
0.027748
0.027673
0.027806
0.029746
0.027921
0.027739
0.027725
0.027763
0.027726
0.027759
0.027712
0.02774
0.027755
0.027772
0.027767
0.027779
0.027678
0.027704
0.027627
0.02778
0.027691
0.027788
0.027741
0.027697
0.027823
0.027677
0.027788
0.027755
0.027731
0.027713
0.027774
0.027711
0.027756
0.02772
0.027708
0.027713
0.027685
0.027755
0.027751
0.027743
0.027726
0.027738
0.027808
0.027741
0.027736
0.027738
0.027625
0.027729
0.029634
0.027852
0.027718
0.027742
0.027734
0.027949
0.027726
0.027759
0.027784
0.027798
0.027779
0.02778
0.027747
0.027631
0.027687
0.027704
0.027705
0.027774
0.027745
0.027762
0.027703
0.027744
0.027698
0.027725
0.027724
0.027745
0.02767
0.027661
0.027656
0.027769
0.027633
0.027702
0.027702
0.027687
0.027754
0.027686
0.027746
0.027768
0.027822
0.027755
0.02982
0.029774
0.029688
0.02775
0.027851
0.027714
0.027809
0.027703
0.02769
0.027818
0.027756
0.027752
0.02776
0.027909
0.027869
0.028223
0.027677
0.027637
0.027646
0.027728
0.027745
0.027717
0.027761
0.027809
0.027786
0.02778
0.027759
0.027816
0.027794
0.027852
0.027719
0.027611
0.027791
0.027681
0.027739
0.027759
0.027758
0.027757
0.027702
0.028066
0.02785
0.027801
0.027696
0.02772
0.027803
0.027687
0.02773
0.027753
0.027727
0.027785
0.027811
0.027791
0.026602
0.027761
0.027897
0.027807
0.027885
0.027798
0.02785
0.027818
0.027783
0.027952
0.028143
0.027717
0.027722
0.0278
0.027766
0.027747
0.02777
0.027829
0.027812
0.027807
0.027825
0.027808
0.027786
0.027768
0.027907
0.027867
0.027761
0.027902
0.027838
0.027892
0.027853
0.02791
0.02795
0.027943
0.027892
0.027876
0.027887
0.027929
0.02789
0.027887
0.027799
0.027824
0.027957
0.027975
0.027953
0.027874
0.027821
0.027886
0.02793
0.02797
0.027777
0.027926
0.027902
0.027883
0.027916
0.027939
0.027814
0.027933
0.027895
0.027975
0.027824
0.027918
0.027871
0.027872
0.027911
0.027839
0.027916
0.027958
0.027905
0.027978
0.027917
0.027808
0.02784
0.027816
0.027883
0.027942
0.027823
0.027868
0.027965
0.027887
0.027904
0.027935
0.02795
0.02785
0.027939
0.027899
0.027849
0.027896
0.027881
0.027896
0.027996
0.027903
0.027977
0.027922
0.027987
0.027917
0.027918
0.027964
0.027857
0.029958
0.028104
0.027819
0.027914
0.027897
0.027884
0.027841
0.027784
0.027839
0.027829
0.027818
0.02782
0.027799
0.027903
0.027728
0.027782
0.02784
0.027691
0.027885
0.027855
0.027853
0.027942
0.02783
0.027896
0.027831
0.029525
0.028048
0.027946
0.027949
0.027833
0.027861
0.027927
0.027803
0.027887
0.027922
0.027826
0.027887
0.027838
0.027899
0.027829
0.027887
0.027921
0.027955
0.027911
0.02792
0.027869
0.02785
0.027753
0.027895
0.027803
0.027863
0.027889
0.027868
0.027939
0.027846
0.027967
0.027883
0.027915
0.027923
0.027914
0.027905
0.027966
0.027916
0.027852
0.02786
0.027846
0.027889
0.027928
0.027927
0.027857
0.027852
0.027962
0.027882
0.027968
0.027914
0.027888
0.030881
0.031318
0.027075
0.02775
0.027843
0.027802
0.027822
0.027822
0.027865
0.029919
0.027854
0.027911
0.027864
0.027803
0.027729
0.027799
0.027777
0.027764
0.028369
0.027973
0.027867
0.027844
0.027853
0.027933
0.027925
0.02788
0.029953
0.030229
0.031062
0.029993
0.031206
0.030868
0.028051
0.029915
0.029974
0.028159
0.027829
0.029821
0.030032
0.027941
0.027843
0.027935
0.028095
0.027811
0.027778
0.027758
0.027744
0.02778
0.027734
0.027727
0.027784
0.027763
0.028096
0.027877
0.027791
0.028049
0.027924
0.027905
0.027894
0.02784
0.027855
0.027923
0.02782
