0.0080
0.0150
0.0140
0.0140
0.0140
0.0130
0.0130
0.0140
0.0130
0.0140
0.0140
0.0130
0.0130
0.0130
0.0130
0.0130
0.0130
0.0139
0.0139
0.0130
0.0140
0.0140
0.0130
0.0130
0.0130
0.0120
0.0120
0.0120
0.0120
0.0120
0.0120
0.0130
0.0130
0.0130
0.0130
0.0130
0.0130
0.0130
0.0130
0.0130
0.0130
0.0130
0.0120
0.0120
0.0120
0.0130
0.0130
0.0120
0.0120
0.0130
0.0130
0.0120
0.0130
0.0120
0.0130
0.0130
0.0130
0.0130
0.0120
0.0130
0.0120
0.0130
0.0120
0.0130
0.0120
0.0130
0.0120
0.0130
0.0120
0.0130
0.0120
0.0130
0.0120
0.0130
0.0120
0.0130
0.0130
0.0130
0.0130
0.0130
0.0130
0.0130
0.0120
0.0120
0.0130
0.0130
0.0130
0.0130
0.0130
0.0130
0.0140
0.0130
0.0130
0.0120
0.0120
0.0130
0.0130
0.0120
0.0120
0.0130
0.0130
0.0130
0.0120
0.0120
0.0130
0.0130
0.0120
0.0120
0.0120
0.0130
0.0130
0.0120
0.0130
0.0130
0.0130
0.0130
0.0120
0.0130
0.0130
0.0120
0.0130
0.0130
0.0130
0.0130
0.0140
0.0130
0.0140
0.0130
0.0130
0.0170
0.0130
0.0140
0.0130
0.0130
0.0130
0.0130
0.0130
0.0130
0.0140
0.0140
0.0130
0.0130
0.0140
0.0140
0.0140
0.0150
0.0150
0.0150
0.0150
0.0150
0.0150
0.0150
0.0150
0.0150
0.0150
0.0150
0.0150
0.0150
0.0150
0.0170
0.0150
0.0160
0.0150
0.0150
0.0150
0.0180
0.0150
0.0160
0.0150
0.0160
0.0150
0.0160
0.0150
0.0160
0.0150
0.0149
0.0150
0.0150
0.0159
0.0150
0.0150
0.0150
0.0150
0.0150
0.0160
0.0150
0.0150
0.0160
0.0150
0.0150
0.0150
0.0160
0.0160
0.0160
0.0160
0.0150