1
594.3765,303.0074,191.2176,209.9442
607.7975,303.7968,191.2176,209.9442
627.3380,322.0151,187.1398,205.4670
661.3560,353.2497,183.1490,201.0854
668.1614,378.2030,183.1490,201.0854
696.1394,363.8359,183.1490,201.0854
708.9941,370.6413,183.1490,201.0854
691.6024,356.2743,183.1490,201.0854
668.0462,414.5383,179.2433,196.7972
660.6847,443.0283,175.4209,192.6004
635.3302,434.6108,171.6800,188.4932
624.1802,445.5021,168.0188,184.4735
588.8018,435.0967,168.0188,184.4735
728.9977,324.0668,164.4358,180.5396
722.2443,338.4247,160.9292,176.6895
731.0048,357.5997,157.4973,172.9216
716.0490,351.7474,157.4973,172.9216
688.0881,361.5012,157.4973,172.9216
683.5363,356.9494,157.4973,172.9216
685.1672,351.6633,160.9819,176.7475
682.6967,355.9141,164.5437,180.6580
679.8677,362.4239,161.0347,176.8054
681.5352,362.5374,164.5976,180.7172
626.8354,372.5241,168.2393,184.7156
596.8689,398.5861,171.9616,188.8024
588.4378,436.8677,168.2945,184.7762
597.3893,406.7089,172.0180,188.8643
605.2016,407.4191,172.0180,188.8643
2
0
0
0
0
1
621.4001,218.6980,242.7737,230.3160
609.2945,219.6292,242.7737,230.3160
597.1889,214.9732,242.7737,230.3160
578.0792,188.2724,248.1450,235.4118
540.7719,162.9558,253.6352,240.6203
535.9075,148.3629,253.6352,240.6203
530.0737,130.5609,259.2469,245.9440
538.5542,110.3017,264.9828,251.3855
545.1133,85.3763,270.8455,256.9474
556.5409,65.6377,270.8455,256.9474
574.4486,41.3417,265.0696,251.4679
587.6660,15.9238,265.0696,251.4679
599.3120,-3.9342,259.4170,246.1053
611.9275,-36.5949,265.1566,251.5504
2
0
0
0
0
1
656.9023,425.8709,232.8558,243.0282
655.9656,445.5421,232.8558,243.0282
653.1554,461.4664,232.8558,243.0282
646.5983,460.5297,232.8558,243.0282
641.9147,474.5806,232.8558,243.0282
598.3512,497.9380,227.8901,237.8455