0.20132,0.19562,0.19118,0,0,0,0,0,0,0,0,0,0,0,0
0.22142,0.21817,0.21791,0,0,0,0,0,0,0,0,0,0,0,0
0.054656,0.053746,0.0548,0,0,0,0,0,0,0,0,0,0,0,0
0.026908,0.026512,0.027736,0,0,0,0,0,0,0,0,0,0,0,0
0.03726,0.036755,0.037902,0,0,0,0,0,0,0,0,0,0,0,0
0.030244,0.029734,0.030873,0,0,0,0,0,0,0,0,0,0,0,0
0.024559,0.022102,0.025208,0,0,0,0,0,0,0,0,0,0,0,0
0.021403,0.020626,0.021796,0,0,0,0,0,0,0,0,0,0,0,0
0.020419,0.020531,0.021592,0,0,0,0,0,0,0,0,0,0,0,0
0.020443,0.019688,0.020828,0,0,0,0,0,0,0,0,0,0,0,0
0.019837,0.020128,0.02125,0,0,0,0,0,0,0,0,0,0,0,0
0.020278,0.019975,0.020467,0,0,0,0,0,0,0,0,0,0,0,0
0.020059,0.020197,0.020323,0,0,0,0,0,0,0,0,0,0,0,0
0.020643,0.019953,0.019695,0,0,0,0,0,0,0,0,0,0,0,0
0.02016,0.020466,0.020655,0,0,0,0,0,0,0,0,0,0,0,0
0.020249,0.020075,0.019924,0,0,0,0,0,0,0,0,0,0,0,0
0.019915,0.020247,0.020344,0,0,0,0,0,0,0,0,0,0,0,0
0.019934,0.019912,0.019596,0,0,0,0,0,0,0,0,0,0,0,0
0.019661,0.019879,0.020147,0,0,0,0,0,0,0,0,0,0,0,0
0.019977,0.019794,0.020117,0,0,0,0,0,0,0,0,0,0,0,0
0.020417,0.020903,0.02066,0,0,0,0,0,0,0,0,0,0,0,0
0.020352,0.020166,0.019731,0,0,0,0,0,0,0,0,0,0,0,0
0.019867,0.020133,0.020149,0,0,0,0,0,0,0,0,0,0,0,0
0.020188,0.019946,0.01949,0,0,0,0,0,0,0,0,0,0,0,0
0.019663,0.019945,0.019844,0,0,0,0,0,0,0,0,0,0,0,0
0.020141,0.019988,0.019439,0,0,0,0,0,0,0,0,0,0,0,0
0.019557,0.019954,0.019966,0,0,0,0,0,0,0,0,0,0,0,0
0.020343,0.020175,0.019748,0,0,0,0,0,0,0,0,0,0,0,0
0.019649,0.019967,0.019862,0,0,0,0,0,0,0,0,0,0,0,0
0.020022,0.019924,0.019392,0,0,0,0,0,0,0,0,0,0,0,0
0.019557,0.019916,0.020006,0,0,0,0,0,0,0,0,0,0,0,0
0.020656,0.020347,0.019797,0,0,0,0,0,0,0,0,0,0,0,0
0.020047,0.020306,0.02026,0,0,0,0,0,0,0,0,0,0,0,0
0.020342,0.020265,0.019795,0,0,0,0,0,0,0,0,0,0,0,0
0.019667,0.019843,0.019845,0,0,0,0,0,0,0,0,0,0,0,0
0.01999,0.020054,0.019408,0,0,0,0,0,0,0,0,0,0,0,0
0.019649,0.019896,0.019849,0,0,0,0,0,0,0,0,0,0,0,0
0.02021,0.020167,0.019553,0,0,0,0,0,0,0,0,0,0,0,0
0.019498,0.019835,0.019702,0,0,0,0,0,0,0,0,0,0,0,0
0.019921,0.019812,0.019327,0,0,0,0,0,0,0,0,0,0,0,0
0.020118,0.020493,0.020493,0,0,0,0,0,0,0,0,0,0,0,0
0.020553,0.020581,0.020029,0,0,0,0,0,0,0,0,0,0,0,0
0.020682,0.021039,0.020872,0,0,0,0,0,0,0,0,0,0,0,0
0.020092,0.019994,0.019778,0,0,0,0,0,0,0,0,0,0,0,0
0.020281,0.020576,0.020914,0,0,0,0,0,0,0,0,0,0,0,0
0.020083,0.020015,0.019938,0,0,0,0,0,0,0,0,0,0,0,0
0.019496,0.019784,0.01983,0,0,0,0,0,0,0,0,0,0,0,0
0.019894,0.019842,0.019303,0,0,0,0,0,0,0,0,0,0,0,0
0.019554,0.019772,0.019698,0,0,0,0,0,0,0,0,0,0,0,0
0.019913,0.019833,0.01921,0,0,0,0,0,0,0,0,0,0,0,0
0.019491,0.019838,0.019674,0,0,0,0,0,0,0,0,0,0,0,0
0.019798,0.019703,0.016972,0,0,0,0,0,0,0,0,0,0,0,0
0.019665,0.020034,0.019983,0,0,0,0,0,0,0,0,0,0,0,0
0.020047,0.019965,0.019491,0,0,0,0,0,0,0,0,0,0,0,0
0.019527,0.019725,0.019524,0,0,0,0,0,0,0,0,0,0,0,0
0.019765,0.019833,0.019175,0,0,0,0,0,0,0,0,0,0,0,0
0.019611,0.019926,0.019769,0,0,0,0,0,0,0,0,0,0,0,0
0.020015,0.019796,0.019152,0,0,0,0,0,0,0,0,0,0,0,0
0.019442,0.019707,0.01965,0,0,0,0,0,0,0,0,0,0,0,0
0.01979,0.019738,0.019252,0,0,0,0,0,0,0,0,0,0,0,0
0.019429,0.019831,0.01963,0,0,0,0,0,0,0,0,0,0,0,0
0.019835,0.019698,0.01921,0,0,0,0,0,0,0,0,0,0,0,0
0.019553,0.019986,0.019794,0,0,0,0,0,0,0,0,0,0,0,0
0.020109,0.020034,0.01947,0,0,0,0,0,0,0,0,0,0,0,0
0.019468,0.019685,0.019793,0,0,0,0,0,0,0,0,0,0,0,0
0.019792,0.019763,0.019144,0,0,0,0,0,0,0,0,0,0,0,0
0.019379,0.019699,0.019741,0,0,0,0,0,0,0,0,0,0,0,0
0.019821,0.019869,0.019265,0,0,0,0,0,0,0,0,0,0,0,0
0.01973,0.019897,0.019976,0,0,0,0,0,0,0,0,0,0,0,0
0.019817,0.019722,0.019249,0,0,0,0,0,0,0,0,0,0,0,0
0.019349,0.019668,0.01962,0,0,0,0,0,0,0,0,0,0,0,0
0.019849,0.019668,0.019135,0,0,0,0,0,0,0,0,0,0,0,0
0.019353,0.01977,0.019598,0,0,0,0,0,0,0,0,0,0,0,0
0.019779,0.019625,0.019139,0,0,0,0,0,0,0,0,0,0,0,0
0.019322,0.019638,0.019541,0,0,0,0,0,0,0,0,0,0,0,0
0.019974,0.019959,0.019323,0,0,0,0,0,0,0,0,0,0,0,0
0.019479,0.019649,0.019581,0,0,0,0,0,0,0,0,0,0,0,0
0.019669,0.019751,0.019075,0,0,0,0,0,0,0,0,0,0,0,0
0.019176,0.019515,0.019453,0,0,0,0,0,0,0,0,0,0,0,0
0.019687,0.019525,0.019118,0,0,0,0,0,0,0,0,0,0,0,0
0.01922,0.019586,0.019368,0,0,0,0,0,0,0,0,0,0,0,0
0.019573,0.019467,0.019001,0,0,0,0,0,0,0,0,0,0,0,0
0.019205,0.019601,0.019468,0,0,0,0,0,0,0,0,0,0,0,0
0.01981,0.019511,0.019043,0,0,0,0,0,0,0,0,0,0,0,0
0.019284,0.019551,0.019559,0,0,0,0,0,0,0,0,0,0,0,0
0.020335,0.020236,0.01971,0,0,0,0,0,0,0,0,0,0,0,0
0.019261,0.019538,0.019518,0,0,0,0,0,0,0,0,0,0,0,0
0.019733,0.019602,0.019081,0,0,0,0,0,0,0,0,0,0,0,0
0.01927,0.01952,0.019494,0,0,0,0,0,0,0,0,0,0,0,0
0.019665,0.01954,0.019042,0,0,0,0,0,0,0,0,0,0,0,0
0.019173,0.019559,0.019415,0,0,0,0,0,0,0,0,0,0,0,0
0.019618,0.019544,0.018977,0,0,0,0,0,0,0,0,0,0,0,0
0.019545,0.01994,0.019784,0,0,0,0,0,0,0,0,0,0,0,0
0.01963,0.019534,0.019171,0,0,0,0,0,0,0,0,0,0,0,0
0.019267,0.019555,0.01943,0,0,0,0,0,0,0,0,0,0,0,0
0.019646,0.019585,0.019012,0,0,0,0,0,0,0,0,0,0,0,0
0.019469,0.019743,0.019742,0,0,0,0,0,0,0,0,0,0,0,0
0.019862,0.019857,0.019227,0,0,0,0,0,0,0,0,0,0,0,0
0.01923,0.019481,0.019379,0,0,0,0,0,0,0,0,0,0,0,0
0.019556,0.019515,0.019085,0,0,0,0,0,0,0,0,0,0,0,0
0.019777,0.019996,0.019947,0,0,0,0,0,0,0,0,0,0,0,0
0.020359,0.020267,0.019796,0,0,0,0,0,0,0,0,0,0,0,0
0.019835,0.020182,0.020079,0,0,0,0,0,0,0,0,0,0,0,0
0.019637,0.019579,0.01907,0,0,0,0,0,0,0,0,0,0,0,0
0.019153,0.019461,0.019523,0,0,0,0,0,0,0,0,0,0,0,0
0.019798,0.019483,0.018994,0,0,0,0,0,0,0,0,0,0,0,0
0.019446,0.019658,0.01953,0,0,0,0,0,0,0,0,0,0,0,0
0.019639,0.019663,0.019191,0,0,0,0,0,0,0,0,0,0,0,0
0.019383,0.01969,0.019651,0,0,0,0,0,0,0,0,0,0,0,0
0.01954,0.019459,0.019037,0,0,0,0,0,0,0,0,0,0,0,0
0.01917,0.01951,0.019461,0,0,0,0,0,0,0,0,0,0,0,0
0.020109,0.020029,0.019528,0,0,0,0,0,0,0,0,0,0,0,0
0.019858,0.020305,0.020198,0,0,0,0,0,0,0,0,0,0,0,0
0.020683,0.020423,0.019913,0,0,0,0,0,0,0,0,0,0,0,0
0.019594,0.019927,0.019955,0,0,0,0,0,0,0,0,0,0,0,0
0.020064,0.01999,0.019408,0,0,0,0,0,0,0,0,0,0,0,0
0.019685,0.01996,0.019888,0,0,0,0,0,0,0,0,0,0,0,0
0.019669,0.01971,0.01921,0,0,0,0,0,0,0,0,0,0,0,0
0.019232,0.019482,0.019463,0,0,0,0,0,0,0,0,0,0,0,0
0.019622,0.019581,0.018966,0,0,0,0,0,0,0,0,0,0,0,0
0.019187,0.019486,0.019421,0,0,0,0,0,0,0,0,0,0,0,0
0.019729,0.019545,0.019034,0,0,0,0,0,0,0,0,0,0,0,0
0.019206,0.01953,0.019419,0,0,0,0,0,0,0,0,0,0,0,0
0.019587,0.019486,0.018989,0,0,0,0,0,0,0,0,0,0,0,0
0.019222,0.019556,0.019424,0,0,0,0,0,0,0,0,0,0,0,0
0.02048,0.020423,0.019941,0,0,0,0,0,0,0,0,0,0,0,0
0.020012,0.020303,0.020316,0,0,0,0,0,0,0,0,0,0,0,0
0.020348,0.020236,0.019743,0,0,0,0,0,0,0,0,0,0,0,0
0.020066,0.020221,0.020144,0,0,0,0,0,0,0,0,0,0,0,0
0.020273,0.020218,0.019688,0,0,0,0,0,0,0,0,0,0,0,0
0.019902,0.020182,0.020107,0,0,0,0,0,0,0,0,0,0,0,0
0.020237,0.020143,0.019594,0,0,0,0,0,0,0,0,0,0,0,0
0.019817,0.020101,0.019845,0,0,0,0,0,0,0,0,0,0,0,0
0.020214,0.020102,0.019547,0,0,0,0,0,0,0,0,0,0,0,0
0.019165,0.01978,0.019495,0,0,0,0,0,0,0,0,0,0,0,0
0.019657,0.019434,0.019028,0,0,0,0,0,0,0,0,0,0,0,0
0.019159,0.019491,0.019434,0,0,0,0,0,0,0,0,0,0,0,0
0.019554,0.019458,0.019214,0,0,0,0,0,0,0,0,0,0,0,0
0.01913,0.019421,0.019601,0,0,0,0,0,0,0,0,0,0,0,0
0.019699,0.019637,0.018964,0,0,0,0,0,0,0,0,0,0,0,0
0.019165,0.019409,0.019366,0,0,0,0,0,0,0,0,0,0,0,0
0.019719,0.019477,0.018993,0,0,0,0,0,0,0,0,0,0,0,0
0.019159,0.019387,0.019436,0,0,0,0,0,0,0,0,0,0,0,0
0.019537,0.019389,0.018932,0,0,0,0,0,0,0,0,0,0,0,0
0.019181,0.01956,0.019502,0,0,0,0,0,0,0,0,0,0,0,0
0.019652,0.019437,0.018994,0,0,0,0,0,0,0,0,0,0,0,0
0.019327,0.019414,0.019415,0,0,0,0,0,0,0,0,0,0,0,0
0.019731,0.019447,0.019019,0,0,0,0,0,0,0,0,0,0,0,0
0.01915,0.019434,0.019381,0,0,0,0,0,0,0,0,0,0,0,0
0.019621,0.019455,0.019027,0,0,0,0,0,0,0,0,0,0,0,0
0.019047,0.019369,0.019262,0,0,0,0,0,0,0,0,0,0,0,0
0.019536,0.01949,0.01894,0,0,0,0,0,0,0,0,0,0,0,0
0.019135,0.019355,0.019371,0,0,0,0,0,0,0,0,0,0,0,0
0.01958,0.019423,0.018967,0,0,0,0,0,0,0,0,0,0,0,0
0.019237,0.019414,0.01943,0,0,0,0,0,0,0,0,0,0,0,0
0.019542,0.019438,0.018974,0,0,0,0,0,0,0,0,0,0,0,0
0.019355,0.019628,0.019731,0,0,0,0,0,0,0,0,0,0,0,0
0.019682,0.019438,0.018973,0,0,0,0,0,0,0,0,0,0,0,0
0.019274,0.019529,0.019379,0,0,0,0,0,0,0,0,0,0,0,0
0.019715,0.019489,0.019042,0,0,0,0,0,0,0,0,0,0,0,0
0.019103,0.019465,0.019521,0,0,0,0,0,0,0,0,0,0,0,0
0.019729,0.019525,0.019024,0,0,0,0,0,0,0,0,0,0,0,0
0.019221,0.01946,0.019387,0,0,0,0,0,0,0,0,0,0,0,0
0.019613,0.019477,0.01899,0,0,0,0,0,0,0,0,0,0,0,0
0.019163,0.019604,0.019377,0,0,0,0,0,0,0,0,0,0,0,0
0.019694,0.019428,0.019056,0,0,0,0,0,0,0,0,0,0,0,0
0.019258,0.019488,0.019447,0,0,0,0,0,0,0,0,0,0,0,0
0.019854,0.019774,0.019272,0,0,0,0,0,0,0,0,0,0,0,0
0.020375,0.02082,0.020744,0,0,0,0,0,0,0,0,0,0,0,0
0.02044,0.02045,0.01977,0,0,0,0,0,0,0,0,0,0,0,0
0.020255,0.020255,0.020342,0,0,0,0,0,0,0,0,0,0,0,0
0.020408,0.020058,0.019546,0,0,0,0,0,0,0,0,0,0,0,0
0.020001,0.020054,0.02002,0,0,0,0,0,0,0,0,0,0,0,0
0.020484,0.020017,0.019575,0,0,0,0,0,0,0,0,0,0,0,0
0.065445,0.063182,0.063382,0,0,0,0,0,0,0,0,0,0,0,0
0.026593,0.026432,0.026464,0,0,0,0,0,0,0,0,0,0,0,0
0.019718,0.019508,0.01946,0,0,0,0,0,0,0,0,0,0,0,0
0.01979,0.019639,0.019692,0,0,0,0,0,0,0,0,0,0,0,0
0.019664,0.019438,0.019527,0,0,0,0,0,0,0,0,0,0,0,0
0.019863,0.019717,0.019777,0,0,0,0,0,0,0,0,0,0,0,0
0.019964,0.019843,0.019947,0,0,0,0,0,0,0,0,0,0,0,0
0.019556,0.019333,0.019462,0,0,0,0,0,0,0,0,0,0,0,0
0.019608,0.019365,0.01946,0,0,0,0,0,0,0,0,0,0,0,0
0.019741,0.019375,0.01944,0,0,0,0,0,0,0,0,0,0,0,0
0.019563,0.019233,0.019368,0,0,0,0,0,0,0,0,0,0,0,0
0.019814,0.019584,0.019656,0,0,0,0,0,0,0,0,0,0,0,0
0.019657,0.019441,0.019356,0,0,0,0,0,0,0,0,0,0,0,0
0.019539,0.019389,0.019374,0,0,0,0,0,0,0,0,0,0,0,0
0.019535,0.019357,0.019412,0,0,0,0,0,0,0,0,0,0,0,0
0.019619,0.019385,0.019477,0,0,0,0,0,0,0,0,0,0,0,0
0.019528,0.019452,0.019365,0,0,0,0,0,0,0,0,0,0,0,0
0.019564,0.019354,0.019522,0,0,0,0,0,0,0,0,0,0,0,0
0.019552,0.019332,0.019399,0,0,0,0,0,0,0,0,0,0,0,0
0.019563,0.019362,0.019425,0,0,0,0,0,0,0,0,0,0,0,0
0.019583,0.019348,0.019375,0,0,0,0,0,0,0,0,0,0,0,0
0.019612,0.019325,0.0194,0,0,0,0,0,0,0,0,0,0,0,0
0.019582,0.019435,0.019402,0,0,0,0,0,0,0,0,0,0,0,0
0.019539,0.019484,0.019498,0,0,0,0,0,0,0,0,0,0,0,0
0.019616,0.019309,0.019349,0,0,0,0,0,0,0,0,0,0,0,0
0.019522,0.019301,0.019421,0,0,0,0,0,0,0,0,0,0,0,0
0.020024,0.019563,0.019899,0,0,0,0,0,0,0,0,0,0,0,0
0.020266,0.019807,0.020083,0,0,0,0,0,0,0,0,0,0,0,0
0.019864,0.019616,0.019592,0,0,0,0,0,0,0,0,0,0,0,0
0.019526,0.019458,0.019518,0,0,0,0,0,0,0,0,0,0,0,0
0.019664,0.019295,0.019442,0,0,0,0,0,0,0,0,0,0,0,0
0.01956,0.01927,0.019379,0,0,0,0,0,0,0,0,0,0,0,0
0.019562,0.019298,0.019489,0,0,0,0,0,0,0,0,0,0,0,0
0.019526,0.019334,0.019337,0,0,0,0,0,0,0,0,0,0,0,0
0.019515,0.019363,0.019334,0,0,0,0,0,0,0,0,0,0,0,0
0.019766,0.019587,0.019676,0,0,0,0,0,0,0,0,0,0,0,0
0.019516,0.019331,0.019334,0,0,0,0,0,0,0,0,0,0,0,0
0.019571,0.019288,0.019423,0,0,0,0,0,0,0,0,0,0,0,0
0.019451,0.019333,0.019327,0,0,0,0,0,0,0,0,0,0,0,0
0.019507,0.019427,0.019384,0,0,0,0,0,0,0,0,0,0,0,0
0.019598,0.019302,0.019303,0,0,0,0,0,0,0,0,0,0,0,0
0.019511,0.019289,0.019354,0,0,0,0,0,0,0,0,0,0,0,0
0.019489,0.019364,0.019319,0,0,0,0,0,0,0,0,0,0,0,0
0.019516,0.019268,0.019315,0,0,0,0,0,0,0,0,0,0,0,0
0.019547,0.019281,0.019318,0,0,0,0,0,0,0,0,0,0,0,0
0.019502,0.019294,0.019504,0,0,0,0,0,0,0,0,0,0,0,0
0.019574,0.019324,0.01932,0,0,0,0,0,0,0,0,0,0,0,0
0.019515,0.019334,0.019368,0,0,0,0,0,0,0,0,0,0,0,0
0.019496,0.019317,0.019349,0,0,0,0,0,0,0,0,0,0,0,0
0.019608,0.019291,0.01935,0,0,0,0,0,0,0,0,0,0,0,0
0.019552,0.019323,0.019399,0,0,0,0,0,0,0,0,0,0,0,0
0.017948,0.019313,0.019451,0,0,0,0,0,0,0,0,0,0,0,0
0.01952,0.019329,0.019333,0,0,0,0,0,0,0,0,0,0,0,0
0.019535,0.019357,0.019332,0,0,0,0,0,0,0,0,0,0,0,0
0.019418,0.019272,0.019467,0,0,0,0,0,0,0,0,0,0,0,0
0.019509,0.019392,0.01933,0,0,0,0,0,0,0,0,0,0,0,0
0.019495,0.019299,0.019311,0,0,0,0,0,0,0,0,0,0,0,0
0.019521,0.019328,0.019436,0,0,0,0,0,0,0,0,0,0,0,0
0.019499,0.019343,0.019294,0,0,0,0,0,0,0,0,0,0,0,0
0.019553,0.019325,0.019355,0,0,0,0,0,0,0,0,0,0,0,0
0.019442,0.019302,0.019399,0,0,0,0,0,0,0,0,0,0,0,0
0.019515,0.019233,0.019362,0,0,0,0,0,0,0,0,0,0,0,0
0.019499,0.019384,0.019312,0,0,0,0,0,0,0,0,0,0,0,0
0.019463,0.019256,0.019366,0,0,0,0,0,0,0,0,0,0,0,0
0.019443,0.019304,0.019323,0,0,0,0,0,0,0,0,0,0,0,0
0.019527,0.019355,0.019379,0,0,0,0,0,0,0,0,0,0,0,0
0.019459,0.019311,0.019356,0,0,0,0,0,0,0,0,0,0,0,0
0.019538,0.019369,0.019361,0,0,0,0,0,0,0,0,0,0,0,0
0.019603,0.019396,0.019286,0,0,0,0,0,0,0,0,0,0,0,0
0.019471,0.019313,0.019352,0,0,0,0,0,0,0,0,0,0,0,0
0.019457,0.019308,0.019316,0,0,0,0,0,0,0,0,0,0,0,0
0.019594,0.019272,0.019345,0,0,0,0,0,0,0,0,0,0,0,0
0.019459,0.019442,0.019323,0,0,0,0,0,0,0,0,0,0,0,0
0.019489,0.019282,0.019363,0,0,0,0,0,0,0,0,0,0,0,0
0.019503,0.019295,0.019315,0,0,0,0,0,0,0,0,0,0,0,0
0.019422,0.019345,0.019318,0,0,0,0,0,0,0,0,0,0,0,0
0.019957,0.019581,0.019768,0,0,0,0,0,0,0,0,0,0,0,0
0.020315,0.019895,0.020055,0,0,0,0,0,0,0,0,0,0,0,0
0.020072,0.019789,0.02007,0,0,0,0,0,0,0,0,0,0,0,0
0.019562,0.019325,0.019527,0,0,0,0,0,0,0,0,0,0,0,0
0.019579,0.019288,0.019341,0,0,0,0,0,0,0,0,0,0,0,0
0.019578,0.017876,0.019322,0,0,0,0,0,0,0,0,0,0,0,0
0.019492,0.0193,0.019339,0,0,0,0,0,0,0,0,0,0,0,0
0.01956,0.01937,0.019463,0,0,0,0,0,0,0,0,0,0,0,0
0.019806,0.019453,0.01961,0,0,0,0,0,0,0,0,0,0,0,0
0.019431,0.019363,0.01944,0,0,0,0,0,0,0,0,0,0,0,0
0.019523,0.019321,0.019323,0,0,0,0,0,0,0,0,0,0,0,0
0.019464,0.019262,0.019348,0,0,0,0,0,0,0,0,0,0,0,0
0.01946,0.01935,0.019297,0,0,0,0,0,0,0,0,0,0,0,0
0.019526,0.019368,0.019316,0,0,0,0,0,0,0,0,0,0,0,0
0.019532,0.019301,0.019302,0,0,0,0,0,0,0,0,0,0,0,0
0.019415,0.01923,0.019326,0,0,0,0,0,0,0,0,0,0,0,0
0.019492,0.019362,0.019306,0,0,0,0,0,0,0,0,0,0,0,0
0.019495,0.01922,0.019273,0,0,0,0,0,0,0,0,0,0,0,0
0.019402,0.019221,0.019358,0,0,0,0,0,0,0,0,0,0,0,0
0.019358,0.019291,0.019308,0,0,0,0,0,0,0,0,0,0,0,0
0.019572,0.01922,0.019348,0,0,0,0,0,0,0,0,0,0,0,0
0.019447,0.019222,0.01943,0,0,0,0,0,0,0,0,0,0,0,0
0.019437,0.019388,0.019335,0,0,0,0,0,0,0,0,0,0,0,0
0.019463,0.019336,0.019339,0,0,0,0,0,0,0,0,0,0,0,0
0.019392,0.019267,0.019252,0,0,0,0,0,0,0,0,0,0,0,0
0.019452,0.019278,0.019345,0,0,0,0,0,0,0,0,0,0,0,0
0.019508,0.019239,0.019244,0,0,0,0,0,0,0,0,0,0,0,0
0.019426,0.019622,0.019324,0,0,0,0,0,0,0,0,0,0,0,0
0.019418,0.019271,0.019262,0,0,0,0,0,0,0,0,0,0,0,0
0.019442,0.01925,0.019329,0,0,0,0,0,0,0,0,0,0,0,0
0.019451,0.019258,0.019343,0,0,0,0,0,0,0,0,0,0,0,0
0.019412,0.01926,0.019423,0,0,0,0,0,0,0,0,0,0,0,0
0.019438,0.019282,0.019356,0,0,0,0,0,0,0,0,0,0,0,0
0.019415,0.019396,0.019304,0,0,0,0,0,0,0,0,0,0,0,0
0.019435,0.019268,0.019306,0,0,0,0,0,0,0,0,0,0,0,0
0.019436,0.019303,0.019353,0,0,0,0,0,0,0,0,0,0,0,0
0.019471,0.019432,0.019299,0,0,0,0,0,0,0,0,0,0,0,0
0.019407,0.019353,0.019319,0,0,0,0,0,0,0,0,0,0,0,0
0.01945,0.019354,0.019365,0,0,0,0,0,0,0,0,0,0,0,0
0.019546,0.019258,0.019403,0,0,0,0,0,0,0,0,0,0,0,0
0.019467,0.019351,0.019274,0,0,0,0,0,0,0,0,0,0,0,0
0.019464,0.019296,0.019302,0,0,0,0,0,0,0,0,0,0,0,0
0.019422,0.019256,0.019316,0,0,0,0,0,0,0,0,0,0,0,0
