1
268.3588,86.1460,30.7898,46.7988
267.2954,84.1710,30.7898,46.7988
263.0054,81.1444,31.7738,48.2944
270.0602,87.8857,31.7738,48.2944
264.0654,84.7623,32.7893,49.8379
261.8156,81.1548,31.7884,48.3166
257.2670,79.7432,31.7884,48.3166
260.1049,79.0690,30.8181,46.8417
264.0221,82.7302,31.8030,48.3388
263.0431,79.9178,32.8194,49.8837
258.9948,74.2501,32.8194,49.8837
256.6891,73.6149,33.8683,51.4780
255.3678,73.5651,32.8345,49.9066
251.9657,73.4031,32.8345,49.9066
248.3628,73.0916,33.8839,51.5016
242.8457,71.2526,33.8839,51.5016
239.1833,75.2151,32.8496,49.9295
243.4125,86.5125,31.8468,48.4054
240.2845,88.3512,30.8747,46.9278
234.9527,87.5895,30.8747,46.9278
233.7482,77.1851,29.9322,45.4953
235.3728,79.9912,29.9322,45.4953
235.5205,78.3666,29.9322,45.4953
236.6667,81.3318,30.8889,46.9494
236.6303,81.6484,31.8761,48.4499
236.2782,86.6935,32.8948,49.9983
237.7390,81.0128,32.8948,49.9983
241.3248,79.3413,31.8907,48.4721
241.7969,79.8134,31.8907,48.4721
241.6395,79.0266,31.8907,48.4721
246.2027,86.7368,31.8907,48.4721
241.8116,88.8928,30.9172,46.9925
237.5545,87.3218,29.9735,45.5580
232.5400,82.8409,29.0585,44.1673
227.3442,75.9700,29.9872,45.5789
224.8289,79.6689,29.9872,45.5789
224.6810,78.6332,29.9872,45.5789
222.8701,78.3487,30.9456,47.0356
222.7175,80.3337,30.9456,47.0356
222.9864,83.3992,31.9346,48.5389
224.8919,81.4614,30.9598,47.0572
225.7720,83.0008,31.9493,48.5612
225.6143,86.3112,31.9493,48.5612
224.0003,87.5846,32.9704,50.1132
225.9136,91.8268,34.0241,51.7148
226.2650,102.5208,32.9855,50.1362
228.5047,95.3723,34.0398,51.7386
228.0009,90.8375,34.0398,51.7386
228.6326,89.8428,35.1277,53.3921
231.7110,90.8961,36.2504,55.0985
237.4512,92.6314,35.1438,53.4166
235.1970,94.8856,35.1438,53.4166
231.6876,95.5926,36.2670,55.1238
228.1254,91.9604,35.1599,53.4412
223.6311,92.9495,34.0867,51.8098
220.9559,96.9358,33.0462,50.2283
214.5968,94.8161,33.0462,50.2283
214.9382,96.0719,32.0374,48.6951
212.5670,103.8175,32.0374,48.6951
212.5818,100.9250,31.0595,47.2087
213.4647,88.6769,32.0521,48.7175
214.3758,84.8937,33.0765,50.2745
218.6343,87.7826,32.0668,48.7398
220.6912,87.9408,32.0668,48.7398
221.9717,94.8553,31.0880,47.2520
227.8148,93.5824,30.1390,45.8096
228.4235,95.0251,29.2190,44.4113
226.9474,92.7296,30.1529,45.8307
226.9119,94.2288,31.1165,47.2954
226.3121,101.2454,30.1667,45.8517
224.3771,106.4550,30.1667,45.8517
227.5029,110.7715,30.1667,45.8517
227.4673,108.4015,31.1308,47.3171
230.5537,106.2052,30.1806,45.8728
231.0004,104.8650,30.1806,45.8728
235.3189,106.2052,30.1806,45.8728
239.1551,104.1320,31.1451,47.3389
241.9355,107.1596,30.1944,45.8938
244.9290,105.3274,29.2727,44.4929
245.7611,105.6274,30.2083,45.9149
245.7256,105.3408,31.1737,47.3823
247.8422,105.0451,32.1700,48.8967
248.3184,110.9180,32.1700,48.8967
252.0900,114.1049,33.1982,50.4594
248.9778,119.1827,33.1982,50.4594
242.5895,115.0877,33.1982,50.4594
243.2600,112.4180,32.1848,48.9191
263.1102,95.1086,32.1848,48.9191
259.9490,93.1557,31.2024,47.4258
254.7289,90.9544,30.2499,45.9782
236.1857,103.5033,31.2167,47.4476
233.3765,98.2784,32.2144,48.9640
237.3502,96.5299,32.2144,48.9640
237.3122,96.5422,33.2439,50.5289
239.2414,96.2269,34.3064,52.1438
243.3197,105.6555,33.2592,50.5521
269.9196,88.8680,32.2440,49.0090
271.9878,87.7544,32.2440,49.0090
274.6924,87.5953,32.2440,49.0090
278.2073,87.8660,31.2597,47.5130
280.3298,90.6542,32.2588,49.0315
282.0807,88.5851,32.2588,49.0315
261.3510,104.8323,33.2897,50.5986
258.3553,101.5600,34.3537,52.2157
248.4836,98.1830,35.4516,53.8845
242.8444,95.3978,36.5847,55.6067
230.1656,88.5524,37.7539,57.3838
218.4300,87.2484,37.7539,57.3838
212.7971,86.5177,38.9605,59.2178
211.4515,84.7876,38.9605,59.2178
208.9524,93.4381,38.9605,59.2178
206.9842,89.6083,40.2057,61.1104
207.5793,82.2684,40.2057,61.1104
214.9193,84.8473,40.2057,61.1104
217.2525,81.2918,41.4907,63.0635
222.1848,84.9156,40.2242,61.1385
229.5281,82.3356,40.2242,61.1385
232.5051,86.5034,40.2242,61.1385
235.2363,88.5034,41.5097,63.0925
240.7662,86.2505,41.5097,63.0925
245.0672,88.5034,41.5097,63.0925
252.2356,89.5275,41.5097,63.0925
257.5798,90.6953,40.2426,61.1666
267.5263,100.9611,39.0142,59.2994
270.4138,99.9986,39.0142,59.2994
274.9878,91.9286,40.2611,61.1946
279.7740,92.2666,39.0321,59.3267
285.3589,92.4592,39.0321,59.3267
290.1736,92.2666,39.0321,59.3267
294.6031,91.3037,39.0321,59.3267
297.4919,96.1183,39.0321,59.3267
302.3066,98.2368,39.0321,59.3267
305.5805,99.1997,39.0321,59.3267
309.0011,97.2888,40.2796,61.2227
310.3923,97.8850,40.2796,61.2227
310.4109,99.4156,39.0500,59.3539
308.6768,102.3057,39.0500,59.3539
304.0706,102.6336,37.8580,57.5421
302.9673,101.0836,36.7024,55.7856
297.1291,98.9245,37.8754,57.5685
292.0833,97.2425,37.8754,57.5685
287.9894,95.6918,36.7192,55.8112
285.9965,95.8729,36.7192,55.8112
281.4672,95.3294,36.7192,55.8112
280.5613,91.8871,36.7192,55.8112
278.7664,89.2966,35.5984,54.1076
276.4831,89.8235,35.5984,54.1076
274.9023,91.0530,35.5984,54.1076
273.8648,92.0545,34.5117,52.4559
271.3106,92.5654,34.5117,52.4559
274.2054,94.0979,34.5117,52.4559
276.0785,91.8842,34.5117,52.4559
278.6327,92.0545,34.5117,52.4559
281.3166,93.7705,35.6147,54.1324
282.3290,93.7841,36.7530,55.8625
289.7640,93.9654,36.7530,55.8625
288.3302,92.8233,35.6311,54.1573
291.1011,93.8917,36.7698,55.8881
295.6367,91.8961,36.7698,55.8881
296.3793,93.2933,35.6474,54.1821
296.5552,92.4139,35.6474,54.1821
296.9234,93.7685,34.5593,52.5282
295.0477,93.2570,34.5593,52.5282
296.9234,94.7916,34.5593,52.5282
300.0086,95.4228,33.5044,50.9248
300.1740,94.9269,33.5044,50.9248
298.0249,95.7535,33.5044,50.9248
295.8758,95.9188,33.5044,50.9248
297.2137,96.5307,32.4816,49.3703
302.1820,99.2552,32.4816,49.3703
302.1437,99.2676,33.5197,50.9481
303.8130,97.5644,32.4965,49.3929
309.6003,98.1579,31.5046,47.8852
309.1339,96.7589,31.5046,47.8852
307.8532,95.5274,32.5115,49.4156
304.6067,93.9357,33.5505,50.9949
308.8712,94.9417,34.6228,52.6247
312.5887,93.9299,35.7293,54.3066
316.4836,93.1722,34.6387,52.6489
319.2340,94.8303,33.5813,51.0418
317.5376,94.5117,34.6546,52.6731
318.8647,93.1570,35.7622,54.3565
319.5284,91.0532,36.9051,56.0937
328.2857,93.5482,35.7786,54.3814
328.8153,92.6655,35.7786,54.3814
330.0511,91.4298,35.7786,54.3814
331.6399,91.2533,35.7786,54.3814
331.6563,94.3782,34.6864,52.7214
329.7737,94.5494,34.6864,52.7214
330.2872,95.0628,34.6864,52.7214
334.7529,97.0655,33.6276,51.1121
335.4321,96.3523,32.6011,49.5519
337.0557,95.3392,31.6060,48.0393
337.6422,95.9750,32.6161,49.5746
337.9257,95.9875,33.6585,51.1590
338.7560,95.1571,33.6585,51.1590
340.7093,94.5057,34.7342,52.7941
345.5239,97.8821,33.6739,51.1825
347.8103,99.5565,34.7502,52.8183
351.4109,100.0709,34.7502,52.8183
353.2970,103.6715,34.7502,52.8183
353.4685,105.2146,34.7502,52.8183
350.8966,105.7290,34.7502,52.8183
348.4552,105.7423,35.8608,54.5064
344.3856,105.5653,35.8608,54.5064
342.7932,105.0345,35.8608,54.5064
337.6620,105.9192,35.8608,54.5064
330.1883,106.6406,37.0069,56.2484
327.2838,105.4906,35.8772,54.5314
326.7527,106.0217,35.8772,54.5314
327.2838,106.1987,35.8772,54.5314
324.6285,107.7919,35.8772,54.5314
323.3894,106.9068,35.8772,54.5314
326.3987,107.0838,35.8772,54.5314
326.9298,107.6148,35.8772,54.5314
327.1068,108.1459,35.8772,54.5314
329.7621,109.3850,35.8772,54.5314
331.5488,108.2701,34.7821,52.8668
336.3701,109.9351,33.7203,51.2530
337.8675,109.7687,33.7203,51.2530
339.0321,110.2678,33.7203,51.2530
341.0442,112.8803,32.6910,49.6885
342.3497,112.5095,31.6931,48.1718
345.3208,112.6659,31.6931,48.1718
349.4012,112.6193,30.7257,46.7013
349.5528,113.6805,30.7257,46.7013
348.6070,112.1762,31.7077,48.1939
349.7021,112.9584,31.7077,48.1939
350.3425,114.4762,30.7398,46.7228
349.8875,114.3246,30.7398,46.7228
349.4324,114.7796,30.7398,46.7228
349.2808,113.7179,30.7398,46.7228
347.1212,112.8196,31.7222,48.2160
345.3994,112.0370,31.7222,48.2160
345.8690,112.5065,31.7222,48.2160
346.6516,113.2891,31.7222,48.2160
347.9184,113.8685,30.7539,46.7442
352.3188,113.7168,30.7539,46.7442
356.2783,113.6715,29.8151,45.3173
357.7631,115.0987,28.9050,43.9340
360.0583,115.3414,28.0227,42.5929
361.8558,116.8623,28.0227,42.5929
364.2063,118.1067,28.0227,42.5929
365.3253,118.3420,27.1673,41.2927
369.4807,119.5484,27.1673,41.2927
371.7595,117.8058,27.1673,41.2927
371.8935,117.4037,27.1673,41.2927
369.8828,115.9292,27.1673,41.2927
367.0679,116.3313,27.1673,41.2927
364.7891,117.5377,27.1673,41.2927
365.1913,117.1356,27.1673,41.2927
366.6658,115.9292,27.1673,41.2927
367.6041,113.9185,27.1673,41.2927
367.2019,114.3207,27.1673,41.2927
367.0679,114.1866,27.1673,41.2927
365.7400,113.0743,26.3380,40.0323
364.1495,114.9037,27.1797,41.3117
361.8697,115.0378,27.1797,41.3117
360.6628,114.9037,27.1797,41.3117
358.3829,112.8921,27.1797,41.3117
356.2052,110.7567,28.0484,42.6320
353.5758,109.5112,28.0484,42.6320
350.3927,109.6496,28.0484,42.6320
346.7615,110.7674,28.9448,43.9945
345.1906,109.1965,28.9448,43.9945
344.3470,109.7251,28.0613,42.6516
346.2983,108.5762,27.2047,41.3496
346.2662,109.1235,28.0742,42.6712
346.1277,108.4309,28.0742,42.6712
346.2662,111.6168,28.0742,42.6712
347.7899,113.4176,28.0742,42.6712
347.4799,114.5364,28.9714,44.0349
348.0650,116.2092,28.0871,42.6908
351.1267,118.9395,27.2297,41.3876
354.3637,116.2123,26.3985,40.1242
355.6352,116.2224,27.2422,41.4066
356.8449,116.8945,27.2422,41.4066
358.7392,117.9297,26.4106,40.1427
358.4475,118.9823,27.2547,41.4256
358.5820,119.9236,27.2547,41.4256
359.9393,121.2283,26.4227,40.1611
361.4726,120.7169,27.2672,41.4446
362.1453,119.5060,27.2672,41.4446
363.6252,119.1024,27.2672,41.4446
363.7598,121.1205,27.2672,41.4446
365.0730,123.0144,28.1387,42.7692
366.6003,123.4309,28.1387,42.7692
369.3900,122.0011,27.2797,41.4637
374.6393,122.6741,27.2797,41.4637
380.4271,119.0399,27.2797,41.4637
386.4841,116.4825,27.2797,41.4637
392.6883,114.8272,26.4470,40.1980
