1
294.6590,74.4258,60.7551,227.3061
294.1161,73.8830,60.7551,227.3061
293.5733,74.4258,60.7551,227.3061
289.7734,74.9686,60.7551,227.3061
290.3163,75.5115,60.7551,227.3061
288.6877,76.0543,60.7551,227.3061
283.8022,76.5971,60.7551,227.3061
284.3450,77.1400,60.7551,227.3061
281.6309,77.6828,60.7551,227.3061
276.5869,82.7806,58.9005,220.3675
277.1132,83.3069,58.9005,220.3675
275.5344,83.8332,58.9005,220.3675
273.8020,88.7754,57.1025,213.6407
273.2918,88.2652,57.1025,213.6407
270.7408,89.7958,57.1025,213.6407
266.2569,87.9124,58.9275,220.4687
264.7887,84.9158,60.8109,227.5148
258.8120,85.4592,60.8109,227.5148
260.2835,90.5616,58.9546,220.5699
253.2820,103.9364,57.1550,213.8369
253.7927,107.5111,57.1550,213.8369
252.2607,112.1071,57.1550,213.8369
246.4943,111.7961,55.4103,207.3095
245.8548,115.4553,53.7189,200.9813
241.3950,114.2031,52.0791,194.8463
243.5858,111.1278,50.4894,188.8985
243.9053,115.3643,48.9482,183.1323
245.0897,117.7220,47.4540,177.5422
260.8672,111.0689,48.9706,183.2164
262.1798,109.7563,48.9706,183.2164
264.3676,109.3187,48.9706,183.2164
270.1482,100.7029,50.5357,189.0720
269.6967,100.2513,50.5357,189.0720
269.3406,98.5845,52.1509,195.1147
268.0413,104.3198,53.8176,201.3506
267.6621,102.5448,55.5376,207.7858
268.2633,99.7206,57.3126,214.4266
272.7226,105.5537,55.5631,207.8812
274.0671,111.2088,53.8670,201.5355
275.5110,111.6901,53.8670,201.5355
283.7948,105.1005,55.5886,207.9766
284.3965,100.2870,57.3652,214.6236
286.9593,98.7494,57.3652,214.6236
288.4969,95.1615,57.3652,214.6236
290.9101,99.9749,55.6142,208.0721
294.3884,96.4966,55.6142,208.0721
303.6846,88.2435,53.9165,201.7206
305.9527,92.7675,52.2707,195.5630
304.4154,94.3512,50.6751,189.5934
299.5306,83.6243,52.2947,195.6528
299.1622,79.0961,53.9660,201.9059
296.8533,72.4944,55.6908,208.3588
293.2250,80.1528,53.9908,201.9986
290.9150,77.4072,55.7164,208.4545
287.4303,81.8876,55.7164,208.4545
288.7785,91.5408,54.0156,202.0913
288.2958,92.9886,54.0156,202.0913
290.5681,101.3819,52.3667,195.9224
289.0280,108.5832,50.7682,189.9418
290.2564,112.8431,49.2185,184.1438
289.6883,115.2138,47.7161,178.5228
295.3209,111.0820,49.2411,184.2283
296.6407,110.6421,49.2411,184.2283
302.3603,109.3222,49.2411,184.2283
309.0528,105.9382,50.8149,190.1163
307.7867,100.6301,52.4389,196.1924
320.4371,100.1615,52.4389,196.1924
321.0048,95.6208,54.1149,202.4627
319.6565,91.9019,55.8444,208.9334
321.1534,91.4030,55.8444,208.9334
315.6648,89.9061,55.8444,208.9334
316.1638,89.4071,55.8444,208.9334
313.6689,86.9123,55.8444,208.9334
310.1762,85.4154,55.8444,208.9334
310.6752,85.9144,55.8444,208.9334
308.1804,84.4175,55.8444,208.9334
311.7786,80.5798,57.6292,215.6109
312.2935,81.0947,57.6292,215.6109
309.8279,78.1641,59.4710,222.5018
309.4089,81.5163,61.3717,229.6130
307.8799,78.3954,63.3331,236.9514
308.4457,78.9613,63.3331,236.9514
309.9782,78.6167,61.3998,229.7184
311.4640,81.5742,59.5256,222.7062
325.8240,84.2335,59.5256,222.7062
314.7675,74.8243,61.4280,229.8239
314.2187,74.2754,61.4280,229.8239
318.9982,78.3320,59.5529,222.8084
315.2735,77.7999,59.5529,222.8084
314.7415,77.2678,59.5529,222.8084
318.4661,77.7999,59.5529,222.8084
319.9072,77.4759,57.7351,216.0071
320.4230,77.9917,57.7351,216.0071
322.8518,80.7727,55.9727,209.4135
323.4576,74.9257,57.7616,216.1063
324.0829,70.9563,59.6076,223.0131
320.3548,68.2933,59.6076,223.0131
317.5365,67.9690,57.7881,216.2055
318.0528,68.4853,57.7881,216.2055
312.3732,66.9364,57.7881,216.2055
304.6283,66.4200,57.7881,216.2055
304.1119,65.9037,57.7881,216.2055
298.4323,65.3874,57.7881,216.2055
290.6874,63.8384,57.7881,216.2055
290.1711,63.3221,57.7881,216.2055
283.5680,59.3508,59.6350,223.1155
277.7069,62.0149,59.6350,223.1155
278.0843,63.8218,57.8146,216.3048
276.6438,67.0806,59.6624,223.2179
275.0446,69.7459,59.6624,223.2179
274.5115,70.2790,59.6624,223.2179
267.5815,70.8121,59.6624,223.2179
259.6982,65.6458,61.5692,230.3519
259.2644,54.8134,63.5369,237.7140
250.8691,49.3116,65.5676,245.3113
248.9406,55.9849,63.5661,237.8231
245.0851,50.4806,65.5977,245.4240
242.1545,48.7223,65.5977,245.4240
236.8796,50.4806,65.5977,245.4240
239.6391,59.5014,63.5953,237.9323
241.3438,58.9332,63.5953,237.9323
249.7012,66.5422,61.6540,230.6693
252.2948,72.8171,59.7720,223.6281
285.7844,65.0152,57.9474,216.8018
297.5416,67.8064,56.1786,210.1838
301.9127,69.5085,54.4637,203.7679
307.2655,69.0219,54.4637,203.7679
314.4229,72.6185,52.8012,197.5478
314.7570,75.1619,51.1894,191.5176
310.5072,77.6276,49.6268,185.6715
309.0476,79.1312,48.1120,180.0038
310.3372,79.5611,48.1120,180.0038
314.0807,85.3175,46.6433,174.5091
317.7098,94.2322,45.2195,169.1822
318.9219,94.6363,45.2195,169.1822
318.5179,95.8484,45.2195,169.1822
318.1993,95.9730,46.6647,174.5892
317.7824,96.3900,46.6647,174.5892
318.1993,97.6408,46.6647,174.5892
319.5383,100.2711,48.1562,180.1691
319.1991,98.6828,49.6952,185.9273
318.7551,99.1269,49.6952,185.9273
320.0871,99.5709,49.6952,185.9273
322.1776,102.8526,48.1783,180.2518
322.6992,100.4027,49.7180,186.0127
324.9203,99.0700,49.7180,186.0127
324.5700,95.6533,51.3070,191.9577
324.1116,95.1949,51.3070,191.9577
323.7501,89.8353,52.9468,198.0926
324.2232,89.3622,52.9468,198.0926
322.6660,91.9126,51.3306,192.0458
315.6526,87.9642,49.7637,186.1835
315.0783,91.2505,48.2447,180.5002
312.7972,91.8501,46.7720,174.9904
304.0213,89.7606,46.7720,174.9904
304.3173,91.1777,45.3442,169.6488
299.0504,89.1520,45.3442,169.6488
297.1104,84.4153,46.7934,175.0707
296.5703,86.6693,45.3651,169.7266
296.8573,82.3691,43.9803,164.5457
281.4173,81.3439,42.6378,159.5229
280.9252,83.3977,41.3362,154.6534
278.3399,83.0284,41.3362,154.6534
282.4026,84.1364,41.3362,154.6534
282.0332,84.5057,41.3362,154.6534
283.7721,87.2355,40.0744,149.9325
284.8463,89.0258,40.0744,149.9325
285.0999,93.8205,38.8511,145.3558
284.8262,91.8449,40.0928,150.0014
265.8403,104.3827,40.0928,150.0014
264.0492,106.1738,40.0928,150.0014
265.1239,107.2485,40.0928,150.0014
269.8565,110.9413,41.3742,154.7954
270.2262,110.5716,41.3742,154.7954
271.4134,108.4676,42.6965,159.7427
273.9725,109.7613,41.3932,154.8665
277.1932,110.2757,40.1297,150.1391
286.9499,108.2351,41.4122,154.9376
294.7202,106.3850,41.4122,154.9376
295.8302,106.0150,41.4122,154.9376
297.6803,104.9050,41.4122,154.9376
296.6485,102.7991,42.7357,159.8894
296.3474,99.8622,44.1016,164.9995
296.0367,99.1957,45.5110,170.2728
301.4090,87.1222,46.9656,175.7148
301.0781,82.2161,48.4666,181.3306
300.7366,74.5550,50.0156,187.1259
302.1718,74.6929,51.6141,193.1065
300.8858,72.9905,53.2637,199.2782
301.3617,82.0327,53.2637,199.2782
307.6491,82.1795,54.9660,205.6471
307.1580,82.6706,54.9660,205.6471
308.7352,80.8577,56.7227,212.2196
310.3629,81.0141,58.5356,219.0021
309.8398,81.5371,58.5356,219.0021
311.4088,83.1062,58.5356,219.0021
311.7793,105.8000,56.7487,212.3170
314.3145,105.2929,56.7487,212.3170
312.7933,105.8000,56.7487,212.3170
314.3145,104.2788,56.7487,212.3170
314.8215,103.7718,56.7487,212.3170
316.3426,100.2225,56.7487,212.3170
315.8356,94.6451,56.7487,212.3170
316.3426,93.1239,56.7487,212.3170
315.8356,87.5465,56.7487,212.3170
310.3654,81.6184,58.5624,219.1026
307.7491,81.0952,58.5624,219.1026
303.0399,81.6184,58.5624,219.1026
296.0850,84.4393,56.7748,212.4145
295.4297,88.1886,55.0417,205.9305
292.9708,87.6968,55.0417,205.9305
286.4340,86.4137,53.3616,199.6444
285.9572,85.9369,53.3616,199.6444
285.4805,85.4602,53.3616,199.6444
290.7250,85.9369,53.3616,199.6444
293.1089,84.5066,53.3616,199.6444
291.6786,84.0298,53.3616,199.6444
290.2483,77.8317,53.3616,199.6444
289.7715,77.3549,53.3616,199.6444
293.1089,79.7388,53.3616,199.6444
287.8644,82.1227,53.3616,199.6444
288.3412,82.5995,53.3616,199.6444
285.9572,84.0298,53.3616,199.6444
287.2485,81.8324,51.7327,193.5502
287.5758,84.3242,50.1535,187.6420
289.9112,85.3587,51.7564,193.6390
301.5699,78.1025,53.4106,199.8277
301.1936,76.3409,55.1176,206.2142
302.7751,73.5380,56.8791,212.8048
304.2998,75.0626,56.8791,212.8048
303.7916,76.5873,56.8791,212.8048
304.2998,76.0791,56.8791,212.8048
304.8080,80.6529,56.8791,212.8048
306.1843,84.4091,55.1429,206.3089
310.6186,84.9018,55.1429,206.3089
314.0674,85.3945,55.1429,206.3089
312.6935,82.5904,56.9052,212.9025
313.0536,83.2976,55.1682,206.4036
316.5041,76.8897,55.1682,206.4036
314.8815,79.5470,53.4842,200.1031
316.3151,78.1134,53.4842,200.1031
319.7613,69.6591,55.1935,206.4984
320.2544,70.1523,55.1935,206.4984
320.7476,69.6591,55.1935,206.4984
322.0831,66.3999,53.5087,200.1949
322.5612,66.8780,53.5087,200.1949
324.9517,67.3561,53.5087,200.1949
333.0793,69.7466,53.5087,200.1949
333.5573,69.2685,53.5087,200.1949
335.8083,71.8459,51.8753,194.0839
343.6878,70.4554,51.8753,194.0839
344.1513,70.9189,51.8753,194.0839
344.6148,70.4554,51.8753,194.0839
342.2973,69.0649,51.8753,194.0839
342.7608,68.6014,51.8753,194.0839
341.3703,68.1379,51.8753,194.0839
335.3448,69.5284,51.8753,194.0839
335.8083,69.9919,51.8753,194.0839
335.3448,69.5284,51.8753,194.0839
333.8191,74.8082,50.2918,188.1595
334.2684,76.1562,50.2918,188.1595
333.0154,72.7001,51.8992,194.1730
331.6243,72.2364,51.8992,194.1730
331.1606,72.7001,51.8992,194.1730
332.5517,69.4541,51.8992,194.1730
338.5799,67.1355,51.8992,194.1730
338.9083,69.6354,50.3149,188.2458
342.9543,70.9841,50.3149,188.2458
343.4039,68.7363,50.3149,188.2458
345.7468,67.0768,51.9230,194.2622
345.2828,66.6129,51.9230,194.2622
347.7006,61.1889,53.5825,200.4708
349.1368,58.7952,53.5825,200.4708
348.7593,56.0704,55.2949,206.8778
346.1449,56.7577,53.6070,200.5628
339.7785,55.5080,51.9707,194.4406
340.2429,56.9011,51.9707,194.4406
338.9481,53.3296,53.6317,200.6549
334.6353,55.7255,53.6317,200.6549
334.2575,52.0399,55.3457,207.0678
333.7630,55.5014,55.3457,207.0678
332.2795,57.9740,55.3457,207.0678
331.7850,57.4795,55.3457,207.0678
330.3015,56.9849,55.3457,207.0678
326.8399,59.4575,55.3457,207.0678
326.3454,59.9520,55.3457,207.0678
326.6956,62.6179,53.6563,200.7470
325.1175,65.2024,52.0184,194.6192
323.8215,62.5572,53.6809,200.8392
322.4840,59.8274,55.3966,207.2580
317.1441,56.0204,57.1670,213.8820
315.7198,52.0918,58.9941,220.7177
315.3042,48.0377,60.8795,227.7718
314.8753,41.6781,62.8253,235.0514
315.4366,41.1168,62.8253,235.0514
313.8713,35.6767,64.8331,242.5636
312.2560,28.9041,66.9052,250.3159
310.4627,27.1108,66.9052,250.3159
307.4737,22.9262,66.9052,250.3159
299.8289,14.7417,69.0435,258.3160
298.1087,9.9969,71.2501,266.5718
296.0131,13.4289,69.0752,258.4346
292.9272,18.9835,69.0752,258.4346
293.6750,16.7052,71.2828,266.6942
294.1260,18.8650,69.1069,258.5533
294.8741,17.8206,71.3156,266.8167
295.5113,18.4578,71.3156,266.8167
294.8741,19.0950,71.3156,266.8167
294.3716,16.7428,73.5948,275.3441
293.7141,16.0853,73.5948,275.3441
294.3716,16.7428,73.5948,275.3441
293.7141,10.8248,73.5948,275.3441
294.3716,11.4823,73.5948,275.3441
293.7141,9.5097,73.5948,275.3441
297.0019,6.2219,73.5948,275.3441
297.6594,6.8794,73.5948,275.3441
298.3170,6.2219,73.5948,275.3441
297.6594,4.2492,73.5948,275.3441
297.0019,4.9068,73.5948,275.3441
297.6594,4.2492,73.5948,275.3441
300.9472,6.2219,73.5948,275.3441
301.6048,8.1946,73.5948,275.3441
303.5775,8.8521,73.5948,275.3441
308.1804,9.5097,73.5948,275.3441
307.6619,5.7672,75.9469,284.1441
306.7853,9.4254,73.6286,275.4705
307.2512,18.2349,71.3811,267.0617
307.8890,16.3215,71.3811,267.0617
307.2512,19.5104,71.3811,267.0617
308.0239,18.4317,73.6624,275.5970
308.4900,21.9799,71.4138,267.1843
311.4942,26.6959,69.2339,259.0284
310.8756,26.0773,69.2339,259.0284
310.2570,25.4587,69.2339,259.0284
310.8756,24.8401,69.2339,259.0284
312.7314,24.2215,69.2339,259.0284
312.1128,23.6029,69.2339,259.0284
313.9686,22.9843,69.2339,259.0284
320.5926,27.5564,67.1205,251.1215
321.1923,26.9567,67.1205,251.1215
325.3903,27.5564,67.1205,251.1215
330.7877,25.7572,67.1205,251.1215
331.2125,28.9903,65.0716,243.4559
331.6242,30.9619,63.0853,236.0244
332.1879,32.6529,63.0853,236.0244
332.7515,32.0892,63.0853,236.0244
331.0605,32.6529,63.0853,236.0244
325.8232,37.9462,61.1596,228.8197
326.3696,37.3997,61.1596,228.8197
325.8232,37.9462,61.1596,228.8197
319.8122,39.5855,61.1596,228.8197
320.3586,40.1320,61.1596,228.8197
318.8349,40.3006,63.1143,236.1327
310.3761,36.3532,63.1143,236.1327
309.8122,36.9171,63.1143,236.1327
309.2483,38.6089,63.1143,236.1327
312.0679,39.1728,63.1143,236.1327
312.6318,37.4810,63.1143,236.1327
313.1957,35.7893,63.1143,236.1327
306.8281,38.8294,61.1877,228.9247
308.4682,39.3761,61.1877,228.9247
305.5751,42.3234,59.3199,221.9367
299.7450,42.8534,59.3199,221.9367
299.2150,42.3234,59.3199,221.9367
297.6249,41.7934,59.3199,221.9367
297.0949,43.3834,59.3199,221.9367
297.6249,42.8534,59.3199,221.9367
293.9148,44.4434,59.3199,221.9367
289.1447,47.0935,59.3199,221.9367
289.5201,51.0109,57.5092,215.1620
293.1169,51.5247,57.5092,215.1620
294.6584,54.0939,57.5092,215.1620
295.0223,57.8917,55.7537,208.5941
298.3640,60.5772,54.0518,202.2267
305.4673,66.0785,52.4018,196.0537
305.7989,68.6026,50.8022,190.0691
308.0684,67.2408,50.8022,190.0691
307.6145,67.6947,50.8022,190.0691
307.2566,64.2035,52.4259,196.1437
307.5883,68.6024,50.8256,190.1564
308.0424,70.8730,50.8256,190.1564
309.4048,71.3272,50.8256,190.1564
309.8589,73.5978,50.8256,190.1564
313.0378,80.4095,50.8256,190.1564
313.5879,78.7332,52.4500,196.2337
314.0565,80.1391,52.4500,196.2337
321.8866,86.4146,50.8489,190.2437
322.3409,85.9602,50.8489,190.2437
323.7039,85.5059,50.8489,190.2437
328.7015,86.8689,50.8489,190.2437
327.3385,87.3232,50.8489,190.2437
326.8842,88.6862,50.8489,190.2437
327.4346,87.0091,52.4740,196.3238
326.9658,87.4780,52.4740,196.3238
326.5961,84.8095,54.1511,202.5984
324.2792,83.0235,55.8818,209.0734
322.8869,79.1832,57.6678,215.7554
321.3412,78.6680,57.6678,215.7554
319.7954,78.1527,57.6678,215.7554
316.2976,73.1592,59.5108,222.6509
316.8293,73.6909,59.5108,222.6509
317.3611,74.2226,59.5108,222.6509
316.8293,74.7544,59.5108,222.6509
317.3611,75.2861,59.5108,222.6509
314.7025,79.0081,59.5108,222.6509
319.3328,82.9381,57.6942,215.8544
316.7553,83.4536,57.6942,215.8544
307.0701,80.5197,59.5381,222.7531
306.5381,79.9877,59.5381,222.7531
304.9422,79.4558,59.5381,222.7531
302.2824,81.0517,59.5381,222.7531
300.7990,78.0240,61.4410,229.8723
300.2501,79.6709,61.4410,229.8723
298.6031,79.1220,61.4410,229.8723
298.0542,78.5730,61.4410,229.8723
297.5052,76.9261,61.4410,229.8723
289.2707,71.9854,61.4410,229.8723
289.8197,72.5344,61.4410,229.8723
287.0749,71.9854,61.4410,229.8723
284.3300,72.5344,61.4410,229.8723
283.7811,71.9854,61.4410,229.8723
282.1342,73.6323,61.4410,229.8723
280.4873,73.0833,61.4410,229.8723
279.9383,72.5344,61.4410,229.8723
280.4873,75.2792,61.4410,229.8723
280.8760,81.5325,59.5655,222.8554
279.2794,82.0647,59.5655,222.8554
274.4895,84.7258,59.5655,222.8554
271.6732,86.5305,57.7472,216.0527
273.0706,91.3759,55.9845,209.4576
272.4244,94.0726,54.2755,203.0638
277.6173,96.6869,52.6188,196.8653
279.8308,101.1020,51.0125,190.8559
282.1097,98.8231,51.0125,190.8559
284.2557,96.7224,49.4554,185.0300
284.6976,96.2805,49.4554,185.0300
285.1394,96.7224,49.4554,185.0300
287.4423,88.0212,51.0360,190.9435
286.9863,87.5652,51.0360,190.9435
286.5303,85.2852,51.0360,190.9435
290.5012,82.2715,49.4781,185.1149
289.2685,79.7555,51.0594,191.0312
289.5916,84.0397,49.5008,185.1999
295.3412,90.6740,49.5008,185.1999
294.8990,91.1163,49.5008,185.1999
297.9949,92.4431,49.5008,185.1999
300.2064,95.5391,49.5008,185.1999
300.6487,95.9814,49.5008,185.1999
300.2064,98.1928,49.5008,185.1999
299.7641,99.5196,49.5008,185.1999
299.3218,99.0773,49.5008,185.1999
298.8795,101.2888,49.5008,185.1999
304.6292,102.6156,49.5008,185.1999
304.1869,103.0579,49.5008,185.1999
304.6292,105.2693,49.5008,185.1999
303.3023,109.2498,49.5008,185.1999
302.8600,109.6921,49.5008,185.1999
303.3023,110.1344,49.5008,185.1999
300.2999,109.3863,51.0828,191.1189
300.7563,108.9299,51.0828,191.1189
297.6579,105.4194,52.7154,197.2270
284.0984,100.8547,54.4002,203.5304
282.7430,98.0883,56.1389,210.0352
277.3316,92.2240,57.9331,216.7480
272.6730,88.6007,57.9331,216.7480
272.1554,89.1183,57.9331,216.7480
271.4867,92.9441,56.1646,210.1317
270.9849,89.4313,56.1646,210.1317
270.4831,89.9331,56.1646,210.1317
271.9885,89.4313,56.1646,210.1317
275.6074,84.5679,57.9597,216.8475
275.0896,84.0501,57.9597,216.8475
276.6431,85.6036,57.9597,216.8475
278.1967,87.1572,57.9597,216.8475
278.7146,86.6394,57.9597,216.8475
275.1991,83.6920,59.8120,223.7779
272.5270,85.2952,59.8120,223.7779
271.9926,85.8297,59.8120,223.7779
272.5270,86.3641,59.8120,223.7779
275.1991,87.9673,59.8120,223.7779
274.6647,87.4329,59.8120,223.7779
275.1991,87.9673,59.8120,223.7779
278.7840,94.0548,57.9863,216.9470
278.1148,98.9203,56.2162,210.3247
277.4659,105.6464,54.5002,203.9044
279.9007,98.3421,54.5002,203.9044
279.4137,98.8291,54.5002,203.9044
279.7586,101.4542,52.8366,197.6802
278.3423,99.0938,52.8366,197.6802
279.6208,104.4714,51.2237,191.6459
281.9092,104.0137,51.2237,191.6459
284.9794,106.4810,49.6601,185.7959
286.1811,109.7605,48.1442,180.1244
289.0667,114.6605,46.6746,174.6261
296.9903,113.4094,46.6746,174.6261
298.2414,113.8264,46.6746,174.6261
301.0389,116.0746,45.2498,169.2955
305.5717,112.9650,46.6960,174.7062
306.7016,114.3798,45.2706,169.3733
308.0006,113.6956,46.7175,174.7864
309.3412,110.4851,48.2105,180.3726
308.1400,107.1720,49.7514,186.1373
309.4736,107.6166,49.7514,186.1373
309.9181,108.9501,49.7514,186.1373
309.4736,109.3946,49.7514,186.1373
309.9181,111.6172,49.7514,186.1373
308.5845,112.0618,49.7514,186.1373
309.0291,113.3953,49.7514,186.1373
308.5845,113.8399,49.7514,186.1373
305.3432,120.6815,48.2327,180.4554
305.6484,125.5905,46.7604,174.9470
303.4375,129.5140,45.3330,169.6066
301.2941,135.7481,43.9492,164.4294
302.3575,139.4357,42.6076,159.4101
296.5361,139.9653,41.3070,154.5441
294.6907,144.0251,41.3070,154.5441
295.0598,144.3941,41.3070,154.5441
294.5830,150.0746,40.0461,149.8266
293.5096,151.1480,40.0461,149.8266
286.0714,154.1208,41.3260,154.6150
285.7021,155.9670,41.3260,154.6150
283.1174,157.0748,41.3260,154.6150
280.5327,156.7055,41.3260,154.6150
278.7646,153.8655,42.6468,159.5565
278.3836,153.4845,42.6468,159.5565
276.5590,152.0779,44.0097,164.6559
276.1657,150.8983,44.0097,164.6559
276.5590,150.5050,44.0097,164.6559
275.3793,153.2576,44.0097,164.6559
277.3454,152.0779,44.0097,164.6559
276.1657,151.6847,44.0097,164.6559
275.7725,151.2915,44.0097,164.6559
276.1657,150.8983,44.0097,164.6559
276.4442,153.8046,42.6663,159.6297
272.2508,153.4233,42.6663,159.6297
271.9502,151.2537,44.0299,164.7315
268.4096,150.8603,44.0299,164.7315
261.0182,147.8345,45.4371,169.9963
260.6122,148.2404,45.4371,169.9963
257.8563,146.7418,46.8893,175.4294
255.8501,141.0058,48.3879,181.0361
255.5092,136.8158,49.9344,186.8221
259.5247,135.4774,49.9344,186.8221
267.1093,142.1697,49.9344,186.8221
267.5555,141.7236,49.9344,186.8221
268.7637,150.3750,48.4101,181.1193
269.0701,155.3020,46.9324,175.5905
270.2057,159.2400,45.4998,170.2306
269.6806,162.2447,44.1109,165.0342
277.9572,161.8506,44.1109,165.0342
279.0245,165.5518,42.7644,159.9965
277.8783,165.9339,42.7644,159.9965
278.1489,173.3431,41.4590,155.1126
276.3751,169.7531,42.7840,160.0700
273.0155,166.8129,44.1514,165.1858
275.8603,163.7788,45.5624,170.4651
276.2674,164.1859,45.5624,170.4651
280.0174,159.4264,47.0186,175.9132
285.4787,159.0063,47.0186,175.9132
286.7390,158.5862,47.0186,175.9132
293.1295,154.5148,48.5213,181.5354
299.6324,154.0812,48.5213,181.5354
299.1989,153.6477,48.5213,181.5354
305.5754,157.7190,47.0402,175.9940
299.2709,157.2987,47.0402,175.9940
298.0100,157.7190,47.0402,175.9940
296.6265,160.8254,45.6043,170.6217
307.7143,158.5064,47.0618,176.0748
307.3827,152.7493,48.5659,181.7021
307.9084,150.2796,50.1181,187.5093
313.8245,144.1486,51.7198,193.5021
312.5359,141.5185,53.3728,199.6864
313.0128,142.9492,53.3728,199.6864
311.5822,141.5185,53.3728,199.6864
312.0591,141.9954,53.3728,199.6864
305.9605,136.4200,55.0786,206.0684
297.6985,132.6349,56.8389,212.6544
297.1907,132.1271,56.8389,212.6544
295.6671,130.6036,56.8389,212.6544
303.2849,128.0643,56.8389,212.6544
303.7927,127.5565,56.8389,212.6544
306.3319,127.0486,56.8389,212.6544
308.8712,124.5094,56.8389,212.6544
311.2622,130.2943,55.1039,206.1630
315.5497,130.9792,53.4218,199.8698
324.4794,137.3709,51.7911,193.7688
325.8676,135.0572,51.7911,193.7688
327.1209,144.0303,50.2102,187.8539
328.4667,139.9927,50.2102,187.8539
328.0181,137.7496,50.2102,187.8539
326.6722,138.1983,50.2102,187.8539
334.1679,145.1030,48.6775,182.1196
334.4759,146.5778,47.1916,176.5603
339.1141,149.5294,47.1916,176.5603
331.1919,146.2863,48.6998,182.2032
329.9785,142.9396,50.2563,188.0264
329.3985,147.1564,48.7222,182.2869
290.5275,151.2446,47.2349,176.7225
282.3857,152.6758,45.7931,171.3280
281.1582,154.7215,45.7931,171.3280
283.0846,156.9273,44.3952,166.0982
282.6879,157.3240,44.3952,166.0982
284.5555,160.2557,43.0400,161.0280
285.7092,160.6403,43.0400,161.0280
289.1702,157.9484,43.0400,161.0280
287.2474,150.6418,43.0400,161.0280
290.7897,144.6076,44.4156,166.1744
291.1866,136.2738,44.4156,166.1744
285.1181,155.0808,43.0598,161.1019
283.8516,161.0022,41.7454,156.1842
278.8939,160.0291,40.4711,151.4166
269.7483,172.1034,39.2357,146.7946
272.8011,173.9933,38.0380,142.3136
273.8207,174.3332,38.0380,142.3136
269.4025,175.3528,38.0380,142.3136
267.7751,172.0590,39.2537,146.8620
263.2156,172.4097,39.2537,146.8620
246.0300,171.3576,39.2537,146.8620
244.2764,171.7083,39.2537,146.8620
237.6126,171.3576,39.2537,146.8620
231.7244,167.2571,40.5083,151.5557
231.3625,166.8951,40.5083,151.5557
229.5528,167.2571,40.5083,151.5557
231.4390,163.7494,41.8029,156.3994
231.1445,160.1296,43.1389,161.3979
226.9047,162.0568,43.1389,161.3979
223.3233,167.2183,41.8221,156.4712
224.3353,169.2328,40.5455,151.6949
224.5918,172.6348,39.3078,147.0643
222.1333,173.6885,39.3078,147.0643
221.0797,174.0397,39.3078,147.0643
220.1004,171.3384,40.5641,151.7645
218.1824,175.4669,39.3259,147.1319
217.2027,172.7643,40.5827,151.8342
215.3896,172.4017,40.5827,151.8342
209.3021,169.6128,41.8797,156.6868
210.3155,173.8752,40.6013,151.9039
207.1273,168.9084,41.8990,156.7588
205.3347,164.5316,43.2381,161.7688
204.2574,161.5602,44.6199,166.9389
204.5398,165.3042,43.2579,161.8430
208.0183,167.2367,43.2579,161.8430
206.8588,166.8502,43.2579,161.8430
211.7706,171.2529,41.9374,156.9027
212.8947,171.6276,41.9374,156.9027
214.6589,173.6476,40.6573,152.1132
215.0221,174.0109,40.6573,152.1132
216.0059,175.9693,39.4162,147.4699
216.2554,179.2766,38.2130,142.9684
215.2311,178.9352,38.2130,142.9684
212.1582,179.2766,38.2130,142.9684
211.8168,178.9352,38.2130,142.9684
209.4268,179.2766,38.2130,142.9684
202.9397,178.2523,38.2130,142.9684
203.2811,177.9109,38.2130,142.9684
203.6225,178.2523,38.2130,142.9684
201.1329,180.7758,37.0466,138.6042
202.0293,183.2223,35.9157,134.3733
202.9921,183.5432,35.9157,134.3733
208.3537,185.9150,34.8194,130.2715
207.4862,182.8999,35.9322,134.4350
208.9978,186.5570,34.8353,130.3313
242.3672,181.0506,35.9487,134.4967
246.5428,182.0142,35.9487,134.4967
247.5064,182.3354,35.9487,134.4967
247.8276,182.0142,35.9487,134.4967
247.5064,182.3354,35.9487,134.4967
245.2580,181.3718,35.9487,134.4967
239.1553,181.0506,35.9487,134.4967
238.8341,181.3718,35.9487,134.4967
234.0841,178.2589,37.0976,138.7952
227.1935,175.7095,38.2832,143.2311
226.2397,173.0786,39.5068,147.8087
222.3568,172.7256,39.5068,147.8087
215.7247,169.3047,40.7694,152.5327
213.9804,166.5029,42.0724,157.4077
211.3490,166.8789,42.0724,157.4077
208.7971,163.9876,43.4170,162.4384
208.4092,164.3755,43.4170,162.4384
207.2454,165.5393,43.4170,162.4384
204.6120,161.7797,44.8046,167.6299
203.4110,161.3794,44.8046,167.6299
202.8939,164.3382,43.4370,162.5130
202.5879,162.9056,44.8252,167.7069
201.2695,166.6667,43.4569,162.5876
203.2109,165.5019,43.4569,162.5876
206.7054,164.3371,43.4569,162.5876
207.0937,163.9488,43.4569,162.5876
207.4820,164.3371,43.4569,162.5876
216.2992,167.9834,42.1304,157.6246
216.6756,169.1127,42.1304,157.6246
223.7179,168.8835,40.8443,152.8130
228.4621,167.7887,40.8443,152.8130
228.8271,167.4237,40.8443,152.8130
234.1946,171.5807,39.5975,148.1483
239.5016,172.6421,39.5975,148.1483
239.1478,172.2883,39.5975,148.1483
245.0592,173.4881,38.3888,143.6261
248.2187,174.2799,39.6157,148.2164
246.5237,171.5575,40.8818,152.9534
250.6190,169.4785,42.1884,157.8418
255.5990,171.8565,43.5368,162.8864
255.2923,166.5307,44.9282,168.0922
258.1023,167.7349,44.9282,168.0922
265.6123,166.6876,43.5568,162.9612
266.0015,163.9634,43.5568,162.9612
