0.19163
0.22502
0.059658
0.030225
0.039349
0.034919
0.028764
0.024549
0.025489
0.02434
0.024642
0.024657
0.0242
0.02377
0.025359
0.024095
0.024076
0.024996
0.023435
0.023945
0.024666
0.023737
0.024017
0.025404
0.024323
0.024411
0.024428
0.024645
0.024816
0.024088
0.024131
0.024229
0.023605
0.024072
0.02413
0.024415
0.024326
0.024298
0.024528
0.023783
0.023984
0.024203
0.024282
0.023915
0.024783
0.023778
0.02409
0.023667
0.023271
0.02375
0.023944
0.023858
0.024286
0.023167
0.023481
0.024518
0.023945
0.023298
0.024136
0.02433
0.023959
0.023967
0.024361
0.024144
0.023404
0.023667
0.024623
0.023742
0.023225
0.023795
0.024621
0.02299
0.023897
0.022951
0.023257
0.023069
0.023194
0.022951
0.023845
0.023135
0.024339
0.024367
0.024572
0.024342
0.024009
0.024291
0.023329
0.024192
0.023395
0.02338
0.023316
0.023924
0.023008
0.024108
0.023489
0.024135
0.066168
0.023983
0.023215
0.023303
0.024025
0.023895
0.02346
0.023226
0.023232
0.023179
0.02319
0.023271
0.023763
0.024062
0.02321
0.024003
0.023834
0.023865
0.024343
0.025252
0.025026
0.02506
0.024604
0.024731
0.02463
0.02468
0.024634
0.02488
0.024383
0.024723
0.024749
0.024785
0.024233
0.024562
0.025638
0.024737
0.024551
0.024366
0.023613
0.023872
0.023721
0.023256
0.0242
0.023341
0.024176
0.024325
0.0235
0.023328
0.023491
0.023441
0.024147
0.023389
0.024305
0.02369
0.024307
0.023718
0.024101
0.024881
0.023888
0.023707
0.0231
0.023559
0.023927
0.023322
0.023194
0.023997
0.023752
0.023771
0.023195
0.023392
0.023184
0.023646
0.024677
0.02381
0.024708
0.024399
0.024044
0.02417
0.023524
0.023495
0.023837
0.023443
0.023701
0.024317
0.02419
0.024026
0.023136
0.024706
0.023543
0.02382
0.023502
0.023238
0.02443
0.025051
0.024448
0.023639
0.024125
0.023589
0.024891
0.024723
0.023785
0.023483
0.023472
0.023544
0.02376
0.023487
0.023647
0.023497
0.024317
0.02361
0.023483
0.023404
0.023513
0.023595
0.024392
0.024453
0.023963
0.024653
0.023805
0.023551
0.023479
0.023468
0.023585
0.023404
0.023468
0.023986
0.023587
0.023467
0.023423
0.024451
0.024714
0.023628
0.024483
0.024448
0.024565
0.02351
0.023466
0.023504
0.023439
0.02339
0.02353
0.023642
0.023541
0.023431
0.023478
0.02348
0.023528
0.02446
0.023571
0.023514
0.024502
0.02347
0.023551
0.024429
0.02403
0.025765
0.024222
0.023707
0.023534
0.023588
0.023492
0.023522
0.02351
0.023537
0.023496
0.024361
0.024004
0.023607
0.023602
0.023777
0.023532
0.023733
0.023303
0.023564
0.023738
0.023806
0.023559
0.023564
0.023637
0.02451
0.024461
0.024573
0.024511
0.023613
0.023719
0.023708
0.023597
0.023617
0.023786
0.02357
0.023581
0.023638
0.023626
0.023611
0.023714
0.023603
0.02434
0.024461
0.024513
0.024592
0.024419
0.025411
0.026934
0.025808
0.024737
0.026103
0.026091
0.026019
0.025104
0.025424
0.025249
0.025269
0.026144
0.025437
0.026129
0.025432
0.024391
0.025275
0.025686
0.025311
0.025228
0.02537
0.024725
0.025242
0.024822
0.024363
0.025145
0.025264
0.025324
0.02545
0.026845
0.0266
0.025498
0.025943
0.024443
0.025534
0.024844
0.026071
0.027926
0.025407
0.025329
0.026563
0.024617
0.025761
0.025987
0.02606
0.025874
0.026328
0.026059
0.027159
0.024496
0.02545
0.025416
0.025211
0.02376
0.023664
0.024538
0.024776
0.024609
0.024541
0.023826
0.024517
0.023659
0.02458
0.02481
0.024788
0.023719
0.025555
0.023891
0.023747
0.023745
0.023715
0.023643
0.024897
0.02486
0.025613
0.023866
0.024752
0.02374
0.023589
0.023671
0.023731
0.023689
0.023541
0.023649
0.02369
0.024358
0.023713
0.023636
0.023746
0.023729
0.023667
0.023732
0.023621
0.022458
0.023767
0.023749
0.023777
0.024064
0.023834
0.024849
0.023664
0.023746
0.02366
0.023736
0.023644
0.023662
0.02381
0.024925
0.023856
0.023885
0.023667
0.023888
0.023744
0.023825
0.023949
0.02379
0.023754
0.023839
0.023779
0.023935
0.023719
0.02376
0.023811
0.023752
0.023772
0.023786
0.023657
0.023905
0.023829
0.023771
0.023688
0.023779
0.024079
0.023824
0.023798
0.028586
0.025265
0.02549
0.023756
0.024979
0.02524
0.023885
0.023962
0.023856
0.02476
0.024011
0.023791
0.023947
0.023885
0.02387
0.023883
0.02444
0.024068
0.023922
0.023868
0.023964
0.023753
0.023794
0.023908
0.02382
0.025042
0.023867
0.023937
0.024021
0.023909
0.025097
0.024856
0.023796
0.024029
0.023823
0.024112
0.023858
0.024123
0.024039
0.024173
0.023901
0.024044
0.024051
0.023836
0.024156
0.024525
0.024189
0.023955
0.024093
0.024061
0.024079
0.024106
0.024231
0.024435
0.024054
0.023974
0.024162
0.023811
0.024046
0.025098
0.024179
0.023778
0.024004
0.023853
0.024274
0.024161
0.024539
0.025113
0.024622
0.024417
0.024913
0.024599
0.024753
0.024793
0.024362
0.023975
0.024217
0.023933
0.024224
0.023961
0.024208
0.025085
0.023827
0.023065
0.023321
0.023117
0.022794
0.023
0.023111
0.022988
0.023148
0.022927
0.023135
0.023009
0.023252
0.022955
0.023187
0.022967
0.023294
0.023037
0.023144
0.022939
0.023203
0.022965
0.023087
0.023143
0.02309
0.022902
0.023086
0.023255
0.023817
0.02561
0.024484
0.024666
0.024012
0.024895
0.024885
0.023748
0.023035
0.022872
0.023081
0.023016
0.023453
0.023005
0.023144
0.025462
0.024474
0.024314
0.024003
0.023901
0.025985
0.024217
0.024236
0.023848
0.024774
0.024101
0.024075
0.024067
0.02413
0.024545
0.024936
0.024808
0.025521
0.025214
0.025147
0.024995
0.024922
0.026271
0.025112
0.025023
0.025657
0.02513
0.025096
0.025198
0.024965
0.025072
0.025219
0.024987
0.024659
0.024387
0.024396
0.024657
0.023923
0.024407
0.024304
0.024371
0.024955
0.025359
0.023962
0.024021
0.023936
0.024036
0.024146
0.023689
0.023912
0.02372
0.023675
0.023714
0.02367
0.024139
0.024133
0.024075
0.024219
0.02432
0.023861
0.024334
0.023975
0.023918
0.023927
0.024167
0.024245
0.024824
0.024049
0.024386
0.024441
0.02398
0.024027
0.023995
0.023996
0.023976
0.024065
0.023938
0.02397
0.023915
0.024089
0.02428
0.024001
0.023927
0.024431
0.024449
0.024447
0.024415
0.023966
0.02399
0.023963
0.024588
0.023996
0.024467
0.023982
0.024036
0.023914
0.024063
0.023952
0.024135
0.024007
0.023997
0.024359
0.024582
0.023973
0.023984
0.023984
0.023984
0.023915
0.023951
0.023986
0.023993
0.023999
0.023947
0.024013
0.023993
0.024484
0.023906
0.024462
0.024233
0.024574
0.02482
0.024183
0.024481
0.024111
0.023972
0.024566
0.024504
0.024065
0.023995
0.025315
0.024479
0.023972
0.024049
0.023933
0.024487
0.024047
0.024575
0.024015
0.024067
0.024014
0.024063
0.023995
0.024508
0.024038
0.024045
0.024581
0.024111
0.025374
0.025486
0.025331
