1
213.2873,139.0887,89.5396,52.8183
211.8978,139.9224,89.5396,52.8183
211.0642,140.2003,89.5396,52.8183
210.2305,140.4782,89.5396,52.8183
207.9660,141.0236,92.4013,54.5064
206.5321,141.8839,92.4013,54.5064
203.6217,141.8732,95.3545,56.2484
200.3663,142.7610,95.3545,56.2484
198.2948,143.6488,95.3545,56.2484
196.4751,144.2297,98.4020,58.0461
194.9481,144.5351,98.4020,58.0461
192.1995,144.8405,98.4020,58.0461
190.0618,145.7567,98.4020,58.0461
187.3132,146.0621,98.4020,58.0461
185.7862,145.7567,98.4020,58.0461
185.4808,147.2837,98.4020,58.0461
182.7322,147.5891,98.4020,58.0461
183.0376,148.5052,98.4020,58.0461
182.1214,149.4214,98.4020,58.0461
181.8160,149.7268,98.4020,58.0461
180.8999,153.6970,98.4020,58.0461
179.3729,156.4456,98.4020,58.0461
178.4567,156.7510,98.4020,58.0461
176.3189,157.6671,98.4020,58.0461
174.1811,158.5833,98.4020,58.0461
172.0434,158.8887,98.4020,58.0461
169.9056,159.8049,98.4020,58.0461
168.0277,160.4043,101.5469,59.9013
166.4519,160.7195,101.5469,59.9013
164.8761,160.4043,101.5469,59.9013
161.4094,161.3498,101.5469,59.9013
157.9427,162.2953,101.5469,59.9013
156.6562,163.5247,98.4472,58.0728
156.9617,165.6634,98.4472,58.0728
156.0451,166.5800,98.4472,58.0728
155.7395,166.8856,98.4472,58.0728
156.9366,168.6885,95.4420,56.3001
156.0479,168.9847,95.4420,56.3001
157.2084,168.9554,92.5286,54.5815
155.7726,168.6682,92.5286,54.5815
155.4854,168.3811,92.5286,54.5815
155.1983,166.9452,92.5286,54.5815
155.4854,167.2324,92.5286,54.5815
154.2940,167.2217,95.4858,56.3260
154.8623,166.5996,92.5711,54.6066
152.8512,166.3123,92.5711,54.6066
151.4147,166.5996,92.5711,54.6066
149.9782,166.8869,92.5711,54.6066
150.2655,167.1742,92.5711,54.6066
151.3911,167.7204,89.7453,52.9397
153.3408,167.9989,89.7453,52.9397
153.6193,168.8345,89.7453,52.9397
155.0120,169.1130,89.7453,52.9397
154.7335,168.8345,89.7453,52.9397
155.0120,169.6701,89.7453,52.9397
156.4046,169.3916,89.7453,52.9397
158.3544,169.6701,89.7453,52.9397
159.1899,169.9486,89.7453,52.9397
159.4685,169.6701,89.7453,52.9397
161.6738,169.0854,87.0058,51.3237
161.4038,169.3555,87.0058,51.3237
161.6738,169.6255,87.0058,51.3237
161.4038,169.8955,87.0058,51.3237
161.6738,171.2457,87.0058,51.3237
161.4038,170.9756,87.0058,51.3237
161.6738,170.7056,87.0058,51.3237
160.8637,170.4356,87.0058,51.3237
161.1338,169.6255,87.0058,51.3237
161.4038,169.3555,87.0058,51.3237
161.3816,168.7887,84.3500,49.7570
159.5491,169.0505,84.3500,49.7570
158.7637,169.3122,84.3500,49.7570
157.6776,168.2553,87.0458,51.3473
156.3268,167.9852,87.0458,51.3473
154.4358,167.7150,87.0458,51.3473
154.1656,167.9852,87.0458,51.3473
153.6031,167.4181,84.3887,49.7799
153.3412,168.2038,84.3887,49.7799
151.5079,167.4181,84.3887,49.7799
149.1507,168.2038,84.3887,49.7799
146.5101,168.1779,81.8127,48.2603
146.7641,168.4318,81.8127,48.2603
144.9867,168.1779,81.8127,48.2603
143.7171,168.4318,81.8127,48.2603
142.6806,168.9145,79.3153,46.7872
143.6450,170.8594,76.8942,45.3590
142.1935,170.3584,74.5470,43.9744
141.4994,171.0525,74.5470,43.9744
139.4172,170.3584,74.5470,43.9744
138.7231,170.5898,74.5470,43.9744
139.6295,171.0296,72.2714,42.6320
139.8538,172.1511,72.2714,42.6320
140.7326,174.3719,70.0653,41.3307
140.0802,174.1544,70.0653,41.3307
138.9930,174.8068,70.0653,41.3307
137.9057,174.1544,70.0653,41.3307
138.9930,173.9370,70.0653,41.3307
138.7755,173.7195,70.0653,41.3307
140.2977,173.5021,70.0653,41.3307
140.9500,172.8497,70.0653,41.3307
142.6718,172.8282,67.9266,40.0691
145.1842,173.2289,65.8531,38.8459
148.4375,174.4349,63.8429,37.6602
150.2207,175.0294,63.8429,37.6602
150.8152,175.2275,63.8429,37.6602
154.1835,175.0294,63.8429,37.6602
154.3817,175.2275,63.8429,37.6602
154.5798,174.2368,63.8429,37.6602
154.7780,173.6424,63.8429,37.6602
154.9761,173.8405,63.8429,37.6602
156.1487,173.8209,61.8941,36.5106
155.7359,173.4296,63.8722,37.6774
154.7447,172.8349,63.8722,37.6774
154.1500,172.6366,63.8722,37.6774
152.7624,172.0419,63.8722,37.6774
152.5641,171.4472,63.8722,37.6774
151.7417,170.2505,65.9136,38.8816
151.5371,170.0459,65.9136,38.8816
150.2793,169.6291,68.0201,40.1243
149.2238,170.6846,68.0201,40.1243
140.3259,171.5212,70.1941,41.4066
143.1580,171.3033,70.1941,41.4066
145.3186,172.5889,68.0514,40.1427
145.2871,173.0034,70.2263,41.4256
147.8846,173.8536,68.0826,40.1611
148.9411,174.4875,68.0826,40.1611
150.4202,173.8536,68.0826,40.1611
151.8993,173.6423,68.0826,40.1611
152.9558,173.0084,68.0826,40.1611
153.1671,172.3745,68.0826,40.1611
153.3784,172.5858,68.0826,40.1611
154.4349,172.7971,68.0826,40.1611
155.0688,173.0084,68.0826,40.1611
155.8966,171.7197,66.0044,38.9352
158.7477,172.1091,63.9896,37.7467
160.7173,172.4866,62.0363,36.5945
159.7546,171.5240,62.0363,36.5945
160.1110,171.9019,64.0190,37.7640
161.5018,172.4979,64.0190,37.7640
163.2900,172.2992,64.0190,37.7640
162.8630,171.8944,66.0650,38.9709
165.7167,173.5144,64.0483,37.7813
167.9032,172.5205,64.0483,37.7813
168.6688,172.1156,66.0953,38.9888
169.2841,171.0899,66.0953,38.9888
171.1303,171.2950,66.0953,38.9888
172.1560,171.5002,66.0953,38.9888
172.7714,171.7053,66.0953,38.9888
172.5663,172.3207,66.0953,38.9888
173.1816,171.2950,66.0953,38.9888
174.2073,171.5002,66.0953,38.9888
174.8227,171.7053,66.0953,38.9888
173.1511,172.1079,68.2077,40.2349
171.4261,172.1000,70.3876,41.5208
171.2076,172.7554,70.3876,41.5208
169.8644,171.8734,72.6372,42.8478
167.5765,171.8650,74.9587,44.2173
166.8785,172.0977,74.9587,44.2173
166.6459,171.8650,74.9587,44.2173
166.1460,172.3216,77.3544,45.6304
167.8265,171.6014,77.3544,45.6304
167.1063,172.3216,77.3544,45.6304
169.2669,172.0815,77.3544,45.6304
169.9872,172.8018,77.3544,45.6304
172.1478,172.5617,77.3544,45.6304
172.8681,172.3216,77.3544,45.6304
173.7926,170.8722,79.8267,47.0888
177.0133,171.1200,79.8267,47.0888
180.2340,170.3767,79.8267,47.0888
181.9682,170.1290,79.8267,47.0888
183.7025,171.3677,79.8267,47.0888
184.4457,173.5974,79.8267,47.0888
186.6754,175.3317,79.8267,47.0888
187.4187,177.0659,79.8267,47.0888
189.1529,177.8091,79.8267,47.0888
188.9052,180.5343,79.8267,47.0888
189.1529,181.7731,79.8267,47.0888
189.4007,183.0118,79.8267,47.0888
190.6394,183.7551,79.8267,47.0888
190.3916,185.9848,79.8267,47.0888
191.1349,187.2235,79.8267,47.0888
190.8871,189.4532,79.8267,47.0888
190.6394,190.6920,79.8267,47.0888
189.8961,191.9307,79.8267,47.0888
189.6484,193.1694,79.8267,47.0888
187.1340,192.6647,82.3779,48.5937
187.3897,192.4090,82.3779,48.5937
186.6227,192.6647,82.3779,48.5937
186.3670,192.4090,82.3779,48.5937
188.9027,192.3837,79.8633,47.1104
191.3609,192.8549,77.4255,45.6723
191.6012,192.6146,77.4255,45.6723
191.8415,193.8161,77.4255,45.6723
192.0818,194.0564,77.4255,45.6723
192.8027,194.7773,77.4255,45.6723
192.5624,195.0175,77.4255,45.6723
193.7638,195.2578,77.4255,45.6723
194.0041,195.4981,77.4255,45.6723
193.7638,195.7384,77.4255,45.6723
195.1859,196.6758,75.0620,44.2782
195.4188,196.9088,75.0620,44.2782
196.5836,197.6076,75.0620,44.2782
198.6803,197.3747,75.0620,44.2782
198.9132,197.1417,75.0620,44.2782
199.6121,198.3065,75.0620,44.2782
199.8450,199.0054,75.0620,44.2782
200.0780,198.7724,75.0620,44.2782
199.3791,199.0054,75.0620,44.2782
199.1462,199.2384,75.0620,44.2782
197.7137,198.7637,77.4610,45.6933
197.1971,197.7932,79.9367,47.1537
194.4681,199.0336,79.9367,47.1537
193.4554,200.4976,77.4966,45.7143
194.1769,200.7381,77.4966,45.7143
194.1572,201.6763,75.1310,44.3188
191.3399,202.5859,72.8376,42.9660
189.3054,202.8120,72.8376,42.9660
189.9836,203.4901,72.8376,42.9660
192.9223,202.8120,72.8376,42.9660
189.2717,203.7078,75.1654,44.3392
184.3728,203.9410,75.1654,44.3392
184.6061,204.1743,75.1654,44.3392
192.9850,204.6178,72.8710,42.9857
194.1158,203.4870,72.8710,42.9857
193.8897,203.7131,72.8710,42.9857
194.5682,203.4870,72.8710,42.9857
195.2466,204.1655,72.8710,42.9857
194.1158,204.3916,72.8710,42.9857
189.3665,205.0701,72.8710,42.9857
188.6880,204.8439,72.8710,42.9857
184.3910,205.0701,72.8710,42.9857
182.3555,204.8439,72.8710,42.9857
180.9649,203.4785,75.2000,44.3596
180.2648,202.7784,75.2000,44.3596
178.6310,203.0118,75.2000,44.3596
177.2115,204.3890,72.9044,43.0055
176.9853,204.1627,72.9044,43.0055
176.7590,203.9364,72.9044,43.0055
176.0802,203.2577,72.9044,43.0055
177.2115,203.0314,72.9044,43.0055
177.4378,202.8051,72.9044,43.0055
178.3242,203.6878,70.6790,41.6927
177.6662,203.9071,70.6790,41.6927
178.0869,204.7628,68.5215,40.4200
179.1501,204.5502,68.5215,40.4200
177.4314,205.3797,66.4299,39.1862
181.5241,205.3721,68.5530,40.4386
182.7689,204.0876,70.7439,41.7310
184.7449,204.3071,70.7439,41.7310
185.8427,204.0876,70.7439,41.7310
187.8188,204.3071,70.7439,41.7310
188.0383,204.5267,70.7439,41.7310
189.5752,204.3071,70.7439,41.7310
190.6730,204.5267,70.7439,41.7310
193.2897,204.9441,68.5845,40.4571
193.0768,204.7312,68.5845,40.4571
194.9925,204.5184,68.5845,40.4571
194.7797,204.3055,68.5845,40.4571
194.5668,204.0926,68.5845,40.4571
194.7797,204.3055,68.5845,40.4571
194.7480,203.8718,70.7764,41.7502
195.4069,203.6522,70.7764,41.7502
196.9445,202.1146,70.7764,41.7502
196.4725,201.2278,73.0384,43.0845
196.6992,200.5477,73.0384,43.0845
196.9259,199.8677,73.0384,43.0845
195.9854,198.4991,75.3727,44.4615
196.6872,198.2652,75.3727,44.4615
197.3889,196.6277,75.3727,44.4615
195.4827,196.1512,77.7816,45.8825
196.2069,195.4270,77.7816,45.8825
197.4139,195.6684,77.7816,45.8825
199.1037,195.9098,77.7816,45.8825
199.8279,196.1512,77.7816,45.8825
199.3092,194.6938,80.2675,47.3489
199.5583,194.9429,80.2675,47.3489
200.8039,195.1920,80.2675,47.3489
202.5477,194.9429,80.2675,47.3489
202.7968,195.1920,80.2675,47.3489
203.0459,195.4411,80.2675,47.3489
203.7932,195.1920,80.2675,47.3489
206.5335,194.9429,80.2675,47.3489
207.2809,194.6938,80.2675,47.3489
208.0282,193.9464,80.2675,47.3489
208.7755,194.1956,80.2675,47.3489
210.5193,194.4447,80.2675,47.3489
211.2667,193.6973,80.2675,47.3489
211.5158,193.4482,80.2675,47.3489
214.2561,193.1991,80.2675,47.3489
213.2225,192.6916,82.8329,48.8621
213.9938,192.9486,82.8329,48.8621
213.7367,193.2057,82.8329,48.8621
215.5362,192.4345,82.8329,48.8621
227.8548,193.4373,80.3044,47.3706
232.8189,194.4096,77.8531,45.9246
238.1147,194.8689,75.4766,44.5227
240.6914,194.1661,75.4766,44.5227
244.8886,194.1429,73.1726,43.1637
246.9324,193.9158,73.1726,43.1637
246.7053,194.1429,73.1726,43.1637
248.7492,191.6449,73.1726,43.1637
251.4557,192.9850,70.9390,41.8461
254.5199,193.4035,68.7736,40.5687
255.5871,193.1900,68.7736,40.5687
257.9350,192.9766,68.7736,40.5687
260.9056,193.8092,66.6743,39.3303
262.7680,194.4300,66.6743,39.3303
265.0442,194.2231,66.6743,39.3303
267.7342,194.0161,66.6743,39.3303
267.7034,193.5946,68.8052,40.5873
269.1982,194.6623,68.8052,40.5873
271.1201,195.3029,68.8052,40.5873
272.6149,195.9435,68.8052,40.5873
272.1560,195.9356,71.0042,41.8845
273.2578,196.5967,71.0042,41.8845
274.8004,197.2578,71.0042,41.8845
277.2244,198.8003,71.0042,41.8845
277.1916,197.9106,73.2735,43.2231
280.1479,198.1380,73.2735,43.2231
282.6494,198.8203,73.2735,43.2231
285.6057,200.4121,73.2735,43.2231
288.1072,201.0944,73.2735,43.2231
287.1637,201.0859,75.6153,44.6046
290.2145,201.7899,75.6153,44.6046
293.7346,202.0246,75.6153,44.6046
295.3774,202.7286,75.6153,44.6046
298.8975,202.9633,75.6153,44.6046
301.4790,203.1980,75.6153,44.6046
304.0604,202.9633,75.6153,44.6046
305.2338,203.6673,75.6153,44.6046
307.3459,203.4326,75.6153,44.6046
308.9886,202.7286,75.6153,44.6046
311.5701,202.0246,75.6153,44.6046
314.6208,201.7899,75.6153,44.6046
317.2023,200.6165,75.6153,44.6046
318.3757,197.0964,75.6153,44.6046
319.0797,195.4536,75.6153,44.6046
318.5754,192.6288,78.0320,46.0301
319.3019,189.9648,78.0320,46.0301
321.4815,188.7539,78.0320,46.0301
323.8834,186.7925,75.6500,44.6250
323.6486,186.0882,75.6500,44.6250
327.1704,186.3230,75.6500,44.6250
331.3772,186.7693,73.3408,43.2628
332.5153,185.6312,73.3408,43.2628
331.1157,183.8018,75.6847,44.6455
329.6713,181.4441,78.1036,46.0724
329.9137,180.2321,78.1036,46.0724
331.1257,178.5353,78.1036,46.0724
334.7617,177.8081,78.1036,46.0724
336.9433,178.0505,78.1036,46.0724
337.6705,177.8081,78.1036,46.0724
337.9129,177.5657,78.1036,46.0724
341.7714,177.5417,75.7195,44.6660
345.5121,178.4584,73.4081,43.3026
346.1955,177.7749,73.4081,43.3026
345.2503,177.7664,75.7542,44.6865
346.4258,177.0611,75.7542,44.6865
346.6609,176.8260,75.7542,44.6865
347.8365,176.5909,75.7542,44.6865
349.9525,175.8856,75.7542,44.6865
352.2842,176.3325,73.4418,43.3225
352.5121,175.6487,73.4418,43.3225
352.2842,175.4208,73.4418,43.3225
352.5121,175.1928,73.4418,43.3225
355.2286,176.5378,71.2000,42.0000
352.1021,176.0877,73.4755,43.3423
349.7877,174.7109,75.8238,44.7276
350.0230,174.9463,75.8238,44.7276
350.7290,175.1816,75.8238,44.7276
350.4937,174.0050,75.8238,44.7276
349.5174,173.5255,78.2472,46.1571
349.7602,172.7970,78.2472,46.1571
350.9744,172.0685,78.2472,46.1571
353.3829,173.0158,75.8586,44.7481
353.1475,173.2512,75.8586,44.7481
352.4412,172.0741,75.8586,44.7481
354.3053,172.9925,73.5430,43.3821
352.7076,173.6772,73.5430,43.3821
351.5663,173.4490,73.5430,43.3821
349.7064,172.5275,75.8935,44.7686
348.2581,172.9898,78.3190,46.1994
347.2496,172.9807,80.8221,47.6760
349.5071,175.7399,80.8221,47.6760
350.7613,175.9908,80.8221,47.6760
351.0121,177.2449,80.8221,47.6760
350.4731,176.7339,83.4052,49.1997
352.5054,176.7243,86.0708,50.7721
353.3068,177.5256,86.0708,50.7721
355.7109,178.3270,86.0708,50.7721
353.5341,177.7828,88.8216,52.3948
354.3611,179.1611,88.8216,52.3948
353.2174,178.5995,91.6604,54.0693
350.8992,180.2957,94.5898,55.7974
351.1928,180.5893,94.5898,55.7974
353.8349,180.8829,94.5898,55.7974
359.0949,182.6152,91.7024,54.0942
361.0872,183.4690,91.7024,54.0942
359.9064,183.4584,94.6332,55.8230
359.2752,182.2726,97.6577,57.6071
359.2301,181.0490,100.7789,59.4482
363.9217,181.9873,100.7789,59.4482
363.2496,180.7245,103.9998,61.3482
363.2015,178.7759,107.3236,63.3089
372.5005,179.4091,104.0475,61.3764
378.9323,180.6687,100.8714,59.5028
381.7498,180.3557,100.8714,59.5028
382.6890,180.0426,100.8714,59.5028
385.5066,179.7296,100.8714,59.5028
391.1159,179.6986,97.7923,57.6865
391.4194,179.3951,97.7923,57.6865
396.2505,178.1510,94.8072,55.9256
393.2643,175.7861,97.8372,57.7130
389.5754,173.9529,100.9641,59.5575
387.6487,172.0611,104.1909,61.4609
386.6786,171.0910,104.1909,61.4609
383.3968,168.4921,107.5208,63.4252
382.0123,166.4774,110.9572,65.4523
379.2061,165.0872,114.5034,67.5442
377.4293,164.7318,114.5034,67.5442
375.6524,162.9550,114.5034,67.5442
374.5863,162.5996,114.5034,67.5442
379.5323,163.9859,111.0081,65.4824
381.5710,166.7079,107.6196,63.4835
381.5436,166.0068,104.3344,61.5456
382.1646,167.2700,101.1496,59.6669
379.9671,167.5839,101.1496,59.6669
381.1970,168.8085,98.0620,57.8456
381.7807,168.7783,95.0686,56.0798
381.4856,169.0734,95.0686,56.0798
381.7807,169.3684,95.0686,56.0798
381.7367,168.1772,98.1070,57.8721
380.4734,166.9480,101.2425,59.7217
380.7877,166.0053,101.2425,59.7217
382.9872,165.6911,101.2425,59.7217
386.4435,164.7485,101.2425,59.7217
388.6430,164.4342,101.2425,59.7217
392.0993,162.8632,101.2425,59.7217
398.3577,162.8321,98.1520,57.8987
399.8808,163.1367,98.1520,57.8987
402.9020,164.3250,95.1559,56.1313
404.9692,164.6203,95.1559,56.1313
406.4459,163.7344,95.1559,56.1313
409.6944,163.4390,95.1559,56.1313
409.9897,161.9624,95.1559,56.1313
409.6944,161.6671,95.1559,56.1313
412.0327,162.2285,92.2513,54.4179
409.4559,161.9422,92.2513,54.4179
408.0244,161.6559,92.2513,54.4179
406.0203,161.9422,92.2513,54.4179
404.5887,161.6559,92.2513,54.4179
403.1572,161.3696,92.2513,54.4179
403.1336,162.4864,89.4353,52.7568
403.1108,165.2346,86.7052,51.1464
405.2415,166.2843,84.0585,49.5851
405.2200,166.7803,81.4926,48.0715
403.1759,166.7552,79.0050,46.6041
400.4787,165.0388,79.0050,46.6041
400.4586,165.0145,76.5934,45.1815
400.4390,165.4664,74.2553,43.8023
398.1001,164.5360,76.6285,45.2022
395.9597,165.2495,76.6285,45.2022
394.0218,165.7162,79.0776,46.6469
390.8313,165.4708,79.0776,46.6469
389.3386,169.3733,76.6637,45.2230
388.1489,171.9905,76.6637,45.2230
385.5317,171.7526,76.6637,45.2230
382.6411,170.7920,79.1139,46.6683
378.9580,170.0554,79.1139,46.6683
378.4468,171.0132,76.6989,45.2438
377.7327,171.7273,76.6989,45.2438
374.6382,171.0132,76.6989,45.2438
374.4001,170.7751,76.6989,45.2438
372.7338,171.0132,76.6989,45.2438
371.5436,172.2034,76.6989,45.2438
371.3056,171.9653,76.6989,45.2438
371.0676,171.7273,76.6989,45.2438
370.8295,171.4893,76.6989,45.2438
369.3658,171.0043,79.1502,46.6898
370.1028,171.2500,79.1502,46.6898
370.8397,171.4956,79.1502,46.6898
372.2934,171.4713,76.7341,45.2645
374.1790,170.9714,74.3918,43.8828
374.8716,171.6640,74.3918,43.8828
373.4520,170.7319,76.7693,45.2853
373.6902,171.4467,76.7693,45.2853
373.4520,171.2084,76.7693,45.2853
375.8150,171.6613,74.4259,43.9030
374.1981,171.4303,74.4259,43.9030
374.4291,171.1994,74.4259,43.9030
373.0088,171.1908,76.8046,45.3061
373.9267,170.2284,79.2593,46.7541
374.6647,170.4744,79.2593,46.7541
376.3866,170.7204,79.2593,46.7541
375.6487,171.4583,79.2593,46.7541
375.1200,170.4652,81.7924,48.2483
374.8662,169.7037,81.7924,48.2483
375.1200,169.9575,81.7924,48.2483
373.8508,169.7037,81.7924,48.2483
372.0739,169.4498,81.7924,48.2483
370.0053,167.9173,84.4065,49.7904
368.6955,167.6553,84.4065,49.7904
368.9574,166.8694,84.4065,49.7904
369.2194,167.1314,84.4065,49.7904
369.4814,166.3455,84.4065,49.7904
373.6512,167.3674,81.8299,48.2705
375.1541,167.8502,79.3321,46.7970
375.4003,168.5888,79.3321,46.7970
376.1389,168.8350,79.3321,46.7970
377.3700,169.0812,79.3321,46.7970
378.1086,168.8350,79.3321,46.7970
376.1023,166.8561,81.8675,48.2927
375.0481,165.3222,84.4840,49.8361
373.7371,164.0112,84.4840,49.8361
372.9505,164.2734,84.4840,49.8361
371.8626,162.1660,87.1841,51.4289
372.1332,162.4366,87.1841,51.4289
372.0929,160.8030,89.9705,53.0725
