0.1936
0.2213
0.057171
0.030111
0.038545
0.032901
0.02784
0.023802
0.02398
0.0225
0.022351
0.022204
0.022378
0.021941
0.022552
0.021937
0.022193
0.021878
0.022157
0.021882
0.022401
0.022017
0.022074
0.02186
0.022166
0.021878
0.022166
0.022019
0.022058
0.022
0.02227
0.02223
0.022266
0.021878
0.021989
0.021823
0.022076
0.021889
0.021952
0.021792
0.022797
0.022275
0.022935
0.021942
0.022599
0.021753
0.022046
0.021612
0.021877
0.021605
0.02181
0.021587
0.021888
0.021749
0.021828
0.021618
0.021747
0.02153
0.021849
0.021486
0.021889
0.021742
0.021849
0.021787
0.02186
0.021587
0.021922
0.021651
0.021856
0.021652
0.021862
0.021624
0.021878
0.021513
0.022068
0.021818
0.021987
0.021584
0.021879
0.021526
0.021785
0.021486
0.021986
0.021615
0.021882
0.021896
0.022238
0.0216
0.022045
0.021763
0.021779
0.021576
0.022282
0.021609
0.022022
0.021461
0.021681
0.02141
0.021671
0.021453
0.022244
0.021936
0.022212
0.021635
0.021907
0.021476
0.021733
0.021602
0.021854
0.021516
0.021817
0.021882
0.022457
0.022053
0.022122
0.02185
0.021951
0.021558
0.021806
0.021418
0.021826
0.021469
0.021879
0.021593
0.021983
0.022052
0.0224
0.021971
0.022279
0.022103
0.022301
0.0219
0.022271
0.021508
0.021783
0.021614
0.02167
0.021802
0.021559
0.02138
0.02188
0.021542
0.021676
0.021469
0.021669
0.021445
0.021689
0.021492
0.021814
0.021512
0.021752
0.021532
0.021797
0.021517
0.021805
0.021551
0.021633
0.021699
0.021928
0.021499
0.021701
0.021591
0.021674
0.021396
0.021656
0.021426
0.021634
0.02155
0.022856
0.021946
0.022328
0.021937
0.022262
0.021966
0.022323
0.021939
0.022227
0.021825
0.021778
0.021837
0.021887
0.021393
0.021775
0.021482
0.021759
0.021502
0.021685
0.021721
0.022037
0.021501
0.021778
0.021575
0.021915
0.021505
0.021816
0.021518
0.021842
0.021522
0.021757
0.021572
0.02222
0.022299
0.021867
0.021565
0.021737
0.021623
0.020621
0.021506
0.021767
0.021526
0.021691
0.021578
0.021692
0.021437
0.021783
0.021512
0.021827
0.021451
0.021717
0.021464
0.021808
0.021435
0.021726
0.021498
0.02222
0.02153
0.021668
0.02146
0.021699
0.021432
0.021758
0.021562
0.021712
0.02151
0.021711
0.021515
0.021697
0.021544
0.0217
0.021531
0.021758
0.021471
0.021728
0.021753
0.021665
0.02172
0.021724
0.021636
0.021616
0.021295
0.022127
0.022119
0.022318
0.021713
0.021826
0.021582
0.021759
0.021624
0.02177
0.021561
0.021759
0.021547
0.021994
0.021522
0.021842
0.021524
0.021986
0.021577
0.022036
0.021609
0.021773
0.021772
0.021887
0.021614
0.021869
0.02162
0.021849
0.021593
0.021927
0.021634
0.021813
0.02163
0.02183
0.021592
0.021876
0.021613
0.02181
0.021654
0.02178
0.021537
0.021941
0.021759
0.021949
0.021505
0.021745
0.02159
0.021763
0.021547
0.022046
0.021806
0.02169
0.021435
0.021702
0.021448
0.022
0.02161
0.0218
0.021795
0.021751
0.021579
0.021733
0.021463
0.021741
0.021444
0.021698
0.021515
0.021777
0.021565
0.021746
0.021591
0.021831
0.021617
0.021742
0.021477
0.021979
0.02173
0.021789
0.021527
0.02165
0.021481
0.021709
0.021555
0.021784
0.021539
0.022115
0.021988
0.021973
0.021742
0.02209
0.02164
0.021696
0.021403
0.021631
0.021427
0.021709
0.02147
0.021601
0.02147
0.021646
0.021514
0.021646
0.02138
0.022097
0.022883
0.021713
0.021431
0.021604
0.021428
0.021615
0.021366
0.021636
0.021399
0.021686
0.021363
0.021588
0.021359
0.021577
0.021561
0.021912
0.021482
0.021558
0.021369
0.021624
0.021336
0.021542
0.021262
0.021494
0.021358
0.021567
0.021373
0.021725
0.02142
0.021908
0.021636
0.021557
0.021405
0.021618
0.021398
0.021886
0.021826
0.021657
0.021434
0.021884
0.021453
0.021918
0.024162
0.022905
0.02256
0.021717
0.023137
0.023996
0.023026
0.02335
0.0229
0.023273
0.022966
0.023259
0.022292
0.022517
0.02281
0.022516
0.022784
0.0224
0.022797
0.023012
0.022763
0.02322
0.022771
0.022449
0.022338
0.022589
0.022137
0.02303
0.022129
0.023201
0.022443
0.023181
0.022858
0.022526
0.021704
0.021993
0.02154
0.021768
0.020137
0.022927
0.022329
0.022702
0.022364
0.022664
0.021557
0.021722
0.021519
0.021868
0.021561
0.021777
0.021535
0.021828
0.02156
0.021804
0.021526
0.021734
0.02146
0.021627
0.021357
0.021945
0.021722
0.021952
0.021606
0.021962
0.02146
0.02213
0.021918
0.021769
0.0215
0.021812
0.021535
0.021718
0.021519
0.021795
0.021536
0.021979
0.021716
0.021914
0.021641
0.021815
0.021715
0.021944
0.021668
0.021984
0.021689
0.021944
0.021606
0.021935
0.021584
0.021986
0.021624
0.021869
0.021574
0.021836
0.021721
0.021906
0.021584
0.02183
0.021598
0.021883
0.021647
0.021945
0.021663
0.021932
0.0217
0.02231
0.02221
0.022598
0.022097
0.022504
0.021998
0.022344
0.021948
0.021792
0.021455
0.02174
0.021471
0.021724
0.021539
0.021706
0.021453
0.021695
0.021479
0.021924
