0.2351
0.2904
0.10854
0.067375
0.073241
0.068374
0.061673
0.057257
0.057784
0.057817
0.057603
0.05739
0.057678
0.057644
0.058122
0.057552
0.057707
0.058069
0.05774
0.056256
0.057309
0.057164
0.057321
0.057545
0.057775
0.057628
0.057758
0.057825
0.05781
0.057912
0.058084
0.056727
0.057318
0.057768
0.05771
0.057393
0.058105
0.057723
0.057815
0.057665
0.058395
0.057941
0.058609
0.056699
0.057949
0.057455
0.057842
0.05788
0.057767
0.057768
0.057847
0.0577
0.057821
0.057933
0.057656
0.056859
0.057292
0.057062
0.057556
0.057345
0.057536
0.057661
0.057767
0.05788
0.057829
0.057496
0.057474
0.05689
0.05739
0.05753
0.057809
0.057473
0.05743
0.057629
0.057836
0.058136
0.057984
0.057797
0.057589
0.056309
0.05704
0.057267
0.057145
0.057539
0.05768
0.058303
0.057506
0.056499
0.057782
0.058025
0.058121
0.05585
0.057354
0.057483
0.057781
0.057885
0.057655
0.057611
0.057586
0.057724
0.05875
0.058225
0.057591
0.056903
0.057081
0.057353
0.057647
0.057498
0.057523
0.057583
0.057727
0.058033
0.058663
0.057968
0.05799
0.056852
0.057145
0.057214
0.057687
0.057608
0.057851
0.057786
0.057811
0.0577
0.057715
0.058499
0.058153
0.056477
0.05708
0.05662
0.058184
0.058016
0.057727
0.057363
0.056926
0.056974
0.057348
0.057357
0.057394
0.056779
0.056586
0.056745
0.05675
0.0563
0.056718
0.057162
0.057325
0.057405
0.056519
0.056371
0.055984
0.054561
0.056715
0.056702
0.057106
0.057112
0.056748
0.05659
0.056319
0.056618
0.05749
0.057441
0.057686
0.05601
0.05698
0.057149
0.057098
0.057172
0.057903
0.057249
0.056737
0.056805
0.056164
0.056714
0.055703
0.055462
0.056128
0.056554
0.056515
0.057051
0.057335
0.056935
0.057033
0.056358
0.056841
0.056828
0.056867
0.056573
0.057404
0.056871
0.056744
0.056671
0.056646
0.056877
0.057321
0.07372
0.057595
0.057916
0.056526
0.056423
0.057214
0.057358
0.057098
0.057341
0.05746
0.057857
0.057884
0.058309
0.078309
0.057628
0.057709
0.056654
0.057029
0.057349
0.057243
0.057463
0.063298
0.058048
0.058175
0.057886
0.062326
0.057657
0.057208
0.055564
0.056451
0.057275
0.057231
0.057493
0.057353
0.057577
0.057672
0.057717
0.057589
0.057728
0.057933
0.056444
0.056831
0.057259
0.057075
0.057763
0.057909
0.057693
0.057997
0.05769
0.057754
0.057805
0.057869
0.056944
