1
187.9071,351.2756,51.7458,104.3578
196.6911,353.3958,51.7458,104.3578
202.0895,353.8126,52.8907,106.6667
211.0678,357.8374,52.8907,106.6667
221.7250,357.6210,54.0609,109.0267
232.8006,358.5704,54.0609,109.0267
244.5092,360.1526,54.0609,109.0267
256.2177,362.3678,54.0609,109.0267
266.4541,363.4598,55.2570,111.4389
279.7155,364.4302,55.2570,111.4389
293.5341,362.8618,56.4796,113.9045
309.0725,363.8536,56.4796,113.9045
323.1968,364.9946,57.7292,116.4246
337.7274,366.6842,57.7292,116.4246
354.2677,367.1492,59.0065,119.0005
371.8908,369.0579,60.3120,121.6334
387.7060,370.2763,61.6464,124.3246
402.3737,371.5216,63.0103,127.0752
415.0699,374.3251,64.4044,129.8868
420.2244,367.8036,65.8294,132.7605
426.0044,361.2529,65.8294,132.7605
446.4272,365.4916,65.8294,132.7605
456.8312,365.8769,65.8294,132.7605
466.4645,360.0969,65.8294,132.7605
483.8046,362.7942,65.8294,132.7605
510.6615,368.9215,67.2858,135.6979
524.2192,371.9152,68.7745,138.7002
534.7355,364.1158,70.2962,141.7689
540.3615,362.9744,71.8515,144.9056
535.6395,364.4259,73.4412,148.1116
529.9209,365.0174,75.0661,151.3886
525.8993,372.0044,76.7269,154.7381
505.9459,365.1670,78.4245,158.1616
525.5582,341.9850,80.1596,161.6610
653.6768,395.2064,81.9332,165.2377
637.3453,396.8616,83.7459,168.8936
620.6525,399.5705,85.5988,172.6304
608.7888,401.2997,87.4927,176.4498
589.2238,400.9418,89.4285,180.3538
2
0
0
0
0
1
625.4108,169.4742,125.4299,146.0557
631.2852,152.9192,125.4299,146.0557
636.0915,145.9767,125.4299,146.0557
650.2972,168.6381,122.7551,142.9410
648.0798,198.8763,120.1373,139.8927
571.9578,241.2879,117.5753,136.9095
572.4584,219.7624,117.5753,136.9095
564.9495,208.2488,117.5753,136.9095
546.4276,180.7162,117.5753,136.9095
552.9352,154.1848,117.5753,136.9095
573.4595,142.6712,117.5753,136.9095
581.9696,141.1694,117.5753,136.9095
586.3819,147.4453,120.1767,139.9386
629.8738,158.1903,120.1767,139.9386
651.8755,183.2621,120.1767,139.9386
660.5738,203.2171,120.1767,139.9386
671.3189,217.0322,120.1767,139.9386
682.0640,244.1506,120.1767,139.9386
627.3154,225.2189,120.1767,139.9386
636.0722,234.8188,122.8356,143.0348
643.9171,246.8475,122.8356,143.0348
629.7963,265.1521,122.8356,143.0348
621.5284,268.1895,120.2161,139.9845
618.6055,273.5443,122.8758,143.0817
581.0883,257.4212,120.2555,140.0304
569.0461,251.5118,117.6910,137.0442
2
0
0
0
0
1
693.2537,466.6938,135.7523,142.4268
693.8012,466.1463,135.7523,142.4268
694.3488,463.4085,135.7523,142.4268
693.8012,462.8609,135.7523,142.4268
694.3488,462.3134,135.7523,142.4268
691.6110,463.9561,135.7523,142.4268
688.8732,463.4085,135.7523,142.4268
687.2305,462.8610,135.7523,142.4268
684.4927,462.3134,135.7523,142.4268
683.9452,461.7659,135.7523,142.4268
684.4927,462.3134,135.7523,142.4268
685.0402,459.5756,135.7523,142.4268
683.3975,457.9329,135.7523,142.4268
681.7548,457.3854,135.7523,142.4268
679.0171,456.8378,135.7523,142.4268
678.4695,454.1001,135.7523,142.4268
675.7317,453.5525,135.7523,142.4268
674.0890,453.0050,135.7523,142.4268
673.5415,451.3623,135.7523,142.4268
675.1842,449.7196,135.7523,142.4268
679.0171,448.0769,135.7523,142.4268
683.9451,446.4342,135.7523,142.4268
689.9682,445.8866,135.7523,142.4268
694.8963,447.5293,135.7523,142.4268
694.7604,448.5202,132.8573,139.3896
698.5116,449.0561,132.8573,139.3896
697.9757,451.7355,132.8573,139.3896
697.4398,453.3431,132.8573,139.3896
696.9039,451.7355,132.8573,139.3896
696.3680,450.1278,132.8573,139.3896
695.8321,450.6637,132.8573,139.3896
695.2963,450.1278,132.8573,139.3896
694.7604,450.6637,132.8573,139.3896
693.1527,450.1278,132.8573,139.3896
691.5450,449.5919,132.8573,139.3896
688.8657,447.9842,132.8573,139.3896
686.1863,448.5201,132.8573,139.3896
682.4351,446.9125,132.8573,139.3896
664.7510,446.3766,132.8573,139.3896
652.4258,445.8407,132.8573,139.3896