0.19451
0.22337
0.055976
0.028619
0.038447
0.031613
0.026407
0.023215
0.023203
0.021754
0.021828
0.021026
0.020765
0.020648
0.020955
0.020726
0.020531
0.02054
0.020407
0.020728
0.020785
0.020445
0.020643
0.02024
0.020672
0.020718
0.020415
0.020491
0.020461
0.020691
0.020776
0.020797
0.02096
0.020508
0.020279
0.020452
0.020644
0.020698
0.020678
0.020384
0.020659
0.020796
0.021157
0.020463
0.021258
0.020367
0.020511
0.02022
0.02046
0.02017
0.020084
0.020333
0.020442
0.020759
0.020651
0.020826
0.020358
0.020182
0.020142
0.020205
0.02063
0.020146
0.020536
0.020381
0.020121
0.020171
0.020474
0.020335
0.020538
0.020397
0.020088
0.020052
0.020126
0.020333
0.020151
0.020643
0.020119
0.019282
0.019121
0.019199
0.019282
0.019075
0.020184
0.020296
0.020024
0.019951
0.020454
0.020055
0.020004
0.020025
0.019915
0.020071
0.020321
0.020226
0.020104
0.019919
0.020328
0.019976
0.020442
0.020044
0.020984
0.020572
0.020533
0.020025
0.019939
0.020533
0.020381
0.020176
0.020851
0.024163
0.023898
0.020455
0.020956
0.020573
0.020642
0.021154
0.021038
0.021616
0.024901
0.025334
0.020931
0.020433
0.02054
0.019955
0.019991
0.020589
0.020635
0.023909
0.02541
0.025068
0.02495
0.022931
0.020314
0.019976
0.019962
0.020017
0.020522
0.020379
0.020461
0.02135
