0.20471
0.23026
0.066277
0.039148
0.04733
0.042641
0.036534
0.033057
0.033054
0.032742
0.032701
0.03258
0.032621
0.032748
0.032938
0.032675
0.032603
0.03254
0.032599
0.032695
0.03291
0.032766
0.032607
0.032689
0.032684
0.032516
0.032528
0.032628
0.032595
0.032556
0.032765
0.033386
0.032887
0.032818
0.03284
0.032766
0.032798
0.032877
0.032591
0.032723
0.033381
0.033009
0.034127
0.033184
0.033327
0.032908
0.032956
0.032844
0.033198
0.032521
0.032527
0.032484
0.032529
0.03289
0.032492
0.032483
0.032544
0.032579
0.032586
0.032643
0.032504
0.032561
0.03251
0.032627
0.032583
0.032595
0.032587
0.032543
0.032585
0.073785
0.038995
0.041569
0.03252
0.032315
0.032448
0.032477
0.032457
0.032445
0.032434
0.032443
0.03267
0.032457
0.035567
0.043212
0.034879
0.0348
0.034663
0.035224
0.034567
0.034569
0.034372
0.034379
0.034614
0.034644
0.034556
0.034604
0.034682
0.035007
0.034811
0.034442
0.035293
0.034908
0.034718
0.034598
0.034628
0.034677
0.0347
0.034694
0.03474
0.034648
0.033175
0.033245
0.033369
0.032753
0.032801
0.032781
0.032781
0.032693
0.032759
0.032732
0.032833
0.032599
0.032772
0.032667
0.03281
0.033246
0.033395
0.033295
0.033368
0.03295
0.032746
0.032855
0.034704
0.034509
0.034595
0.034665
0.034652
0.034628
0.034622
0.034564
0.034626
0.034751
0.032934
0.032898
0.032748
0.032859
0.032684
0.032515
0.032544
0.03438
0.034513
0.034442
0.034724
0.034626
0.034586
0.034491
0.034428
0.034609
0.034464
0.034454
0.034459
0.034272
0.034431
0.032508
0.032611
0.032531
0.032594
0.032778
0.033485
0.033125
0.033028
0.032919
0.032973
0.032941
0.032367
0.032399
0.032394
0.032532
0.032578
0.032734
0.032652
0.032581
0.032669
0.032468
0.032592
0.03312
0.034952
0.034678
0.034526
0.034583
0.034598
0.03455
0.03477
0.032991
0.033304
0.032976
0.032521
0.032657
0.032683
0.032806
0.032929
0.032857
0.032491
0.032436
0.032455
0.032342
0.032434
0.032436
0.032496
0.032324
0.032388
0.032366
0.032429
0.032418
0.03232
0.032423
0.032275
0.03254
0.032523
0.032367
0.032502
0.032273
0.032392
0.032464
0.032307
0.032402
0.032532
0.032437
0.032451
0.032393
0.032539
0.032453
0.032516
0.032809
0.032672
0.032563
0.032564
0.032684
0.032525
0.034113
0.032581
0.032519
0.032613
0.03278
0.032779
0.03254
0.032565
0.032586
0.032632
0.032584
0.033097
0.032871
0.032547
0.032403
0.032558
0.032494
0.032708
0.03246
0.03439
0.032508
0.032494
0.032298
0.032399
0.03249
0.032562
0.032631
0.032826
0.03423
0.034229
0.034327
0.032551
0.034188
0.034371
0.032464
0.032507
0.032514
0.032512
0.032462
0.032652
0.032383
0.032604
0.032557
0.031481
0.032472
0.032675
0.032506
0.032547
0.032547
0.03271
0.032544
0.032614
0.032439
0.032544
0.032565
0.032718
0.032636
0.032652
0.032587
0.032585
0.032736
0.032524
0.032721
0.032664
0.032511
0.032573
0.032528
0.032917
0.032694
0.032606
0.032744
0.032707
0.032798
0.032681
0.032688
0.032775
0.032599
0.032745
0.032596
0.032778
0.032795
0.032714
0.03244
0.03257
0.03277
0.034135
0.032604
0.034314
0.032397
0.034258
0.032531
0.032417
0.032424
0.032253
0.032437
0.032718
0.034812
0.034621
0.032906
0.032366
0.032101
0.032414
0.032255
0.032392
0.032306
0.032679
