1
712.3148,230.4095,22.0000,24.0000
714.9401,231.5864,22.0000,24.0000
715.3928,230.7716,22.0000,24.0000
717.2939,230.6811,22.0000,24.0000
718.1087,230.5905,22.0000,24.0000
718.3802,230.3189,22.0000,24.0000
719.9193,230.9527,22.0000,24.0000
720.0098,230.5000,22.0000,24.0000
721.1867,230.7716,22.0000,24.0000
721.6393,230.1379,22.0000,24.0000
721.7299,230.2284,22.0000,24.0000
721.8204,230.3189,22.0000,24.0000
722.0920,230.2284,22.0000,24.0000
722.1825,230.1379,22.0000,24.0000
722.0920,230.0473,22.0000,24.0000
721.6393,229.9568,22.0000,24.0000
720.2814,229.5042,22.0000,24.0000
720.1909,228.6894,22.0000,24.0000
719.1950,228.7799,22.0000,24.0000
718.7424,228.8705,22.0000,24.0000
717.3845,228.9610,22.0000,24.0000
716.3886,229.0515,22.0000,24.0000
715.2117,229.1421,22.0000,24.0000
713.3106,229.4136,22.0000,24.0000
711.9526,229.6852,22.0000,24.0000
710.4136,229.4136,22.0000,24.0000
708.5125,230.2284,22.0000,24.0000
705.7061,230.1379,22.0000,24.0000
702.8997,230.0473,22.0000,24.0000
700.9985,229.9568,22.0000,24.0000
698.7353,229.6852,22.0000,24.0000
694.8425,229.4136,22.0000,24.0000
692.2172,230.2284,22.0000,24.0000
687.9623,230.1379,22.0000,24.0000
684.4316,230.2284,22.0000,24.0000
681.4441,230.1379,22.0000,24.0000
675.7407,230.0473,22.0000,24.0000
670.9427,229.9568,22.0000,24.0000
664.5150,229.6852,22.0000,24.0000
659.7170,228.8705,22.0000,24.0000
655.4726,227.3101,22.7031,24.7670
648.4387,229.2763,22.0101,24.0110
643.6384,229.0045,22.0101,24.0110
634.3201,228.1680,22.7135,24.7784
635.1613,214.4285,22.7135,24.7784
636.9100,195.4592,22.0202,24.0220
644.2233,207.8774,21.3480,23.2888
645.3755,226.9194,22.0303,24.0331
654.3503,228.0979,22.0303,24.0331
660.4242,228.3699,22.0303,24.0331
665.6021,228.8017,22.7344,24.8012
674.4895,229.2695,22.7344,24.8012
679.6348,230.2985,22.7344,24.8012
686.2770,231.1405,22.7344,24.8012
691.7966,231.4212,22.7344,24.8012
696.0064,232.6373,22.7344,24.8012
702.4615,232.7309,22.7344,24.8012
707.0455,233.3857,22.7344,24.8012
712.0038,234.7890,22.7344,24.8012
715.4652,234.8826,22.7344,24.8012
719.1137,235.3503,22.7344,24.8012
722.9493,236.5665,22.7344,24.8012
725.2881,237.0343,22.7344,24.8012
728.7496,236.9407,22.7344,24.8012
730.1528,237.0343,22.7344,24.8012
731.9303,237.3149,22.7344,24.8012
733.5207,237.7827,22.7344,24.8012
735.6452,237.6935,22.0404,24.0441
736.0986,237.6028,22.0404,24.0441
737.0963,237.5121,22.0404,24.0441
737.5234,237.7883,21.3676,23.3102
736.7321,237.7004,21.3676,23.3102
736.6441,237.4366,21.3676,23.3102
735.5011,236.9970,21.3676,23.3102
734.5339,237.6125,21.3676,23.3102
733.0391,237.1729,21.3676,23.3102
731.7202,237.4366,21.3676,23.3102
729.6979,236.6453,21.3676,23.3102
726.9721,236.9091,21.3676,23.3102
725.3015,237.1729,21.3676,23.3102
721.7067,236.8883,22.0505,24.0551
717.9865,236.7975,22.0505,24.0551
715.1841,236.5039,22.7553,24.8239
710.5959,237.1593,22.7553,24.8239
707.5059,237.0657,22.7553,24.8239
701.7939,236.9721,22.7553,24.8239
697.3930,237.0657,22.7553,24.8239
693.5538,237.1593,22.7553,24.8239
686.9056,237.4403,22.7553,24.8239
681.3809,237.7212,22.7553,24.8239
674.1708,236.8784,22.7553,24.8239
668.6190,238.2873,22.0607,24.0662
662.3552,238.9228,22.0607,24.0662
653.7417,238.0843,22.7657,24.8353
646.9139,235.9075,23.4933,25.6291
642.7569,237.1643,23.4933,25.6291
649.8141,237.2610,23.4933,25.6291
656.0980,237.7443,23.4933,25.6291
667.1875,238.0388,22.7762,24.8467
672.7172,238.3200,22.7762,24.8467
680.8712,239.1635,22.7762,24.8467
686.4009,239.2572,22.7762,24.8467
692.1180,239.9133,22.7762,24.8467
698.9598,240.0070,22.7762,24.8467
703.1774,240.4756,22.7762,24.8467
709.4569,241.6940,22.7762,24.8467
713.6745,241.4129,22.7762,24.8467
716.5800,242.6313,22.7762,24.8467
723.0196,242.7293,22.0809,24.0883
725.8364,243.0019,22.0809,24.0883
729.7435,243.6380,22.0809,24.0883
732.3785,243.5471,22.0809,24.0883
735.3770,243.6380,22.0809,24.0883
738.5571,243.9106,22.0809,24.0883
739.8937,244.3691,21.4069,23.3530
742.8006,244.4572,21.4069,23.3530
743.9457,244.7214,21.4069,23.3530
745.0909,244.9857,21.4069,23.3530
746.4122,245.4261,21.4069,23.3530
745.6194,244.9857,21.4069,23.3530
746.0599,245.9547,21.4069,23.3530
746.1480,246.0428,21.4069,23.3530
745.5314,246.1309,21.4069,23.3530
743.5053,246.5713,21.4069,23.3530
742.1840,246.1309,21.4069,23.3530
740.3341,246.3951,21.4069,23.3530
737.6033,245.4261,21.4069,23.3530
735.9296,245.3380,21.4069,23.3530
732.6703,245.0738,21.4069,23.3530
729.4213,244.7887,22.0911,24.0993
725.1594,243.7673,22.7971,24.8696
720.7504,242.7353,22.7971,24.8696
716.3412,242.6415,22.7971,24.8696
710.6189,241.7972,22.7971,24.8696
705.4594,241.7034,22.7971,24.8696
698.9974,240.6494,23.5257,25.6644
693.0921,241.1334,23.5257,25.6644
688.1549,240.4557,23.5257,25.6644
680.1198,240.3589,23.5257,25.6644
674.2145,240.0685,23.5257,25.6644
664.8354,238.9807,24.2776,26.4846
657.9422,238.4812,24.2776,26.4846
651.0490,237.5821,24.2776,26.4846
641.3585,236.4832,24.2776,26.4846
645.4545,236.3833,24.2776,26.4846
654.7454,236.2834,24.2776,26.4846
661.8384,236.1835,24.2776,26.4846
669.3020,238.2860,23.5365,25.6762
678.3093,238.5766,23.5365,25.6762
684.4109,239.4483,23.5365,25.6762
692.8372,240.5136,23.5365,25.6762
697.5829,241.1916,23.5365,25.6762
705.6216,241.8696,23.5365,25.6762
710.3674,242.1601,23.5365,25.6762
714.5321,243.4192,23.5365,25.6762
721.5741,245.2639,22.8180,24.8924
725.4239,245.1700,22.8180,24.8924
730.5881,245.6395,22.8180,24.8924
734.2501,245.7334,22.8180,24.8924
737.1609,246.2029,22.8180,24.8924
741.3862,247.2357,22.8180,24.8924
744.4574,248.0851,22.1215,24.1326
747.0973,248.3582,22.1215,24.1326
749.3730,249.3595,22.1215,24.1326
750.9205,249.4505,22.1215,24.1326
752.4681,248.9954,22.1215,24.1326
752.9232,249.6326,22.1215,24.1326
753.8980,249.9099,21.4462,23.3959
754.1628,250.7042,21.4462,23.3959
754.2510,250.6159,21.4462,23.3959
753.2803,250.5277,21.4462,23.3959
750.7313,250.0656,22.1317,24.1436
748.6367,250.3388,22.1317,24.1436
746.3599,250.4298,22.1317,24.1436
744.9938,249.4281,22.1317,24.1436
741.2598,250.0656,22.1317,24.1436
738.8009,249.6102,22.1317,24.1436
734.5206,248.7905,22.1317,24.1436
731.1509,248.8816,22.1317,24.1436
727.9634,248.6084,22.1317,24.1436
722.2259,247.6066,22.1317,24.1436
718.1277,247.5155,22.1317,24.1436
711.1152,246.8781,22.1317,24.1436
706.2990,246.4012,22.8390,24.9153
700.9529,245.7211,23.5689,25.7116
693.0971,244.6542,23.5689,25.7116
688.1508,244.1693,23.5689,25.7116
680.1010,242.7145,23.5689,25.7116
674.1849,242.2296,23.5689,25.7116
667.8807,241.7446,23.5689,25.7116
657.3093,241.4537,23.5689,25.7116
649.6588,240.1699,24.3222,26.5333
654.7339,240.2747,23.5797,25.7234
660.2647,239.2073,23.5797,25.7234
665.4073,239.4984,23.5797,25.7234
673.4608,239.9836,23.5797,25.7234
678.6035,241.0509,23.5797,25.7234
685.4926,241.9242,23.5797,25.7234
689.6649,242.6034,23.5797,25.7234
693.4491,242.8945,23.5797,25.7234
698.5917,244.1559,23.5797,25.7234
702.1818,244.0588,23.5797,25.7234
707.1304,245.9024,23.5797,25.7234
709.7502,245.9995,23.5797,25.7234
711.3997,246.6787,23.5797,25.7234
714.4077,246.5816,23.5797,25.7234
716.2513,246.4846,23.5797,25.7234
718.6770,246.5816,23.5797,25.7234
720.9088,246.6787,23.5797,25.7234
722.3642,246.7757,23.5797,25.7234
723.6255,246.8727,23.5797,25.7234
724.4988,246.7757,23.5797,25.7234
724.9840,246.6787,23.5797,25.7234
725.8573,246.3876,23.5797,25.7234
725.9543,246.0965,23.5797,25.7234
726.7994,247.3624,22.8600,24.9381
725.9637,247.0579,23.5906,25.7352
724.5076,247.3491,23.5906,25.7352
724.0222,246.0872,23.5906,25.7352
724.3248,245.5788,24.3445,26.5577
719.5873,246.8858,23.6014,25.7470
717.7420,246.5944,23.6014,25.7470
715.5082,246.3031,23.6014,25.7470
713.2745,245.6232,23.6014,25.7470
711.2463,244.7262,24.3557,26.5699
708.9120,246.0337,23.6122,25.7588
707.4545,245.3536,23.6122,25.7588
704.2198,244.8723,22.8915,24.9725
701.4991,243.8138,23.6231,25.7706
698.6914,243.1104,24.3781,26.5943
692.5839,242.5851,25.1572,27.4442
690.0079,241.0078,25.9612,28.3213
683.5037,239.8074,26.7909,29.2265
680.9681,239.9176,26.7909,29.2265
678.2248,239.1199,27.6472,30.1606
674.2429,239.0061,27.6472,30.1606
670.4886,238.4373,27.6472,30.1606
664.1982,237.4186,26.8032,29.2399
660.5264,238.1958,25.9851,28.3473
652.9034,238.3076,25.1919,27.4820
648.6532,238.2040,25.1919,27.4820
646.2689,231.2585,25.1919,27.4820
641.6161,235.8988,25.9970,28.3604
644.0455,236.2247,25.2034,27.4946
647.0531,236.1210,25.2034,27.4946
648.6208,235.9928,26.0089,28.3734
651.2654,235.8907,25.2150,27.5073
655.0743,236.2068,24.4453,26.6676
657.7610,236.5132,23.6991,25.8536
661.3409,237.9805,22.9757,25.0644
662.5700,237.3187,22.9757,25.0644
664.5555,237.6024,22.9757,25.0644
666.9191,238.0751,22.9757,25.0644
670.0115,238.5522,22.2743,24.2993
670.6639,238.9888,22.9862,25.0759
673.0286,238.7050,22.9862,25.0759
673.6631,240.1282,22.2846,24.3104
677.0294,240.4076,21.6043,23.5684
677.4739,240.8521,21.6043,23.5684
679.6965,240.5854,21.6043,23.5684
681.1819,242.2786,20.9448,22.8489
682.3024,241.8477,20.9448,22.8489
683.7675,241.5891,20.9448,22.8489
684.3708,241.3306,20.9448,22.8489
685.8461,240.8792,21.6142,23.5792
685.4117,240.0577,22.3050,24.3328
686.2379,239.9659,22.3050,24.3328
685.9732,239.6689,23.0179,25.1104
687.2156,239.1729,23.7536,25.9130
687.8713,239.0797,23.0285,25.1220
688.9137,238.0373,23.0285,25.1220
690.4971,238.5155,22.3255,24.3551
690.4052,239.3423,22.3255,24.3551
690.3134,239.4342,22.3255,24.3551
691.1135,239.7140,21.6440,23.6117
691.2025,239.4468,21.6440,23.6117
691.8260,239.8922,21.6440,23.6117
692.4235,239.9854,20.9833,22.8909
693.6936,240.5938,20.3428,22.1922
693.4424,240.1752,20.3428,22.1922
693.8367,241.0999,19.7218,21.5147
694.5671,240.8564,19.7218,21.5147
694.4859,239.4768,19.7218,21.5147
694.8917,239.8826,19.7218,21.5147
693.9990,238.9899,19.7218,21.5147
694.5765,238.2403,20.3521,22.2023
694.1675,238.6392,21.0026,22.9119
694.6097,237.6681,21.6738,23.6442
694.8773,238.4708,21.6738,23.6442
693.5395,239.2735,21.6738,23.6442
695.2081,239.7236,21.0122,22.9225
695.9863,239.1183,21.0122,22.9225
694.5164,239.7236,21.0122,22.9225
694.6028,239.2912,21.0122,22.9225
693.6618,239.1843,21.6838,23.6551
693.3682,239.0992,21.0219,22.9330
693.9737,239.3587,21.0219,22.9330
693.1700,239.9683,20.3802,22.2329
693.2294,239.2174,19.7581,21.5543
694.9132,239.7903,19.1550,20.8963
692.1636,239.8504,19.7672,21.5642
690.7903,239.2618,20.3989,22.2534
691.8913,239.3259,21.0509,22.9646
694.2402,238.0061,21.7236,23.6985
692.5418,238.4530,21.7236,23.6985
693.3568,238.5213,22.4179,24.4559
692.9062,237.3003,23.1344,25.2375
691.2879,238.3474,23.1344,25.2375
690.7842,239.3990,22.4282,24.4672
692.8801,238.2035,21.7436,23.7203
693.3275,238.6508,21.7436,23.7203
692.5222,238.9193,21.7436,23.7203
695.4488,239.5497,21.0799,22.9962
693.9489,241.7223,20.4364,22.2943
694.6813,241.6421,19.8126,21.6137
695.3914,242.0535,19.2078,20.9539
693.8988,241.0073,19.8217,21.6236
697.2193,241.7452,19.2166,20.9636
703.1500,240.0846,19.2166,20.9636
711.7693,226.2463,19.2166,20.9636
715.1465,218.4214,18.6300,20.3236
722.5828,207.1520,18.6300,20.3236
729.0768,198.9527,18.0613,19.7033
731.5078,193.0847,17.5100,19.1018
726.8328,211.5854,18.0696,19.7123
730.3362,204.2065,18.6471,20.3423
719.0341,211.3462,18.0779,19.7214
718.2245,208.4274,18.6557,20.3517
722.9163,198.1991,19.2519,21.0021
727.7581,183.6829,19.8672,21.6733
730.7925,173.6079,20.5022,22.3660
724.8123,178.3968,21.1574,23.0808
721.6011,179.1598,21.8336,23.8185
718.4670,179.7675,22.5314,24.5797
718.1997,173.5336,23.2515,25.3653
719.0720,167.8658,23.9946,26.1760
715.6277,167.3488,24.7615,27.0125
711.8695,169.2607,25.5529,27.8759
709.8839,168.7101,26.3695,28.7668
709.7881,161.1972,27.2123,29.6862
707.6735,160.1629,28.0820,30.6349
705.2603,159.0956,28.9795,31.6140
702.7700,157.9942,29.9057,32.6244
701.9086,156.1482,29.9057,32.6244
