0.19326
0.21848
0.054363
0.02751
0.035299
0.030076
0.024786
0.020379
0.020745
0.020473
0.020307
0.02033
0.020399
0.020261
0.020551
0.020399
0.0202
0.020414
0.021385
0.020335
0.0228
0.020408
0.020235
0.020225
0.020271
0.020226
0.020269
0.020378
0.020244
0.020261
0.020331
0.020868
0.020668
0.020678
0.022197
0.02143
0.022039
0.022314
0.021159
0.02113
0.021749
0.021701
0.022266
0.021236
0.022283
0.021312
0.021118
0.021075
0.020172
0.020186
0.02023
0.020192
0.020165
0.020383
0.020171
0.020136
0.020141
0.020188
0.02016
0.020154
0.021006
0.020967
0.021011
0.02126
0.020989
0.02097
0.020975
0.020209
0.020188
0.020996
0.020154
0.02016
0.020071
0.020129
0.020131
0.020339
0.02039
0.020374
0.020015
0.02003
0.020037
0.019989
0.019973
0.020051
0.02012
0.020666
0.020137
0.020041
0.020055
0.020032
0.020029
0.020049
0.020401
0.020107
0.020302
0.020093
0.020015
0.020044
0.020054
0.019985
0.020986
0.02088
0.020715
0.020126
0.020042
0.020056
0.020024
0.020082
0.019951
0.020009
0.020059
0.020562
0.020859
0.021009
0.020453
0.020573
0.020268
0.020041
0.019965
0.02007
0.020036
0.019959
0.01995
0.02007
0.020042
0.020709
0.020883
0.020745
0.020699
0.020705
0.020745
0.020617
0.020745
0.020368
0.020236
0.020067
0.019992
0.020009
0.019991
0.02002
0.0201
0.020307
0.020183
0.020084
0.020161
0.020281
0.020009
0.020025
0.020004
0.020022
0.019987
0.019971
0.019999
0.020273
0.020042
0.02004
0.021018
0.021002
0.020818
0.02082
0.020861
0.020747
0.020713
0.020985
0.020844
0.020141
0.019984
0.020043
0.020734
0.020522
0.019976
0.020061
0.02002
0.019979
0.02004
0.020063
0.019946
0.020657
0.020145
0.020709
0.020346
0.02002
0.021623
0.021609
0.02161
0.020902
0.020916
0.020735
0.021395
0.020814
0.020787
0.02146
0.02152
0.021422
0.02075
0.020725
0.020771
0.020784
0.021324
0.020782
0.022069
0.021589
0.021018
0.020778
0.020789
0.021562
0.021561
0.021392
0.021585
0.020817
0.021553
0.023525
0.022425
0.02265
0.022463
0.022978
0.022864
0.022932
0.021347
0.022919
0.022746
0.02275
0.022908
0.021949
0.023011
0.02314
0.023027
0.023014
0.023109
0.022484
0.022929
0.023015
0.022812
0.022356
0.022824
0.022842
0.022985
0.022982
0.022534
0.022659
0.02291
0.022905
0.023518
0.02416
0.023717
0.024126
0.024178
0.024085
0.023795
0.023933
0.024095
