1
700.8823,243.2186,33.6792,71.3382
698.2383,241.7949,33.6792,71.3382
695.1877,241.1848,33.6792,71.3382
692.1370,238.5409,33.6792,71.3382
689.1937,239.0196,32.6511,69.1605
686.6305,236.4564,32.6511,69.1605
685.3543,236.9204,31.6544,67.0494
683.3525,236.9880,30.6882,65.0027
682.4259,236.8027,30.6882,65.0027
680.7581,239.2118,30.6882,65.0027
678.7196,241.6209,30.6882,65.0027
676.4083,246.8753,29.7514,63.0185
671.1982,247.4143,29.7514,63.0185
666.3474,246.8753,29.7514,63.0185
659.2246,245.6886,30.7023,65.0325
652.2449,245.5764,31.6835,67.1110
647.4618,245.7677,31.6835,67.1110
642.6786,245.9590,31.6835,67.1110
638.3791,246.7920,30.7164,65.0624
635.5968,246.2355,30.7164,65.0624
633.1855,246.4210,30.7164,65.0624
630.4032,245.8646,30.7164,65.0624
628.3629,245.3081,30.7164,65.0624
625.2096,244.0097,30.7164,65.0624
621.6854,245.3081,30.7164,65.0624
619.3719,245.3737,29.7787,63.0763
615.5956,246.6325,29.7787,63.0763
612.5386,245.7334,29.7787,63.0763
610.2009,245.5535,29.7787,63.0763
606.0650,245.3737,29.7787,63.0763
603.0080,245.9132,29.7787,63.0763
601.0299,245.3737,29.7787,63.0763
599.5063,247.2355,28.8697,61.1509
596.4300,246.7813,29.7924,63.1053
592.6520,245.8818,29.7924,63.1053
589.9534,247.1412,29.7924,63.1053
587.2548,246.6014,29.7924,63.1053
584.1964,247.1412,29.7924,63.1053
580.5133,247.5646,28.8830,61.1790
578.6867,248.6728,28.0013,59.3115
575.1358,249.5182,28.0013,59.3115
571.9231,249.3491,28.0013,59.3115
568.7104,250.1946,28.0013,59.3115
565.4977,250.0255,28.0013,59.3115
562.6232,250.5327,28.0013,59.3115
558.3959,251.3782,28.0013,59.3115
555.0739,250.9377,28.8963,61.2071
550.3625,249.7162,28.8963,61.2071
547.8372,250.4759,28.0142,59.3387
546.3146,250.3067,28.0142,59.3387
545.4688,249.7992,28.0142,59.3387
544.6230,249.9684,28.0142,59.3387
543.1005,249.7992,28.0142,59.3387
542.9313,249.6301,28.0142,59.3387
540.7321,248.7842,28.0142,59.3387
540.9013,247.6001,28.0142,59.3387
540.0554,248.4459,28.0142,59.3387
539.5479,246.9234,28.0142,59.3387
537.9161,246.1443,28.9095,61.2352
537.2795,244.6420,29.8335,63.1923
537.4597,243.3810,29.8335,63.1923
537.8837,242.5513,30.7869,65.2119
538.0696,242.3654,30.7869,65.2119
537.7635,241.1374,31.7709,67.2961
537.1880,240.5618,31.7709,67.2961
537.7635,239.6026,31.7709,67.2961
536.8043,241.7130,31.7709,67.2961
537.3799,238.8352,31.7709,67.2961
539.5914,238.1356,30.8011,65.2418
538.9133,235.4191,31.7855,67.3270
541.8936,236.2547,30.8152,65.2718
542.4519,235.3243,30.8152,65.2718
542.5177,233.7230,31.8001,67.3579
543.9632,234.9431,30.8294,65.3017
543.2844,233.3411,31.8147,67.3888
542.1996,231.3036,32.8315,69.5425
541.6049,230.3123,32.8315,69.5425
542.1996,230.5106,32.8315,69.5425
543.9839,232.6914,32.8315,69.5425
546.1648,232.4932,32.8315,69.5425
549.6398,234.5459,31.8293,67.4197
550.9852,235.1225,31.8293,67.4197
553.0994,235.3147,31.8293,67.4197
555.5981,235.1225,31.8293,67.4197
558.9670,237.1125,30.8577,65.3617
561.7621,236.5535,30.8577,65.3617
564.5572,236.3671,30.8577,65.3617
566.9796,236.5535,30.8577,65.3617
569.4020,236.7398,30.8577,65.3617
570.9586,235.5090,31.8439,67.4507
573.7188,234.6234,32.8616,69.6064
575.1078,233.6312,32.8616,69.6064
580.1735,233.7014,31.8585,67.4816
583.5455,235.6933,30.8860,65.4217
584.4780,235.1337,30.8860,65.4217
585.7836,234.2012,30.8860,65.4217
586.3431,235.5068,30.8860,65.4217
587.6487,235.3203,30.8860,65.4217
588.9543,235.5068,30.8860,65.4217
591.3789,234.5742,30.8860,65.4217
592.9370,233.3423,31.8731,67.5126
595.8240,232.7649,31.8731,67.5126
596.7864,233.3423,31.8731,67.5126
598.1337,232.3799,31.8731,67.5126
598.3262,232.5724,31.8731,67.5126
599.2885,232.7649,31.8731,67.5126
600.8964,233.0333,32.8918,69.6703
604.7750,233.8980,31.8878,67.5436
604.9675,234.0906,31.8878,67.5436
605.5452,234.6683,31.8878,67.5436
605.7377,234.0906,31.8878,67.5436
605.9303,234.6683,31.8878,67.5436
606.6096,235.1215,30.9144,65.4818
604.2812,234.8141,29.9707,63.4830
600.4805,234.6332,29.9707,63.4830
594.8701,234.0902,29.9707,63.4830
587.6948,232.5328,30.9286,65.5119
582.6520,229.7313,30.9286,65.5119
576.4888,229.1710,30.9286,65.5119
569.5784,227.1166,30.9286,65.5119
561.9209,225.8092,30.9286,65.5119
555.3841,225.9960,30.9286,65.5119
546.4854,225.5094,31.9171,67.6056
537.0413,224.5457,31.9171,67.6056
530.2955,223.1965,31.9171,67.6056
519.6950,221.8474,31.9171,67.6056
511.4074,221.6547,31.9171,67.6056
503.9923,220.9519,30.9428,65.5420
495.9577,221.1387,30.9428,65.5420
487.1756,221.3256,30.9428,65.5420
474.3813,221.7654,29.9982,63.5413
463.5764,222.7426,30.9570,65.5721
451.4254,225.5467,30.9570,65.5721
439.6483,228.7247,30.9570,65.5721
427.4973,230.4071,30.9570,65.5721
415.2255,230.6678,31.9464,67.6677
398.8279,230.4749,31.9464,67.6677
386.2885,230.6678,31.9464,67.6677
371.0484,230.8607,31.9464,67.6677
356.9658,232.5970,31.9464,67.6677
339.4107,233.1757,31.9464,67.6677
320.7999,234.0156,30.9712,65.6022
299.9193,234.6505,31.9610,67.6988
278.4961,234.8435,31.9610,67.6988
260.5470,235.0365,31.9610,67.6988
241.4398,236.3875,31.9610,67.6988
223.1046,235.8085,31.9610,67.6988
204.2588,237.6217,32.9825,69.8625
184.0139,237.8995,34.0366,72.0953
163.9441,236.9529,35.1244,74.3994
147.8992,235.5519,36.2470,76.7772
133.6718,235.7708,36.2470,76.7772
121.7487,237.1615,35.1406,74.4336
110.3648,238.3063,36.2637,76.8125
93.0651,238.5253,36.2637,76.8125
76.7569,239.9166,35.1567,74.4678
80.0533,245.0869,34.0835,72.1946
78.0680,253.1950,35.1728,74.5019
82.6403,256.2437,34.0992,72.2277
79.4185,258.1782,35.1890,74.5361
79.9187,258.8996,36.3136,76.9183
79.5577,257.8897,37.4742,79.3766
80.5429,257.7527,38.6719,81.9135
85.2960,258.0784,39.9078,84.5315
88.2731,259.8605,41.1833,87.2331
91.3454,260.7047,42.4995,90.0211
90.9229,264.6556,43.8578,92.8981
89.0690,261.2127,43.8578,92.8981
87.0440,260.5227,45.2595,95.8672
86.0474,260.3573,46.7060,98.9311
86.8935,256.6907,46.7060,98.9311
88.3037,257.5368,46.7060,98.9311
90.2780,257.8189,46.7060,98.9311
90.9419,259.3404,48.1987,102.0929
95.8898,261.9599,48.1987,102.0929
99.4854,260.6195,49.7391,105.3558
104.5915,259.1177,49.7391,105.3558
110.1042,257.7345,51.3288,108.7230
119.0929,256.8046,51.3288,108.7230
128.7016,254.6349,51.3288,108.7230
138.9302,254.3250,51.3288,108.7230
149.1587,254.0150,51.3288,108.7230
160.0072,253.0852,51.3288,108.7230
166.6798,253.1948,49.7620,105.4042
174.9517,253.3010,48.2430,102.1867
183.5537,256.3173,46.7704,99.0674
189.4848,256.5997,46.7704,99.0674
197.8242,258.3942,45.3427,96.0433
204.2662,261.7767,43.9586,93.1116
210.7309,261.6161,45.3635,96.0874
218.2717,260.6172,43.9788,93.1543
224.3798,260.3516,43.9788,93.1543
230.3164,261.2532,45.3843,96.1315
238.6351,258.3467,46.8348,99.2039
244.3915,257.0442,48.3316,102.3745
251.6880,254.4175,48.3316,102.3745
261.4732,254.5207,46.8563,99.2494
274.2060,254.8037,46.8563,99.2494
281.2797,254.5207,46.8563,99.2494
294.0124,255.3696,46.8563,99.2494
301.4691,255.1983,48.3538,102.4215
310.5209,252.5704,48.3538,102.4215
320.3106,252.6736,46.8778,99.2950
328.5199,252.3906,46.8778,99.2950
335.1801,253.6230,45.4469,96.2640
340.5392,252.6223,44.0596,93.3255
344.1383,250.5879,42.7146,90.4767
352.1344,251.8776,42.7146,90.4767
359.6146,252.1355,42.7146,90.4767
367.6107,251.8776,42.7146,90.4767
376.2588,250.4212,41.4108,87.7149
381.8486,249.2696,42.7343,90.5183
388.9523,250.3931,41.4298,87.7552
392.2047,249.6425,41.4298,87.7552
401.2996,248.9907,42.7539,90.5598
406.8575,243.9185,41.4488,87.7954
413.4537,243.7670,42.7735,90.6014
423.1469,241.7920,41.4678,87.8358
432.0433,242.8822,40.2020,85.1545
440.1826,247.3379,38.9748,82.5552
446.5372,247.5732,38.9748,82.5552
455.8402,250.9514,37.7851,80.0351
462.9135,252.5486,37.7851,80.0351
471.0199,253.9983,36.6317,77.5921
474.8971,254.9614,35.5135,75.2235
477.6850,254.7469,35.5135,75.2235
481.7596,255.3903,35.5135,75.2235
484.1186,254.7469,35.5135,75.2235
488.6221,255.3903,35.5135,75.2235
492.6967,252.1735,35.5135,75.2235
493.3401,249.8145,35.5135,75.2235
491.4100,253.0313,35.5135,75.2235
492.4823,254.5325,35.5135,75.2235
493.6677,251.1771,34.4295,72.9273
493.1536,251.2506,33.3785,70.7012
492.2521,252.5312,32.3596,68.5430
495.6772,254.1636,31.3718,66.4507
497.3821,254.7319,31.3718,66.4507
498.4293,257.4511,30.4142,64.4223
498.9803,256.5328,30.4142,64.4223
493.5354,253.8504,31.3862,66.4812
486.4003,248.0498,32.3893,68.6060
472.7783,248.3226,33.4245,70.7986
457.5100,247.3931,34.4927,73.0613
440.2220,247.6014,34.4927,73.0613
423.3505,246.5599,34.4927,73.0613
408.9785,248.0179,34.4927,73.0613
396.1382,247.4753,35.5951,75.3964
381.7368,247.6902,35.5951,75.3964
368.1952,248.3351,35.5951,75.3964
353.7938,248.9799,35.5951,75.3964
340.2521,250.4845,35.5951,75.3964
327.1404,251.5593,35.5951,75.3964
314.8885,252.2041,35.5951,75.3964
303.4963,253.7087,35.5951,75.3964
292.2175,255.9342,34.5086,73.0949
285.7576,257.3929,34.5086,73.0949
282.7417,260.3840,33.4552,70.8636
279.3073,260.1820,33.4552,70.8636
274.5302,260.8678,34.5244,73.1284
268.5942,265.1111,33.4705,70.8962
263.6479,271.2461,32.4488,68.7320
259.0145,269.9518,33.4859,70.9287
249.7843,269.8295,34.5561,73.1956
239.0072,272.2072,35.6605,75.5349
229.6083,275.5223,36.8002,77.9490
215.4646,278.4990,37.9764,80.4403
205.6036,282.3975,37.9764,80.4403
195.2839,282.6268,37.9764,80.4403
183.2506,285.9185,36.8171,77.9848
165.6869,287.0301,36.8171,77.9848
155.6822,277.0255,36.8171,77.9848
151.4580,275.4692,36.8171,77.9848
154.4655,282.6622,35.6933,75.6043
158.6745,282.7385,34.6037,73.2964
165.4351,279.6866,35.7097,75.6390
168.5303,279.1248,36.8509,78.0564
176.4362,279.2035,35.7261,75.6737
173.0607,275.1896,36.8679,78.0923
174.6192,274.0764,36.8679,78.0923
182.9740,275.4910,35.7425,75.7085
192.5471,287.0155,36.8848,78.1281
202.8717,287.7716,38.0636,80.6251
218.5830,285.7937,39.2801,83.2019
224.9874,290.3004,39.2801,83.2019
229.4942,291.4865,39.2801,83.2019
231.9501,290.8685,40.5355,85.8610
239.3801,290.2307,41.8310,88.6051
246.5423,287.5518,43.1680,91.4369
247.1558,284.2659,44.5476,94.3593
247.5668,285.4371,43.1878,91.4789
247.4435,286.5725,41.8695,88.6865
250.3581,284.6393,40.5914,85.9793
253.6739,287.1771,39.3523,83.3548
256.1343,288.4591,40.6100,86.0188
259.3223,287.2329,40.6100,86.0188
269.0156,286.3387,39.3704,83.3930
274.4837,284.1990,39.3704,83.3930
283.4057,287.6115,38.1686,80.8474
288.2459,285.9981,38.1686,80.8474
291.7032,285.7676,38.1686,80.8474
296.2040,283.5443,37.0035,78.3795
300.3052,283.8560,38.1861,80.8846
303.6151,283.7164,39.4065,83.4696
313.8474,283.4784,39.4065,83.4696
323.1280,282.2886,39.4065,83.4696
333.9618,279.9931,38.2036,80.9217
341.6965,281.4589,37.0375,78.4515
347.7353,283.9191,37.0375,78.4515
355.2339,284.4455,35.9069,76.0568
359.9017,286.6905,34.8108,73.7351
366.1087,287.1853,33.7482,71.4843
372.5338,286.4422,32.7180,69.3022
372.0453,292.0441,31.7193,67.1868
380.1578,289.6296,32.7331,69.3341
385.7623,286.3474,33.7792,71.5500
404.6007,286.6319,34.8588,73.8367
407.4482,287.5483,33.7947,71.5828
408.8767,284.8954,33.7947,71.5828
414.2549,280.6903,34.8748,73.8706
419.3837,276.3510,35.9894,76.2315
426.6701,277.7318,34.8908,73.9045
431.6272,277.8063,33.8257,71.6486
431.2909,276.0486,34.9068,73.9385
432.3449,274.5730,34.9068,73.9385
432.9773,273.5191,34.9068,73.9385
435.2960,274.9946,34.9068,73.9385
435.3705,274.0239,36.0224,76.3015
438.7482,275.4059,34.9228,73.9724
438.1155,276.0386,34.9228,73.9724
435.7957,277.0930,34.9228,73.9724
436.4284,276.8821,34.9228,73.9724
437.4828,275.4059,34.9228,73.9724
438.5373,274.7733,34.9228,73.9724
441.8118,275.6914,33.8568,71.7144
442.9419,276.1726,32.8233,69.5253
443.1401,276.7672,32.8233,69.5253
444.5276,277.3619,32.8233,69.5253
446.8124,279.0176,31.8214,67.4030
445.8516,281.5157,31.8214,67.4030
445.5353,281.7837,32.8384,69.5572
444.5438,282.3786,32.8384,69.5572
445.6399,284.0351,31.8360,67.4339
443.9097,283.8429,31.8360,67.4339
442.0552,281.4196,32.8535,69.5891
440.9350,279.7123,33.9035,71.8132
437.4546,279.5076,33.9035,71.8132
434.9011,283.2652,32.8686,69.6211
430.8377,282.9384,31.8652,67.4959
426.0271,283.5157,31.8652,67.4959
423.1407,284.4778,31.8652,67.4959
421.0241,283.1308,31.8652,67.4959
421.8618,277.2417,32.8836,69.6530
423.2519,274.2631,32.8836,69.6530
416.1735,273.7458,33.9346,71.8791
408.5915,273.1310,33.9346,71.8791
401.6967,272.1873,35.0192,74.1764
393.3127,270.7905,36.1384,76.5471
381.7467,271.0087,36.1384,76.5471
365.2386,270.0037,37.2934,78.9935
353.3030,269.3281,37.2934,78.9935
343.0233,269.1918,38.4852,81.5182
328.6968,270.4455,39.7152,84.1235
316.5922,271.9693,38.5029,81.5556
311.8322,272.0515,37.3276,79.0661
304.8445,270.4737,37.3276,79.0661
295.1520,273.4040,37.3276,79.0661
286.0291,274.8362,36.1882,76.6525
277.8024,276.4521,37.3447,79.1024
262.9984,276.7666,38.5383,81.6305
250.9793,276.6258,39.7700,84.2394
242.4186,276.4804,41.0410,86.9317
233.2488,276.2326,41.0410,86.9317
228.5399,275.4891,41.0410,86.9317
221.8485,274.7456,41.0410,86.9317
215.4925,276.5782,42.3527,89.7100
207.5641,276.8340,42.3527,89.7100
204.0741,278.7252,43.7063,92.5771
197.4759,275.2942,43.7063,92.5771
190.4891,276.9710,42.3721,89.7512
185.4622,278.3514,43.7263,92.6197
182.1688,279.5010,42.3916,89.7924
174.8802,277.5436,41.0976,87.0515
171.2885,278.6241,39.8430,84.3942
167.1983,277.4211,39.8430,84.3942
162.9527,276.3130,41.1164,87.0914
161.0542,275.6662,42.4305,89.8749
154.1362,274.8975,42.4305,89.8749
149.1024,277.8171,43.7866,92.7473
143.9076,277.6571,45.1860,95.7115
138.5469,277.4919,46.6301,98.7704
134.7043,273.9425,48.1204,101.9271
128.9955,273.1854,49.6584,105.1847
127.9021,274.8032,51.2455,108.5464
125.1170,276.3504,51.2455,108.5464
124.1886,277.8977,51.2455,108.5464
128.2115,277.5882,51.2455,108.5464
128.3210,274.3064,52.8833,112.0156
126.7243,274.6257,52.8833,112.0156
126.4049,274.3064,52.8833,112.0156
119.4923,272.8357,54.5734,115.5956
