0.19862
0.21951
0.061196
0.03339
0.040631
0.035428
0.029894
0.025905
0.025913
0.025864
0.025814
0.025483
0.025343
0.02544
0.025791
0.025475
0.025355
0.025428
0.023922
0.024002
0.024317
0.024298
0.024001
0.024125
0.023978
0.023982
0.024058
0.024135
0.023998
0.024047
0.023942
0.024422
0.024218
0.024186
0.02421
0.024259
0.024049
0.024173
0.023926
0.024058
0.024648
0.02447
0.025035
0.024101
0.0246
0.023983
0.024024
0.024048
0.023834
0.02384
0.023779
0.023843
0.023831
0.024023
0.023842
0.023833
0.023842
0.023914
0.023879
0.02392
0.023895
0.024387
0.024003
0.024328
0.023901
0.023947
0.023979
0.023956
0.023999
0.023982
0.023943
0.024028
0.023884
0.023908
0.023947
0.024013
0.023923
0.024106
0.023711
0.023939
0.023712
0.023793
0.023776
0.023827
0.023753
0.024158
0.023797
0.02377
0.023821
0.023806
0.023723
0.02383
0.023963
0.023827
0.023846
0.023736
0.023746
0.023778
0.023696
0.023774
0.024238
0.024385
0.024243
0.023721
0.02375
0.023677
0.023707
0.023692
0.023704
0.023669
0.023721
0.024018
0.024318
0.024228
0.023898
0.024351
0.023889
0.023828
0.023765
0.0239
0.023788
0.023875
0.023772
0.023801
0.023787
0.024303
0.024395
0.024354
0.024366
0.024295
0.024262
0.024214
0.023924
0.02371
0.023637
0.023708
0.023729
0.023647
0.023775
0.02368
0.02369
0.02366
0.023593
0.023691
0.023661
0.023714
0.023758
0.023704
0.023674
0.023954
0.023917
0.023995
0.023984
0.023869
0.02377
0.023737
0.025221
0.025641
0.026055
0.025825
0.025691
0.025242
0.025818
0.025994
0.025212
0.025447
0.024527
0.024884
0.025945
0.025401
0.025414
0.025688
0.024637
0.025242
0.024713
0.025025
0.025316
0.025069
0.02539
0.025747
0.025496
0.024751
0.024745
0.023977
0.023893
0.022627
0.023908
0.024137
0.023935
0.023916
0.023845
0.024014
0.024126
0.023791
0.023796
0.02385
0.023946
0.023815
0.023764
0.023833
0.023928
0.023786
0.023738
0.023757
0.02374
0.024053
0.023689
0.023718
0.023964
0.023695
0.023732
0.023712
0.063897
0.025889
0.029359
0.032908
0.024288
0.02742
0.024274
0.03553
0.024543
0.02444
0.024507
0.02453
0.024343
0.024641
0.024565
0.024318
0.024335
0.024385
0.024317
0.024377
0.024217
0.024277
0.02428
0.024562
0.024537
0.024665
0.024313
0.024595
0.024385
0.024354
0.024267
0.024363
0.02459
0.024234
0.024243
0.024285
0.024311
0.024677
0.024721
0.024896
0.024867
0.024487
0.024284
0.024356
0.024316
0.024704
0.024472
0.02437
0.024368
0.024382
0.024343
0.024393
0.024373
0.024336
0.024338
0.024589
0.024497
0.024407
0.024353
0.024356
0.024465
0.024522
0.024413
0.024492
0.024436
0.024538
0.024657
0.024487
0.024394
0.024461
0.02471
0.024345
0.024469
0.024652
0.024411
0.024439
0.024688
0.024726
0.024428
0.024654
0.024743
0.024431
0.02466
0.024705
0.024518
0.024455
0.024368
0.024484
0.02463
0.024444
0.02445
0.024616
0.024355
0.024274
0.024371
0.024321
0.024445
0.024321
0.024339
0.024621
0.024664
0.02461
0.024383
0.024371
0.024283
0.024318
0.024714
0.024403
0.024386
0.024322
0.024326
0.024294
0.024353
0.024375
0.024261
0.02435
0.024307
0.024324
0.024294
0.024271
0.024306
0.024338
0.024581
0.02496
0.024786
0.024869
0.024779
0.024499
0.0243
0.024246
0.024315
0.024249
0.024282
0.024347
0.024227
0.024337
0.024244
0.024306
0.024279
0.024298
0.024288
0.02437
0.02435
0.024335
0.024328
0.024321
0.024625
0.024587
0.024295
0.024522
0.02436
0.024526
0.024574
0.024361
0.02437
0.024414
0.024352
0.024378
0.02436
0.024355
0.024397
0.024625
0.024575
0.02442
0.0244
0.024712
0.024562
0.024386
0.024408
0.024353
0.024355
0.024423
0.024489
0.023388
0.024424
0.024461
0.024352
0.02441
0.024409
0.024738
0.02449
0.024645
0.025384
0.025527
0.02581
0.02581
0.025223
0.025438
0.025289
0.025254
