0.21775,0.21411,0.2153,0,0,0,0,0,0,0,0,0,0,0,0
0.24069,0.23514,0.23508,0,0,0,0,0,0,0,0,0,0,0,0
0.071481,0.071154,0.070979,0,0,0,0,0,0,0,0,0,0,0,0
0.044706,0.044852,0.044576,0,0,0,0,0,0,0,0,0,0,0,0
0.050521,0.053141,0.052702,0,0,0,0,0,0,0,0,0,0,0,0
0.048059,0.04801,0.04806,0,0,0,0,0,0,0,0,0,0,0,0
0.041674,0.041748,0.041275,0,0,0,0,0,0,0,0,0,0,0,0
0.038117,0.038302,0.037711,0,0,0,0,0,0,0,0,0,0,0,0
0.038119,0.038235,0.038275,0,0,0,0,0,0,0,0,0,0,0,0
0.037883,0.038044,0.037569,0,0,0,0,0,0,0,0,0,0,0,0
0.037859,0.037921,0.037682,0,0,0,0,0,0,0,0,0,0,0,0
0.0378,0.037931,0.037424,0,0,0,0,0,0,0,0,0,0,0,0
0.037675,0.03792,0.038784,0,0,0,0,0,0,0,0,0,0,0,0
0.037738,0.037745,0.037372,0,0,0,0,0,0,0,0,0,0,0,0
0.038059,0.038166,0.037792,0,0,0,0,0,0,0,0,0,0,0,0
0.037795,0.037716,0.03722,0,0,0,0,0,0,0,0,0,0,0,0
0.038459,0.038557,0.039151,0,0,0,0,0,0,0,0,0,0,0,0
0.03772,0.037874,0.037319,0,0,0,0,0,0,0,0,0,0,0,0
0.037703,0.037833,0.037557,0,0,0,0,0,0,0,0,0,0,0,0
0.037643,0.037895,0.037653,0,0,0,0,0,0,0,0,0,0,0,0
0.037723,0.038189,0.037767,0,0,0,0,0,0,0,0,0,0,0,0
0.038168,0.038076,0.037399,0,0,0,0,0,0,0,0,0,0,0,0
0.037829,0.037832,0.037438,0,0,0,0,0,0,0,0,0,0,0,0
0.037828,0.037795,0.037383,0,0,0,0,0,0,0,0,0,0,0,0
0.037928,0.037924,0.037629,0,0,0,0,0,0,0,0,0,0,0,0
0.037789,0.037786,0.037439,0,0,0,0,0,0,0,0,0,0,0,0
0.037916,0.037847,0.037593,0,0,0,0,0,0,0,0,0,0,0,0
0.038329,0.038171,0.037697,0,0,0,0,0,0,0,0,0,0,0,0
0.037729,0.037875,0.037644,0,0,0,0,0,0,0,0,0,0,0,0
0.037811,0.037906,0.037402,0,0,0,0,0,0,0,0,0,0,0,0
0.037757,0.037767,0.037544,0,0,0,0,0,0,0,0,0,0,0,0
0.038456,0.038508,0.037663,0,0,0,0,0,0,0,0,0,0,0,0
0.038047,0.03809,0.03781,0,0,0,0,0,0,0,0,0,0,0,0
0.037949,0.037999,0.037413,0,0,0,0,0,0,0,0,0,0,0,0
0.037966,0.037969,0.037722,0,0,0,0,0,0,0,0,0,0,0,0
0.038217,0.038091,0.037663,0,0,0,0,0,0,0,0,0,0,0,0
0.038554,0.038372,0.03816,0,0,0,0,0,0,0,0,0,0,0,0
0.038045,0.038125,0.037695,0,0,0,0,0,0,0,0,0,0,0,0
0.037833,0.038095,0.037607,0,0,0,0,0,0,0,0,0,0,0,0
0.037875,0.038079,0.037396,0,0,0,0,0,0,0,0,0,0,0,0
0.046163,0.038997,0.03799,0,0,0,0,0,0,0,0,0,0,0,0
0.03872,0.038306,0.037612,0,0,0,0,0,0,0,0,0,0,0,0
0.044084,0.038796,0.038259,0,0,0,0,0,0,0,0,0,0,0,0
0.038556,0.038017,0.037227,0,0,0,0,0,0,0,0,0,0,0,0
0.040736,0.038405,0.038012,0,0,0,0,0,0,0,0,0,0,0,0
0.037892,0.038039,0.037444,0,0,0,0,0,0,0,0,0,0,0,0
0.037784,0.038074,0.03742,0,0,0,0,0,0,0,0,0,0,0,0
0.037751,0.038061,0.037269,0,0,0,0,0,0,0,0,0,0,0,0
0.037734,0.037977,0.037363,0,0,0,0,0,0,0,0,0,0,0,0
0.037725,0.038095,0.037481,0,0,0,0,0,0,0,0,0,0,0,0
0.037827,0.037998,0.037392,0,0,0,0,0,0,0,0,0,0,0,0
0.037569,0.03795,0.037266,0,0,0,0,0,0,0,0,0,0,0,0
0.03779,0.037802,0.037465,0,0,0,0,0,0,0,0,0,0,0,0
0.03789,0.038004,0.0373,0,0,0,0,0,0,0,0,0,0,0,0
0.037343,0.037875,0.037427,0,0,0,0,0,0,0,0,0,0,0,0
0.0372,0.037842,0.037279,0,0,0,0,0,0,0,0,0,0,0,0
0.037407,0.037981,0.03738,0,0,0,0,0,0,0,0,0,0,0,0
0.03763,0.038177,0.037425,0,0,0,0,0,0,0,0,0,0,0,0
0.037238,0.037831,0.037536,0,0,0,0,0,0,0,0,0,0,0,0
0.037428,0.037893,0.037367,0,0,0,0,0,0,0,0,0,0,0,0
0.037436,0.03794,0.037503,0,0,0,0,0,0,0,0,0,0,0,0
0.037352,0.037853,0.037202,0,0,0,0,0,0,0,0,0,0,0,0
0.038849,0.03788,0.037531,0,0,0,0,0,0,0,0,0,0,0,0
0.038526,0.038067,0.037657,0,0,0,0,0,0,0,0,0,0,0,0
0.037275,0.037871,0.037455,0,0,0,0,0,0,0,0,0,0,0,0
0.037347,0.037897,0.037443,0,0,0,0,0,0,0,0,0,0,0,0
0.037252,0.037914,0.037323,0,0,0,0,0,0,0,0,0,0,0,0
0.037358,0.03782,0.037253,0,0,0,0,0,0,0,0,0,0,0,0
0.037269,0.037899,0.037455,0,0,0,0,0,0,0,0,0,0,0,0
0.037282,0.037907,0.037228,0,0,0,0,0,0,0,0,0,0,0,0
0.037324,0.037897,0.037527,0,0,0,0,0,0,0,0,0,0,0,0
0.037151,0.037782,0.037326,0,0,0,0,0,0,0,0,0,0,0,0
0.037272,0.037741,0.037506,0,0,0,0,0,0,0,0,0,0,0,0
0.03716,0.037834,0.037179,0,0,0,0,0,0,0,0,0,0,0,0
0.037339,0.037902,0.037301,0,0,0,0,0,0,0,0,0,0,0,0
0.037898,0.037923,0.037226,0,0,0,0,0,0,0,0,0,0,0,0
0.03723,0.037751,0.037432,0,0,0,0,0,0,0,0,0,0,0,0
0.037231,0.03771,0.037148,0,0,0,0,0,0,0,0,0,0,0,0
0.037141,0.037592,0.037291,0,0,0,0,0,0,0,0,0,0,0,0
0.037132,0.037704,0.037237,0,0,0,0,0,0,0,0,0,0,0,0
0.037188,0.037742,0.037244,0,0,0,0,0,0,0,0,0,0,0,0
0.0371,0.037709,0.036998,0,0,0,0,0,0,0,0,0,0,0,0
0.037168,0.03763,0.03727,0,0,0,0,0,0,0,0,0,0,0,0
0.03709,0.037783,0.037264,0,0,0,0,0,0,0,0,0,0,0,0
0.037731,0.037581,0.037357,0,0,0,0,0,0,0,0,0,0,0,0
0.040968,0.037991,0.037431,0,0,0,0,0,0,0,0,0,0,0,0
0.037369,0.037787,0.037588,0,0,0,0,0,0,0,0,0,0,0,0
0.03731,0.037837,0.03741,0,0,0,0,0,0,0,0,0,0,0,0
0.037357,0.037854,0.037469,0,0,0,0,0,0,0,0,0,0,0,0
0.037118,0.037675,0.037106,0,0,0,0,0,0,0,0,0,0,0,0
0.037351,0.037824,0.037338,0,0,0,0,0,0,0,0,0,0,0,0
0.037373,0.037899,0.037286,0,0,0,0,0,0,0,0,0,0,0,0
0.039054,0.038028,0.037596,0,0,0,0,0,0,0,0,0,0,0,0
0.037213,0.037735,0.036991,0,0,0,0,0,0,0,0,0,0,0,0
0.037201,0.037621,0.037198,0,0,0,0,0,0,0,0,0,0,0,0
0.036998,0.037677,0.037156,0,0,0,0,0,0,0,0,0,0,0,0
0.037269,0.037717,0.037284,0,0,0,0,0,0,0,0,0,0,0,0
0.037171,0.037606,0.037006,0,0,0,0,0,0,0,0,0,0,0,0
0.037122,0.037651,0.037416,0,0,0,0,0,0,0,0,0,0,0,0
0.037166,0.037716,0.037048,0,0,0,0,0,0,0,0,0,0,0,0
0.047692,0.038317,0.037877,0,0,0,0,0,0,0,0,0,0,0,0
0.046293,0.038193,0.037415,0,0,0,0,0,0,0,0,0,0,0,0
0.036755,0.037609,0.037161,0,0,0,0,0,0,0,0,0,0,0,0
0.037068,0.037658,0.037017,0,0,0,0,0,0,0,0,0,0,0,0
0.036922,0.037621,0.037255,0,0,0,0,0,0,0,0,0,0,0,0
0.036879,0.037727,0.037056,0,0,0,0,0,0,0,0,0,0,0,0
0.036907,0.037602,0.037271,0,0,0,0,0,0,0,0,0,0,0,0
0.036786,0.037626,0.037025,0,0,0,0,0,0,0,0,0,0,0,0
0.036828,0.037679,0.037168,0,0,0,0,0,0,0,0,0,0,0,0
0.03683,0.037609,0.037043,0,0,0,0,0,0,0,0,0,0,0,0
0.036867,0.037677,0.037313,0,0,0,0,0,0,0,0,0,0,0,0
0.046343,0.037943,0.037319,0,0,0,0,0,0,0,0,0,0,0,0
0.047531,0.038197,0.037779,0,0,0,0,0,0,0,0,0,0,0,0
0.036933,0.037862,0.037111,0,0,0,0,0,0,0,0,0,0,0,0
0.037448,0.037655,0.037155,0,0,0,0,0,0,0,0,0,0,0,0
0.042637,0.037883,0.037449,0,0,0,0,0,0,0,0,0,0,0,0
0.037212,0.037793,0.037361,0,0,0,0,0,0,0,0,0,0,0,0
0.036894,0.037553,0.037181,0,0,0,0,0,0,0,0,0,0,0,0
0.036994,0.037647,0.037317,0,0,0,0,0,0,0,0,0,0,0,0
0.035622,0.037734,0.037011,0,0,0,0,0,0,0,0,0,0,0,0
0.036783,0.03655,0.037203,0,0,0,0,0,0,0,0,0,0,0,0
0.036864,0.037547,0.035491,0,0,0,0,0,0,0,0,0,0,0,0
0.036855,0.037574,0.037068,0,0,0,0,0,0,0,0,0,0,0,0
0.036826,0.03755,0.037078,0,0,0,0,0,0,0,0,0,0,0,0
0.036872,0.037757,0.037263,0,0,0,0,0,0,0,0,0,0,0,0
0.046972,0.038223,0.037622,0,0,0,0,0,0,0,0,0,0,0,0
0.04826,0.038478,0.038158,0,0,0,0,0,0,0,0,0,0,0,0
0.04769,0.038096,0.037549,0,0,0,0,0,0,0,0,0,0,0,0
0.048126,0.038507,0.037852,0,0,0,0,0,0,0,0,0,0,0,0
0.047642,0.038094,0.037349,0,0,0,0,0,0,0,0,0,0,0,0
0.043986,0.037536,0.037103,0,0,0,0,0,0,0,0,0,0,0,0
0.036877,0.037581,0.037086,0,0,0,0,0,0,0,0,0,0,0,0
0.036805,0.037591,0.037243,0,0,0,0,0,0,0,0,0,0,0,0
0.036792,0.037623,0.037098,0,0,0,0,0,0,0,0,0,0,0,0
0.036663,0.03764,0.037258,0,0,0,0,0,0,0,0,0,0,0,0
0.036789,0.037678,0.037241,0,0,0,0,0,0,0,0,0,0,0,0
0.036683,0.037647,0.037175,0,0,0,0,0,0,0,0,0,0,0,0
0.037057,0.037795,0.037233,0,0,0,0,0,0,0,0,0,0,0,0
0.037244,0.037558,0.037333,0,0,0,0,0,0,0,0,0,0,0,0
0.036917,0.037595,0.036944,0,0,0,0,0,0,0,0,0,0,0,0
0.036886,0.037574,0.037192,0,0,0,0,0,0,0,0,0,0,0,0
0.036837,0.037705,0.037163,0,0,0,0,0,0,0,0,0,0,0,0
0.036714,0.03764,0.03724,0,0,0,0,0,0,0,0,0,0,0,0
0.036795,0.03767,0.037043,0,0,0,0,0,0,0,0,0,0,0,0
0.036704,0.037595,0.03716,0,0,0,0,0,0,0,0,0,0,0,0
0.036858,0.037756,0.036929,0,0,0,0,0,0,0,0,0,0,0,0
0.036778,0.037598,0.037221,0,0,0,0,0,0,0,0,0,0,0,0
0.03681,0.037729,0.037046,0,0,0,0,0,0,0,0,0,0,0,0
0.036724,0.037663,0.037165,0,0,0,0,0,0,0,0,0,0,0,0
0.036839,0.037793,0.036996,0,0,0,0,0,0,0,0,0,0,0,0
0.036754,0.037624,0.037213,0,0,0,0,0,0,0,0,0,0,0,0
0.036844,0.037678,0.037234,0,0,0,0,0,0,0,0,0,0,0,0
0.036846,0.037742,0.037239,0,0,0,0,0,0,0,0,0,0,0,0
0.036824,0.037588,0.037025,0,0,0,0,0,0,0,0,0,0,0,0
0.036815,0.03767,0.037195,0,0,0,0,0,0,0,0,0,0,0,0
0.036732,0.037754,0.036883,0,0,0,0,0,0,0,0,0,0,0,0
0.036681,0.037636,0.037211,0,0,0,0,0,0,0,0,0,0,0,0
0.036793,0.037837,0.037014,0,0,0,0,0,0,0,0,0,0,0,0
0.036734,0.037791,0.037224,0,0,0,0,0,0,0,0,0,0,0,0
0.036805,0.037673,0.0371,0,0,0,0,0,0,0,0,0,0,0,0
0.036872,0.037616,0.037188,0,0,0,0,0,0,0,0,0,0,0,0
0.036742,0.037589,0.037046,0,0,0,0,0,0,0,0,0,0,0,0
0.03671,0.037633,0.037262,0,0,0,0,0,0,0,0,0,0,0,0
0.036714,0.037704,0.037102,0,0,0,0,0,0,0,0,0,0,0,0
0.036751,0.037733,0.037155,0,0,0,0,0,0,0,0,0,0,0,0
0.036792,0.037651,0.037007,0,0,0,0,0,0,0,0,0,0,0,0
0.03686,0.037669,0.037287,0,0,0,0,0,0,0,0,0,0,0,0
0.037542,0.03788,0.037246,0,0,0,0,0,0,0,0,0,0,0,0
0.048729,0.038712,0.038373,0,0,0,0,0,0,0,0,0,0,0,0
0.048024,0.038334,0.037801,0,0,0,0,0,0,0,0,0,0,0,0
0.048059,0.038372,0.037888,0,0,0,0,0,0,0,0,0,0,0,0
0.047724,0.038265,0.0377,0,0,0,0,0,0,0,0,0,0,0,0
0.047778,0.038215,0.037818,0,0,0,0,0,0,0,0,0,0,0,0
0.047852,0.037734,0.037084,0,0,0,0,0,0,0,0,0,0,0,0
0.037959,0.03752,0.037055,0,0,0,0,0,0,0,0,0,0,0,0
0.036736,0.037728,0.037019,0,0,0,0,0,0,0,0,0,0,0,0
0.036785,0.037511,0.037198,0,0,0,0,0,0,0,0,0,0,0,0
0.039576,0.037955,0.037461,0,0,0,0,0,0,0,0,0,0,0,0
0.037025,0.037793,0.037302,0,0,0,0,0,0,0,0,0,0,0,0
0.042327,0.037861,0.03723,0,0,0,0,0,0,0,0,0,0,0,0
0.037092,0.037928,0.03748,0,0,0,0,0,0,0,0,0,0,0,0
0.036807,0.037606,0.036991,0,0,0,0,0,0,0,0,0,0,0,0
0.036912,0.037682,0.037311,0,0,0,0,0,0,0,0,0,0,0,0
0.036903,0.037733,0.037099,0,0,0,0,0,0,0,0,0,0,0,0
0.036783,0.037661,0.037131,0,0,0,0,0,0,0,0,0,0,0,0
0.036817,0.037588,0.036994,0,0,0,0,0,0,0,0,0,0,0,0
0.036732,0.037617,0.03715,0,0,0,0,0,0,0,0,0,0,0,0
0.036901,0.037695,0.037022,0,0,0,0,0,0,0,0,0,0,0,0
0.036787,0.03776,0.037223,0,0,0,0,0,0,0,0,0,0,0,0
0.03694,0.037629,0.037135,0,0,0,0,0,0,0,0,0,0,0,0
0.036713,0.037734,0.037083,0,0,0,0,0,0,0,0,0,0,0,0
0.036797,0.037788,0.037033,0,0,0,0,0,0,0,0,0,0,0,0
0.036949,0.037679,0.037253,0,0,0,0,0,0,0,0,0,0,0,0
0.036944,0.037764,0.036979,0,0,0,0,0,0,0,0,0,0,0,0
0.036765,0.037759,0.037336,0,0,0,0,0,0,0,0,0,0,0,0
0.036887,0.037648,0.037082,0,0,0,0,0,0,0,0,0,0,0,0
0.036872,0.037576,0.037178,0,0,0,0,0,0,0,0,0,0,0,0
0.036788,0.037593,0.037054,0,0,0,0,0,0,0,0,0,0,0,0
0.036774,0.037618,0.03725,0,0,0,0,0,0,0,0,0,0,0,0
0.036758,0.037684,0.037143,0,0,0,0,0,0,0,0,0,0,0,0
0.039303,0.037763,0.037487,0,0,0,0,0,0,0,0,0,0,0,0
0.036952,0.037677,0.037241,0,0,0,0,0,0,0,0,0,0,0,0
0.036807,0.037755,0.037198,0,0,0,0,0,0,0,0,0,0,0,0
0.03682,0.037684,0.03707,0,0,0,0,0,0,0,0,0,0,0,0
0.036885,0.037679,0.037174,0,0,0,0,0,0,0,0,0,0,0,0
0.036795,0.03753,0.036961,0,0,0,0,0,0,0,0,0,0,0,0
0.036878,0.037728,0.037218,0,0,0,0,0,0,0,0,0,0,0,0
0.036765,0.037642,0.037026,0,0,0,0,0,0,0,0,0,0,0,0
0.036819,0.037601,0.037151,0,0,0,0,0,0,0,0,0,0,0,0
0.036859,0.037673,0.036998,0,0,0,0,0,0,0,0,0,0,0,0
0.036702,0.03766,0.037156,0,0,0,0,0,0,0,0,0,0,0,0
0.036717,0.037675,0.036948,0,0,0,0,0,0,0,0,0,0,0,0
0.036813,0.037688,0.037264,0,0,0,0,0,0,0,0,0,0,0,0
0.036931,0.037622,0.037839,0,0,0,0,0,0,0,0,0,0,0,0
0.036851,0.037675,0.037326,0,0,0,0,0,0,0,0,0,0,0,0
0.036766,0.037655,0.03709,0,0,0,0,0,0,0,0,0,0,0,0
0.036951,0.037828,0.037384,0,0,0,0,0,0,0,0,0,0,0,0
0.0371,0.037942,0.037263,0,0,0,0,0,0,0,0,0,0,0,0
0.036881,0.037635,0.037149,0,0,0,0,0,0,0,0,0,0,0,0
0.036795,0.037713,0.037068,0,0,0,0,0,0,0,0,0,0,0,0
0.036852,0.037782,0.037202,0,0,0,0,0,0,0,0,0,0,0,0
0.036866,0.037719,0.037118,0,0,0,0,0,0,0,0,0,0,0,0
0.036785,0.037631,0.037131,0,0,0,0,0,0,0,0,0,0,0,0
0.036851,0.037654,0.036944,0,0,0,0,0,0,0,0,0,0,0,0
0.036892,0.037745,0.037212,0,0,0,0,0,0,0,0,0,0,0,0
0.036801,0.03776,0.037055,0,0,0,0,0,0,0,0,0,0,0,0
0.036784,0.037647,0.03721,0,0,0,0,0,0,0,0,0,0,0,0
0.036759,0.037844,0.037205,0,0,0,0,0,0,0,0,0,0,0,0
0.036978,0.037911,0.037327,0,0,0,0,0,0,0,0,0,0,0,0
0.037055,0.037473,0.037235,0,0,0,0,0,0,0,0,0,0,0,0
0.036855,0.037473,0.037184,0,0,0,0,0,0,0,0,0,0,0,0
0.036951,0.03734,0.037137,0,0,0,0,0,0,0,0,0,0,0,0
0.036917,0.037337,0.037235,0,0,0,0,0,0,0,0,0,0,0,0
0.03689,0.037334,0.036927,0,0,0,0,0,0,0,0,0,0,0,0
0.036909,0.037232,0.037246,0,0,0,0,0,0,0,0,0,0,0,0
0.036901,0.037388,0.037121,0,0,0,0,0,0,0,0,0,0,0,0
0.036953,0.037344,0.037254,0,0,0,0,0,0,0,0,0,0,0,0
0.0368,0.037309,0.036964,0,0,0,0,0,0,0,0,0,0,0,0
0.036817,0.037383,0.037344,0,0,0,0,0,0,0,0,0,0,0,0
0.036845,0.037339,0.037298,0,0,0,0,0,0,0,0,0,0,0,0
0.036892,0.037231,0.037285,0,0,0,0,0,0,0,0,0,0,0,0
0.036745,0.037279,0.03706,0,0,0,0,0,0,0,0,0,0,0,0
0.036918,0.037317,0.037325,0,0,0,0,0,0,0,0,0,0,0,0
0.036951,0.037252,0.037103,0,0,0,0,0,0,0,0,0,0,0,0
0.036993,0.037223,0.037204,0,0,0,0,0,0,0,0,0,0,0,0
0.03689,0.037201,0.037136,0,0,0,0,0,0,0,0,0,0,0,0
0.036958,0.037501,0.037433,0,0,0,0,0,0,0,0,0,0,0,0
0.03692,0.037248,0.036943,0,0,0,0,0,0,0,0,0,0,0,0
0.036783,0.037408,0.03716,0,0,0,0,0,0,0,0,0,0,0,0
0.036792,0.037283,0.037036,0,0,0,0,0,0,0,0,0,0,0,0
0.045511,0.037661,0.037618,0,0,0,0,0,0,0,0,0,0,0,0
0.047981,0.037976,0.037669,0,0,0,0,0,0,0,0,0,0,0,0
0.046141,0.036436,0.037568,0,0,0,0,0,0,0,0,0,0,0,0
0.036767,0.037297,0.037044,0,0,0,0,0,0,0,0,0,0,0,0
0.036848,0.037364,0.037268,0,0,0,0,0,0,0,0,0,0,0,0
0.036761,0.037225,0.035949,0,0,0,0,0,0,0,0,0,0,0,0
0.036767,0.037235,0.037347,0,0,0,0,0,0,0,0,0,0,0,0
0.036793,0.037169,0.036949,0,0,0,0,0,0,0,0,0,0,0,0
0.037068,0.037364,0.037211,0,0,0,0,0,0,0,0,0,0,0,0
0.036791,0.037277,0.03698,0,0,0,0,0,0,0,0,0,0,0,0
0.036832,0.037297,0.037257,0,0,0,0,0,0,0,0,0,0,0,0
0.036823,0.037345,0.036948,0,0,0,0,0,0,0,0,0,0,0,0
0.03683,0.037305,0.037185,0,0,0,0,0,0,0,0,0,0,0,0
0.036841,0.037352,0.036963,0,0,0,0,0,0,0,0,0,0,0,0
0.03701,0.037252,0.037144,0,0,0,0,0,0,0,0,0,0,0,0
0.036932,0.037199,0.036899,0,0,0,0,0,0,0,0,0,0,0,0
0.036793,0.037408,0.037245,0,0,0,0,0,0,0,0,0,0,0,0
0.037015,0.037444,0.037018,0,0,0,0,0,0,0,0,0,0,0,0
0.037049,0.037382,0.037027,0,0,0,0,0,0,0,0,0,0,0,0
0.036827,0.037262,0.036936,0,0,0,0,0,0,0,0,0,0,0,0
0.036999,0.037236,0.037159,0,0,0,0,0,0,0,0,0,0,0,0
0.036964,0.037317,0.036998,0,0,0,0,0,0,0,0,0,0,0,0
0.037045,0.037222,0.037259,0,0,0,0,0,0,0,0,0,0,0,0
0.037013,0.037229,0.036954,0,0,0,0,0,0,0,0,0,0,0,0
0.036792,0.037329,0.037303,0,0,0,0,0,0,0,0,0,0,0,0
0.036778,0.037361,0.037175,0,0,0,0,0,0,0,0,0,0,0,0
0.036971,0.037353,0.037239,0,0,0,0,0,0,0,0,0,0,0,0
0.036842,0.037368,0.037018,0,0,0,0,0,0,0,0,0,0,0,0
0.036937,0.03731,0.037202,0,0,0,0,0,0,0,0,0,0,0,0
0.036795,0.037399,0.037081,0,0,0,0,0,0,0,0,0,0,0,0
0.036788,0.037227,0.037265,0,0,0,0,0,0,0,0,0,0,0,0
0.036752,0.037242,0.037078,0,0,0,0,0,0,0,0,0,0,0,0
0.036804,0.037344,0.03719,0,0,0,0,0,0,0,0,0,0,0,0
0.036785,0.037378,0.037089,0,0,0,0,0,0,0,0,0,0,0,0
0.036821,0.037366,0.03721,0,0,0,0,0,0,0,0,0,0,0,0
0.03691,0.037262,0.03703,0,0,0,0,0,0,0,0,0,0,0,0
0.036912,0.037392,0.037273,0,0,0,0,0,0,0,0,0,0,0,0
0.036941,0.037188,0.03702,0,0,0,0,0,0,0,0,0,0,0,0
0.037088,0.037295,0.037216,0,0,0,0,0,0,0,0,0,0,0,0
0.036957,0.037391,0.037052,0,0,0,0,0,0,0,0,0,0,0,0
0.036778,0.0373,0.037115,0,0,0,0,0,0,0,0,0,0,0,0
0.036826,0.03732,0.037078,0,0,0,0,0,0,0,0,0,0,0,0
0.036757,0.03728,0.037119,0,0,0,0,0,0,0,0,0,0,0,0
0.036946,0.037394,0.037593,0,0,0,0,0,0,0,0,0,0,0,0
0.036796,0.037325,0.037042,0,0,0,0,0,0,0,0,0,0,0,0
0.036744,0.037398,0.036965,0,0,0,0,0,0,0,0,0,0,0,0
0.036812,0.037277,0.03718,0,0,0,0,0,0,0,0,0,0,0,0
0.036994,0.037286,0.037002,0,0,0,0,0,0,0,0,0,0,0,0
0.036813,0.037248,0.037199,0,0,0,0,0,0,0,0,0,0,0,0
0.036848,0.037188,0.037015,0,0,0,0,0,0,0,0,0,0,0,0
0.03696,0.037363,0.037227,0,0,0,0,0,0,0,0,0,0,0,0
0.036915,0.037301,0.037043,0,0,0,0,0,0,0,0,0,0,0,0
0.036943,0.0373,0.03716,0,0,0,0,0,0,0,0,0,0,0,0
0.036944,0.037283,0.036973,0,0,0,0,0,0,0,0,0,0,0,0
0.036951,0.037508,0.037288,0,0,0,0,0,0,0,0,0,0,0,0
0.036744,0.037293,0.037211,0,0,0,0,0,0,0,0,0,0,0,0
0.036791,0.037325,0.03732,0,0,0,0,0,0,0,0,0,0,0,0
0.036874,0.037331,0.036972,0,0,0,0,0,0,0,0,0,0,0,0
0.03707,0.037463,0.037533,0,0,0,0,0,0,0,0,0,0,0,0
0.036865,0.037426,0.037176,0,0,0,0,0,0,0,0,0,0,0,0
0.036993,0.037419,0.037164,0,0,0,0,0,0,0,0,0,0,0,0
0.0369,0.037411,0.036989,0,0,0,0,0,0,0,0,0,0,0,0
0.036841,0.037289,0.037067,0,0,0,0,0,0,0,0,0,0,0,0
0.036965,0.037364,0.037134,0,0,0,0,0,0,0,0,0,0,0,0
0.036832,0.037285,0.037178,0,0,0,0,0,0,0,0,0,0,0,0
0.036978,0.037374,0.037231,0,0,0,0,0,0,0,0,0,0,0,0
0.036797,0.037334,0.037269,0,0,0,0,0,0,0,0,0,0,0,0
0.037018,0.037452,0.036957,0,0,0,0,0,0,0,0,0,0,0,0
0.036781,0.037389,0.037139,0,0,0,0,0,0,0,0,0,0,0,0
0.037056,0.037247,0.036956,0,0,0,0,0,0,0,0,0,0,0,0
0.036824,0.037226,0.037129,0,0,0,0,0,0,0,0,0,0,0,0
0.036867,0.037463,0.036983,0,0,0,0,0,0,0,0,0,0,0,0
0.037,0.037261,0.037197,0,0,0,0,0,0,0,0,0,0,0,0
0.036844,0.03735,0.03709,0,0,0,0,0,0,0,0,0,0,0,0
0.036981,0.037267,0.037256,0,0,0,0,0,0,0,0,0,0,0,0
