0.20605
0.23151
0.066406
0.039642
0.047896
0.043819
0.037331
0.033488
0.033614
0.033407
0.033623
0.033288
0.033528
0.033215
0.033634
0.033416
0.033225
0.033207
0.033301
0.033259
0.033466
0.033506
0.03338
0.033304
0.033381
0.033742
0.033259
0.033907
0.033284
0.033356
0.033334
0.032903
0.03331
0.033443
0.033377
0.033323
0.033337
0.033493
0.03352
0.033447
0.034391
0.033556
0.034106
0.033389
0.033831
0.033291
0.03324
0.03328
0.033197
0.033161
0.033228
0.033324
0.033262
0.03336
0.033354
0.033247
0.033202
0.03356
NaN
NaN
NaN
NaN
0.22141
0.22753
0.070015
0.044444
0.051566
0.046212
0.040704
0.036652
0.036694
0.036633
0.037858
0.036539
0.036476
0.036992
0.036667
0.036408
0.036356
0.037048
NaN
NaN
NaN
NaN
0.21037
0.23513
0.069655
0.042925
0.050741
0.04631
0.039139
0.035775
0.036005
0.035758
0.035216
0.035537
0.034999
0.034971
0.034998
0.034745
0.034647
0.034347
0.034325
0.035259
0.034445
0.034283
0.034652
0.034331
0.034735
0.034695
0.035336
0.035364
0.034561
0.034913
0.034093
0.03506
0.034738
0.034519
0.034834
0.03461
0.034921
0.034205
0.033998
0.034038
0.035108
0.034882
0.03543
0.034905
0.035276
0.034686
0.034578
0.034266
0.034228
0.034591
0.034447
0.034825
0.034722
0.034152
