0.20346,0.20527,0.20333,0,0,0,0,0,0,0,0,0,0,0,0
0.2296,0.23078,0.2316,0,0,0,0,0,0,0,0,0,0,0,0
0.064886,0.065474,0.06625,0,0,0,0,0,0,0,0,0,0,0,0
0.038068,0.038668,0.039438,0,0,0,0,0,0,0,0,0,0,0,0
0.046181,0.046394,0.047216,0,0,0,0,0,0,0,0,0,0,0,0
0.041186,0.041284,0.041853,0,0,0,0,0,0,0,0,0,0,0,0
0.035131,0.035058,0.036108,0,0,0,0,0,0,0,0,0,0,0,0
0.03159,0.031844,0.032352,0,0,0,0,0,0,0,0,0,0,0,0
0.031717,0.031783,0.032703,0,0,0,0,0,0,0,0,0,0,0,0
0.031445,0.031774,0.032244,0,0,0,0,0,0,0,0,0,0,0,0
0.031345,0.031427,0.032211,0,0,0,0,0,0,0,0,0,0,0,0
0.031232,0.031495,0.032005,0,0,0,0,0,0,0,0,0,0,0,0
0.031052,0.031236,0.031891,0,0,0,0,0,0,0,0,0,0,0,0
0.031023,0.031186,0.031249,0,0,0,0,0,0,0,0,0,0,0,0
0.031309,0.031361,0.031112,0,0,0,0,0,0,0,0,0,0,0,0
0.031278,0.03136,0.030869,0,0,0,0,0,0,0,0,0,0,0,0
0.03133,0.031385,0.031081,0,0,0,0,0,0,0,0,0,0,0,0
0.031114,0.031372,0.030935,0,0,0,0,0,0,0,0,0,0,0,0
0.03125,0.031189,0.030932,0,0,0,0,0,0,0,0,0,0,0,0
0.031268,0.031332,0.030847,0,0,0,0,0,0,0,0,0,0,0,0
0.031359,0.031489,0.031051,0,0,0,0,0,0,0,0,0,0,0,0
0.031755,0.031643,0.030942,0,0,0,0,0,0,0,0,0,0,0,0
0.031283,0.030871,0.031018,0,0,0,0,0,0,0,0,0,0,0,0
0.031542,0.030916,0.030823,0,0,0,0,0,0,0,0,0,0,0,0
0.031566,0.030936,0.031069,0,0,0,0,0,0,0,0,0,0,0,0
0.031476,0.031131,0.031,0,0,0,0,0,0,0,0,0,0,0,0
0.031482,0.031163,0.031009,0,0,0,0,0,0,0,0,0,0,0,0
0.031574,0.031306,0.031101,0,0,0,0,0,0,0,0,0,0,0,0
0.031432,0.031175,0.030991,0,0,0,0,0,0,0,0,0,0,0,0
0.031314,0.031095,0.030864,0,0,0,0,0,0,0,0,0,0,0,0
0.031399,0.030988,0.030917,0,0,0,0,0,0,0,0,0,0,0,0
0.03199,0.031751,0.031432,0,0,0,0,0,0,0,0,0,0,0,0
0.031626,0.030938,0.030962,0,0,0,0,0,0,0,0,0,0,0,0
0.031512,0.031231,0.030955,0,0,0,0,0,0,0,0,0,0,0,0
0.031417,0.030773,0.030869,0,0,0,0,0,0,0,0,0,0,0,0
0.03141,0.030872,0.030752,0,0,0,0,0,0,0,0,0,0,0,0
0.031506,0.030893,0.030871,0,0,0,0,0,0,0,0,0,0,0,0
0.031568,0.031236,0.030894,0,0,0,0,0,0,0,0,0,0,0,0
0.031355,0.030865,0.030841,0,0,0,0,0,0,0,0,0,0,0,0
0.031362,0.031052,0.030981,0,0,0,0,0,0,0,0,0,0,0,0
0.031881,0.031348,0.031467,0,0,0,0,0,0,0,0,0,0,0,0
0.031698,0.030987,0.031175,0,0,0,0,0,0,0,0,0,0,0,0
0.03204,0.031349,0.031465,0,0,0,0,0,0,0,0,0,0,0,0
0.031714,0.031113,0.03112,0,0,0,0,0,0,0,0,0,0,0,0
0.031462,0.030942,0.031028,0,0,0,0,0,0,0,0,0,0,0,0
0.031311,0.030639,0.030565,0,0,0,0,0,0,0,0,0,0,0,0
0.031272,0.030654,0.030767,0,0,0,0,0,0,0,0,0,0,0,0
0.031243,0.030873,0.030673,0,0,0,0,0,0,0,0,0,0,0,0
0.03135,0.030738,0.030893,0,0,0,0,0,0,0,0,0,0,0,0
0.031515,0.030763,0.030551,0,0,0,0,0,0,0,0,0,0,0,0
0.031366,0.030776,0.030862,0,0,0,0,0,0,0,0,0,0,0,0
0.031384,0.030841,0.030781,0,0,0,0,0,0,0,0,0,0,0,0
0.031348,0.030789,0.031015,0,0,0,0,0,0,0,0,0,0,0,0
0.031598,0.031073,0.030841,0,0,0,0,0,0,0,0,0,0,0,0
0.031406,0.030774,0.031062,0,0,0,0,0,0,0,0,0,0,0,0
0.031369,0.030865,0.030736,0,0,0,0,0,0,0,0,0,0,0,0
0.031436,0.030764,0.030884,0,0,0,0,0,0,0,0,0,0,0,0
0.031354,0.03101,0.030891,0,0,0,0,0,0,0,0,0,0,0,0
0.031361,0.030815,0.030934,0,0,0,0,0,0,0,0,0,0,0,0
0.031347,0.030808,0.030874,0,0,0,0,0,0,0,0,0,0,0,0
0.031733,0.031129,0.031228,0,0,0,0,0,0,0,0,0,0,0,0
0.031758,0.031044,0.031042,0,0,0,0,0,0,0,0,0,0,0,0
0.031988,0.031242,0.031337,0,0,0,0,0,0,0,0,0,0,0,0
0.031581,0.031095,0.030925,0,0,0,0,0,0,0,0,0,0,0,0
0.031418,0.030771,0.030962,0,0,0,0,0,0,0,0,0,0,0,0
0.031429,0.030917,0.030772,0,0,0,0,0,0,0,0,0,0,0,0
0.031617,0.030925,0.031078,0,0,0,0,0,0,0,0,0,0,0,0
0.031564,0.031121,0.031049,0,0,0,0,0,0,0,0,0,0,0,0
0.031456,0.030828,0.030924,0,0,0,0,0,0,0,0,0,0,0,0
0.031622,0.031031,0.030938,0,0,0,0,0,0,0,0,0,0,0,0
0.031563,0.03076,0.031006,0,0,0,0,0,0,0,0,0,0,0,0
0.031298,0.030844,0.030722,0,0,0,0,0,0,0,0,0,0,0,0
0.031289,0.030662,0.030767,0,0,0,0,0,0,0,0,0,0,0,0
0.031252,0.030703,0.030658,0,0,0,0,0,0,0,0,0,0,0,0
0.031307,0.030482,0.030749,0,0,0,0,0,0,0,0,0,0,0,0
0.031416,0.030926,0.030912,0,0,0,0,0,0,0,0,0,0,0,0
0.031593,0.030951,0.03114,0,0,0,0,0,0,0,0,0,0,0,0
0.031069,0.030504,0.030443,0,0,0,0,0,0,0,0,0,0,0,0
0.03119,0.030269,0.030522,0,0,0,0,0,0,0,0,0,0,0,0
0.031296,0.030745,0.030707,0,0,0,0,0,0,0,0,0,0,0,0
0.030673,0.029903,0.030158,0,0,0,0,0,0,0,0,0,0,0,0
0.030941,0.030038,0.030155,0,0,0,0,0,0,0,0,0,0,0,0
0.030696,0.030042,0.030163,0,0,0,0,0,0,0,0,0,0,0,0
0.030817,0.030197,0.030225,0,0,0,0,0,0,0,0,0,0,0,0
0.030634,0.030049,0.030053,0,0,0,0,0,0,0,0,0,0,0,0
0.031101,0.03044,0.030419,0,0,0,0,0,0,0,0,0,0,0,0
0.030643,0.03012,0.030171,0,0,0,0,0,0,0,0,0,0,0,0
0.030851,0.030453,0.030297,0,0,0,0,0,0,0,0,0,0,0,0
0.030824,0.030147,0.030336,0,0,0,0,0,0,0,0,0,0,0,0
0.030818,0.030286,0.030249,0,0,0,0,0,0,0,0,0,0,0,0
0.030773,0.030172,0.030288,0,0,0,0,0,0,0,0,0,0,0,0
0.030945,0.030355,0.030396,0,0,0,0,0,0,0,0,0,0,0,0
0.031064,0.030459,0.03072,0,0,0,0,0,0,0,0,0,0,0,0
0.031192,0.030478,0.030541,0,0,0,0,0,0,0,0,0,0,0,0
0.03106,0.030485,0.030739,0,0,0,0,0,0,0,0,0,0,0,0
0.031088,0.030524,0.030514,0,0,0,0,0,0,0,0,0,0,0,0
0.030895,0.030281,0.030279,0,0,0,0,0,0,0,0,0,0,0,0
0.030948,0.030473,0.030482,0,0,0,0,0,0,0,0,0,0,0,0
0.030964,0.030291,0.030457,0,0,0,0,0,0,0,0,0,0,0,0
0.030946,0.030515,0.030241,0,0,0,0,0,0,0,0,0,0,0,0
0.031576,0.031133,0.031157,0,0,0,0,0,0,0,0,0,0,0,0
0.031497,0.031112,0.030977,0,0,0,0,0,0,0,0,0,0,0,0
0.031053,0.030512,0.030577,0,0,0,0,0,0,0,0,0,0,0,0
0.030973,0.030828,0.0304,0,0,0,0,0,0,0,0,0,0,0,0
0.030831,0.030356,0.030376,0,0,0,0,0,0,0,0,0,0,0,0
0.030934,0.03063,0.030536,0,0,0,0,0,0,0,0,0,0,0,0
0.031407,0.031043,0.031094,0,0,0,0,0,0,0,0,0,0,0,0
0.03108,0.030845,0.031106,0,0,0,0,0,0,0,0,0,0,0,0
0.031082,0.030739,0.030783,0,0,0,0,0,0,0,0,0,0,0,0
0.031119,0.0308,0.030504,0,0,0,0,0,0,0,0,0,0,0,0
0.031191,0.030628,0.030646,0,0,0,0,0,0,0,0,0,0,0,0
0.031477,0.03107,0.030915,0,0,0,0,0,0,0,0,0,0,0,0
0.031751,0.031217,0.031249,0,0,0,0,0,0,0,0,0,0,0,0
0.03134,0.030962,0.030754,0,0,0,0,0,0,0,0,0,0,0,0
0.03099,0.030415,0.030598,0,0,0,0,0,0,0,0,0,0,0,0
0.031064,0.03087,0.030531,0,0,0,0,0,0,0,0,0,0,0,0
0.03098,0.030538,0.030599,0,0,0,0,0,0,0,0,0,0,0,0
0.031111,0.030776,0.030487,0,0,0,0,0,0,0,0,0,0,0,0
0.030921,0.03039,0.030522,0,0,0,0,0,0,0,0,0,0,0,0
0.031063,0.030651,0.030416,0,0,0,0,0,0,0,0,0,0,0,0
0.030835,0.030413,0.03039,0,0,0,0,0,0,0,0,0,0,0,0
0.030893,0.03053,0.030434,0,0,0,0,0,0,0,0,0,0,0,0
0.031029,0.03064,0.030486,0,0,0,0,0,0,0,0,0,0,0,0
0.030854,0.030463,0.030353,0,0,0,0,0,0,0,0,0,0,0,0
0.03089,0.030561,0.030426,0,0,0,0,0,0,0,0,0,0,0,0
0.031518,0.031055,0.031126,0,0,0,0,0,0,0,0,0,0,0,0
0.03135,0.030972,0.030951,0,0,0,0,0,0,0,0,0,0,0,0
0.03153,0.031156,0.030861,0,0,0,0,0,0,0,0,0,0,0,0
0.031398,0.030964,0.03085,0,0,0,0,0,0,0,0,0,0,0,0
0.031392,0.030971,0.030869,0,0,0,0,0,0,0,0,0,0,0,0
0.031288,0.030711,0.030883,0,0,0,0,0,0,0,0,0,0,0,0
0.031135,0.030564,0.030456,0,0,0,0,0,0,0,0,0,0,0,0
0.030913,0.030558,0.030474,0,0,0,0,0,0,0,0,0,0,0,0
0.030834,0.030458,0.030195,0,0,0,0,0,0,0,0,0,0,0,0
0.030941,0.030574,0.030504,0,0,0,0,0,0,0,0,0,0,0,0
0.030885,0.030518,0.030341,0,0,0,0,0,0,0,0,0,0,0,0
0.030758,0.030263,0.03029,0,0,0,0,0,0,0,0,0,0,0,0
0.030645,0.030326,0.030048,0,0,0,0,0,0,0,0,0,0,0,0
0.030837,0.030493,0.030519,0,0,0,0,0,0,0,0,0,0,0,0
0.030983,0.030482,0.030294,0,0,0,0,0,0,0,0,0,0,0,0
0.03068,0.030324,0.030252,0,0,0,0,0,0,0,0,0,0,0,0
0.030541,0.030188,0.030052,0,0,0,0,0,0,0,0,0,0,0,0
0.03075,0.030346,0.030282,0,0,0,0,0,0,0,0,0,0,0,0
0.030704,0.030494,0.030259,0,0,0,0,0,0,0,0,0,0,0,0
0.030568,0.030171,0.030205,0,0,0,0,0,0,0,0,0,0,0,0
0.029463,0.030238,0.03005,0,0,0,0,0,0,0,0,0,0,0,0
0.030711,0.030306,0.030281,0,0,0,0,0,0,0,0,0,0,0,0
0.030775,0.029227,0.029064,0,0,0,0,0,0,0,0,0,0,0,0
0.030745,0.030304,0.030274,0,0,0,0,0,0,0,0,0,0,0,0
0.03062,0.03034,0.030079,0,0,0,0,0,0,0,0,0,0,0,0
0.030689,0.030413,0.030359,0,0,0,0,0,0,0,0,0,0,0,0
0.030746,0.030775,0.030568,0,0,0,0,0,0,0,0,0,0,0,0
0.030891,0.03072,0.030705,0,0,0,0,0,0,0,0,0,0,0,0
0.030678,0.030677,0.030528,0,0,0,0,0,0,0,0,0,0,0,0
0.030321,0.030219,0.030214,0,0,0,0,0,0,0,0,0,0,0,0
0.030382,0.030316,0.030044,0,0,0,0,0,0,0,0,0,0,0,0
0.030339,0.030085,0.030205,0,0,0,0,0,0,0,0,0,0,0,0
0.0307,0.030479,0.030367,0,0,0,0,0,0,0,0,0,0,0,0
0.03066,0.030416,0.030528,0,0,0,0,0,0,0,0,0,0,0,0
0.030918,0.030942,0.030637,0,0,0,0,0,0,0,0,0,0,0,0
0.030816,0.030579,0.030504,0,0,0,0,0,0,0,0,0,0,0,0
0.030371,0.030336,0.030116,0,0,0,0,0,0,0,0,0,0,0,0
0.03044,0.030347,0.03035,0,0,0,0,0,0,0,0,0,0,0,0
0.030626,0.030558,0.030371,0,0,0,0,0,0,0,0,0,0,0,0
0.030531,0.03025,0.030303,0,0,0,0,0,0,0,0,0,0,0,0
0.030519,0.030331,0.030249,0,0,0,0,0,0,0,0,0,0,0,0
0.030601,0.030409,0.030382,0,0,0,0,0,0,0,0,0,0,0,0
0.030735,0.030604,0.030293,0,0,0,0,0,0,0,0,0,0,0,0
0.031451,0.03123,0.031289,0,0,0,0,0,0,0,0,0,0,0,0
0.031376,0.031302,0.031074,0,0,0,0,0,0,0,0,0,0,0,0
0.031234,0.031068,0.031011,0,0,0,0,0,0,0,0,0,0,0,0
0.031296,0.031398,0.031581,0,0,0,0,0,0,0,0,0,0,0,0
0.031408,0.031333,0.031781,0,0,0,0,0,0,0,0,0,0,0,0
0.03109,0.031043,0.031215,0,0,0,0,0,0,0,0,0,0,0,0
0.030888,0.030642,0.031007,0,0,0,0,0,0,0,0,0,0,0,0
0.030877,0.030741,0.030842,0,0,0,0,0,0,0,0,0,0,0,0
0.030967,0.030841,0.031091,0,0,0,0,0,0,0,0,0,0,0,0
0.030683,0.030605,0.030778,0,0,0,0,0,0,0,0,0,0,0,0
0.030763,0.030469,0.030654,0,0,0,0,0,0,0,0,0,0,0,0
0.0309,0.030862,0.030831,0,0,0,0,0,0,0,0,0,0,0,0
0.030784,0.030593,0.030678,0,0,0,0,0,0,0,0,0,0,0,0
0.030964,0.030764,0.030619,0,0,0,0,0,0,0,0,0,0,0,0
0.030977,0.030929,0.03087,0,0,0,0,0,0,0,0,0,0,0,0
0.030751,0.030695,0.030477,0,0,0,0,0,0,0,0,0,0,0,0
0.030475,0.030243,0.030325,0,0,0,0,0,0,0,0,0,0,0,0
0.030513,0.030449,0.03017,0,0,0,0,0,0,0,0,0,0,0,0
0.030552,0.030317,0.030312,0,0,0,0,0,0,0,0,0,0,0,0
0.030236,0.030311,0.029993,0,0,0,0,0,0,0,0,0,0,0,0
0.03055,0.030517,0.030545,0,0,0,0,0,0,0,0,0,0,0,0
0.030885,0.03076,0.030469,0,0,0,0,0,0,0,0,0,0,0,0
0.030904,0.030504,0.030698,0,0,0,0,0,0,0,0,0,0,0,0
0.030985,0.030964,0.030633,0,0,0,0,0,0,0,0,0,0,0,0
0.030948,0.030716,0.030771,0,0,0,0,0,0,0,0,0,0,0,0
0.031135,0.031037,0.030613,0,0,0,0,0,0,0,0,0,0,0,0
0.030847,0.030617,0.030626,0,0,0,0,0,0,0,0,0,0,0,0
0.030981,0.031062,0.030743,0,0,0,0,0,0,0,0,0,0,0,0
0.031238,0.031079,0.031025,0,0,0,0,0,0,0,0,0,0,0,0
NaN,NaN,NaN,0,0,0,0,0,0,0,0,0,0,0,0
NaN,NaN,NaN,0,0,0,0,0,0,0,0,0,0,0,0
NaN,NaN,NaN,0,0,0,0,0,0,0,0,0,0,0,0
NaN,NaN,NaN,0,0,0,0,0,0,0,0,0,0,0,0
0.20653,0.20554,0.21282,0,0,0,0,0,0,0,0,0,0,0,0
0.23353,0.23589,0.23443,0,0,0,0,0,0,0,0,0,0,0,0
0.067558,0.067954,0.068631,0,0,0,0,0,0,0,0,0,0,0,0
0.039428,0.039855,0.040465,0,0,0,0,0,0,0,0,0,0,0,0
0.048506,0.048978,0.048854,0,0,0,0,0,0,0,0,0,0,0,0
0.044284,0.044594,0.044624,0,0,0,0,0,0,0,0,0,0,0,0
0.036318,0.03728,0.037544,0,0,0,0,0,0,0,0,0,0,0,0
0.033771,0.034055,0.034328,0,0,0,0,0,0,0,0,0,0,0,0
NaN,NaN,NaN,0,0,0,0,0,0,0,0,0,0,0,0
NaN,NaN,NaN,0,0,0,0,0,0,0,0,0,0,0,0
NaN,NaN,NaN,0,0,0,0,0,0,0,0,0,0,0,0
NaN,NaN,NaN,0,0,0,0,0,0,0,0,0,0,0,0
0.2052,0.20197,0.20623,0,0,0,0,0,0,0,0,0,0,0,0
0.23818,0.23514,0.23427,0,0,0,0,0,0,0,0,0,0,0,0
0.069757,0.067649,0.067545,0,0,0,0,0,0,0,0,0,0,0,0
0.041081,0.039285,0.039256,0,0,0,0,0,0,0,0,0,0,0,0
0.050535,0.048288,0.048695,0,0,0,0,0,0,0,0,0,0,0,0
0.043438,0.041945,0.041833,0,0,0,0,0,0,0,0,0,0,0,0
0.036945,0.035572,0.035669,0,0,0,0,0,0,0,0,0,0,0,0
0.034931,0.033717,0.033566,0,0,0,0,0,0,0,0,0,0,0,0
0.03494,0.033759,0.033813,0,0,0,0,0,0,0,0,0,0,0,0
0.035233,0.033502,0.033516,0,0,0,0,0,0,0,0,0,0,0,0
0.034797,0.033235,0.03354,0,0,0,0,0,0,0,0,0,0,0,0
0.034422,0.033193,0.033348,0,0,0,0,0,0,0,0,0,0,0,0
0.036726,0.035718,0.035644,0,0,0,0,0,0,0,0,0,0,0,0
NaN,NaN,NaN,0,0,0,0,0,0,0,0,0,0,0,0
NaN,NaN,NaN,0,0,0,0,0,0,0,0,0,0,0,0
NaN,NaN,NaN,0,0,0,0,0,0,0,0,0,0,0,0
NaN,NaN,NaN,0,0,0,0,0,0,0,0,0,0,0,0
0.20797,0.2002,0.20386,0,0,0,0,0,0,0,0,0,0,0,0
0.23376,0.23294,0.23357,0,0,0,0,0,0,0,0,0,0,0,0
0.068708,0.0689,0.068018,0,0,0,0,0,0,0,0,0,0,0,0
0.039951,0.040356,0.039326,0,0,0,0,0,0,0,0,0,0,0,0
0.049541,0.050159,0.048883,0,0,0,0,0,0,0,0,0,0,0,0
0.044049,0.044702,0.043591,0,0,0,0,0,0,0,0,0,0,0,0
0.037316,0.038407,0.036832,0,0,0,0,0,0,0,0,0,0,0,0
0.033727,0.03441,0.033202,0,0,0,0,0,0,0,0,0,0,0,0
0.033882,0.034602,0.033066,0,0,0,0,0,0,0,0,0,0,0,0
0.033174,0.034289,0.032912,0,0,0,0,0,0,0,0,0,0,0,0
