0.0100
0.0140
0.0130
0.0140
0.0140
0.0139
0.0130
0.0140
0.0130
0.0140
0.0130
0.0140
0.0140
0.0130
0.0139
0.0140
NaN
NaN
NaN
NaN
0.0109
0.0140
0.0130
0.0140
0.0140
0.0140
0.0140
0.0140
0.0130
0.0130
0.0140
0.0130
0.0140
0.0130
0.0140
0.0140
0.0140
0.0130
0.0140
0.0130
0.0130
0.0140
0.0140
0.0140
0.0130
0.0140
0.0130
0.0140
0.0140
0.0130
0.0140
0.0130
0.0140
0.0130
0.0140
0.0140
0.0140
0.0130
0.0130
0.0140
0.0140
0.0130
NaN
NaN
NaN
NaN
0.0110
0.0129
0.0140
0.0130
0.0140
0.0130
0.0140
0.0140
0.0140
0.0130
0.0140
0.0130
0.0140
0.0130
0.0140
0.0130
0.0140
0.0130
0.0140
0.0140
0.0140
0.0140
0.0129
0.0140
0.0140
0.0140
0.0130
0.0140
0.0140
0.0140
0.0140
0.0130
0.0140
0.0140
0.0140
0.0140
0.0140
0.0140
0.0130
0.0140
0.0130
0.0140
0.0140
0.0130
0.0140
0.0180
0.0130
0.0140
0.0130
0.0140
0.0140
0.0140
0.0140
0.0130
0.0140
0.0140
0.0140
0.0130
0.0140
0.0140
0.0140
0.0130
0.0140
0.0130
0.0140
0.0140
0.0130
0.0140
0.0130
0.0140
0.0140
0.0140
0.0140
0.0140
0.0140
0.0130
0.0130
0.0140
NaN
NaN
NaN
NaN
0.0110
0.0139
0.0140
0.0140
0.0140
0.0140
0.0140
0.0140
0.0140
0.0140