1
512.1578,199.7759,54.6577,30.1738
506.0438,199.9411,54.6577,30.1738
493.6505,200.1063,54.6577,30.1738
484.8364,201.5430,53.4921,29.5303
481.4403,200.0875,53.4921,29.5303
471.2553,202.4287,52.3513,28.9006
441.1510,195.5670,51.2349,28.2842
435.8747,194.5249,50.1423,27.6811
426.3276,190.8750,49.0730,27.0908
416.0908,190.7267,49.0730,27.0908
405.5573,189.0947,49.0730,27.0908
391.3518,182.9487,48.0265,26.5130
365.3623,171.9600,49.0891,27.0996
367.1289,169.6585,50.1752,27.6992
2
0
0
0
0
1
303.9243,160.0018,41.7425,34.7692
303.4730,159.5504,41.7425,34.7692
300.8726,159.1961,40.8523,34.0277
285.4115,157.8708,40.8523,34.0277
273.7789,156.2511,40.8523,34.0277
267.5440,155.6204,39.9811,33.3021
227.1819,146.4308,40.8657,34.0389
216.4017,148.6394,39.9942,33.3130
209.3381,148.7835,39.9942,33.3130
201.9862,142.8731,39.9942,33.3130
183.6550,136.9758,39.1414,32.6026
178.0990,138.5180,40.0074,33.3239
176.3099,141.2911,40.8925,34.0612
175.8677,139.6698,40.8925,34.0612
174.1728,137.3338,40.0205,33.3348
170.5665,144.1135,40.0205,33.3348
173.0188,155.5093,40.0205,33.3348
170.2780,161.4235,40.0205,33.3348
168.6913,175.4158,40.0205,33.3348
167.9700,181.3301,40.0205,33.3348
168.2577,183.7710,39.1670,32.6240
164.4556,184.1425,40.0336,33.3458
166.5578,186.3186,40.9193,34.0835
169.9307,187.9309,41.8247,34.8376
172.5562,190.4819,40.9328,34.0947
175.3594,193.2851,40.9328,34.0947
177.2027,195.8163,41.8384,34.8491
142.6689,179.6804,41.8384,34.8491
143.4229,180.4344,41.8384,34.8491
145.9865,180.2836,41.8384,34.8491
133.7715,190.3874,41.8384,34.8491
135.7319,194.4591,41.8384,34.8491
137.3908,197.3243,41.8384,34.8491
141.4624,202.9040,41.8384,34.8491
146.1373,206.3725,41.8384,34.8491
148.7637,208.0522,40.9462,34.1059
153.0411,210.2652,40.0730,33.3786
158.0626,212.1525,39.2184,32.6668
159.9003,213.7074,39.2184,32.6668
162.0207,216.1105,39.2184,32.6668
2
0
0
0
0
1
187.4203,181.7861,32.0110,33.1704
189.3449,182.4277,32.0110,33.1704
193.5790,184.6089,32.0110,33.1704
197.5564,188.3297,32.0110,33.1704
199.2244,191.2807,32.0110,33.1704
202.1754,193.4619,32.0110,33.1704
205.6396,195.1299,32.0110,33.1704
208.3340,197.0544,32.0110,33.1704
212.0549,199.4922,32.0110,33.1704
215.2625,202.1866,32.0110,33.1704
217.1871,204.8810,32.0110,33.1704
221.4920,207.8420,32.7193,33.9043
221.6232,210.0714,32.7193,33.9043
219.9183,212.8254,32.7193,33.9043
217.9512,218.7269,32.7193,33.9043
215.9840,228.3004,32.7193,33.9043
217.3908,233.7760,33.4432,34.6544
223.1548,236.5909,33.4432,34.6544
228.6506,238.0654,33.4432,34.6544
231.1975,237.1271,33.4432,34.6544
235.6950,235.4921,34.1831,35.4212
240.9457,239.9636,33.4542,34.6658
243.7616,242.5113,33.4542,34.6658
237.1912,249.3498,33.4542,34.6658
239.7450,251.6581,32.7407,33.9266
241.7385,252.9052,32.0425,33.2031
246.9079,252.6403,31.3592,32.4950
252.0613,253.5202,31.3592,32.4950
255.2036,253.1431,31.3592,32.4950
261.4743,256.2760,30.6905,31.8020
269.7160,259.1053,30.6905,31.8020
272.0533,262.1806,30.6905,31.8020
273.2105,265.4838,30.0360,31.1238
275.5033,270.8053,29.3955,30.4601
281.2766,275.1647,29.3955,30.4601
284.6934,277.8746,29.3955,30.4601
288.1102,280.8201,29.3955,30.4601
289.6419,286.3577,29.3955,30.4601
291.4092,288.5963,29.3955,30.4601
296.2399,291.3062,29.3955,30.4601
295.3041,286.0664,28.7686,29.8105
292.1908,275.3427,28.7686,29.8105
268.0913,280.3010,28.7686,29.8105
269.5675,282.4835,29.4051,30.4701
270.3428,284.2252,30.0557,31.1443
271.8851,289.0050,30.7207,31.8333
274.2280,293.1241,31.4004,32.5376
269.0678,286.9571,31.4004,32.5376
269.1122,285.4220,32.0951,33.2575
267.1826,279.1185,32.0951,33.2575
265.5102,277.4462,32.0951,33.2575
264.0952,279.3758,32.0951,33.2575
262.4228,283.6210,32.0951,33.2575
262.6410,287.5714,31.4107,32.5483
262.1629,289.4319,32.1056,33.2684
256.1148,290.5900,32.1056,33.2684
253.6698,289.1745,32.1056,33.2684
252.7690,289.3032,32.1056,33.2684
254.6993,290.9760,32.1056,33.2684
240.4153,313.7531,32.1056,33.2684
242.8603,319.8013,32.1056,33.2684
245.3053,325.3347,32.1056,33.2684
246.7209,331.1255,32.1056,33.2684
248.9085,335.6294,32.1056,33.2684
251.0961,338.0744,32.1056,33.2684
252.7690,341.5489,32.1056,33.2684
255.4714,342.9644,32.1056,33.2684
253.4571,345.1796,31.4210,32.5590
250.5146,346.8620,30.7509,31.8646
248.1728,344.0272,30.7509,31.8646
248.2961,342.1784,30.7509,31.8646
261.8107,344.7753,30.0951,31.1851
268.0611,349.6422,29.4533,30.5201
269.0825,347.2224,30.1050,31.1954
270.1266,352.2605,30.7711,31.8855
284.1256,325.3776,30.1149,31.2056
2
0
0
0
0
1
238.7582,348.6062,55.4675,26.9724
240.9638,347.8103,56.6947,27.5691
244.2352,350.3869,57.9491,28.1791
241.6884,357.8716,59.2312,28.8026
244.5900,359.0664,59.2312,28.8026
246.8090,357.8716,59.2312,28.8026
248.1017,361.9802,60.5417,29.4398
240.7347,364.7316,61.8812,30.0912
232.8347,369.0240,63.2503,30.7570