0.19961
0.22896
0.060468
0.031962
0.041142
0.036527
0.029499
0.026162
0.026323
0.025861
0.025816
0.025417
0.025439
0.025514
0.025798
0.026081
0.025665
0.025625
0.025548
0.02535
0.025467
0.026215
0.026994
0.026246
0.026982
0.025501
0.02526
0.024647
0.025359
0.024456
0.024522
0.025559
0.025351
0.025429
0.024618
0.024992
0.025729
0.024883
0.025073
0.024527
0.025865
0.025558
0.025962
0.024626
0.025102
0.025154
0.025859
0.02501
0.025406
0.025191
0.02544
0.025603
0.025385
0.025263
0.025671
0.025787
0.025781
0.025764
0.025875
0.02585
0.025895
0.025998
0.026067
0.027622
0.025712
0.026605
0.025819
0.025852
0.025877
0.025895
0.024791
0.024604
0.025721
0.026744
0.025909
0.025421
0.025783
0.025483
0.025526
0.025065
0.025018
0.025525
0.026041
0.025641
0.025932
0.025977
0.026072
0.026008
0.02608
0.025962
0.025411
0.026024
0.025754
0.025679
0.02472
0.025764
0.024782
0.026066
0.026087
0.02727
0.027389
0.026809
0.025751
0.026178
0.026264
0.024997
0.026243
0.025343
0.025613
0.026308
0.024362
0.026577
0.026436
0.026035
0.025984
0.025344
0.025078
0.026338
0.024969
0.025483
0.025111
0.024821
0.025217
0.026299
0.025
0.026411
0.02706
0.026399
0.026582
0.025651
0.025696
0.025791
0.025209
0.025145
0.026443
0.026345
0.025856
0.025932
0.026032
0.025125
0.026441
0.025934
0.025119
0.025577
0.025788
0.025838
0.026505
0.026623
0.02631
0.026485
0.025932
0.026151
0.026573
0.025675
0.026027
0.026504
0.026556
0.026163
0.025845
0.025302
0.026581
0.02655
0.02573
0.025423
0.026675
0.025429
0.026906
0.026877
0.027275
0.026717
0.02565
0.026941
0.027051
0.027906
0.02862
0.028357
0.027674
0.028525
0.028481
0.028923
0.028874
0.027642
0.028739
0.028359
0.02707
0.027342
0.029035
0.028624
0.028325
0.02816
0.027443
0.027842
0.029504
NaN
NaN
NaN
NaN
0.20402
0.21774
0.059518
0.031657
0.039539
0.034155
0.029262
0.022492
0.024865
0.024683
0.025343
0.02617
0.025799
0.025677
0.02573
0.025152
0.024478
0.024218
0.023914
0.024095
0.024397
0.024486
0.024268
0.02449
0.02424
0.024253
0.023791
0.024544
0.024463
0.02448
0.02406
0.024795
0.024631
0.024202
0.024294
0.024423
0.024479
0.024615
0.024619
0.024651
0.025028
0.024526
0.024315
0.024545
0.025188
0.024458
0.026858
0.026197
0.025897
0.02603
0.026916
0.026029
0.025943
0.026142
0.025282
0.025709
0.025155
0.025704
0.025606
0.025992
0.025611
0.025657
0.025318
0.025691
0.02583
0.025517
0.025512
0.025756
0.026024
0.025816
0.02601
0.026084
0.026316
0.02574
0.026521
0.026977
0.026284
0.025521
0.024993
0.025745
0.025809
0.025577
0.026124
0.025985
0.02592
0.026041
0.025263
0.026082
0.026206
0.025993
0.02634
0.025794
0.026799
0.027024
0.026995
