0.2035
0.23023
0.082335
0.038753
0.046969
0.040421
0.036132
0.032688
0.032611
0.032537
0.032539
0.032401
0.032052
0.03231
0.03242
0.032437
0.032133
0.032217
0.031881
0.031982
0.031928
0.0318
0.031674
0.031931
0.031837
0.03196
0.031758
0.031845
0.031487
0.03202
0.031738
0.034531
0.033176
0.033479
0.033242
0.033857
0.032842
0.033371
0.032777
0.032864
0.033504
0.033033
0.033652
0.031451
0.033481
0.032903
0.032818
0.034082
0.033533
0.034215
0.033953
0.034113
0.034051
0.034281
0.033587
0.034207
0.033971
0.036
0.035742
0.035591
0.035942
0.036226
0.036488
0.036505
0.036
0.035595
0.037262
0.037624
0.037773
0.037253
0.037915
0.037856
0.036151
0.037187
0.03687
0.03691
0.036891
0.037077
0.037103
0.035878
0.03701
0.036482
0.036575
0.039544
0.037684
0.038171
0.037893
0.039044
0.038105
0.039005
0.036915
0.037927
0.037058
0.037917
0.036091
0.037626
0.036161
0.037466
0.038002
0.038916
0.038585
0.039024
0.037302
0.03715
0.037954
0.037135
0.038043
0.037056
0.037004
0.037103
0.037262
0.035973
0.035939
0.037597
0.037046
0.038082
0.037782
0.038227
