0.21777
0.23032
0.071491
0.042728
0.052854
0.048206
0.04155
0.038504
0.038395
0.039478
0.039015
0.040483
0.040156
0.040521
0.03964
0.038743
0.039136
0.039056
0.03999
0.038231
0.038542
0.0391
0.03839
0.03749
0.037012
0.037668
0.03721
0.037439
0.037331
0.080336
0.041333
0.037189
0.045705
0.036658
0.037032
0.037658
0.037057
0.036371
0.036911
0.037701
0.038051
0.037278
0.037837
0.037766
0.037133
0.037262
0.036987
0.03711
0.03697
0.036957
0.03695
0.035748
0.037145
0.036438
0.037115
0.036639
0.037265
0.036469
0.037105
0.035882
0.035717
0.036713
0.036474
0.036634
0.036361
0.036055
0.03672
0.035782
0.035943
0.035623
0.03561
0.035563
0.035631
0.034971
0.034938
0.035163
0.036204
0.035035
0.034773
0.036031
0.037108
0.03814
0.038032
0.038266
0.037695
0.038058
0.038001
0.038594
0.038012
0.037216
0.038081
0.037029
0.036903
0.036839
0.038014
0.037781
0.037913
0.035432
0.038109
0.037422
0.03855
0.038339
0.03792
0.037867
0.03669
0.037733
0.037966
0.036855
0.035691
0.035823
0.036117
0.036645
0.036523
0.03594
0.035748
0.035744
0.036732
0.036829
0.036742
0.035832
0.036096
0.034091
0.037728
0.037929
0.037034
0.036768
0.038522
0.038784
0.038611
0.038435
0.035833
0.035597
0.035612
0.036773
0.036844
0.035716
0.035624
0.035681
0.035596
0.035696
0.037167
0.03579
0.035646
0.037364
0.035778
0.03563
0.035658
0.03714
0.035546
0.035651
0.038232
0.035703
0.035574
0.03563
0.035959
0.037796
0.035731
0.038051
0.035608
0.035471
