1
762.3517,238.3088,149.3141,93.3884
764.7246,238.7833,149.3141,93.3884
767.0975,240.2071,149.3141,93.3884
768.5213,237.8342,149.3141,93.3884
770.8942,239.2579,149.3141,93.3884
775.1655,237.8342,149.3141,93.3884
778.4876,235.4613,149.3141,93.3884
781.8096,234.9867,149.3141,93.3884
785.1317,233.5630,149.3141,93.3884
786.5555,232.1392,149.3141,93.3884
791.7759,233.5630,149.3141,93.3884
794.1488,234.9867,149.3141,93.3884
788.0656,229.5222,152.6176,95.4546
790.4910,228.0670,152.6176,95.4546
791.9463,226.6117,152.6176,95.4546
794.3717,226.1267,152.6176,95.4546
796.7971,225.6416,152.6176,95.4546
798.2524,223.2162,152.6176,95.4546
799.7077,221.7610,152.6176,95.4546
800.1928,219.3356,152.6176,95.4546
804.5585,214.9699,152.6176,95.4546
807.9541,214.4848,152.6176,95.4546
809.4093,212.0594,152.6176,95.4546
809.8944,210.6042,152.6176,95.4546
811.3497,210.1191,152.6176,95.4546
808.1515,212.5860,155.9943,97.5665
808.9979,208.9347,159.4457,99.7252
811.9660,214.6667,162.9734,101.9316
812.8502,217.3010,166.5792,104.1868
810.2029,215.7126,166.5792,104.1868
814.4026,219.5038,170.2648,106.4920
818.1908,220.0450,170.2648,106.4920
816.5673,219.5038,170.2648,106.4920
814.9437,215.7157,170.2648,106.4920
818.1133,211.7303,174.0319,108.8481
815.6142,206.5090,177.8823,111.2564
813.0598,202.3453,181.8180,113.7179
810.4488,200.4877,185.8407,116.2339
808.6768,198.7157,185.8407,116.2339
806.0081,200.4940,189.9524,118.8056
805.4043,199.8903,189.9524,118.8056
806.0081,200.4940,189.9524,118.8056
802.9894,201.0977,189.9524,118.8056
800.2616,201.6626,194.1551,121.4342
794.9125,200.9595,198.4508,124.1209
791.7588,204.1132,198.4508,124.1209
792.0509,206.0447,194.2188,121.4740
787.7298,206.6620,194.2188,121.4740
785.6358,204.9823,190.0770,118.8835
778.9903,205.5864,190.0770,118.8835
771.1365,208.6071,190.0770,118.8835
774.1572,208.0029,190.0770,118.8835
768.7199,213.4402,190.0770,118.8835
773.6581,219.9485,186.0236,116.3483
778.9794,225.2699,186.0236,116.3483
776.9737,232.7792,182.0566,113.8671
778.7097,237.9870,182.0566,113.8671
786.7860,241.9898,178.1741,111.4389
785.9566,241.5405,174.3745,109.0624
785.4023,239.8778,174.3745,109.0624
782.6312,238.2151,174.3745,109.0624
787.6193,240.9863,174.3745,109.0624
792.6074,241.5405,174.3745,109.0624
795.3785,247.6370,174.3745,109.0624
791.4989,249.2997,174.3745,109.0624
792.0532,246.5286,174.3745,109.0624
783.7397,240.4321,174.3745,109.0624
787.6193,244.3117,174.3745,109.0624
795.3548,240.6668,170.6559,106.7366
801.3213,240.1243,170.6559,106.7366
793.2432,240.6318,174.4317,109.0982
793.7976,238.9686,174.4317,109.0982
792.1344,236.1965,174.4317,109.0982
791.3224,233.6192,170.7119,106.7716
792.9501,230.9062,170.7119,106.7716
797.3853,226.2919,167.0714,104.4947
791.6805,224.5850,170.7679,106.8066
793.3088,227.2989,170.7679,106.8066
791.6805,226.7561,170.7679,106.8066
793.3088,231.6410,170.7679,106.8066
797.7454,229.1178,167.1262,104.5289
801.0633,229.7204,163.5622,102.2998
803.3084,230.3101,160.0742,100.1183
802.7996,228.7838,160.0742,100.1183
805.9777,228.3801,156.6605,97.9832
809.0879,226.0654,153.3197,95.8937
808.6006,227.5273,153.3197,95.8937
808.1133,229.9639,153.3197,95.8937
812.0966,228.6379,150.0501,93.8487
810.6659,227.2071,150.0501,93.8487
812.0966,227.6840,150.0501,93.8487
813.5273,226.2533,150.0501,93.8487
812.0966,231.4994,150.0501,93.8487
812.5735,231.0224,150.0501,93.8487
813.0504,232.4532,150.0501,93.8487
816.9488,232.0748,146.8503,91.8474
815.5485,231.6081,146.8503,91.8474
817.5642,238.4359,143.7186,89.8887
818.0210,236.1519,143.7186,89.8887
820.8743,234.9089,140.6538,87.9718
822.8049,235.4160,137.6543,86.0958
819.7423,242.8539,137.6543,86.0958
823.3186,246.7238,134.7188,84.2598
827.6440,245.5587,131.8459,82.4629
826.3868,245.1396,131.8459,82.4629
826.8059,243.8824,131.8459,82.4629
830.2312,248.3969,129.0342,80.7044
829.0009,246.3463,129.0342,80.7044
829.4110,245.9362,129.0342,80.7044
832.7633,247.1920,126.2825,78.9833
830.7564,246.7906,126.2825,78.9833
831.1578,248.7975,126.2825,78.9833
833.1647,250.0016,126.2825,78.9833
831.9606,248.7975,126.2825,78.9833
835.2414,247.7053,123.5895,77.2990
833.2773,244.1700,123.5895,77.2990
829.7420,234.3496,123.5895,77.2990
830.9204,226.8861,123.5895,77.2990
828.1708,220.9939,123.5895,77.2990
829.1099,219.9250,120.9539,75.6505
829.4944,221.0783,120.9539,75.6505
830.6477,223.7694,120.9539,75.6505
831.8010,224.9227,120.9539,75.6505
829.8789,221.4627,120.9539,75.6505
831.0322,218.0028,120.9539,75.6505
826.8034,213.7739,120.9539,75.6505
827.1878,207.2385,120.9539,75.6505
826.0345,202.2408,120.9539,75.6505
824.1123,198.7808,120.9539,75.6505
823.7279,196.8586,120.9539,75.6505
824.1123,198.0119,120.9539,75.6505
823.7279,198.3964,120.9539,75.6505
826.4190,198.7808,120.9539,75.6505
826.0345,199.1653,120.9539,75.6505
826.4190,199.5497,120.9539,75.6505
827.5723,199.9341,120.9539,75.6505
827.1878,199.5497,120.9539,75.6505
829.1100,200.7030,120.9539,75.6505
827.9567,201.0875,120.9539,75.6505
830.6478,202.2408,120.9539,75.6505
830.2633,202.6252,120.9539,75.6505
829.1100,202.2408,120.9539,75.6505
828.7255,202.6252,120.9539,75.6505
829.1100,203.0097,120.9539,75.6505
827.1878,200.3186,120.9539,75.6505
826.8034,199.9342,120.9539,75.6505
827.9567,195.7053,120.9539,75.6505
829.8789,192.2454,120.9539,75.6505
831.0322,192.6298,120.9539,75.6505
831.4166,190.7076,120.9539,75.6505
831.0322,188.7854,120.9539,75.6505
831.4166,192.2454,120.9539,75.6505
832.0729,192.6051,123.6301,77.3243
831.6799,189.8544,123.6301,77.3243
829.7152,187.1038,123.6301,77.3243
827.9399,188.2868,126.3654,79.0351
826.7350,187.0819,126.3654,79.0351
827.9399,189.0901,126.3654,79.0351
826.7350,187.8852,126.3654,79.0351
826.3334,189.0901,126.3654,79.0351
825.9318,186.2786,126.3654,79.0351
825.5301,187.4836,126.3654,79.0351
823.5220,185.4754,126.3654,79.0351
823.9236,185.0737,126.3654,79.0351
822.9424,185.4495,129.1612,80.7838
822.5318,185.8600,129.1612,80.7838
822.9424,187.9127,129.1612,80.7838
822.5318,189.9653,129.1612,80.7838
822.1213,193.6600,129.1612,80.7838
821.7108,198.1758,129.1612,80.7838
820.4792,203.5126,129.1612,80.7838
821.7108,208.8494,129.1612,80.7838
822.9424,210.9021,129.1612,80.7838
823.3529,212.9547,129.1612,80.7838
822.9424,214.1863,129.1612,80.7838
824.1739,214.5968,129.1612,80.7838
826.2265,215.8284,129.1612,80.7838
824.8339,212.3372,126.4068,79.0610
827.6463,212.7390,126.4068,79.0610
828.8516,213.9443,126.4068,79.0610
826.0392,213.5425,126.4068,79.0610
826.4410,214.7478,126.4068,79.0610
825.2357,215.9531,126.4068,79.0610
827.2445,217.9620,126.4068,79.0610
826.8427,216.7567,126.4068,79.0610
825.6374,217.9620,126.4068,79.0610
826.0392,220.7744,126.4068,79.0610
823.3904,219.4829,129.2035,80.8102
825.4436,221.5362,129.2035,80.8102
821.0319,220.2162,132.0622,82.5982
823.9701,219.7964,132.0622,82.5982
825.7829,218.6543,129.2459,80.8367
827.8368,221.5298,129.2459,80.8367
830.7124,217.8327,129.2459,80.8367
835.6540,214.3392,126.4897,79.1129
836.6152,215.5703,123.7923,77.4258
841.3483,213.7412,121.1524,75.7746
844.4959,214.1780,118.5687,74.1587
846.1234,213.8790,116.0402,72.5773
846.7529,214.2241,118.6076,74.1830
844.2675,213.0123,121.2318,75.8243
840.9275,213.3728,123.9141,77.5019
839.1481,212.9241,126.6557,79.2167
837.3293,212.4654,129.4579,80.9693
833.7627,213.7042,132.3222,82.7608
830.9898,213.2249,135.2498,84.5919
826.3716,213.6271,138.2422,86.4635
821.6513,214.9500,141.3008,88.3765
816.8265,214.4383,144.4271,90.3318
816.3674,214.8973,144.4271,90.3318
814.9903,216.2744,144.4271,90.3318
813.8688,216.7039,147.6226,92.3304
814.6697,216.1693,150.8887,94.3732
812.2718,213.7714,150.8887,94.3732
811.7922,215.2101,150.8887,94.3732
813.6059,215.6588,154.2271,96.4612
817.0373,217.1294,154.2271,96.4612
817.5274,218.6000,154.2271,96.4612
817.0373,220.0706,154.2271,96.4612
820.4686,221.5412,154.2271,96.4612
816.0569,223.0117,154.2271,96.4612
811.6451,225.4627,154.2271,96.4612
808.2138,224.9725,154.2271,96.4612
803.8020,222.5215,154.2271,96.4612
801.5873,225.0145,157.6394,98.5954
800.0842,225.5155,157.6394,98.5954
799.3504,229.9473,154.2777,96.4928
800.8214,233.3798,154.2777,96.4928
796.4082,234.8509,154.2777,96.4928
793.9564,234.3605,154.2777,96.4928
791.5047,235.8316,154.2777,96.4928
789.0529,234.3605,154.2777,96.4928
783.6590,233.8702,154.2777,96.4928
776.3036,231.4184,154.2777,96.4928
772.0532,230.8597,157.6911,98.6277
770.5496,228.3537,157.6911,98.6277
772.7141,238.5840,154.3283,96.5245
753.1950,242.0964,157.7428,98.6601
745.7281,243.6058,161.2328,100.8429
735.9913,235.9189,161.2328,100.8429
729.3293,239.5061,161.2328,100.8429
721.6972,242.1123,164.8001,103.0741
715.9354,245.7789,164.8001,103.0741
703.7870,247.3558,168.4463,105.3546
709.6762,251.1035,168.4463,105.3546
685.0387,252.7154,172.1732,107.6856
677.9246,292.6635,172.1732,107.6856
665.3383,329.3282,172.1732,107.6856
2
0
0
0
0
1
432.1835,202.3127,145.8650,95.2376
429.8235,201.8407,145.8650,95.2376
430.2955,201.3687,145.8650,95.2376
425.1037,200.8968,145.8650,95.2376
423.6877,200.4248,145.8650,95.2376
421.3277,198.0648,145.8650,95.2376
424.6317,200.4248,145.8650,95.2376
425.1037,199.9528,145.8650,95.2376
426.5196,201.3688,145.8650,95.2376
425.3957,200.8049,149.0922,97.3448
425.8781,202.2522,149.0922,97.3448
423.4659,201.7697,149.0922,97.3448
419.1240,202.2522,149.0922,97.3448
420.5713,202.7346,149.0922,97.3448
422.9835,203.2170,149.0922,97.3448
421.5362,203.6995,149.0922,97.3448
422.0186,203.2170,149.0922,97.3448
418.6416,203.6995,149.0922,97.3448
413.3349,202.2522,149.0922,97.3448
404.1777,202.6769,152.3909,99.4985
396.7811,199.2251,152.3909,99.4985
390.3708,202.6769,152.3909,99.4985
392.2661,196.9718,155.7625,101.6999
382.6898,196.4678,155.7625,101.6999
374.1216,195.9638,155.7625,101.6999
370.5935,195.4598,155.7625,101.6999
373.1135,195.9638,155.7625,101.6999
369.5854,195.4598,155.7625,101.6999
371.0975,195.9638,155.7625,101.6999
368.5774,195.4598,155.7625,101.6999
370.0895,194.9558,155.7625,101.6999
367.5694,195.4598,155.7625,101.6999
367.4150,194.8576,159.2088,103.9501
369.6092,201.4280,155.8136,101.7333
366.8969,201.0549,152.4908,99.5638
369.9497,206.3968,149.2389,97.4406
372.0064,204.1777,146.0564,95.3626
370.3751,206.5611,142.9417,93.3290
373.2367,208.8936,139.8934,91.3387
370.0680,209.3463,139.8934,91.3387
368.7100,211.6096,139.8934,91.3387
368.8927,215.6377,136.9101,89.3909
370.7795,219.5798,133.9905,87.4846
366.7756,224.2737,131.1331,85.6190
364.4930,228.0495,128.3366,83.7931
363.2472,230.1258,128.3366,83.7931
362.8319,232.2022,128.3366,83.7931
361.3985,235.8975,125.5998,82.0062
359.3664,234.6782,125.5998,82.0062
359.7728,234.2718,125.5998,82.0062
360.9921,233.8654,125.5998,82.0062
361.3985,235.0847,125.5998,82.0062
358.5535,234.6783,125.5998,82.0062
358.9599,235.0847,125.5998,82.0062
360.9920,235.4911,125.5998,82.0062
359.7728,235.0847,125.5998,82.0062
360.9920,236.3039,125.5998,82.0062
358.1471,235.0847,125.5998,82.0062
356.1150,233.0526,125.5998,82.0062
354.0830,231.0205,125.5998,82.0062
355.3022,229.8013,125.5998,82.0062
352.4573,229.3949,125.5998,82.0062
354.4894,229.8013,125.5998,82.0062
351.6445,232.6462,125.5998,82.0062
350.4252,232.2398,125.5998,82.0062
350.8316,234.2719,125.5998,82.0062
352.5626,237.8883,122.9214,80.2574
352.1648,235.8996,122.9214,80.2574
353.3581,239.4793,122.9214,80.2574
352.9603,235.8996,122.9214,80.2574
352.5626,235.5019,122.9214,80.2574
352.1649,236.6951,122.9214,80.2574
351.7671,239.4793,122.9214,80.2574
347.3919,235.8996,122.9214,80.2574
348.0954,231.2978,125.6410,82.0331
350.1282,232.5174,125.6410,82.0331
348.9085,232.1109,125.6410,82.0331
349.3151,232.5174,125.6410,82.0331
345.6562,232.9240,125.6410,82.0331
343.6234,234.1436,125.6410,82.0331
341.5907,233.7371,125.6410,82.0331
340.3710,234.1436,125.6410,82.0331
336.7121,232.9240,125.6410,82.0331
334.6793,230.8912,125.6410,82.0331
336.2420,227.8748,128.4208,83.8481
334.3902,225.6538,131.2621,85.7032
336.0228,225.1464,134.1663,87.5994
338.5923,224.6277,137.1347,89.5375
337.2611,221.5216,137.1347,89.5375
333.4421,220.0707,140.1688,91.5186
332.3620,216.7054,143.2701,93.5434
331.2581,215.1896,146.4399,95.6131
327.9411,216.6112,146.4399,95.6131
324.6242,216.1373,146.4399,95.6131
320.3595,217.5589,146.4399,95.6131
315.9836,220.8619,143.3170,93.5741
310.8824,219.4707,143.3170,93.5741
302.9988,219.9345,143.3170,93.5741
284.9128,221.3257,143.3170,93.5741
248.2770,226.4269,143.3170,93.5741
231.4789,233.2354,140.2608,91.5786
234.6559,238.2278,140.2608,91.5786
237.3421,238.6273,143.3640,93.6048
242.4449,235.3801,143.3640,93.6048
245.6922,232.1328,143.3640,93.6048
295.0636,213.0101,140.3067,91.6086
310.9537,212.5560,140.3067,91.6086
316.8558,212.1020,140.3067,91.6086
318.2178,214.3721,140.3067,91.6086
323.7310,209.1194,143.4110,93.6355
320.3402,215.9324,140.3528,91.6386
311.7198,216.3321,143.4581,93.6662
307.4329,219.5680,140.3988,91.6687
295.9817,217.1399,143.5051,93.6969
285.3016,220.3904,143.5051,93.6969
276.5376,224.5224,140.4448,91.6987
271.6835,220.2075,143.5522,93.7276
266.5740,222.5300,143.5522,93.7276
263.3224,222.9945,143.5522,93.7276
263.7869,218.8140,143.5522,93.7276
258.6774,220.2075,143.5522,93.7276
260.6558,219.8638,140.4909,91.7288
257.4736,219.4092,140.4909,91.7288
259.7465,215.3178,140.4909,91.7288
255.6551,215.7724,140.4909,91.7288
257.9281,213.4994,140.4909,91.7288
259.2919,213.9540,140.4909,91.7288
258.2094,208.6944,143.5992,93.7583
257.1029,203.3185,146.7764,95.8327
257.9429,199.7946,150.0238,97.9530
256.2673,204.1143,146.8245,95.8641
251.0413,204.5894,146.8245,95.8641
251.2331,208.8171,143.6934,93.8198
251.0907,207.2968,146.8726,95.8956
251.9312,200.8122,150.1222,98.0173
246.7427,197.2079,153.4436,100.1859
246.2461,201.6765,153.4436,100.1859
249.3179,208.0090,150.1714,98.0494
244.9446,204.6075,150.1714,98.0494
244.2041,208.9315,146.9690,95.9585
241.8262,205.6026,146.9690,95.9585
247.5187,209.8344,143.8348,93.9121
242.5474,202.5181,147.0172,95.9899
205.8786,182.2076,150.2699,98.1137
192.6133,178.5998,153.5946,100.2845
185.2421,178.0061,156.9929,102.5033
180.8702,175.2910,160.4664,104.7712
181.7886,176.8255,164.0167,107.0892
184.9297,175.0902,167.6456,109.4586
181.3867,174.4421,171.3547,111.8803
182.3674,172.6292,175.1460,114.3557
179.8419,170.7761,179.0211,116.8858
171.2505,168.8821,182.9819,119.4719
176.5794,168.2900,182.9819,119.4719
173.9408,166.3540,187.0304,122.1152
174.5460,165.7488,187.0304,122.1152
174.3607,161.2585,191.1684,124.8170
171.6041,157.9524,195.3980,127.5786
176.6582,158.5090,199.7212,130.4013
168.4144,153.7140,204.1401,133.2864
164.1001,155.6661,208.6567,136.2354
166.6953,153.4585,213.2732,139.2496
157.6615,156.9388,208.7251,136.2800
144.8418,154.7305,213.3431,139.2952
144.6303,152.4733,218.0633,142.3771
138.5577,151.6303,222.8880,145.5272
139.2789,153.7940,222.8880,145.5272
140.0001,150.1879,222.8880,145.5272
82.9111,316.9374,227.8194,148.7470
86.5970,325.0463,227.8194,148.7470
78.7230,318.0470,232.8599,152.0381
78.4922,315.5834,238.0119,155.4019
2
0
0
0
0
1
68.2671,225.7758,250.4078,92.1194
67.6111,226.4318,250.4078,92.1194
68.2671,227.0879,250.4078,92.1194
68.9231,226.4318,250.4078,92.1194
68.2671,227.0879,250.4078,92.1194
68.9231,223.8078,250.4078,92.1194
68.2671,227.0879,250.4078,92.1194
67.6111,226.4318,250.4078,92.1194
66.9551,227.0879,250.4078,92.1194
66.2990,227.7439,250.4078,92.1194
66.9551,228.3999,250.4078,92.1194
66.2990,229.0559,250.4078,92.1194
66.9551,227.0878,250.4078,92.1194
66.2990,226.4318,250.4078,92.1194
65.6430,227.0878,250.4078,92.1194
66.2990,226.4318,250.4078,92.1194
64.3310,227.0878,250.4078,92.1194
64.9870,226.4318,250.4078,92.1194
64.3310,228.3999,250.4078,92.1194
64.9870,227.7439,250.4078,92.1194
64.3310,229.7119,250.4078,92.1194
64.9870,230.3679,250.4078,92.1194
64.3310,231.0239,250.4078,92.1194
66.2990,230.3679,250.4078,92.1194
65.6430,231.0239,250.4078,92.1194
67.6111,227.7438,250.4078,92.1194
62.7991,227.4054,255.9481,94.1575
57.8806,227.0595,261.6109,96.2408
52.8533,223.8616,267.3991,98.3701
50.7517,224.5621,267.3991,98.3701
50.0512,225.2626,267.3991,98.3701
52.1528,224.5621,267.3991,98.3701
47.0143,225.6543,273.3153,100.5465
41.7621,223.7991,279.3624,102.7711
42.4940,223.0673,279.3624,102.7711
41.7621,223.7991,279.3624,102.7711
42.4940,221.6035,279.3624,102.7711
37.1255,224.2632,285.5433,105.0449
39.3698,220.5228,285.5433,105.0449
37.1255,221.2709,285.5433,105.0449
37.8736,222.0190,285.5433,105.0449
37.1255,219.7748,285.5433,105.0449
36.3775,222.0190,285.5433,105.0449
38.6217,218.2786,285.5433,105.0449
37.8736,222.0190,285.5433,105.0449
40.1178,218.2786,285.5433,105.0449
39.3698,220.5228,285.5433,105.0449
38.6217,218.2786,285.5433,105.0449
37.8736,222.0190,285.5433,105.0449
35.4909,215.4241,291.8609,107.3691
34.7263,219.2472,291.8609,107.3691
32.4325,215.4241,291.8609,107.3691
33.1971,219.2472,291.8609,107.3691
29.1751,215.6795,298.3184,109.7446
29.9566,216.4610,298.3184,109.7446
29.1751,214.1164,298.3184,109.7446
26.8305,214.8980,298.3184,109.7446
26.0489,212.5534,298.3184,109.7446
23.5596,210.5285,304.9186,112.1727
21.1631,211.3273,304.9186,112.1727
18.6188,205.9425,311.6650,114.6545
19.4353,206.7589,311.6650,114.6545
18.6188,207.5754,311.6650,114.6545
19.4353,208.3919,311.6650,114.6545
20.2518,209.2084,311.6650,114.6545
21.0683,210.0249,311.6650,114.6545
21.8848,207.5754,311.6650,114.6545
21.0683,210.0249,311.6650,114.6545
21.8848,207.5754,311.6650,114.6545
21.0683,208.3919,311.6650,114.6545
20.2518,205.9425,311.6650,114.6545
19.4353,208.3919,311.6650,114.6545
18.6188,205.9425,311.6650,114.6545
19.4353,208.3919,311.6650,114.6545
18.6188,210.8414,311.6650,114.6545
17.8023,206.7589,311.6650,114.6545
18.6188,209.2084,311.6650,114.6545
19.4353,208.3919,311.6650,114.6545
20.2518,209.2084,311.6650,114.6545
21.0683,208.3919,311.6650,114.6545
20.2518,209.2084,311.6650,114.6545
19.4353,208.3919,311.6650,114.6545
18.6188,207.5754,311.6650,114.6545
17.8023,208.3919,311.6650,114.6545
18.6188,205.9424,311.6650,114.6545
17.8023,208.3919,311.6650,114.6545
15.2016,206.2764,318.5606,117.1913
16.0361,207.1110,318.5606,117.1913
15.2016,202.9382,318.5606,117.1913
16.0361,207.1110,318.5606,117.1913
16.8707,209.6147,318.5606,117.1913
14.3670,207.1110,318.5606,117.1913
15.2016,207.9456,318.5606,117.1913
14.3670,203.7727,318.5606,117.1913
13.5324,206.2764,318.5606,117.1913
12.6060,202.3824,325.6087,119.7841
11.7529,204.9415,325.6087,119.7841
10.8999,202.3824,325.6087,119.7841
11.7529,206.6476,325.6087,119.7841
10.8999,200.6763,325.6087,119.7841
10.0469,199.8233,325.6087,119.7841
10.8999,202.3824,325.6087,119.7841
11.7529,206.6476,325.6087,119.7841
12.6060,207.5006,325.6087,119.7841
15.1651,208.3536,325.6087,119.7841
19.4591,210.4530,318.6650,117.2297
18.6243,209.6182,318.6650,117.2297
17.7894,210.4530,318.6650,117.2297
18.6243,209.6182,318.6650,117.2297
19.4591,212.1227,318.6650,117.2297
23.6616,215.7867,311.8694,114.7297
24.4786,211.7015,311.8694,114.7297
25.2957,212.5186,311.8694,114.7297
29.4085,217.6794,305.2187,112.2831
30.2081,215.2806,305.2187,112.2831
34.2333,220.3314,298.7098,109.8886
33.4507,216.4186,298.7098,109.8886
34.2333,218.7663,298.7098,109.8886
35.0158,216.4186,298.7098,109.8886
34.2333,218.7663,298.7098,109.8886
33.4507,217.9837,298.7098,109.8886
34.2333,217.2011,298.7098,109.8886
33.4507,217.9837,298.7098,109.8886
34.2333,218.7663,298.7098,109.8886
33.4507,217.9837,298.7098,109.8886
34.2333,218.7663,298.7098,109.8886
38.1461,221.1139,298.7098,109.8886
42.0854,223.0399,292.3398,107.5452
45.9407,227.8776,286.1055,105.2518
45.1912,224.1299,286.1055,105.2518
45.9407,224.8794,286.1055,105.2518
46.6902,224.1299,286.1055,105.2518
47.4398,223.3803,286.1055,105.2518
51.2129,226.6700,280.0042,103.0073
50.4793,225.9364,280.0042,103.0073
49.7458,226.6700,280.0042,103.0073
49.0122,228.8706,280.0042,103.0073
49.7458,229.6042,280.0042,103.0073
50.4793,230.3377,280.0042,103.0073
55.5860,232.1431,274.0331,100.8106
56.3039,231.4252,274.0331,100.8106
62.6857,231.8081,268.1892,98.6608
67.5769,233.5373,262.4700,96.5568
72.3638,233.9041,256.8728,94.4977
75.7514,235.5603,251.3949,92.4825
80.3364,237.1812,246.0338,90.5103
83.5810,238.7676,240.7871,88.5801
82.9502,236.8751,240.7871,88.5801
87.3417,239.6437,235.6522,86.6911
86.7243,240.2610,235.6522,86.6911
86.1069,242.1131,235.6522,86.6911
85.4896,242.7305,235.6522,86.6911
84.8722,243.3479,235.6522,86.6911
83.0201,242.7305,235.6522,86.6911
87.3179,246.6301,230.6269,84.8424
86.7137,244.8175,230.6269,84.8424
89.7552,247.4692,225.7087,83.0331
95.0115,247.7846,220.8954,81.2624
93.2754,248.3633,220.8954,81.2624
87.8297,243.2615,225.7827,83.0603
82.2636,242.9564,230.7781,84.8981
82.8682,243.5610,230.7781,84.8981
78.4334,241.9945,235.8841,86.7764
82.7592,240.1406,235.8841,86.7764
17.9676,235.7051,230.8538,84.9259
12.8510,241.8571,225.9308,83.1148
16.9943,240.0814,225.9308,83.1148
17.5862,243.0409,225.9308,83.1148
18.1780,243.6327,225.9308,83.1148
87.4298,237.1219,225.9308,83.1148
90.3892,235.3462,225.9308,83.1148
89.7973,235.9381,225.9308,83.1148
90.3892,235.3462,225.9308,83.1148
92.1649,234.7543,225.9308,83.1148
96.2854,237.3521,221.1127,81.3424
95.7062,236.7728,221.1127,81.3424
95.1269,238.5106,221.1127,81.3424
96.8647,237.9313,221.1127,81.3424
97.4440,239.6691,221.1127,81.3424
96.8647,239.0899,221.1127,81.3424
97.4440,239.6691,221.1127,81.3424
98.0233,240.2484,221.1127,81.3424
98.6025,239.6691,221.1127,81.3424
98.0233,239.0899,221.1127,81.3424
98.6025,239.6691,221.1127,81.3424
98.0233,237.9313,221.1127,81.3424
98.6025,239.6691,221.1127,81.3424
98.0233,237.9313,221.1127,81.3424
97.4440,239.6691,221.1127,81.3424
96.8647,237.9313,221.1127,81.3424
99.7611,237.3520,221.1127,81.3424
101.4989,236.7727,221.1127,81.3424
106.6482,241.5484,216.3974,79.6077
110.5949,244.0365,211.7827,77.9101
114.4574,244.3325,207.2664,76.2486
118.2375,244.6221,202.8464,74.6226
115.5804,244.0907,202.8464,74.6226
117.1746,244.6221,202.8464,74.6226
116.6432,244.0907,202.8464,74.6226
118.2375,245.6849,202.8464,74.6226
117.7061,244.0907,202.8464,74.6226
118.2375,246.7478,202.8464,74.6226
121.9370,244.9824,198.5206,73.0313
121.4169,247.5828,198.5206,73.0313
126.0401,244.8525,194.2871,71.4738
123.4951,245.3615,194.2871,71.4738
128.0197,245.6330,190.1439,69.9496
123.5365,248.1237,190.1439,69.9496
125.0309,245.6330,190.1439,69.9496
129.4590,245.8987,186.0890,68.4579
131.9131,248.9782,182.1206,66.9981
128.5733,253.2723,182.1206,66.9981
130.9589,249.9324,182.1206,66.9981
131.4360,251.3638,182.1206,66.9981
133.8216,248.9782,182.1206,66.9981
132.3902,250.4096,182.1206,66.9981
132.8674,250.8867,182.1206,66.9981
135.2530,248.5011,182.1206,66.9981
133.8216,247.0697,182.1206,66.9981
138.9826,245.4847,178.2368,65.5693
136.6479,246.8856,178.2368,65.5693
141.6988,244.4342,174.4359,64.1710
141.2419,243.9772,174.4359,64.1710
140.7849,246.2622,174.4359,64.1710
143.0853,245.6250,170.7160,62.8026
146.1988,248.4500,167.0754,61.4633
144.0103,247.1369,167.0754,61.4633
145.3234,248.4500,167.0754,61.4633
146.6365,247.1369,167.0754,61.4633
145.3234,249.3255,167.0754,61.4633
146.6365,247.1369,167.0754,61.4633
145.3234,251.0763,167.0754,61.4633
142.1128,251.7587,170.7720,62.8231
144.3497,251.3113,170.7720,62.8231
139.2114,250.1522,174.5503,64.2131
141.4978,249.6949,174.5503,64.2131
136.2458,248.5101,178.4122,65.6338
137.6480,249.9123,178.4122,65.6338
141.8029,248.3596,174.6075,64.2342
145.8692,248.6036,170.8840,62.8644
144.5262,247.2605,170.8840,62.8644
144.9739,248.6036,170.8840,62.8644
139.8322,246.5147,174.6648,64.2552
143.8998,246.7588,170.9400,62.8850
142.5563,248.1023,170.9400,62.8850
147.4005,245.7513,167.2947,61.5439
145.2091,248.8193,167.2947,61.5439
148.2770,245.7513,167.2947,61.5439
146.9622,248.8193,167.2947,61.5439
147.4005,248.3810,167.2947,61.5439
145.2091,250.5724,167.2947,61.5439
144.7708,250.1341,167.2947,61.5439
144.3325,251.4490,167.2947,61.5439
144.7708,250.1341,167.2947,61.5439
146.0856,249.6958,167.2947,61.5439
144.7708,249.2575,167.2947,61.5439
143.4560,249.6958,167.2947,61.5439
140.2411,250.3791,170.9961,62.9056
136.9551,247.3593,174.7794,64.2974
133.5965,249.0234,178.6464,65.7200
131.1346,247.8108,182.5989,67.1740
132.5698,249.2459,182.5989,67.1740
134.0049,244.9405,182.5989,67.1740
136.3967,241.5919,182.5989,67.1740
136.8751,239.2000,182.5989,67.1740
137.3535,241.5919,182.5989,67.1740
141.6059,235.3919,178.7049,65.7415
144.8651,238.3491,174.8940,64.3396
149.8213,232.4108,171.1643,62.9675
148.4761,236.4465,171.1643,62.9675
153.3266,231.4992,167.5142,61.6247
152.8878,235.4489,167.5142,61.6247
158.4808,232.2990,163.9419,60.3105
161.4708,235.8399,160.4458,59.0244
164.3970,231.2024,157.0242,57.7657
165.6748,233.8008,153.6757,56.5338
168.4775,230.9112,150.3985,55.3282
168.0835,232.8812,150.3985,55.3282
170.0536,228.5471,150.3985,55.3282
169.6596,231.3052,150.3985,55.3282
170.8416,229.3351,150.3985,55.3282
169.6596,228.9411,150.3985,55.3282
173.1621,231.4299,147.1912,54.1483
175.1032,233.1223,144.0523,52.9936
174.7258,231.2354,144.0523,52.9936
175.1032,231.6128,144.0523,52.9936
179.9130,227.4491,140.9803,51.8635
184.7144,230.0345,140.9803,51.8635
185.0837,231.1425,140.9803,51.8635
186.1917,228.5571,140.9803,51.8635
182.8677,232.6199,140.9803,51.8635
187.5748,231.3929,137.9739,50.7575
190.8280,232.4773,137.9739,50.7575
196.2500,229.9470,137.9739,50.7575
200.2261,228.1397,137.9739,50.7575
204.2022,228.5012,137.9739,50.7575
207.4553,227.4168,137.9739,50.7575
211.3653,228.3064,135.0316,49.6751
214.5491,226.5376,135.0316,49.6751
212.7804,228.3064,135.0316,49.6751
215.9642,227.2451,135.0316,49.6751
214.1954,229.0139,135.0316,49.6751
213.1341,228.6602,135.0316,49.6751
216.3179,227.5989,135.0316,49.6751
218.7942,227.9527,135.0316,49.6751
221.9780,229.0139,135.0316,49.6751
223.7468,227.9527,135.0316,49.6751
226.2231,229.0139,135.0316,49.6751
224.4543,229.3677,135.0316,49.6751
224.8081,226.8914,135.0316,49.6751
227.2844,228.6602,135.0316,49.6751
226.2231,228.3064,135.0316,49.6751
226.5768,226.5376,135.0316,49.6751
232.4493,228.0902,132.1520,48.6157
229.3334,228.4364,132.1520,48.6157
231.1042,224.6658,135.0758,49.6914
231.5212,226.9011,132.1953,48.6317
230.4822,227.9401,132.1953,48.6317
230.8285,226.2084,132.1953,48.6317
230.4822,226.5548,132.1953,48.6317
229.4432,227.5937,132.1953,48.6317
227.0190,227.9401,132.1953,48.6317
226.7595,229.4600,129.3762,47.5946
234.9994,226.3739,126.6172,46.5796
238.6483,227.3691,126.6172,46.5796
235.6629,228.3642,126.6172,46.5796
240.5299,224.7045,123.9171,45.5863
240.2052,226.3277,123.9171,45.5863
248.7233,223.3718,121.2745,44.6142
252.7725,224.7662,118.6883,43.6627
253.1389,226.1308,116.1572,42.7316
257.0173,224.5333,113.6801,41.8204
257.3682,226.9886,111.2559,40.9285
260.5744,224.3654,111.2559,40.9285
259.7941,227.3302,108.8833,40.0557
263.4296,226.3826,106.5613,39.2015
260.9171,228.3368,106.5613,39.2015
262.3129,226.3826,106.5613,39.2015
260.9171,227.7784,106.5613,39.2015
265.0132,226.8510,104.2889,38.3655
263.1007,227.6707,104.2889,38.3655
265.0132,227.3974,104.2889,38.3655
263.6471,228.2171,104.2889,38.3655
267.6558,228.3628,102.0649,37.5474
270.0623,225.4216,102.0649,37.5474
267.1211,227.8281,102.0649,37.5474
270.0623,225.9563,102.0649,37.5474
267.6558,228.3628,102.0649,37.5474
271.1319,225.9563,102.0649,37.5474
269.2602,228.3628,102.0649,37.5474
272.7362,225.4216,102.0649,37.5474
270.3297,227.8281,102.0649,37.5474
273.2710,225.9563,102.0649,37.5474
270.8645,228.3628,102.0649,37.5474
274.8753,225.4216,102.0649,37.5474
273.0036,227.2933,102.0649,37.5474
274.9261,223.2715,104.3231,38.3781
273.5596,225.7313,104.3231,38.3781
278.2058,224.3647,104.3231,38.3781
274.4997,226.4922,106.6312,39.2272
277.0139,224.5367,106.6312,39.2272
275.0584,227.0509,106.6312,39.2272
274.7791,228.4476,106.6312,39.2272
273.9410,224.8160,106.6312,39.2272
277.6885,229.3092,108.9904,40.0951
271.4467,229.7544,111.4018,40.9822
260.2220,215.0696,113.8666,41.8890
258.0339,217.3917,116.3859,42.8158
252.2406,214.0377,116.3859,42.8158
225.1038,214.9524,116.3859,42.8158
257.1191,221.9653,116.3859,42.8158
260.4731,224.0996,116.3859,42.8158
263.8272,219.5260,116.3859,42.8158
263.5987,221.4520,113.9040,41.9027
261.5098,218.1695,113.9040,41.9027
260.0178,214.2902,113.9040,41.9027
272.0704,217.2323,116.4241,42.8298
272.3754,222.4174,116.4241,42.8298
265.7079,215.9311,119.0000,43.7774
265.3961,219.9839,119.0000,43.7774
263.8374,220.9192,119.0000,43.7774
263.5256,218.1134,119.0000,43.7774
261.9668,220.2957,119.0000,43.7774
261.6550,221.2310,119.0000,43.7774
261.3433,221.5427,119.0000,43.7774
265.3165,219.9061,116.4622,42.8438
263.1808,221.4316,116.4622,42.8438
262.8757,222.3470,116.4622,42.8438
266.7642,220.1571,113.9787,41.9302
264.0768,221.6501,113.9787,41.9302
262.5838,222.5459,113.9787,41.9302
266.9650,219.8271,111.5480,41.0360
264.9193,223.0416,111.5480,41.0360
268.7184,220.4115,111.5480,41.0360
267.8417,223.6261,111.5480,41.0360
269.8873,219.8271,111.5480,41.0360
268.4261,222.4572,111.5480,41.0360
271.0562,219.8271,111.5480,41.0360
267.8416,223.0416,111.5480,41.0360
265.7960,223.9183,111.5480,41.0360
267.8416,221.2882,111.5480,41.0360
265.7960,223.3339,111.5480,41.0360
265.5038,224.2106,111.5480,41.0360
266.3805,225.0873,111.5480,41.0360
268.4261,223.0416,111.5480,41.0360
266.3805,224.5028,111.5480,41.0360
269.5951,222.4572,111.5480,41.0360
267.5494,224.5028,111.5480,41.0360
270.7640,221.8727,111.5480,41.0360
268.1339,223.9183,111.5480,41.0360
270.7640,221.8727,111.5480,41.0360
268.1339,224.5028,111.5480,41.0360
270.1795,222.4572,111.5480,41.0360
267.5494,225.0873,111.5480,41.0360
266.6727,226.5484,111.5480,41.0360
270.9605,223.8876,109.1692,40.1609
268.3865,226.4616,109.1692,40.1609
272.1045,222.7436,109.1692,40.1609
270.1025,224.7456,109.1692,40.1609
275.4015,222.6928,106.8412,39.3045
273.4422,225.2120,106.8412,39.3045
275.9613,222.1330,106.8412,39.3045
274.0020,224.6522,106.8412,39.3045
273.1623,227.1713,106.8412,39.3045
271.7628,227.4512,106.8412,39.3045
274.2819,226.0517,106.8412,39.3045
272.3226,227.4512,106.8412,39.3045
275.4015,224.3723,106.8412,39.3045
273.4422,226.8914,106.8412,39.3045
276.5211,223.2527,106.8412,39.3045
274.5618,225.7718,106.8412,39.3045
277.6407,222.6929,106.8412,39.3045
275.1216,225.2120,106.8412,39.3045
272.6025,227.1713,106.8412,39.3045
275.6814,224.6522,106.8412,39.3045
273.7220,227.7311,106.8412,39.3045
272.8823,229.1307,106.8412,39.3045
275.4015,225.4919,106.8412,39.3045
272.8823,228.0111,106.8412,39.3045
276.5211,224.3723,106.8412,39.3045
274.0019,226.8915,106.8412,39.3045
277.6407,223.8125,106.8412,39.3045
275.1215,226.8915,106.8412,39.3045
277.0808,223.2527,106.8412,39.3045
274.5617,226.8915,106.8412,39.3045
273.1622,228.2910,106.8412,39.3045
272.3225,229.6905,106.8412,39.3045
274.8416,226.6116,106.8412,39.3045
274.0019,228.5709,106.8412,39.3045
277.0808,226.0518,106.8412,39.3045
274.0019,227.4513,106.8412,39.3045
277.6406,224.9321,106.8412,39.3045
275.1215,226.8915,106.8412,39.3045
277.6406,223.8125,106.8412,39.3045
275.6813,227.4513,106.8412,39.3045
274.2818,228.8508,106.8412,39.3045
276.8009,225.7719,106.8412,39.3045
274.8416,228.8508,106.8412,39.3045
276.8009,225.7719,106.8412,39.3045
274.2818,228.2910,106.8412,39.3045
278.9282,225.2029,104.5628,38.4663
275.3671,227.1204,104.5628,38.4663
279.9144,224.0981,102.3329,37.6460
276.9654,227.0472,102.3329,37.6460
281.9326,224.6061,100.1507,36.8432
279.5712,227.4923,100.1507,36.8432
278.2593,229.3289,100.1507,36.8432
281.1455,226.9675,100.1507,36.8432
280.3583,229.8536,100.1507,36.8432
283.2445,226.9675,100.1507,36.8432
281.4078,229.3289,100.1507,36.8432
284.2940,226.4428,100.1507,36.8432
281.9326,229.3289,100.1507,36.8432
282.7197,226.4428,100.1507,36.8432
280.8831,227.2299,100.1507,36.8432
282.1950,224.8685,100.1507,36.8432
280.3583,226.1804,100.1507,36.8432
282.1950,222.2448,100.1507,36.8432
284.0316,218.3091,100.1507,36.8432
288.8928,215.9202,98.0149,36.0575
290.1768,215.6634,98.0149,36.0575
287.8657,217.9744,98.0149,36.0575
290.1768,216.6905,98.0149,36.0575
298.6505,213.3524,98.0149,36.0575
302.5022,215.6634,98.0149,36.0575
305.3267,218.4880,98.0149,36.0575
307.1242,221.3126,98.0149,36.0575
307.8945,224.6507,98.0149,36.0575
309.6920,225.9346,98.0149,36.0575
314.5708,228.7592,98.0149,36.0575
320.8134,231.3712,95.9247,35.2885
326.9228,231.9896,93.8791,34.5360
332.4279,232.5949,91.8771,33.7995
337.4826,229.9472,91.8771,33.7995
347.3513,225.3739,91.8771,33.7995
353.3688,223.6890,91.8771,33.7995
357.4607,222.4855,91.8771,33.7995
360.1084,224.6518,91.8771,33.7995
363.7189,222.0041,91.8771,33.7995
367.3294,220.8006,91.8771,33.7995
369.4957,222.0041,91.8771,33.7995
372.1434,220.8006,91.8771,33.7995
371.4213,222.0041,91.8771,33.7995
375.0318,220.3192,91.8771,33.7995
377.6795,223.4483,91.8771,33.7995
375.5132,225.6146,91.8771,33.7995
378.1609,222.9669,91.8771,33.7995
376.4760,225.6146,91.8771,33.7995
377.6795,226.3367,91.8771,33.7995
380.7471,231.5691,89.9178,33.0787
383.2952,236.2358,88.0003,32.3733
385.8312,239.2329,88.0003,32.3733
390.2116,242.6911,88.0003,32.3733
395.0530,247.5325,88.0003,32.3733
417.5457,251.2108,86.1236,31.6829
429.9360,253.4353,88.0291,32.3839
439.7292,254.7519,89.9768,33.1004
457.2743,256.6953,88.0580,32.3946
474.4452,254.1501,86.1801,31.7037
485.5920,252.5296,84.3423,31.0276
489.6859,250.9436,82.5437,30.3660
494.5263,257.7288,80.7834,29.7184
499.2634,261.1055,79.0607,29.0846
506.6944,263.6116,77.3747,28.4644
504.4646,265.4360,77.3747,28.4644
507.4388,272.1871,75.7247,27.8574
512.0016,279.5273,75.7247,27.8574
519.7385,282.1062,75.7247,27.8574
524.5614,282.5945,74.1098,27.2633
527.1660,278.8685,75.7495,27.8665
2
0
0
0
0
1
722.6988,227.9575,145.3141,68.0347
723.9378,230.0227,145.3141,68.0347
725.1769,228.7836,145.3141,68.0347
728.0682,231.6748,145.3141,68.0347
730.9594,232.9139,145.3141,68.0347
728.0682,232.5009,145.3141,68.0347
731.7854,234.5660,145.3141,68.0347
736.3288,237.4573,145.3141,68.0347
731.7854,231.2618,145.3141,68.0347
738.8070,232.5009,145.3141,68.0347
759.0456,246.9570,145.3141,68.0347
766.8932,244.8919,145.3141,68.0347
769.9994,241.1396,148.5292,69.5400
773.1743,240.8083,151.8154,71.0785
775.3319,239.5137,151.8154,71.0785
777.4894,241.6713,151.8154,71.0785
778.0484,237.7511,155.1743,72.6511
778.4894,239.9564,155.1743,72.6511
779.9760,235.9496,158.6076,74.2586
776.8203,236.4004,158.6076,74.2586
781.1461,234.1757,162.1167,75.9015
788.9795,237.4013,162.1167,75.9015
791.4887,235.1274,165.7036,77.5808
794.0535,232.8032,169.3698,79.2973
790.6814,230.4276,173.1171,81.0518
793.1417,229.9355,173.1171,81.0518
790.7161,228.5284,176.9473,82.8450
793.2308,229.0314,176.9473,82.8450
795.7455,226.5166,176.9473,82.8450
795.2426,227.0196,176.9473,82.8450