0.0189
0.0269
0.0269
0.0279
0.0269
0.0259
0.0259
0.0259
0.0259
0.0259
0.0259
0.0259
0.0259
0.0259
0.0259
0.0259
0.0259
0.0269
0.0269
0.0270
0.0270
0.0259
0.0270
0.0270
0.0270
0.0369
0.0270
0.0270
0.0269
0.0280
0.0270
0.0270
0.0280
0.0269
0.0270
0.0270
0.0280
0.0280
0.0279
0.0280
0.0280
0.0280
0.0280
0.0290
0.0280
0.0280
0.0289
0.0289
0.0279
0.0280
0.0279
0.0279
0.0279
0.0269
0.0339
0.0279
0.0269
0.0269
0.0269
0.0269
0.0279
0.0269
0.0269
0.0269
0.0269
0.0279
0.0270
0.0270
0.0270
0.0269
0.0269
0.0269
0.0269
0.0279
0.0269
0.0269
0.0270
0.0269
0.0269
0.0269
0.0270
0.0269
0.0269
0.0269
0.0269
0.0269
0.0260
0.0269
0.0269
0.0269
0.0259
0.0269
0.0269
0.0269
0.0260
0.0269
0.0259
0.0259
0.0269
0.0259
0.0269
0.0259
0.0269
0.0259
0.0259
0.0259
0.0259
0.0259
0.0259
0.0259
0.0269
0.0249
0.0249
0.0259
0.0249
0.0259
0.0259
0.0259
0.0259
0.0260
0.0249
0.0249
0.0259
0.0249
0.0250
0.0260
0.0259
0.0249
0.0250
0.0259
0.0249
0.0259
0.0249
0.0249
0.0259
0.0259
0.0249
0.0250
0.0249
0.0279
0.0259
0.0250
0.0259
0.0259
0.0259
0.0259
0.0249
0.0250
0.0259
0.0299
0.0259
0.0260
0.0259
0.0259
0.0259
0.0259
0.0259
0.0259
0.0259
0.0259
0.0259
0.0289
0.0259
0.0259
0.0259
0.0259
0.0250
0.0259
0.0259
0.0260
0.0270
0.0260
0.0260
0.0260
0.0260
0.0260
0.0260
0.0260
0.0260
0.0250
0.0260
0.0260
0.0249
0.0249
0.0250
0.0270
0.0260
0.0260
0.0260
0.0260
0.0260
0.0260
0.0260
0.0270
0.0260
0.0260
0.0260
0.0260
0.0260
0.0260
0.0260
0.0250
0.0260
0.0260
0.0260
0.0260
0.0270
0.0270
0.0260
0.0260
0.0269
0.0269
0.0260
0.0270
0.0270
0.0270
0.0260
0.0270
0.0270
0.0280
0.0270
0.0270
0.0259
0.0270
0.0270
0.0280
0.0270
0.0270
0.0260
0.0259
0.0270
0.0260
0.0270
0.0260
0.0270
0.0260
0.0270
0.0260
0.0260
0.0260
0.0259
0.0250
0.0259
0.0260
0.0260
0.0260
0.0260
0.0249
0.0249
0.0249
NaN
NaN
NaN
NaN
0.0179
0.0219
0.0229
0.0229
0.0229
0.0230
0.0229
0.0229
0.0229
0.0229
0.0229
0.0240
0.0230
0.0230
0.0230
0.0230
0.0230
0.0230
0.0230
0.0230
0.0230
0.0230
0.0240
0.0230
0.0240
0.0240
0.0239
0.0240
0.0240
0.0239
0.0250
0.0250
0.0250
0.0240
0.0250
0.0230
0.0229
0.0230
0.0220
0.0230
0.0220
0.0230
0.0220
0.0219
0.0220
0.0230
0.0220
0.0220
0.0220
0.0220
0.0219
0.0219
0.0220
0.0220
0.0220
0.0220
0.0220
0.0210
0.0219
0.0219
0.0220
0.0220
0.0220
0.0220
0.0220
0.0220
0.0220
0.0220
0.0220
0.0220
0.0220
0.0220
0.0220
0.0220
0.0230
0.0220
0.0220
0.0220
0.0220
0.0220
0.0220
0.0230
0.0229
0.0239
0.0239
0.0229
0.0230
0.0239
0.0230
0.0229
0.0239
0.0229
0.0229
0.0230
0.0220
0.0219
0.0230
0.0220
0.0220
0.0220
0.0230
0.0219
0.0220
0.0220
0.0220
0.0230
0.0220
0.0220
0.0220
0.0230
0.0220
0.0220
0.0229
0.0220
0.0220
0.0230
0.0220
0.0230
0.0220
0.0220
0.0220
0.0230
0.0230
0.0220
0.0220
0.0220
0.0219
0.0220
0.0220
0.0219
0.0230
0.0230
0.0220
0.0219
0.0220
0.0220
0.0240
0.0240
0.0240
0.0219
0.0230
0.0220
0.0219
0.0220
0.0230
0.0240
0.0239
0.0250
0.0240
0.0250
0.0250
0.0250
0.0250
0.0250
0.0249
0.0260
0.0260
0.0250
0.0260
0.0250
0.0269
0.0260
0.0260
0.0259
0.0260
0.0260
0.0260
0.0270
0.0260
0.0260
0.0280
0.0280
0.0280
0.0280
NaN
NaN
NaN
NaN
0.0180
0.0260
0.0259
0.0260
0.0259
0.0269
0.0260
0.0260
0.0260
0.0260
0.0270
0.0259
0.0260
0.0260
0.0259
0.0260
0.0269
0.0260
0.0270
0.0270
0.0270
0.0280
0.0270
0.0260
0.0270
0.0260
0.0260
0.0259
0.0260
0.0260
0.0359
0.0270
0.0270
0.0259
0.0280
0.0270
0.0270
0.0280
0.0270
0.0270
0.0270
0.0280
0.0269
0.0270
0.0269
0.0270
0.0270
0.0280
0.0270
0.0270
0.0270
0.0290
0.0280
0.0280
0.0270
0.0280
0.0280
0.0280
0.0280
0.0280
0.0319
0.0270
0.0279
0.0280
0.0280
0.0280
0.0280
0.0280
0.0280
0.0279
0.0280
0.0279
0.0279
0.0290
0.0279
0.0280
0.0280
0.0280
0.0280
0.0290
0.0280
0.0280
0.0280
0.0290
0.0280
0.0280
0.0280
0.0290
0.0290
0.0280
0.0280
0.0279
0.0280
0.0290
0.0280
0.0290
0.0279
0.0280
0.0290
0.0280
0.0280
0.0280
0.0290
0.0290
0.0290
0.0280
0.0290
0.0280
0.0280
0.0280
0.0289
0.0279
0.0280
0.0280
0.0280
0.0279
0.0280
0.0270
0.0269
0.0280
0.0280
0.0280
0.0280
0.0280
0.0280
0.0280
0.0280
0.0270
0.0270
0.0280
0.0270
0.0270
0.0270
0.0270
0.0280
0.0269
0.0270
0.0270
0.0280
0.0270
0.0270
0.0269
0.0269
0.0270
0.0260
0.0259
0.0260
0.0260
0.0259
0.0260
0.0260
0.0260
0.0249
0.0260
0.0260
0.0270
0.0260
0.0260
0.0250
0.0260
0.0250
0.0249
0.0260
0.0260
0.0270
0.0249
0.0270
0.0270
0.0270
0.0270
0.0270
0.0250
0.0249
0.0260
0.0260
0.0249
0.0260
0.0260
0.0249
0.0260
0.0250
0.0270
0.0249
0.0249
0.0260
0.0250
0.0249
0.0260
0.0259
0.0250
0.0260
0.0260
0.0260
0.0260
0.0250
0.0250
0.0260
0.0250
0.0250
0.0250
0.0250
0.0250
0.0239
0.0250
0.0250
0.0249
0.0249
0.0250
0.0250
0.0250
0.0250
0.0250
0.0250
0.0250
0.0240
0.0239
0.0250
0.0240
0.0239
0.0239
0.0250
0.0240
0.0250
0.0230
0.0240
0.0230
0.0240
0.0230
0.0230
0.0230
0.0220
0.0219
0.0229
0.0230
0.0230
0.0219
0.0240
0.0230
0.0250
0.0240
0.0240
0.0230
0.0220
0.0219
0.0240
0.0230
0.0230
0.0230
0.0230
0.0230
0.0230
0.0230
0.0230
0.0230
0.0230
0.0230
0.0230
0.0230
0.0230
0.0240
0.0240
0.0250
0.0250
0.0240
0.0250
0.0240
0.0239
0.0260
0.0230
0.0230
0.0230
0.0240
0.0220
0.0219
0.0219
0.0220
0.0220
0.0220
0.0220
0.0220
0.0220
0.0220
0.0220
0.0220
0.0220
0.0220
0.0220
0.0220
0.0220
0.0220
0.0220
0.0220
0.0220
0.0260
0.0220
0.0209
0.0220
0.0219
0.0220
0.0220
0.0220
0.0220
0.0220
0.0220
0.0220
0.0220
0.0220
0.0220
0.0220
0.0220
0.0210
0.0220
0.0220
0.0209
0.0219
0.0210
0.0209
0.0220
0.0220
0.0220
0.0220
0.0220
0.0220
0.0220
0.0220
0.0220
0.0210
0.0220
0.0220
0.0220
0.0210
0.0209
0.0209
0.0220
0.0219
0.0220
0.0220
0.0220
0.0220
0.0209
0.0220
0.0220
0.0210
0.0209
0.0220
0.0210
0.0220
0.0210
0.0209
0.0220
0.0210
0.0220
0.0210
0.0220
0.0210
0.0209
0.0220
0.0220
0.0220
0.0210
0.0209
0.0220
0.0220
0.0220
0.0210
0.0220
0.0220
0.0210
0.0209
0.0220
0.0220
0.0220
0.0210
0.0220
0.0210
0.0220
0.0280
0.0220
0.0230
0.0220
0.0220
0.0220
0.0220
0.0220
0.0220
0.0220
0.0210
0.0209
0.0220
0.0220
0.0220
0.0220
0.0220
0.0210
0.0209
0.0220
0.0220
0.0220
0.0220
0.0220
0.0219
0.0219
0.0220
0.0220
0.0220
0.0210
0.0210
0.0209
0.0220
0.0220
0.0220
0.0220
0.0220
0.0220
0.0220
0.0220
0.0220
0.0220
0.0220
0.0219
0.0229
0.0220
0.0220
0.0220
0.0220
0.0220
0.0220
0.0210
0.0209
0.0220
0.0220
0.0210
0.0209
0.0220
0.0220
0.0210
0.0220
0.0220
0.0220
0.0210
0.0220
0.0220
0.0220
0.0220
0.0220
0.0220
0.0220
0.0210
0.0210
0.0220
0.0220
0.0220
0.0220
0.0210
0.0209
0.0220
0.0220
0.0220
0.0220
0.0220
0.0210
0.0220
0.0220
0.0219
0.0209
0.0220
0.0220
0.0229
0.0219
0.0210
0.0210
0.0220
0.0220
0.0220
0.0220
0.0220
0.0220
0.0220
0.0220
0.0209
0.0220
0.0210
0.0220
0.0220
0.0219
0.0219
0.0220
0.0230
0.0220
0.0219
0.0209
0.0209
0.0209
0.0220
0.0210
0.0220
0.0219
0.0209
0.0220
0.0210
0.0210
0.0210
0.0210
0.0220
0.0210
0.0220
0.0209
0.0209
0.0210
0.0220
0.0210
0.0220
0.0220
0.0210
0.0209
0.0220
0.0210
0.0220
0.0210
0.0220
0.0220
0.0210
0.0220
0.0210
0.0210
0.0220
0.0210
0.0219
0.0210
0.0220
0.0220
0.0210
NaN
NaN
NaN
NaN
0.0180
0.0250
0.0250
0.0250
0.0239
0.0249
0.0250
0.0250
0.0250
0.0250
0.0250
0.0250
0.0249
0.0250
0.0250
0.0250
0.0260
0.0249
0.0259
0.0259
0.0270
0.0260
0.0260
0.0259
0.0270
0.0260
0.0270
0.0270
0.0270
0.0270
0.0270