0.19117
0.219
0.054705
0.026217
0.035591
0.030603
0.024308
0.020338
0.020845
0.020995
0.020094
0.019209
0.019437
0.019741
0.019724
0.019419
0.01971
0.019645
0.019192
0.019187
0.019623
0.020275
0.019468
0.019292
0.019707
0.019608
0.019302
0.019718
0.019481
0.019562
0.019682
0.019979
0.020011
0.019822
0.01972
0.018379
0.018536
0.018646
0.018447
0.018415
0.021437
0.020644
0.020856
0.019947
0.021758
0.019882
0.019913
0.01951
0.019749
0.019616
0.019634
0.020837
0.020663
0.01942
0.02105
0.020799
0.020768
0.020633
0.020818
0.020002
0.020893
0.020797
0.020804
0.022017
0.02289
0.022199
0.022155
0.022016
0.021793
0.021866
0.021139
0.020848
0.021068
0.020859
0.021134
0.021255
0.021135
0.02086
0.020722
0.021222
0.020989
0.020993
0.020434
0.020872
0.020808
0.020557
0.021013
0.020375
0.0203
0.020922
0.020339
0.020905
0.021018
0.020457
0.020355
0.020631
0.021054
0.02166
0.020974
0.020934
0.021309
0.020961
0.020839
0.020886
0.020783
0.020852
0.020879
0.020641
0.020708
0.02067
0.020364
0.020693
0.020825
0.02083
0.020582
0.020655
0.020544
0.020319
0.020294
0.020321
0.020284
0.02025
0.020233
0.020274
0.020712
0.020854
0.020954
0.02155
0.020782
0.020858
0.021261
0.021405
0.020839
0.020493
0.020503
0.020521
0.020351
0.020472
0.02027
0.020344
0.020302
0.020718
0.020726
0.020326
0.020385
0.020297
0.020362
0.020325
0.020331
0.020312
0.02034
0.020362
0.020615
0.020372
0.020341
0.020446
0.020314
0.020336
0.020374
0.020331
0.020388
0.020377
0.020333
0.020356
0.020305
0.02031
0.020279
0.020817
0.021369
0.020778
0.020323
0.020398
0.020358
0.019775
0.019558
0.019519
0.019598
0.019931
0.019759
0.019994
0.020524
0.019621
0.019546
0.019503
0.01956
0.019501
0.019681
0.019555
0.019459
0.019515
0.019492
0.020981
0.020553
0.020981
0.020378
0.020327
0.021033
0.020609
0.020376
0.021273
0.021565
0.021824
0.02048
0.021
0.020891
0.020444
0.02119
0.02081
0.020659
0.020554
0.020775
0.019864
0.019794
0.019686
0.019557
0.019622
0.019648
0.01957
0.019552
0.019528
0.020194
0.018414
0.019626
0.019592
0.019629
