0.0548
0.0459
0.0469
0.0469
0.0459
0.0469
0.0469
0.0469
0.0479
0.0459
0.0459
0.0459
0.0439
0.0469
0.0459
0.0469
0.0459
0.0499
0.0559
0.0568
0.0559
0.0559
0.0568
0.0568
0.0549
0.0559
0.0568
0.0568
0.0568
0.0568
0.0559
0.0578
0.0578
0.0568
0.0568
0.0559
0.0549
0.0559
0.0568
0.0549
0.0559
0.0568
0.0568
0.0568
0.0559
0.0568
0.0489
0.0479
0.0439
0.0479
0.0459
0.0469
0.0469
0.0469
0.0449
0.0459
0.0469
0.0459
0.0479
0.0469
0.0449
0.0459
0.0459
0.0459
0.0469
0.0469
0.0469
0.0479
0.0469
0.0459
0.0459
0.0479
0.0449
0.0459
0.0459
0.0459
0.0469
0.0459
NaN
NaN
NaN
NaN
0.0578
0.0449
0.0449
0.0449
0.0479
0.0469
0.0459
0.0459
0.0459
0.0479
0.0449
0.0459
0.0459
0.0469
0.0449
0.0459
0.0459
0.0459
0.0469
0.0479
0.0459
0.0449
0.0459
0.0459
0.0469
0.0459
0.0459
0.0459
0.0489
0.0469
0.0459
0.0469
0.0459
0.0469
0.0469
0.0449
0.0479
0.0489
0.0449
0.0469
0.0459
0.0459
0.0459
0.0479
0.0459
0.0469
0.0459
0.0469
0.0469
0.0479
0.0459
0.0469
0.0479
0.0499
0.0469
0.0479
0.0449
0.0479
0.0479
0.0459
0.0449
0.0459
0.0439
0.0459
0.0469
0.0469
0.0459
0.0469
0.0479
0.0469
0.0469
0.0449
0.0479
0.0469
0.0439
0.0459
0.0469
0.0459
0.0479
0.0459
0.0459
0.0449
0.0469
0.0489
0.0469
0.0459
0.0449
0.0449
0.0459
0.0479
0.0469
0.0459
0.0479
0.0469
0.0459
0.0459
0.0459
0.0469
0.0439
0.0459
0.0459
0.0459
0.0469
0.0459
0.0489
0.0469
0.0479
0.0469
0.0469
0.0479
0.0449
0.0469
0.0469
0.0459
0.0459
0.0459
0.0459
0.0489
0.0459
0.0479
0.0459
0.0459
0.0449
0.0469
0.0459
0.0459
0.0469
0.0469
0.0469
0.0479
0.0469
0.0459
0.0479
0.0469
0.0439
0.0449
0.0469
0.0479
0.0449
0.0469
0.0459
0.0479
0.0479
0.0469
0.0459
0.0459
0.0449
0.0459
0.0459
0.0459
0.0459
0.0469
0.0469
0.0469
0.0459
0.0459
0.0479
0.0459
0.0519
0.0459
0.0459
0.0469
0.0459
0.0479
0.0459
0.0459
0.0479
0.0449
0.0479
0.0469
NaN
NaN
NaN
NaN
0.0588
0.0459
0.0469
0.0469
0.0469
0.0459
0.0459
0.0459
0.0449
0.0459
0.0459
0.0479
0.0459
0.0459
0.0459
0.0459
0.0469
0.0469
0.0469
0.0479
0.0439
0.0459
0.0459
0.0459
0.0449
0.0469
0.0459
0.0469
0.0459
0.0459
0.0479
0.0459
0.0449
0.0459
0.0479
0.0469
0.0469
0.0459
0.0469
0.0459
0.0469
0.0469
0.0479
0.0459
0.0449
0.0449
0.0469
0.0459
0.0459
0.0449
0.0449
0.0469
0.0459
0.0469
0.0469
0.0469
0.0449
0.0479
0.0449
0.0459
0.0469
0.0469
0.0449
0.0459
0.0459
0.0469
0.0469
0.0459
0.0449
0.0469
0.0469
0.0459
0.0479
0.0459
0.0469
0.0469
0.0469
0.0459
0.0519
0.0459
0.0469
0.0469
0.0459
0.0469
0.0449
0.0479
0.0459
0.0469
0.0459
0.0479
0.0459
0.0459
0.0439
0.0519
0.0469
0.0469
0.0469
0.0459
0.0449
0.0479
0.0479
0.0469
0.0459
0.0479
0.0449
0.0459
0.0459
0.0469
0.0459
0.0459
0.0489
0.0459
0.0459
0.0459
0.0479
0.0479
0.0439
0.0459
0.0489
0.0469
0.0469
0.0469
0.0449
0.0559
0.0469
0.0469
0.0459
0.0469
0.0439
0.0459
0.0469
0.0489
0.0469
0.0459
0.0469
0.0469
0.0459
0.0459
0.0459
0.0469
0.0439
0.0459
0.0459
0.0479