1
336.6864,113.4365,73.1833,14.8253
329.9851,114.9075,73.1833,14.8253
322.6300,115.7247,73.1833,14.8253
315.2749,116.8688,73.1833,14.8253
307.9198,117.6861,73.1833,14.8253
300.2378,117.5226,73.1833,14.8253
296.8055,122.5894,73.1833,14.8253
292.0719,128.5765,71.6227,14.5092
285.5135,133.2153,71.6227,14.5092
272.5567,116.4194,71.6227,14.5092
269.5175,109.5411,71.6227,14.5092
266.4782,102.6628,71.6227,14.5092
263.4390,95.7845,71.6227,14.5092
260.7196,88.9062,71.6227,14.5092
255.7787,87.3649,70.0953,14.1998
253.7436,75.6237,70.0953,14.1998
255.4656,64.5086,70.0953,14.1998
257.5710,58.1717,68.6005,13.8970
260.1756,52.1965,68.6005,13.8970
263.4175,49.5389,67.1376,13.6006
264.4671,47.8895,67.1376,13.6006
263.5933,45.8667,65.7058,13.3106
263.8695,36.2491,64.3046,13.0267
267.1727,30.6480,64.3046,13.0267
272.4865,28.7810,64.3046,13.0267
275.5025,27.4884,64.3046,13.0267
277.3695,28.4938,64.3046,13.0267
279.8547,30.1553,62.9333,12.7489
285.8985,27.2037,62.9333,12.7489
285.0794,23.6818,61.5912,12.4770
281.6404,25.4701,61.5912,12.4770
279.0269,27.2583,61.5912,12.4770
276.9635,32.0728,61.5912,12.4770
275.1753,34.4113,61.5912,12.4770
273.3870,36.1995,61.5912,12.4770
271.5988,37.9878,61.5912,12.4770
270.0857,35.3742,61.5912,12.4770
268.5725,35.2366,61.5912,12.4770
269.8106,36.7497,61.5912,12.4770
271.5988,36.6122,61.5912,12.4770
273.6621,35.3742,61.5912,12.4770
271.5988,36.6122,61.5912,12.4770
265.9590,43.0774,61.5912,12.4770
259.4938,54.2195,61.5912,12.4770
254.6793,64.5362,61.5912,12.4770
252.6159,71.0014,61.5912,12.4770
250.0024,77.4666,61.5912,12.4770
245.1879,83.6566,61.5912,12.4770
242.5743,89.0213,61.5912,12.4770
239.9607,93.8358,61.5912,12.4770
235.1462,99.2006,61.5912,12.4770
232.6096,104.3430,62.9539,12.7531
225.6406,125.9370,64.3468,13.0353
218.2193,133.6951,65.7705,13.3237
215.5105,134.9193,67.2256,13.6185
217.1034,135.2359,68.7130,13.9198
219.6868,133.9674,70.2333,14.2277
220.1574,131.6146,70.2333,14.2277
217.8045,128.0068,70.2333,14.2277
214.4713,125.5883,68.7355,13.9243
207.8702,130.9613,68.7355,13.9243
205.6764,142.1154,70.2563,14.2324
204.8919,149.1763,70.2563,14.2324
204.8848,155.5288,68.7581,13.9289
204.4241,166.1247,68.7581,13.9289
205.6013,176.4861,67.2918,13.6319
205.9484,187.7177,68.7806,13.9335
205.6656,194.4167,70.3024,14.2417
204.8805,197.3999,70.3024,14.2417
202.9625,194.1472,71.8578,14.5568
185.3506,193.4867,73.4477,14.8789
177.5604,195.8749,75.0727,15.2081
176.7221,199.3959,75.0727,15.2081
178.9017,206.6056,75.0727,15.2081
169.6801,206.7732,75.0727,15.2081
166.2403,205.3873,76.7337,15.5446
2
0
0
0
0
1
245.2534,270.4770,27.4648,46.8676
247.7196,271.4925,27.4648,46.8676
250.4760,272.7982,27.4648,46.8676
251.5268,275.1394,28.0724,47.9045
252.9085,281.2247,28.6935,48.9644
254.6353,291.5330,29.3284,50.0477
256.0295,297.5747,29.3284,50.0477
256.8041,303.3066,29.3284,50.0477
258.8180,308.7286,29.3284,50.0477
260.2122,310.7426,29.3284,50.0477
261.5701,313.5159,28.7029,48.9804
266.1140,315.0611,28.0908,47.9359
268.9332,316.0998,28.0908,47.9359
266.7075,327.2282,28.0908,47.9359
263.5916,338.9501,28.0908,47.9359
260.7724,349.7818,28.0908,47.9359
261.7870,356.1566,27.4918,46.9137
259.3183,362.9816,27.4918,46.9137
255.8324,373.1395,26.9055,45.9132
252.6947,382.8068,26.3317,44.9341
248.7959,391.9780,26.9143,45.9283
246.2857,397.8123,27.5098,46.9444
243.7200,404.0771,28.1185,47.9831
241.7139,408.9396,28.7406,49.0447
242.1835,410.1296,29.3765,50.1298
242.6490,411.5261,29.3765,50.1298
241.2524,413.8536,29.3765,50.1298
239.8559,416.1812,29.3765,50.1298
237.7601,419.3293,30.0264,51.2390
238.2359,421.7084,30.0264,51.2390
237.4429,424.7218,30.0264,51.2390
237.9187,426.7837,30.0264,51.2390
236.1740,429.1627,30.0264,51.2390
233.4778,432.8105,30.0264,51.2390
233.0020,444.0714,30.0264,51.2390
234.4294,447.4020,30.0264,51.2390
236.4913,453.5875,30.0264,51.2390
237.2843,460.7246,30.0264,51.2390
238.7117,472.6198,30.0264,51.2390
239.8219,480.0742,30.0264,51.2390
242.5182,486.2597,30.0264,51.2390
245.5316,492.7624,30.0264,51.2390
249.4967,498.6307,30.0264,51.2390
252.8273,500.0581,30.0264,51.2390
256.0520,501.6745,29.3861,50.1463
259.2080,504.1542,28.7594,49.0769
261.7109,505.7024,28.1461,48.0303
260.3729,516.2581,28.1461,48.0303
261.1029,523.2186,27.5459,47.0060
259.5734,530.0307,26.9585,46.0036
257.7223,535.8690,26.9585,46.0036
257.0103,541.1377,26.9585,46.0036
257.9840,544.7850,26.3836,45.0226
256.4510,547.7115,26.3836,45.0226
254.9181,552.3105,26.3836,45.0226
249.4234,558.8351,25.8209,44.0625
248.7133,568.1114,26.3922,45.0373
250.0123,572.9647,26.9762,46.0338
251.6357,584.1344,27.5730,47.0523
245.0818,604.6701,27.5730,47.0523
284.8197,590.7013,28.1831,48.0933
291.8164,579.5363,28.1831,48.0933
302.0174,577.6098,27.5821,47.0677
340.9170,546.2861,27.5821,47.0677
347.1817,540.3128,27.5821,47.0677
357.5258,533.4653,27.5821,47.0677
367.8699,526.6179,27.5821,47.0677
387.8296,510.7375,27.5821,47.0677
398.1737,503.5986,27.5821,47.0677
408.5178,496.4598,27.5821,47.0677
419.4446,489.3209,27.5821,47.0677
438.8216,483.0562,27.5821,47.0677
450.0398,485.2415,27.5821,47.0677
456.5959,488.0097,27.5821,47.0677
464.3176,493.4002,27.5821,47.0677
474.9531,496.1683,27.5821,47.0677
480.0523,493.9830,27.5821,47.0677
484.2773,495.0028,27.5821,47.0677
485.8799,505.3469,27.5821,47.0677
488.0653,511.3203,27.5821,47.0677
490.2506,511.7573,27.5821,47.0677
488.4383,522.5102,26.9939,46.0640
486.5847,528.9266,26.9939,46.0640
483.3053,535.0577,26.9939,46.0640
480.8813,540.6185,26.9939,46.0640
477.8871,545.8942,26.9939,46.0640
469.4746,561.4358,26.9939,46.0640
471.0430,563.8598,26.9939,46.0640
473.4670,570.5613,26.9939,46.0640
479.5981,580.6847,26.9939,46.0640
484.8737,591.0934,26.9939,46.0640
489.2939,598.0801,26.9939,46.0640
493.7140,605.3519,26.9939,46.0640
496.9935,612.6236,26.9939,46.0640
495.1398,628.4506,26.9939,46.0640
533.2099,611.7682,26.9939,46.0640
531.9267,609.3442,26.9939,46.0640
533.4514,604.4756,26.4182,45.0817
544.1962,576.7064,26.4182,45.0817
546.5685,570.7060,26.4182,45.0817
549.6747,561.3682,25.8548,44.1203
561.0098,525.1777,25.8548,44.1203
558.4151,523.4023,25.8548,44.1203
594.8787,497.0447,25.8548,44.1203
597.4735,498.5469,25.8548,44.1203
603.8922,504.6925,25.8548,44.1203
624.5140,519.3053,25.8548,44.1203
639.9462,529.5479,25.8548,44.1203
650.7351,539.2442,25.8548,44.1203
665.0747,550.3063,25.8548,44.1203
679.1412,561.3683,25.8548,44.1203
688.8376,568.3332,25.8548,44.1203
698.8071,576.1176,25.8548,44.1203
709.5960,585.2677,25.8548,44.1203
716.5609,591.1401,25.8548,44.1203
723.7990,597.2857,25.8548,44.1203
730.7640,603.4313,25.8548,44.1203
741.5529,612.5813,25.8548,44.1203
743.8745,617.9075,25.8548,44.1203
740.8594,625.3545,25.3035,43.1794
739.1969,635.4767,24.7639,42.2586
739.6014,641.1162,25.3118,43.1936
775.2992,629.2170,25.3118,43.1936
781.3157,626.1419,25.3118,43.1936
790.2736,620.1254,25.3118,43.1936
794.9531,617.3178,25.3118,43.1936
799.6326,614.7775,25.3118,43.1936
805.1143,611.7024,25.3118,43.1936
810.4100,608.4258,24.7720,42.2724
815.2513,604.6312,24.7720,42.2724
824.5416,598.2197,24.7720,42.2724
833.5701,599.1356,24.7720,42.2724
843.1221,600.5750,24.7720,42.2724
852.6740,602.5377,24.7720,42.2724
861.9642,604.5004,24.7720,42.2724
867.5907,607.2482,24.7720,42.2724
869.7466,612.3653,24.2437,41.3710
871.1552,615.5668,24.2437,41.3710
876.1495,620.5610,24.2437,41.3710
910.0849,604.5538,24.2437,41.3710
914.5669,605.7063,24.2437,41.3710
919.5612,607.3710,24.2437,41.3710
928.9094,605.1940,24.2437,41.3710
938.0015,603.0170,24.2437,41.3710
946.8375,600.8400,24.2437,41.3710
955.6735,598.4069,24.2437,41.3710
964.2534,595.4616,24.2437,41.3710
969.7599,593.2846,24.2437,41.3710
975.5225,592.6443,24.2437,41.3710
981.2851,590.4673,24.2437,41.3710
990.3772,584.9608,24.2437,41.3710
996.3960,586.6255,24.2437,41.3710
1005.2320,588.5464,24.2437,41.3710
1014.8363,589.9551,24.2437,41.3710
1024.4406,591.6198,24.2437,41.3710
1030.2032,593.5407,24.2437,41.3710
1035.7097,595.7177,24.2437,41.3710
1040.1917,598.1508,24.2437,41.3710
1044.9299,600.8400,24.2437,41.3710
1049.4120,603.2731,24.2437,41.3710
1047.3252,606.0594,23.7267,40.4887
1045.7662,614.8261,23.2207,39.6253
1078.2696,608.8161,23.2207,39.6253
1083.7392,606.2144,23.7345,40.5020
1093.2319,599.9132,24.2596,41.3981
1087.4655,593.8905,24.2596,41.3981
1082.9805,592.4810,24.2596,41.3981
1082.5961,592.8654,24.2596,41.3981
2
0
0
0
0
1
1193.6891,613.5885,19.2346,54.8796
1199.2121,628.7411,19.2346,54.8796
1203.8853,648.7085,19.2346,54.8796
1207.4256,664.1443,19.2346,54.8796
1212.3820,679.2969,19.2346,54.8796
1216.7720,694.4495,19.2346,54.8796
1214.9310,709.6020,19.2346,54.8796
1252.7417,724.7546,19.2346,54.8796
1289.1178,725.7493,18.8244,53.7093
1324.7182,725.3869,18.4230,52.5640
1347.6409,730.6768,18.4230,52.5640
1385.0104,705.7501,18.8306,53.7269
1405.1129,668.7336,18.8306,53.7269
1425.2154,631.7171,18.8306,53.7269
1454.7455,594.7006,18.8306,53.7269
1460.9842,588.7392,18.8306,53.7269
1498.0007,551.7227,18.8306,53.7269
1503.9622,545.4840,18.8306,53.7269
1536.8195,508.4675,18.8306,53.7269
1542.7662,506.2342,18.4290,52.5812
1562.4402,483.0326,18.4290,52.5812
1564.4754,478.0124,18.4290,52.5812
1533.4043,441.7853,18.4290,52.5812
1531.6404,436.7651,18.4290,52.5812
1526.3487,430.1167,18.4290,52.5812
1495.8203,393.8896,18.4290,52.5812
1493.5136,391.5830,18.4290,52.5812
1488.2220,384.9346,18.4290,52.5812
1481.8449,374.2157,18.4290,52.5812
1472.2115,359.1550,18.4290,52.5812
1466.1058,349.7930,18.4290,52.5812
1459.7287,340.4309,18.4290,52.5812
1452.2662,330.2548,18.4290,52.5812
1416.0392,301.3545,18.4290,52.5812
1379.8121,330.2548,18.4290,52.5812
1345.0909,340.1006,18.0360,51.4599
1311.1101,342.3132,17.6514,50.3625
1276.4116,341.4035,17.6514,50.3625
1243.1555,339.5605,17.2750,49.2885
1209.1970,337.1440,17.2750,49.2885
1175.4929,334.2187,17.2750,49.2885
1162.3928,335.6178,17.2750,49.2885
1128.6887,333.2012,17.2750,49.2885
1120.4143,335.0753,16.9066,48.2374
1107.8425,336.6934,16.9066,48.2374
1074.8571,334.3284,16.9066,48.2374
1069.5048,335.4487,16.9066,48.2374
1060.6672,336.5690,16.9066,48.2374
1051.5806,338.1871,16.9066,48.2374
1042.4941,339.5563,16.9066,48.2374
1033.6565,340.6766,16.9066,48.2374
1017.1015,335.0753,16.9066,48.2374
982.4339,352.4923,17.2806,49.3047
980.5255,349.8205,17.2806,49.3047
981.9250,351.7289,17.2806,49.3047
986.8868,354.6551,17.2806,49.3047
992.1032,357.5813,17.2806,49.3047
1001.1363,362.7977,17.2806,49.3047
1009.9150,367.7595,17.2806,49.3047
1036.7600,378.3194,17.2806,49.3047
1040.7040,375.9020,17.2806,49.3047
1045.1803,375.5693,16.9121,48.2532
1046.7989,381.9196,16.9121,48.2532
1012.1199,392.6247,17.2863,49.3208
1010.7200,390.7157,17.2863,49.3208
1004.4838,385.2431,17.2863,49.3208
970.5030,362.9711,17.2863,49.3208
969.1031,357.7531,17.2863,49.3208
936.5348,346.8708,16.9177,48.2690
915.7342,344.7533,16.9177,48.2690
882.7271,334.4153,16.9177,48.2690
877.1222,333.7925,16.9177,48.2690
844.1151,327.6893,16.9177,48.2690
839.0084,329.0595,16.9177,48.2690
825.9301,330.6787,16.9177,48.2690
812.3537,329.0595,16.9177,48.2690
806.4996,324.2018,16.9177,48.2690
773.4926,299.6645,16.9177,48.2690
765.1474,304.2730,16.9177,48.2690
748.5816,306.1414,16.9177,48.2690
715.5746,300.5364,16.9177,48.2690
706.7312,302.1556,16.9177,48.2690
697.1405,303.2766,16.9177,48.2690
664.1335,292.4403,16.9177,48.2690
658.7777,291.0702,16.9177,48.2690
650.1834,288.9528,16.9177,48.2690
641.5891,286.8353,16.9177,48.2690
632.9948,284.4688,16.9177,48.2690
624.1514,279.3620,16.9177,48.2690
611.0732,274.0062,16.9177,48.2690
598.4931,271.3905,16.9177,48.2690
589.1515,269.2731,16.9177,48.2690
579.8099,267.1556,16.9177,48.2690
570.4683,264.7891,16.9177,48.2690
561.3758,262.6717,16.9177,48.2690
556.7672,259.5578,16.9177,48.2690
524.0093,255.9457,16.9177,48.2690
511.8243,265.9445,16.5569,47.2397
479.5211,274.5994,16.5569,47.2397
448.5621,279.9203,16.2038,46.2323
416.9479,282.1870,16.2038,46.2323
408.0005,286.8396,16.2038,46.2323
376.3862,288.6291,16.2038,46.2323
368.1546,297.0994,16.2038,46.2323
334.9280,294.9789,16.5623,47.2552
326.0265,289.4916,16.5623,47.2552
320.2954,283.7605,16.5623,47.2552
312.3694,274.3713,16.5623,47.2552
302.7362,257.6657,16.5623,47.2552
296.5173,248.2764,16.5623,47.2552
289.8820,234.2169,16.9288,48.3007
285.2705,224.8692,16.9288,48.3007
280.5574,214.1193,17.3033,49.3694
277.3725,204.8196,17.3033,49.3694
273.6781,195.7746,17.3033,49.3694
269.7289,186.7296,17.3033,49.3694
267.5632,180.9969,17.3033,49.3694
250.3649,163.2891,17.3033,49.3694
240.5250,153.0944,17.6861,50.4616
249.3808,138.6213,18.0774,51.5781
258.7086,131.8370,18.4774,52.7193
268.2152,126.4986,18.0834,51.5950
278.2005,121.5726,18.0834,51.5950
313.4819,106.5280,18.0834,51.5950
318.1417,104.5310,18.0834,51.5950
323.6003,103.0665,18.0834,51.5950
329.5678,101.6918,17.6977,50.4947
338.4221,99.5928,17.3203,49.4179
343.8919,97.7844,16.9510,48.3641
349.2583,96.4116,16.9510,48.3641
354.3751,95.0388,16.9510,48.3641
358.7431,92.1684,16.9510,48.3641
371.3479,83.0580,16.9510,48.3641
384.2023,81.6852,16.9510,48.3641
390.0679,84.3060,16.9510,48.3641
395.1847,89.1732,16.9510,48.3641
404.0455,94.0404,16.9510,48.3641
413.1559,96.1620,16.9510,48.3641
425.7607,98.7828,16.9510,48.3641
434.6215,103.1508,16.9510,48.3641
440.4871,104.7732,16.9510,48.3641
445.8535,107.1444,16.9510,48.3641
451.2199,109.5156,16.9510,48.3641