0.18906
0.22059
0.056597
0.027616
0.03654
0.032853
0.0258
0.022678
0.023111
0.022244
0.021948
0.022226
0.022093
0.022108
0.021761
0.020961
0.021097
0.021198
0.021296
0.020832
0.021821
0.020954
0.020813
0.020801
0.020853
0.021151
0.020789
0.02099
0.020836
0.020743
0.020788
0.021522
0.021264
0.021321
0.021166
0.021122
0.020825
0.021289
0.020734
0.020795
0.02128
0.021278
0.022114
0.020936
0.02142
0.020803
0.020844
0.020718
0.020671
0.020752
0.020936
0.020744
0.021005
0.020935
0.020676
0.020741
0.02074
0.020913
0.021155
0.020649
0.02094
0.020618
0.020787
0.020892
0.02078
0.020631
0.020822
0.020718
0.020683
0.02068
0.021095
0.020594
0.020702
0.020631
0.020813
0.020754
0.020674
0.021425
0.021134
0.020911
0.021129
0.021271
0.018991
0.021298
0.021706
0.021946
0.022061
0.021825
0.022252
0.064466
0.027631
0.028964
0.024304
0.020922
0.021134
0.021331
0.021485
0.022199
0.022112
0.021747
0.022496
0.022594
0.022601
0.022322
0.022608
0.022353
0.022152
0.021465
0.021153
0.02148
0.021
0.02102
0.021113
0.021152
0.021609
0.021255
0.021139
0.020629
0.020562
0.021599
0.020935
0.020965
0.020981
0.02127
0.021254
0.021214
0.021289
0.021505
0.021551
0.021051
0.021159
0.021384
0.021645
0.020833
0.020817
0.021137
0.02095
0.020678
0.020948
0.020918
0.020577
0.021008
0.021312
0.020369
0.020948
0.021067
0.020893
0.021069
0.021324
0.021379
0.020748
0.021201
0.021136
0.021162
0.020953
0.020649
0.021181
0.02095
0.020687
0.021003
0.020707
0.02068
0.020936
0.021119
0.020668
0.020892
0.02064
0.020738
0.021521
0.021335
0.020756
0.019933
0.019995
0.020234
0.020256
0.02032
0.020216
0.020341
0.020719
0.02076
0.020182
0.02011
0.02046
0.020011
0.020036
0.020088
0.020217
0.020035
0.020503
0.020192
0.020526
0.020091
0.019967
0.020024
0.01995
0.019899
0.019954
0.019919
0.019936
0.020042
0.019406
0.019197
0.019213
0.019203
0.019231
0.019323
0.019219
0.019223
0.019207
0.019211
0.019209
0.019274
0.01919
0.019205
0.019559
0.019548
0.019185
0.019205
0.019163
0.019208
0.020093
0.020042
0.01998
0.020095
0.02
0.020442
0.020056
0.020222
0.020078
0.020059
0.020035
0.020039
0.020064
0.020022
0.020032
0.020075
0.020055
0.020011
0.020023
0.020046
0.019962
0.02008
0.020038
0.020069
0.020096
0.020061
0.020004
0.020035
0.02002
0.02006
0.020488
0.020568
0.020587
0.020504
0.020101
0.020036
0.020019
0.020025
0.019969
0.02
0.019991
0.020026
0.019941
0.019989
0.019961
0.020046
0.020087
0.020019
0.020033
0.020043
0.020051
0.020068
0.020044
0.020085
0.020018
0.020045
0.019964
0.02004
0.019996
0.020388
0.020079
0.02016
0.020057
0.020121
0.020077
0.020083
0.020109
0.02003
0.020066
0.020048
0.020128
0.020071
0.020034
0.020051
0.020006
0.020068
0.020043
0.020087
0.020115
0.020051
0.020032
0.020041
0.020034
0.020042
0.020036
0.020056
0.019965
0.020024
0.020092
0.020115
0.020013
0.020115
0.020037
0.020109
0.020074
0.0201
0.020008
0.02012
0.020078
0.020117
0.020203
0.019021
0.019967
0.020541
0.020073
0.020235
0.020117
0.020001
0.020067
0.020331
0.020093
0.020103
0.02041
0.020168
0.020513
0.020697
0.020542
0.020442
0.02064
0.020482
0.020167
0.020026
0.020316
0.020017
0.019998
0.019965
0.020008
0.019988
0.019894
0.020024
0.020062
0.019971
0.019912
0.020026
0.019245
0.01916
0.019237
0.019137
0.019216
0.019169
0.019149
0.019157
0.019172
0.019162
0.019206
0.020057
0.020018
0.020019
0.019988
0.020035
0.020039
0.020069
0.020053
0.020408
0.019214
0.019173
0.019261
0.019228
0.019222
0.019263
0.019219
0.019258
0.019324
0.019359
0.019195
0.019259
0.019281
0.019229
0.019166
0.019174
0.019206
0.019265
0.019347
0.019254
0.019194
0.019355
0.019264
0.019234
0.019334
0.019212
0.019324
0.020227
0.020606
0.019806
0.020124
0.020088
0.020187
0.020049
0.020094
0.02009
0.020221
0.020095
0.020101
0.020181
0.020122
0.020088
0.020108
0.020113
0.020116
0.020121
0.02007
0.020089
0.020071
0.020694
0.020434
0.020419
0.02036
0.020168
0.020405
0.020091
0.020467
0.02052
0.020564
0.020229
0.02015
0.020408
0.020154
0.020404
0.020108
0.020684
0.020625
0.020203
0.021572
0.021297
0.021555
0.021273
0.021098
0.02169
0.021429
0.021028
0.020998
0.021389
0.021442
0.021003
0.02154
0.020942
0.021098
0.020943
0.020651
0.021301
0.020664
0.02159
0.02072
0.021487
0.021282
0.021036
0.020729
0.021548
0.020744
0.021062
0.020711
0.021504
0.020733
0.021318
0.020956
0.020991
0.020944
0.021244
0.020922
0.021932
0.020978
0.021469
0.021
0.021855
0.021287
0.021856
0.021213
0.021456
0.021352
0.021818
0.021419
0.021296
0.021165
0.021457
0.021302
0.021236
0.02111
0.021169
0.021327
0.02136
0.021173
0.021092
0.021388
0.021916
0.021356
0.021237
0.021528
0.020948
0.020921
0.021221
0.020941
0.020625
0.020627
0.02069
0.020873
0.02064
0.020592
0.02055
0.020627
0.020842
0.020846
0.020885
0.02117
0.021297
0.021167
0.020829
0.020613
0.020876
0.020969
0.020608
0.02087
0.021273
0.022899
0.02103
0.02093
0.021471
0.02122
0.020701
0.021283
0.021456
0.02094
0.021901
0.021796
0.021154
0.020839
0.021366
0.021351
0.020838
0.020849
0.021373
0.021735
0.020949
0.021293
0.020975
0.020876
0.021018
0.020935
0.020953
0.020954
0.020984
0.021377
0.019739
0.021015
0.021052
0.021025
0.02152
0.021482
