1
140.5857,25.5793,31.2234,124.4354
140.2933,25.2869,31.2234,124.4354
140.5857,24.9946,31.2234,124.4354
139.7086,24.7022,31.2234,124.4354
139.4162,25.5793,31.2234,124.4354
138.5392,25.8716,31.2234,124.4354
138.2468,25.5793,31.2234,124.4354
137.9544,26.4564,31.2234,124.4354
137.6621,26.7487,31.2234,124.4354
136.7850,27.6258,31.2234,124.4354
136.4926,27.9181,31.2234,124.4354
135.6156,27.6258,31.2234,124.4354
135.3232,29.0876,31.2234,124.4354
135.0309,29.3799,31.2234,124.4354
134.7385,30.2570,31.2234,124.4354
133.2767,30.5494,31.2234,124.4354
133.5691,30.8417,31.2234,124.4354
133.2767,29.9646,31.2234,124.4354
133.5691,29.6723,31.2234,124.4354
133.2767,29.3799,31.2234,124.4354
134.1538,29.0876,31.2234,124.4354
134.4461,28.2105,31.2234,124.4354
134.7385,27.9181,31.2234,124.4354
135.0309,27.6258,31.2234,124.4354
135.3232,28.5029,31.2234,124.4354
136.2003,28.7952,31.2234,124.4354
136.4926,27.9181,31.2234,124.4354
136.7850,28.2105,31.2234,124.4354
137.0774,28.5029,31.2234,124.4354
137.3697,28.7952,31.2234,124.4354
138.2468,28.5029,31.2234,124.4354
138.5392,29.9646,31.2234,124.4354
138.2468,29.6723,31.2234,124.4354
138.5392,31.1341,31.2234,124.4354
137.6621,30.8417,31.2234,124.4354
137.3697,31.1341,31.2234,124.4354
137.0774,31.4264,31.2234,124.4354
136.2003,32.3035,31.2234,124.4354
135.9079,32.0112,31.2234,124.4354
135.0309,31.7188,31.2234,124.4354
134.7385,32.5959,31.2234,124.4354
134.4461,32.3035,31.2234,124.4354
134.1538,32.0112,31.2234,124.4354
134.4461,31.7188,31.2234,124.4354
134.1538,32.5959,31.2234,124.4354
134.4461,32.8882,31.2234,124.4354
134.1538,32.5959,31.2234,124.4354
134.4461,33.4729,31.2234,124.4354
134.1538,34.3500,31.2234,124.4354
134.4461,34.6424,31.2234,124.4354
134.1538,34.9347,31.2234,124.4354
134.4461,34.6424,31.2234,124.4354
133.5691,34.9347,31.2234,124.4354
133.2767,34.6424,31.2234,124.4354
133.5691,34.9347,31.2234,124.4354
132.6920,34.6424,31.2234,124.4354
132.3996,34.9347,31.2234,124.4354
132.6920,34.0577,31.2234,124.4354
132.9844,33.7653,31.2234,124.4354
133.8614,34.0577,31.2234,124.4354
134.1538,32.5959,31.2234,124.4354
135.0309,32.8882,31.2234,124.4354
135.3232,32.5959,31.2234,124.4354
136.2003,32.8882,31.2234,124.4354
136.4926,33.1806,31.2234,124.4354
136.2003,33.4729,31.2234,124.4354
137.0774,33.7653,31.2234,124.4354
137.3697,33.4729,31.2234,124.4354
137.6621,33.1806,31.2234,124.4354
136.7850,32.8882,31.2234,124.4354
136.4926,33.1806,31.2234,124.4354
136.2003,33.4729,31.2234,124.4354
135.9079,34.3500,31.2234,124.4354
133.8614,34.6424,31.2234,124.4354
132.3996,34.9347,31.2234,124.4354
129.0755,35.9569,30.2703,120.6369
124.2572,35.1066,30.2703,120.6369
121.7063,34.2563,30.2703,120.6369
116.3210,31.7054,30.2703,120.6369
109.8021,30.8551,30.2703,120.6369
106.1174,30.0048,30.2703,120.6369
101.8659,28.0207,30.2703,120.6369
97.6144,25.4698,30.2703,120.6369
95.0635,25.1864,30.2703,120.6369
93.5415,26.7442,29.3463,116.9545
94.2642,29.3536,28.4505,113.3844
93.8992,31.3505,27.5820,109.9233
95.0950,35.8691,26.7401,106.5678
96.3469,36.6203,26.7401,106.5678
96.5972,35.8691,26.7401,106.5678
100.8537,35.6188,26.7401,106.5678
101.6783,32.6639,27.5947,109.9738
100.4622,28.5811,28.4766,113.4885
99.7405,24.9011,29.3867,117.1156
129.7329,18.5724,29.3867,117.1156
137.7126,11.1431,29.3867,117.1156
134.5840,14.3064,28.4897,113.5406
132.7167,13.5061,28.4897,113.5406
131.4612,10.8914,29.4002,117.1694
126.2307,11.1667,29.4002,117.1694
117.7776,9.5696,30.3398,120.9141
114.1678,7.9215,31.3095,124.7785
116.8063,8.2147,31.3095,124.7785
124.0269,8.6533,30.3538,120.9696
121.3638,14.1944,29.4272,117.2770
124.3948,16.1232,29.4272,117.2770
123.4662,22.0462,28.5289,113.6971
125.7715,26.1857,27.6581,110.2264
133.3578,24.6833,28.5420,113.7493
133.0905,23.8815,28.5420,113.7493
133.3578,22.5453,28.5420,113.7493
134.6940,18.5365,28.5420,113.7493
136.0303,13.9932,28.5420,113.7493
138.4355,40.9856,28.5420,113.7493
138.0694,39.7819,27.6708,110.2770
136.7740,39.0047,27.6708,110.2770
133.9239,39.2638,27.6708,110.2770
132.7045,42.4243,28.5551,113.8015
133.5066,36.8094,28.5551,113.8015
135.2793,38.2790,27.6835,110.3277
134.5016,42.1672,27.6835,110.3277
134.6650,47.7392,26.8384,106.9599
134.3207,52.1360,26.0192,103.6949
136.0261,51.4051,26.0192,103.6949
136.8284,48.0427,26.8508,107.0090
138.1593,45.5785,27.7089,110.4290
138.4948,43.5544,28.5945,113.9583
138.7626,42.7511,28.5945,113.9583
136.3529,43.0189,28.5945,113.9583
137.0571,43.9549,27.7216,110.4797
136.1823,44.3433,26.8754,107.1073
136.8442,46.2297,26.0550,103.8378
138.4617,49.5223,25.2597,100.6681
140.5028,53.6604,24.4886,97.5952
141.1907,54.8069,24.4886,97.5952
144.1716,52.7433,24.4886,97.5952
141.1907,51.5968,24.4886,97.5952
135.5255,52.5595,25.2713,100.7143
129.5223,47.2345,24.4999,97.6400
127.3728,34.7312,23.7520,94.6595
133.2954,26.6127,23.0270,91.7700
96.3461,22.1919,22.3241,88.9687
109.1582,4.6748,23.0376,91.8121
120.0796,-4.9251,22.3343,89.0095
141.6809,6.8275,23.0481,91.8543
146.9963,26.1416,22.3446,89.0504
155.0785,34.4050,21.6625,86.3321
156.8290,43.2276,21.0012,83.6968
166.1289,44.8398,21.6724,86.3717
167.2031,51.3738,22.3651,89.1322
161.6104,55.6036,23.0799,91.9808
154.8311,53.3337,22.3754,89.1731
144.2076,54.2133,23.0905,92.0231
138.8658,52.9590,23.8285,94.9641
139.1544,52.1108,24.5900,97.9992
135.7682,50.3145,25.3759,101.1312
155.9647,50.0769,25.3759,101.1312
157.1527,48.8889,25.3759,101.1312
155.4895,47.7009,25.3759,101.1312
154.3015,46.0376,25.3759,101.1312
153.9760,42.5914,24.6013,98.0442
130.6252,44.3182,23.8503,95.0513
129.1274,38.1095,24.6126,98.0892
122.3589,31.5406,23.8613,95.0950
143.0546,25.1722,23.1329,92.1922
150.1223,27.2291,22.4268,89.3780
152.8522,36.2587,22.4268,89.3780
155.0844,40.3528,21.7422,86.6497
152.0307,38.9277,21.7422,86.6497
150.6057,25.2877,21.7422,86.6497
151.2164,19.3839,21.7422,86.6497
156.6378,21.3171,21.0785,84.0047
162.3614,29.0144,21.0785,84.0047
162.4858,31.6782,20.4351,81.4404
167.1985,33.4952,19.8113,78.9544
166.2024,42.3058,19.2065,76.5443
166.6754,44.3733,18.6203,74.2078
169.9235,44.6341,18.0519,71.9426
168.6778,42.8587,17.5008,69.7465
166.8146,42.7761,16.9666,67.6174
166.5970,42.3784,16.4487,65.5534
167.0590,40.6842,16.4487,65.5534
169.3123,40.9146,15.9466,63.5524
173.9410,36.5845,15.9466,63.5524
164.8766,35.4196,16.4563,65.5835
164.1514,34.2175,16.9822,67.6796
171.9430,75.7195,16.9822,67.6796
169.8170,76.5934,16.4638,65.6136
169.9141,76.8241,15.9612,63.6107
169.1669,73.6856,15.9612,63.6107
167.2240,72.6394,15.9612,63.6107
167.4173,71.1746,16.4714,65.6437
169.4222,68.8612,16.4714,65.6437
169.6217,64.8818,16.9978,67.7417
168.8726,63.3219,17.5410,69.9067
169.3654,63.1576,17.5410,69.9067
173.7392,66.6882,17.0056,67.7728
176.3872,67.8819,16.4865,65.7040
178.3369,69.3478,15.9832,63.6984
180.2271,70.1703,15.4953,61.7540
180.6623,70.8958,15.4953,61.7540
180.7538,70.8227,15.0223,59.8689
177.7478,72.1584,14.5638,58.0414
176.2478,71.7493,14.5638,58.0414
175.0205,72.9766,14.5638,58.0414
173.5605,72.4582,15.0292,59.8964
173.0862,73.2317,14.5705,58.0680
171.8584,73.0952,14.5705,58.0680
171.1762,72.6860,14.5705,58.0680
171.3127,72.5495,14.5705,58.0680
171.4491,72.4131,14.5705,58.0680
172.1712,70.8030,15.0361,59.9239
172.3120,70.9438,15.0361,59.9239
173.0573,70.1270,15.5167,61.8391
173.5358,68.1218,16.0126,63.8154
174.5853,68.5716,16.0126,63.8154
175.9347,69.6211,16.0126,63.8154
178.1282,72.8441,15.5238,61.8675
178.0255,71.4194,16.0200,63.8447
178.8195,70.5492,16.5320,65.8852
180.8319,71.3232,16.5320,65.8852
180.7225,70.4251,17.0603,67.9909
184.0180,73.8590,16.5396,65.9155
186.0767,73.8897,17.0682,68.0221
186.2365,75.0084,17.0682,68.0221
186.7628,74.7205,17.6137,70.1961
187.3060,75.4129,18.1766,72.4396
186.7954,75.5831,18.1766,72.4396
188.3272,76.4341,18.1766,72.4396
189.7959,78.3907,17.6217,70.2283
190.2909,78.5557,17.6217,70.2283
190.4559,79.0507,17.6217,70.2283
192.8699,80.9476,17.0838,68.0846
192.4369,79.0598,17.6298,70.2606
191.9901,77.4418,18.1933,72.5061
191.8198,77.6121,18.1933,72.5061
193.0122,77.7825,18.1933,72.5061
192.8419,77.6121,18.1933,72.5061
194.6527,80.2519,17.6379,70.2928
194.1573,80.0868,17.6379,70.2928
194.6527,79.9216,17.6379,70.2928
194.4876,79.7565,17.6379,70.2928
194.3224,80.2519,17.6379,70.2928
194.4876,80.4171,17.6379,70.2928
194.6527,80.5822,17.6379,70.2928
194.8179,80.7474,17.6379,70.2928
194.9830,81.2428,17.6379,70.2928
195.1482,81.0777,17.6379,70.2928
195.6436,80.9125,17.6379,70.2928
195.4785,80.7474,17.6379,70.2928
195.3133,81.2428,17.6379,70.2928
195.1482,81.0777,17.6379,70.2928
197.2341,82.3157,17.0995,68.1471
194.8794,81.0666,17.6460,70.3251
195.0446,80.5709,17.6460,70.3251
194.2185,80.7361,17.6460,70.3251
192.4010,81.2318,17.6460,70.3251
192.2357,80.7361,17.6460,70.3251
191.7401,80.9014,17.6460,70.3251
192.1746,81.4790,17.1074,68.1784
191.6941,81.6392,17.1074,68.1784
191.5339,81.4790,17.1074,68.1784
190.7330,80.9985,17.1074,68.1784
190.2524,81.1587,17.1074,68.1784
189.4515,81.3188,17.1074,68.1784
188.9709,81.7994,17.1074,68.1784
187.8497,81.3188,17.1074,68.1784
187.6895,81.7994,17.1074,68.1784
187.2089,81.6392,17.1074,68.1784
186.4080,81.4790,17.1074,68.1784
186.2478,81.3188,17.1074,68.1784
185.4939,81.0303,17.6541,70.3574
185.6592,81.1956,17.6541,70.3574
186.1551,82.0221,17.6541,70.3574
185.9898,82.8486,17.6541,70.3574
185.8245,83.0139,17.6541,70.3574
185.3286,83.8404,17.6541,70.3574
185.8245,84.3363,17.6541,70.3574
185.6592,84.1710,17.6541,70.3574
186.1551,84.9975,17.6541,70.3574
185.9898,84.8322,17.6541,70.3574
185.8245,84.6669,17.6541,70.3574
185.9898,84.5016,17.6541,70.3574
186.1551,84.3363,17.6541,70.3574
186.3204,84.1710,17.6541,70.3574
186.8163,84.9975,17.6541,70.3574
186.6510,85.1628,17.6541,70.3574
187.8081,85.3281,17.6541,70.3574
187.3122,84.5016,17.6541,70.3574
188.1387,84.3363,17.6541,70.3574
188.3040,84.1710,17.6541,70.3574
188.8000,84.3363,17.6541,70.3574
189.2959,83.5098,17.6541,70.3574
189.7918,83.0139,17.6541,70.3574
189.9571,83.1792,17.6541,70.3574
190.4530,83.0139,17.6541,70.3574
190.9489,82.8486,17.6541,70.3574
191.1142,82.6833,17.6541,70.3574
191.2795,82.1874,17.6541,70.3574
191.4448,82.3527,17.6541,70.3574
191.2795,80.8650,17.6541,70.3574
191.1142,81.0303,17.6541,70.3574
190.9489,80.8650,17.6541,70.3574
190.4530,80.3691,17.6541,70.3574
190.6183,79.5425,17.6541,70.3574
190.7836,79.3772,17.6541,70.3574
190.2877,79.2119,17.6541,70.3574
190.4530,79.7078,17.6541,70.3574
190.6183,79.2119,17.6541,70.3574
190.7836,79.3772,17.6541,70.3574
190.6183,78.8813,17.6541,70.3574
190.7836,78.7160,17.6541,70.3574
190.2877,78.8813,17.6541,70.3574
190.7836,79.0466,17.6541,70.3574
190.2877,78.8813,17.6541,70.3574
189.7918,78.3854,17.6541,70.3574
188.6346,77.5589,17.6541,70.3574
188.8000,77.0630,17.6541,70.3574
187.3122,77.2283,17.6541,70.3574
187.4775,77.0630,17.6541,70.3574
186.9816,76.8977,17.6541,70.3574
184.4409,75.8226,17.1152,68.2097
182.3576,73.7393,17.1152,68.2097
179.9537,71.6559,17.1152,68.2097
176.2678,69.5726,17.1152,68.2097
175.5135,68.6428,17.6622,70.3897
177.7120,70.6602,18.2267,72.6394
175.2021,68.6461,18.8092,74.9609
171.8558,66.0043,18.8092,74.9609
170.6747,64.9826,19.4104,77.3567
168.0018,63.9282,20.0307,79.8290
163.3129,63.3655,20.0307,79.8290
162.3751,61.3024,20.0307,79.8290
162.2425,64.7156,20.6709,82.3803
159.6548,64.2310,20.0399,79.8656
159.3977,64.5117,19.4282,77.4277
157.0328,64.3298,19.4282,77.4277
155.7594,64.5117,19.4282,77.4277
153.3945,63.6022,19.4282,77.4277
152.0538,66.7850,18.8352,75.0642
150.0486,68.4598,18.2602,72.7728
149.8776,68.9727,18.2602,72.7728
150.6693,73.3320,17.7028,70.5514
151.8296,73.4977,17.7028,70.5514
152.3268,72.6689,17.7028,70.5514
153.4872,70.1826,17.7028,70.5514
155.0276,67.2318,18.2686,72.8063
155.1987,65.6923,18.2686,72.8063
156.0539,65.5212,18.2686,72.8063
158.5565,65.0929,17.7109,70.5838
160.3193,66.0044,17.1703,68.4292
164.6007,67.2096,16.6462,66.3404
167.5045,68.0663,16.1380,64.3153
168.2041,69.5012,15.6454,62.3521
169.8156,66.7178,15.6454,62.3521
172.3060,63.9344,15.6454,62.3521
171.9095,60.7406,16.1455,64.3449
173.6168,59.5612,16.6615,66.4013
175.6449,59.7172,16.6615,66.4013
176.4249,60.8092,16.6615,66.4013
177.5170,61.9013,16.6615,66.4013
179.7994,65.5669,16.1529,64.3744
181.1606,67.5331,16.1529,64.3744
181.3118,70.1043,16.1529,64.3744
182.4149,70.4368,16.6691,66.4318
183.2411,71.4043,17.2019,68.5550
187.5900,72.5317,17.2019,68.5550
190.2685,73.0949,16.6768,66.4623
190.6792,73.9531,16.1677,64.4335
192.3445,74.7100,16.1677,64.4335
196.0731,76.7532,15.6742,62.4667
197.3396,76.0922,15.1957,60.5599
200.5595,74.5976,14.7319,58.7113
198.1635,73.4246,14.2822,56.9191
198.0298,73.2909,14.2822,56.9191
196.0238,73.4246,14.2822,56.9191
195.6226,72.7560,14.2822,56.9191
195.4889,72.8897,14.2822,56.9191
197.9803,74.1596,13.8462,55.1816
200.1843,72.2149,13.8462,55.1816
199.5361,71.8260,13.8462,55.1816
201.7401,72.9928,13.8462,55.1816
190.2014,72.8631,13.8462,55.1816
188.5160,71.4370,13.8462,55.1816
190.6721,72.9275,13.4235,53.4972
192.0081,74.8752,13.0138,51.8641
193.3035,76.0323,12.6165,50.2810
195.5043,76.9179,12.2314,48.7461
198.3251,77.3183,11.8580,47.2581
200.6568,77.8735,11.8580,47.2581
205.6858,78.5617,12.2370,48.7685
207.2090,79.9594,12.6281,50.3272
204.2091,81.5552,12.2426,48.7909
207.7964,83.8706,12.6339,50.3503
208.3441,85.4672,12.2483,48.8133
210.0980,85.9487,12.6397,50.3734
211.4346,86.2089,13.0437,51.9833
213.7100,87.8572,12.6455,50.3965
215.0472,88.1175,13.0497,52.0072
215.4496,88.6306,13.4667,53.6693
216.7900,91.0889,13.0557,52.0311
218.0894,92.0053,12.6571,50.4428
218.7168,92.5029,13.0617,52.0549
220.0980,92.2825,13.4791,53.7186
220.4299,93.4811,13.0677,52.0788
221.7759,93.3587,13.0677,52.0788
222.4235,93.8724,13.4853,53.7433
223.3445,92.8873,13.9163,55.4609
225.2990,93.0176,13.9163,55.4609
226.1629,94.2550,13.4915,53.7680
226.7478,95.4547,13.0797,52.1267
228.8298,95.8221,13.0797,52.1267
229.9680,96.3363,13.4977,53.7926
233.1647,96.6141,13.9291,55.5118
235.0728,97.5918,13.5039,53.8173
237.2594,96.6054,13.9355,55.5373
239.6903,97.5835,13.5101,53.8420
241.0350,97.0138,13.0977,52.1985
242.6293,97.3817,13.0977,52.1985
243.9784,97.7496,13.0977,52.1985
245.1181,96.5475,13.5163,53.8668
247.0536,95.8133,13.9483,55.5883
248.7897,94.5332,14.3940,57.3649
250.3118,93.4817,14.8541,59.1983
251.8418,93.6208,14.8541,59.1983
252.5372,93.4817,14.8541,59.1983
254.9017,93.6208,14.8541,59.1983
255.8752,93.7599,14.8541,59.1983
256.8488,93.8990,14.8541,59.1983
257.5443,94.0381,14.8541,59.1983
259.1150,92.9530,15.3288,61.0903
260.3537,94.0289,14.8609,59.2255
261.0902,92.9434,15.3359,61.1184
260.9888,91.8231,15.8260,63.0717
261.7297,91.9713,15.8260,63.0717
262.1743,91.8231,15.8260,63.0717
263.2550,90.9634,16.3318,65.0875
264.0645,89.4645,16.8538,67.1677
266.1623,88.5490,17.3924,69.3143
268.0014,86.9528,17.9483,71.5296
268.8910,85.6417,18.5219,73.8157
270.8496,83.9418,19.1138,76.1749
273.1762,83.7629,19.1138,76.1749
271.2601,82.3666,19.7247,78.6094
271.4448,81.8125,19.7247,78.6094
268.3592,81.4798,20.3551,81.1218
267.8433,80.3741,21.0057,83.7144
267.6466,80.5708,21.0057,83.7144
267.8433,81.5542,21.0057,83.7144
267.6466,82.1442,21.0057,83.7144
267.4500,82.3409,21.0057,83.7144
270.7208,84.2087,20.3645,81.1590
270.5302,84.7807,20.3645,81.1590
267.7259,83.6745,21.0153,83.7529
267.9226,84.2648,21.0153,83.7529
268.1194,84.0680,21.0153,83.7529
268.3162,85.0519,21.0153,83.7529
268.5130,85.2487,21.0153,83.7529
265.6191,83.7136,21.6870,86.4296
266.2283,83.9166,21.6870,86.4296
266.4313,84.1197,21.6870,86.4296
266.6344,84.3227,21.6870,86.4296
267.2436,83.7136,21.6870,86.4296
267.4467,83.5105,21.6870,86.4296
267.6497,83.7136,21.6870,86.4296
267.8528,83.9166,21.6870,86.4296
267.6497,83.7136,21.6870,86.4296
267.8528,83.9166,21.6870,86.4296
267.6497,84.1197,21.6870,86.4296
267.8528,84.3227,21.6870,86.4296
265.2725,82.7385,22.3801,89.1919
265.4821,82.9481,22.3801,89.1919
265.6916,83.5768,22.3801,89.1919
265.9012,83.3672,22.3801,89.1919
266.8714,85.3572,21.6969,86.4693
267.0746,85.5603,21.6969,86.4693
267.2777,85.7635,21.6969,86.4693
267.4809,86.7793,21.6969,86.4693
267.6841,87.3887,21.6969,86.4693
267.4809,87.5919,21.6969,86.4693
267.6841,88.2014,21.6969,86.4693
264.6963,88.6480,22.3904,89.2328
265.7445,88.4384,22.3904,89.2328
266.3735,89.0673,22.3904,89.2328
263.7095,89.1089,23.1060,92.0847
267.3075,90.7307,22.4006,89.2738
265.8392,90.9405,22.4006,89.2738
267.2299,92.5128,21.7169,86.5487
267.8399,93.1228,21.7169,86.5487
265.2561,93.9765,22.4109,89.3148
265.8856,94.1864,22.4109,89.3148
265.6758,94.8159,22.4109,89.3148
266.3053,95.0258,22.4109,89.3148
268.1162,96.1791,21.7268,86.5884
267.5059,96.7894,21.7268,86.5884
267.7094,96.9928,21.7268,86.5884
267.0991,97.6032,21.7268,86.5884
267.7094,97.3997,21.7268,86.5884
267.5059,97.6032,21.7268,86.5884
268.1162,97.8066,21.7268,86.5884
267.9128,98.0100,21.7268,86.5884
267.7094,98.6203,21.7268,86.5884
267.5059,98.4169,21.7268,86.5884
268.1162,98.6203,21.7268,86.5884
267.9128,98.8238,21.7268,86.5884
267.7094,99.4341,21.7268,86.5884
267.5059,99.6375,21.7268,86.5884
268.5231,100.2478,21.7268,86.5884
271.0925,101.7729,21.0636,83.9453
269.7119,101.5756,21.0636,83.9453
270.3036,101.3784,21.0636,83.9453
269.7119,101.5756,21.0636,83.9453
269.9091,100.9839,21.0636,83.9453
267.7975,99.8397,21.7368,86.6282
267.5940,99.2291,21.7368,86.6282
268.2046,98.2115,21.7368,86.6282
268.0010,97.6009,21.7368,86.6282
270.9787,99.1266,21.0733,83.9838
269.5975,98.9293,21.0733,83.9838
272.4843,100.0138,20.4300,81.4202
274.1351,101.0652,19.8064,78.9348
274.9938,102.4554,19.2018,76.5253
276.9050,103.4436,18.6156,74.1893
278.0607,104.7502,18.0474,71.9247
277.2158,105.2571,18.0474,71.9247
279.0121,106.1859,17.4965,69.7292
280.4259,107.7417,16.9624,67.6007
282.4319,108.9323,16.4446,65.5371
281.9699,109.7021,16.4446,65.5371
281.5080,109.8561,16.4446,65.5371
281.9699,110.6260,16.4446,65.5371
281.5080,110.7800,16.4446,65.5371
282.2779,110.9340,16.4446,65.5371
281.8159,111.3959,16.4446,65.5371
281.3540,111.5499,16.4446,65.5371
281.8159,112.0118,16.4446,65.5371
281.3540,112.7817,16.4446,65.5371
280.6293,112.1964,16.9702,67.6317
280.1526,111.0841,16.9702,67.6317
282.4773,112.2752,16.4522,65.5672
282.0152,112.1211,16.4522,65.5672
284.2689,112.0435,15.9500,63.5658
282.0725,111.4758,16.4597,65.5973
282.2266,111.6299,16.4597,65.5973
282.3808,111.7840,16.4597,65.5973
281.9184,110.7052,16.4597,65.5973
282.3808,110.5511,16.4597,65.5973
282.2266,111.0134,16.4597,65.5973
284.7896,110.6275,15.9573,63.5949
281.9946,110.0595,16.4673,65.6274
284.5588,109.9819,15.9646,63.6241
284.1103,110.4303,15.9646,63.6241
281.6130,109.2641,16.4748,65.6576
282.0757,109.4184,16.4748,65.6576
284.6411,110.5748,15.9719,63.6534
282.1426,110.3053,16.4824,65.6877
282.6056,110.7683,16.4824,65.6877
282.4513,110.6140,16.4824,65.6877
282.2969,111.3857,16.4824,65.6877
282.1426,111.8486,16.4824,65.6877
282.6056,111.6943,16.4824,65.6877
282.4513,111.8486,16.4824,65.6877
282.2969,112.3116,16.4824,65.6877
282.1426,112.7746,16.4824,65.6877
282.9142,112.6203,16.4824,65.6877
282.7599,113.3920,16.4824,65.6877
