0.24652
0.23444
0.066984
0.039189
0.048077
0.042469
0.036451
0.032877
0.033428
0.03317
0.032675
0.032678
0.032511
0.032651
0.032773
0.032613
0.032414
0.032528
0.032426
0.032503
0.032806
0.032869
0.032678
0.032741
0.032583
0.033031
0.032662
0.0326
0.032533
0.032674
0.032444
0.033052
0.032629
0.032665
0.032558
0.032521
0.032496
0.032895
0.032496
0.032506
0.033133
0.032769
0.033412
0.032643
0.033566
0.032645
0.032521
0.032474
0.032384
0.032535
0.03241
0.032343
0.032422
0.032582
0.032319
0.032476
0.03254
0.032691
0.0326
0.032306
0.032408
0.032538
0.032392
0.032888
0.032602
0.032773
0.032414
0.032532
0.032393
0.032495
0.032479
0.032531
0.031403
0.03233
0.032629
0.032402
0.032409
0.032338
0.032247
0.032319
0.032296
0.032266
0.032504
0.032229
0.03224
0.032542
0.03217
0.032228
0.032344
0.032213
0.032259
0.03224
0.032295
0.032524
0.032283
0.032253
0.032367
0.03239
0.032255
0.032258
0.032851
0.032976
0.03229
0.032305
0.032161
0.032231
0.032117
0.032231
0.032146
0.032418
0.03234
0.032792
0.033087
0.032664
0.032343
0.03238
0.032186
0.032196
0.032187
0.032097
0.032147
0.032101
0.032095
0.032216
0.032007
0.0327
0.03278
0.032763
0.032706
0.032612
0.032292
0.032325
0.032083
0.032084
0.032159
0.032106
0.032118
0.032106
0.032353
0.032108
0.032157
0.032028
0.032096
0.032164
0.032033
0.032109
0.031972
0.032197
0.032097
0.032106
0.032101
0.032143
0.032118
0.03208
0.032219
0.03223
0.032315
0.032052
0.031943
0.032038
0.0321
0.03204
0.031974
0.032028
0.032018
0.032013
0.031884
0.032325
0.033133
0.032946
0.032751
0.032587
0.032795
0.033436
0.032274
0.032062
NaN
NaN
NaN
NaN
0.20884
0.23133
0.066682
0.039425
0.048095
0.042281
0.036209
0.032929
0.033478
0.033303
0.032605
0.032186
0.032115
0.03236
0.03249
0.032164
0.032075
0.032134
0.032349
0.032455
0.032241
0.032152
0.032003
0.032004
0.031879
0.032091
0.031872
0.031989
0.031917
0.031841
0.031911
0.032287
0.031865
0.032047
0.031933
0.031954
0.032268
0.032039
0.031857
0.031767
0.032259
0.032
0.032612
0.031978
0.032473
0.032021
0.032013
0.031871
0.031814
0.031936
0.031836
0.031867
0.031855
0.031929
0.031814
0.031855
0.031755
0.031681
0.031792
0.031774
0.031766
0.031769
0.031805
0.031937
0.03186
0.031824
0.031854
0.031786
0.031743
0.03171
0.03178
0.031726
0.031704
0.031704
0.031705
0.0318
0.031844
0.031842
0.031641
0.031687
0.031634
0.031582
0.031678
0.031675
0.031578
0.032235
0.031814
0.03162
0.031606
0.031684
0.031683
0.031604
0.031769
0.031627
0.031666
0.031671
0.031699
0.031627
0.031583
0.031654
0.031978
0.031967
0.031544
0.0315
0.031563
0.031489
0.031458
0.031454
0.031451
0.031503
0.031425
0.031806
0.031935
0.031658
0.031552
0.031666
0.031545
0.031465
0.031419
0.03145
0.03155
0.031469
0.031491
0.031386
0.031373
0.031938
0.032125
0.03188
0.03205
0.032057
0.031758
0.031432
0.031408
0.031469
0.031428
0.031411
0.031449
0.031346
0.031347
0.031323
0.031283
0.031362
0.030153
0.031321
0.03134
0.031349
0.031443
0.031228
0.031327
0.031356
0.031317
0.031291
0.031295
0.031388
0.031266
0.031309
0.031448
0.031309
0.031346
0.03133
0.031316
0.031327
0.031362
0.031376
0.031347
0.031315
0.03131
0.031506
0.032373
0.031903
0.031875
0.031794
0.031764
0.031875
0.031484
0.031302
0.031277
0.031443
0.031232
0.031358
0.031235
0.031213
0.031261
0.031183
0.031182
0.031154
0.031154
0.031149
0.031162
0.03113
0.031133
0.031168
0.031166
0.03114
0.031128
0.031187
0.031149
0.031165
0.031156
0.031212
0.031558
0.031486
0.031207
0.031208
0.031299
0.0311
0.031153
0.031145
0.031111
0.031166
0.031129
0.031284
0.031133
0.031173
0.031204
0.031182
0.031251
0.031287
0.031178
0.031234
0.031256
0.031219
0.031411
0.031397
0.072858
0.033381
0.032212
0.031642
0.031814
0.031702
0.031657
0.031615
0.031686
0.031833
0.031891
0.031814
0.031791
0.03193
0.031919
0.031832
0.03189
0.031789
0.03156
0.031557
0.031843
0.031857
0.031772
0.031773
0.031729
0.031719
0.032454
0.032029
0.03184
0.031668
0.031789
0.031702
0.031712
0.031666
0.031603
0.031863
0.031697
0.031757
0.031797
0.031854
0.031766
0.031851
0.031692
0.031747
0.031983
0.031998
0.031745
0.031879
0.031753
0.031721
0.03179
0.031715
0.032024
0.031904
0.031762
0.031755
0.031863
0.031915
0.031873
0.031724
0.031885
0.031934
0.031847
0.031844
0.031778
0.03169
0.031775
0.031739
0.031832
0.031779
0.031819
0.031738
0.031757
0.031863
0.031849
0.031821
0.031868
0.031717
0.031763
0.031733
0.03172
0.031642
0.031687
0.031766
0.032064
0.031702
0.031726
0.031694
0.031868
0.031757
0.031797
0.031774
0.03186
0.031767
0.031783
0.031778
0.031807
0.031695
0.03181
0.031812
0.031809
0.032093
0.031906
0.031866
0.031885
0.031752
0.031752
0.031857
0.031887
0.031933
0.03224
0.032247
0.032056
0.031978
0.031675
0.031719
0.032016
0.031943
0.031884
0.03206
0.032064
0.031882
0.031883
0.031814
0.031947
0.032183
0.032424
0.031841
0.03185
0.031868
0.031943
0.031855
0.031977
0.031838
0.032066
0.031897
0.031928
0.031894
0.031945
0.03192
0.031822
0.031921
0.031836
0.03179
0.031877
0.031761
0.031876
0.031902
0.031971
0.031989
0.031855
0.031859
0.031952
0.031834
0.032
0.031783
0.031877
0.031882
0.031968
0.031906
0.031892
0.03181
0.03193
0.031794
0.032048
0.031933
0.032249
0.03194
0.031973
0.031889
0.031889
0.031805
0.031876
0.031872
0.031793
0.03189
0.031985
0.031855
0.032122
0.032147
0.032085
0.031981
0.032105
0.032042
0.03198
0.032219
0.032271
0.032113
0.032084
0.031914
0.031928
0.031998
0.031972
0.032088
0.032076
0.03202
0.031989
0.031999
0.032074
0.032032
0.03193
0.030676
0.032189
0.031851
0.031925
0.031905
0.031891
0.031908
0.032023
0.031914
0.031996
0.03196
0.032028
0.0319
0.031986
0.031967
0.032189
0.031883
0.03201
0.031879
0.031956
0.032007
0.031995
0.031996
0.032151
0.032004
0.032114
0.032192
0.031986
0.03197
0.031956
0.031898
0.031973
0.031947
0.031973
0.032125
0.031836
0.031959
0.032028
0.032058
0.032093
0.031936
0.031973
0.031886
0.032041
0.031921
0.032027
0.03208
0.032023
0.031862
0.032289
0.032494
0.031983
0.03192
0.032138
0.031948
0.03203
0.031876
0.031932
0.031853
0.031907
0.031789
0.031916
0.031867
0.032088
0.03181
0.031993
0.031878
0.031931
0.03192
0.032016
0.031926
0.032002
0.031823
0.031901
0.03233
0.032609
0.032306
0.033093
0.032905
0.032877
0.032434
0.031849
0.031866
0.031922
0.031962
0.031805
0.031837
0.031849
0.031916
0.032
0.031936
0.031925
0.032014
0.031908
0.031914
0.031858
0.031894
0.031951
0.031901
0.031855
0.031845
0.031811
0.0319
0.0318
0.031907
0.031897
0.031963
0.031897
0.031772
0.03192
0.031886
0.031846
0.031771
0.032099
0.03187
0.031814
0.031992
0.031889
0.031835
0.031843
0.031776
0.031988
0.0318
0.031951
0.031919
0.032013
0.032165
0.032042
0.031984
0.031993
0.032119
0.032039
0.032116
0.031957
0.032
0.031962
0.032032
0.031986
0.031851
0.032015
0.032054
0.031871
0.032142
0.031897
0.03185
0.031983
0.031908
0.031818
0.031848
0.031898
0.031861
0.032048
0.031995
0.032275
0.031935
0.030756
0.031959
0.031993
0.032084
0.031797
0.031738
0.031925
0.031855
0.031959
0.031877
0.031972
0.031782
0.031849
0.03178
0.031932
0.031794
0.031888
0.031928
0.031866
0.031858
0.031923
0.031889
0.031989
0.031972
0.031787
0.031799
0.031854
0.031862
0.031861
0.031971
0.031862
0.031947
0.031955
0.031904
0.031802
0.031917
0.031825
0.031988
0.031996
0.031897
0.031926
0.031902
0.031748
0.031787
0.031853
0.031856
0.031801
0.031797
0.031814
0.031797
0.031852
0.031876
0.031802
0.031823
0.031874
0.031945
0.031816
0.031916
0.031839
0.03176
0.031772
0.031858
0.031891
0.031758
0.031889
0.031947
0.031787
0.03183
0.031919
0.031838
0.031887
0.031875
0.031801
0.031815
0.031798
0.031845
0.031872
0.032032
0.031903
0.031932
0.031864
0.031873
0.031941
0.031784
0.031873
0.031852
0.031786
0.031887
0.031963
0.03177
0.031765
0.031751
0.031828
0.031813
0.031938
0.031955
0.031839
0.031946
0.031789
0.031839
0.031827
0.03182
0.031876
0.031962
0.031854
0.031921
0.031953
0.031853
0.031853
0.031967
0.031911
0.031875
0.031806
0.032042
0.031716
0.031898
0.031744
0.03173
0.031743
0.031829
0.031663
0.031836
0.031798
0.0318
0.031712
0.031777
0.031748
0.031709
0.031673
0.0317
0.031781
0.031798
0.031799
0.031848
0.031844
0.03173
0.031789
0.031777
0.031712
0.0317
0.031803
0.031678
0.032088
0.032154
0.031928
0.032064
0.031605
0.031534
0.031579
0.031591
0.031653
0.031736
0.031828
0.031777
0.03181
0.031785
0.030721
0.031837
0.031811
0.03179
0.031896
0.031796
0.031766
0.031791
0.031743
0.031835
0.03175
0.031797
0.031711
0.031882
0.031753
0.031829
0.031915
0.031833
0.031789
0.03165
0.031856
0.03179
0.03167
0.031785
0.031881
0.031883
0.031767
0.031884
0.031844
0.031883
0.031856
0.031802
0.031743
0.031756
0.031791
0.031767
0.031871
0.031925
0.031823
0.03188
0.031927
0.031827
0.031731
0.031776
0.031758
0.031753
0.031759
0.031754
0.031775
0.031935
0.031983
0.031781
0.0318
0.03187
0.0319
0.031774
0.031844
0.031702
0.03174
0.031742
0.031759
0.031783
0.031751
0.031868
0.031837
0.03191
0.031782
0.031775
0.031912
0.031918
0.031858
0.031756
0.031761
0.03184
0.03184
0.031742
0.031898
0.031818
0.031703
0.031911
0.031864
0.031812
0.031743
0.031757
0.031721
0.031754
0.031827
0.031718
0.031682
0.031782
0.031708
0.03164
0.032003
0.031783
0.031931
0.031794
0.031799
0.031757
0.03184
0.031744
0.031815
0.031865
0.031908
0.031913
0.031874
0.031932
0.031944
0.031949
0.031815
0.031806
0.031801
0.031869
0.031833
0.031881
0.031885
0.031959
0.031937
0.031991
0.031868
0.032058
0.032078
0.031937
0.032034
0.031953
0.031914
0.031942
0.031965
0.031948
0.031965
0.032252
0.032186
0.032385
0.032237
0.032524
0.032277
0.032404
0.032425
0.032443
0.033594
0.032126
0.033038
0.032923
0.032909
0.033017
0.033023
0.032907
0.03303
0.03366
0.03302
0.033104
0.03294
0.033014
0.032148
0.032434
0.032157
0.03124
0.032204
0.032017
0.032024
0.032061
0.032082
0.032163
0.032068
0.032154
0.032018
0.032062
0.032098
0.032092
0.031958
0.032918
0.031943
0.03281
0.031886
0.032767
0.032814
0.032948
0.031961
0.0328
0.033089
0.032635
0.031856
0.032562
0.03273
0.031968
0.032028
0.032025
0.031954
0.03199
0.032143
0.032142
0.033162
0.032974
0.032804
0.03292
0.032823
0.032935
0.032867
0.032844
0.03297
0.03295
0.032167
0.032882
0.031977
0.033038
0.032154
0.031964
0.031956
0.032934
0.032097
0.032014
0.032061
0.032048
0.032011
0.032028
0.032074
0.031995
0.032055
0.032028
0.032051
0.032008
0.03203
0.032064
0.031937
0.031889
0.032028
0.032055
0.032013
0.032108
0.032345
0.031975
0.032013
0.032122
0.031865
0.031866
0.03227
0.031965
0.032002
0.031934
0.032767
0.03192
0.03261
0.03182
0.032968
0.032609
0.032536
0.03175
0.031631
0.031697
0.031673
0.031711
0.031761
0.031764
0.031842
0.031844
0.031704
0.032019
0.031805
0.031781
0.031785
0.031712
0.031746
0.03182
0.031738
0.032045
0.032228
0.032434
0.032536
0.033055
0.033032
0.03254
0.032276
0.032565
0.032335
0.032717
0.032642
0.032322
0.032305
0.03232
0.032522
0.032119
0.03222
0.032179
0.032261
0.032142
0.032034
0.032078
0.032126
0.03219
0.03215
0.032181
0.032181
0.03213
0.031877
0.031596
0.031693
0.031649
0.031589
0.03174
0.031447
0.031533
0.031747
0.031493
0.031507
0.031677
0.031521
0.031496
0.031616
0.031423
0.030511
0.031432
0.03134
0.031351
0.03151
0.031337
0.031377
0.031339
0.031299
0.031347
0.031304
0.031451
0.031324
0.031336
0.03138
0.031292
0.03128
0.031339
0.031381
0.031321
0.031271
0.031425
0.0313
0.031364
0.031427
0.031412
0.031273
0.031332
0.031352
0.031566
0.032164
0.032568
0.032836
0.032181
0.032109
0.032248
0.031361
0.031324
0.031313
0.03127
0.031354
0.031268
0.031329
0.031349
0.031226
0.031417
0.031292
0.031263
0.031396
0.031347
0.031296
0.031265
0.031284
0.031304
0.031315
0.031249
0.031258
0.031297
0.031289
0.031292
0.031311
0.031309
0.031247
0.031296
0.031324
0.031263
0.031285
0.031557
0.031361
0.031302
0.031302
0.031356
0.031226
0.031367
0.031324
0.031378
0.031424
0.031388
0.031387
0.031371
0.031398
0.03142
0.031297
0.031216
0.031311
0.031426
0.031322
0.031374
0.031271
0.031251
0.031404
0.031329
0.031259
0.031238
0.031283
0.031272
0.031235
0.031461
0.031258
0.031299
0.031342
0.031477
0.031331
0.031269
0.031348
0.031253
0.031322
NaN
NaN
NaN
NaN
0.20586
0.23416
0.067448
0.040506
0.048679
0.042915
0.03654
NaN
NaN
NaN
NaN
0.20669
0.23297
0.067043
0.04016
0.049125
0.043527
0.037305
0.033425
0.033487
0.033283
0.032982
0.03295
0.033005
0.032991
0.033212
0.032553
0.03262
0.032729
0.032655
0.032484
0.032472
0.032264
0.032016
0.031962
0.032462
0.031708
0.031719
0.032322
0.032083
0.031905
0.032049
