0.21713
0.21911
0.05466
0.024245
0.03599
0.030965
0.024167
0.021143
0.021248
0.021969
0.020247
0.020404
0.020204
0.020334
0.019796
0.019937
0.01983
0.020156
0.019837
0.019571
0.01953
0.020537
0.019385
0.019615
0.019679
0.020084
0.019281
0.020196
0.019449
0.020023
0.019634
0.020444
0.019864
0.020138
0.019705
0.01881
0.018569
0.019011
0.01846
0.018825
0.021244
0.020704
0.020494
0.020299
0.021449
0.020467
0.019963
0.019952
0.019793
0.019888
0.019647
0.02115
0.020659
0.019714
0.021084
0.021088
0.020884
0.021104
0.020765
0.020471
0.020746
0.021177
0.020828
0.021728
0.022229
0.022126
0.021858
0.022008
0.021315
0.021848
0.020772
0.020774
0.020646
0.020922
0.020867
0.021179
0.02092
0.020878
0.020405
0.021351
0.020752
0.02095
0.020009
0.020883
0.020564
0.020609
0.020586
0.020286
0.01998
0.020843
0.019989
0.020886
0.020884
0.020404
0.019934
0.020486
0.020776
0.021903
0.020539
0.020898
0.020864
0.02088
0.020395
0.020807
0.020401
0.020798
0.020388
0.020706
0.020362
0.020703
0.020094
0.020807
0.020522
0.020827
0.020219
0.020653
0.020278
0.020306
0.020038
0.020346
0.019973
0.020371
0.019997
0.020371
0.020252
0.020907
0.020488
0.021555
0.020336
0.020783
0.020869
0.021324
0.020248
0.020578
0.020182
0.020611
0.019972
0.020316
0.019965
0.020356
0.019994
0.020779
0.020281
0.020322
0.019933
0.020394
0.019994
0.020344
0.020034
0.02044
0.019917
0.020286
0.020361
0.020406
0.019888
0.019789
0.019768
0.019894
0.019818
0.019869
0.019958
0.019792
0.019851
0.019925
0.019828
0.019761
0.019708
0.020242
0.020781
0.020177
0.019973
0.020324
0.019992
0.019368
0.019177
0.019099
0.019125
0.019466
0.019366
0.019474
0.01985
0.019137
0.019097
0.019075
0.019094
0.019111
0.019082
0.019088
0.01908
0.019071
0.019187
0.020514
0.020172
0.020472
0.019941
0.019919
0.020579
0.02012
0.019927
0.020897
0.021244
0.02134
0.020106
0.0206
0.02044
0.019956
0.020897
0.020374
0.020206
0.019911
0.020182
0.019382
0.019345
0.019178
0.019205
0.019137
0.019187
0.019177
0.019178
0.019222
0.019166
0.019134
0.019237
0.019182
0.019144
