0.19785
0.2322
0.064879
0.038044
0.046057
0.039655
0.033864
0.030071
0.030432
0.029885
0.029993
0.03001
0.029532
0.030017
0.029748
0.029499
0.029513
0.029179
0.029326
0.029208
0.029534
0.029368
0.029648
0.029213
0.029358
0.029149
0.02942
0.029431
0.029313
0.029223
0.029278
0.029785
0.029523
0.029468
0.029337
0.029365
0.029392
0.029323
0.029185
0.029153
0.030086
0.029394
0.029949
0.029221
0.029748
0.029373
0.029301
0.02909
0.029359
0.028924
0.02928
0.029345
0.029258
0.029221
0.029538
0.028994
0.029086
0.029003
0.029076
0.028768
0.029284
0.029326
0.029191
0.02927
0.02935
0.029365
0.029317
0.029021
0.029269
0.028989
0.02909
0.028931
0.029472
0.029316
0.029566
0.029289
0.071679
0.033601
0.038095
0.029166
0.028875
0.02908
0.028898
0.028963
0.028943
0.029009
0.029098
0.029347
0.02937
0.029329
0.028945
0.029141
0.02927
0.031616
0.031892
0.032017
0.031946
0.032304
0.031029
0.0314
0.031518
0.031865
0.031537
0.032001
0.031599
0.031512
0.031454
0.031548
0.032268
0.031853
0.032084
0.032238
0.032512
0.032257
0.031788
0.03191
0.031776
0.031624
0.031709
0.032218
0.032537
0.032775
0.032858
0.032975
0.037674
0.033522
0.033243
0.033199
0.033225
0.033147
0.036145
