1
235.2718,162.2052,34.4029,64.5816
235.9895,166.0795,33.3527,62.6102
230.2019,165.1460,33.3527,62.6102
233.0024,170.9335,33.3527,62.6102
233.1891,174.8541,33.3527,62.6102
230.7620,184.7490,33.3527,62.6102
220.1204,189.7898,33.3527,62.6102
228.3621,200.9245,34.4187,64.6112
246.6650,229.2458,34.4187,64.6112
267.8052,269.3424,33.3680,62.6389
262.3885,281.8568,33.3680,62.6389
247.0214,270.6721,32.3495,60.7269
238.3559,286.9042,33.3834,62.6677
246.0174,303.9091,33.3834,62.6677
2
0
0
0
0
1
62.8975,279.3341,56.3715,49.8508
57.2545,275.7811,56.3715,49.8508
41.0967,268.5054,58.1731,51.4440
51.6902,258.2909,56.3974,49.8737
48.9071,243.9027,58.1998,51.4677
104.2954,232.5070,60.0599,53.1126
161.4539,244.3508,61.9794,54.8100
197.9196,251.5177,63.9603,56.5618
224.2694,260.6807,62.0079,54.8352
231.4230,259.4486,60.1150,53.1613
238.3323,262.3460,60.1150,53.1613
242.5930,267.3921,58.2800,51.5386
250.1809,275.3092,56.5010,49.9653
257.1182,278.7951,54.7763,48.4401
271.1548,285.4239,53.1042,46.9615
278.8334,287.1959,53.1042,46.9615
294.8042,292.0473,51.4832,45.5280
316.3733,298.3462,51.4832,45.5280
334.5067,301.5911,51.4832,45.5280
344.1822,308.3078,53.1286,46.9830
346.3489,314.0201,53.1286,46.9830
340.9695,315.0421,54.8266,48.4846
360.2804,324.5960,54.8266,48.4846
385.6895,343.0938,54.8266,48.4846
379.3250,340.0830,56.5789,50.0342
375.2743,330.6829,58.3871,51.6333
386.7474,336.5277,58.3871,51.6333
406.8794,345.8361,58.3871,51.6333
421.7490,347.8251,60.2532,53.2835
434.4130,349.8777,62.1789,54.9864
448.4755,367.1676,62.1789,54.9864
450.9398,368.8248,64.1661,56.7438
423.1056,359.0709,64.1661,56.7438
399.1055,341.1429,62.2074,55.0117
388.2655,316.0034,62.2074,55.0117
377.4525,303.2354,60.3085,53.3324
368.7582,291.3044,58.4676,51.7044
352.0921,287.9749,56.6828,50.1261
335.0695,278.5179,56.6828,50.1261
317.2064,274.9453,56.6828,50.1261
300.1839,270.9523,56.6828,50.1261
292.8285,261.4954,56.6828,50.1261
276.2262,252.4587,56.6828,50.1261
255.4209,237.9580,56.6828,50.1261
240.8550,224.3376,58.4944,51.7282
226.7584,215.0121,58.4944,51.7282
208.6908,208.3300,60.3639,53.3814
180.2679,193.7828,60.3639,53.3814
159.4543,180.5784,60.3639,53.3814
138.1236,172.7875,62.2931,55.0875
130.9640,167.0136,62.2931,55.0875
121.4948,152.4635,62.2931,55.0875
110.5683,145.8093,64.2840,56.8481
98.8159,152.7659,66.3385,58.6649
109.8838,171.7044,66.3385,58.6649
124.3188,197.5759,68.4587,60.5399
125.0803,196.8145,68.4587,60.5399
123.3036,180.3165,68.4587,60.5399
119.4963,181.0780,68.4587,60.5399
122.7959,196.0530,68.4587,60.5399
126.0955,216.6120,68.4587,60.5399
141.5782,232.6023,68.4587,60.5399
175.3652,246.4709,66.3690,58.6919
200.6337,249.2240,68.4901,60.5677
2
0
0
0
0
1
147.9304,72.6212,42.9836,70.1404
143.9274,63.7627,44.3574,72.3820
150.7472,66.9407,45.7751,74.6954
155.9015,68.3368,47.2380,77.0826
157.3333,66.3762,48.7478,79.5462
158.3093,65.3558,50.3057,82.0885
167.3650,65.6145,50.3057,82.0885
184.1828,68.4606,50.3057,82.0885
192.4539,64.7975,48.7701,79.5827
188.9340,61.2463,47.2814,77.1534
182.6034,59.7489,45.8381,74.7983
177.8806,62.5408,44.4389,72.5151
175.1305,63.8761,43.0824,70.3015
157.8398,67.8297,41.7673,68.1555
140.0098,71.4816,41.7673,68.1555
130.3430,80.7188,41.7673,68.1555
125.5940,85.8595,43.1022,70.3338
115.1748,100.2690,43.1022,70.3338
107.1704,109.1208,44.4797,72.5817
100.5361,109.3496,44.4797,72.5817
99.3923,109.5784,44.4797,72.5817
101.1979,122.8310,45.9013,74.9014
100.2283,127.0640,47.3683,77.2952
101.4465,131.6929,47.3683,77.2952
109.7037,128.2650,48.8822,79.7656
116.9947,118.9628,48.8822,79.7656
113.2235,111.6718,48.8822,79.7656
107.4410,106.8950,48.8822,79.7656
104.9187,95.7932,47.3901,77.3307
