0.18669
0.21996
0.054468
0.027232
0.037204
0.030531
0.025186
0.022017
0.022582
0.020374
0.020521
0.020291
0.020337
0.02029
0.020744
0.020398
0.020237
0.020255
0.020029
0.019878
0.020769
0.020265
0.020274
0.019874
0.020418
0.020267
0.020067
0.02024
0.020168
0.020414
0.020456
0.02064
0.020743
0.020232
0.019962
0.020193
0.020313
0.020581
0.020362
0.020051
0.020446
0.020586
0.021038
0.02003
0.021126
0.019933
0.020212
0.019784
0.017855
0.019802
0.019684
0.019974
0.020208
0.020478
0.020204
0.020535
0.020139
0.019769
0.019732
0.019759
0.020304
0.019721
0.020166
0.020121
0.019703
0.019739
0.019988
0.019876
0.020244
0.020005
0.019688
0.019752
0.019743
0.019942
0.019708
0.020401
0.01972
0.018844
0.018749
0.018887
0.018768
0.018782
0.019927
0.019852
0.019575
0.019607
0.020096
0.019622
0.01965
0.01964
0.019545
0.019553
0.020048
0.019854
0.019581
0.019528
0.019988
0.019555
0.0201
0.019614
0.020662
0.020417
0.020482
0.019807
0.01964
0.020192
0.020064
0.019804
0.01982
0.019646
0.019927
0.020184
0.020716
0.020113
0.01978
0.020557
0.020305
0.02017
0.019814
0.020274
0.020089
0.019995
0.01964
0.019852
0.019133
0.02005
0.019811
0.020489
0.020175
0.020268
0.019571
0.020016
0.019519
0.0199
0.019133
0.019417
0.019615
0.019993
0.019791
0.020845
