1
171.9929,65.2927,91.8444,67.0774
153.1220,100.9360,89.0409,65.0298
125.1514,122.1871,86.3229,63.0448
102.5799,124.8253,86.3229,63.0448
88.3612,139.5650,83.6878,61.1203
67.7559,132.2564,81.1332,59.2546
72.0249,143.9058,78.6566,57.4458
90.2665,165.6916,81.1705,59.2818
108.5399,156.1994,83.7647,61.1765
136.4996,150.9551,86.4418,63.1317
165.1183,128.7289,83.8031,61.2045
132.5323,123.1177,81.2450,59.3363
2
0
0
0
0
1
328.0999,133.2175,73.9943,87.0455
346.7880,133.5343,73.9943,87.0455
369.1394,146.5824,71.7356,84.3884
380.9821,162.9173,69.5459,81.8124
387.8293,178.6956,69.5459,81.8124
385.6159,170.7154,67.4230,79.3150
378.8524,162.9789,65.3648,76.8939
363.5377,138.5261,67.4539,79.3515
327.3185,122.1235,65.3949,76.9292
301.9191,117.2550,67.4849,79.3879
292.2605,125.1110,65.4249,76.9645
293.1006,134.9132,65.4249,76.9645
283.3732,142.9254,67.5159,79.4243
268.1325,135.0089,69.6737,81.9627
272.6859,131.0149,71.9004,84.5823
261.9957,127.5088,74.1984,87.2855
250.2437,125.9207,74.1984,87.2855
237.8565,125.6030,74.1984,87.2855
2
0
0
0
0
1
203.7217,146.2772,50.5995,41.6398
215.8728,143.5569,50.5995,41.6398
241.8540,143.2856,49.0550,40.3687
249.6854,143.1680,50.6228,41.6589
271.9197,146.3125,52.2407,42.9903
283.2556,151.0556,53.9103,44.3643
299.2933,152.7946,53.9103,44.3643
299.0115,151.1195,55.6333,45.7822
296.0720,152.4165,53.9350,44.3847
292.6970,146.1011,55.6588,45.8032
292.8050,145.1697,57.4376,47.2671
284.3644,158.1394,57.4376,47.2671
2
0
0
0
0
1
338.1125,156.4507,37.4137,39.7449
335.2270,156.2988,37.4137,39.7449
334.7809,158.5492,38.6094,41.0152
315.5139,159.6177,39.8434,42.3260
312.7256,163.3366,38.6271,41.0340
310.6873,165.0614,38.6271,41.0340
310.8064,165.5309,37.4480,39.7814
333.1614,160.7909,38.6449,41.0529
331.7119,156.5546,37.4652,39.7997
329.7349,156.0984,37.4652,39.7997
331.1133,166.2600,38.6626,41.0717
316.5278,167.6439,39.8983,42.3844
309.5249,163.5941,38.6804,41.0906
309.6442,165.0063,37.4996,39.8363
314.0682,166.3485,38.6981,41.1094
335.2368,156.1372,37.5169,39.8545
335.0941,154.4343,38.7159,41.1283
332.0704,162.1340,37.5341,39.8728
338.3268,162.8681,38.7337,41.1472
2
0
0
0
0
1
246.3585,164.4286,40.3469,47.1117
256.5085,162.8803,40.3469,47.1117
273.2392,157.8266,41.6364,48.6174
269.5558,160.7778,42.9671,50.1712
273.4493,161.6250,44.3404,51.7747
2
0
0
0
0
1
381.9407,169.1175,24.0000,52.0000
392.8797,170.4922,24.7670,53.6619
402.0439,171.6074,25.5586,55.3770
400.8525,179.6484,26.3754,57.1468
2
0
0
0
0
1
221.8354,182.9475,23.6300,57.9240
204.3501,183.7483,24.3853,59.7752
187.0679,193.2449,23.6409,57.9506
189.7841,199.6252,22.9192,56.1816
198.3994,179.6987,23.6517,57.9772
179.1235,175.0852,22.9298,56.2074
193.6373,174.2678,22.2298,54.4917
212.3889,174.1202,22.2298,54.4917
2
0
0
0
0
1
331.2420,207.3154,39.9164,82.8023
344.6376,204.3273,41.1922,85.4486
355.0249,201.2436,42.5087,88.1796
357.1320,200.5944,43.8672,90.9978
353.7338,198.7646,43.8672,90.9978
351.7258,198.0947,45.2692,93.9061
370.8782,127.6893,45.2692,93.9061
371.8389,133.1688,43.8874,91.0396
367.5399,131.6816,42.5477,88.2606
366.7793,129.3998,42.5477,88.2606
2
0
0
0
0
1
303.1980,184.8725,71.9896,84.1973
300.4330,184.5653,71.9896,84.1973
295.2102,182.4148,71.9896,84.1973
294.1584,177.8627,69.7921,81.6271
281.2251,168.6841,67.6617,79.1354
274.4615,163.8281,65.5963,76.7198
275.1828,161.3599,63.5940,74.3779
275.4542,155.1179,63.5940,74.3779
250.7576,152.1326,63.5940,74.3779
247.6574,149.7397,61.6527,72.1075
248.8615,150.5772,59.7708,69.9064
248.4984,150.8789,57.9463,67.7725
251.7131,152.6099,57.9463,67.7725
252.4550,152.3627,57.9463,67.7725
251.7763,151.0324,59.7982,69.9385
253.9649,148.2719,57.9729,67.8036
259.0556,149.0594,56.2032,65.7339
255.8360,150.3025,54.4876,63.7273
251.0123,149.0516,56.2290,65.7640
290.5041,144.5363,54.5126,63.7566
301.3394,143.4156,52.8486,61.8104
322.8228,142.6534,54.5376,63.7858
327.7104,139.6278,54.5376,63.7858
335.7578,136.6447,52.8729,61.8388
343.6551,139.1267,52.8729,61.8388
349.8049,143.3282,54.5627,63.8151
353.2977,141.6983,54.5627,63.8151
370.8209,170.7160,56.3065,65.8547
374.0060,168.4622,58.1061,67.9594
376.3011,166.1364,59.9631,70.1313
370.9927,166.2952,61.8796,72.3727
369.6723,162.8622,61.8796,72.3727
374.2290,159.8572,63.8572,74.6858
376.7513,156.2111,65.8981,77.0727
368.6676,147.3864,68.0042,79.5360
364.8949,143.6136,68.0042,79.5360
369.9026,154.8218,70.1776,82.0779
376.6639,164.1606,68.0354,79.5725
