0.20254
0.22795
0.06359
0.037128
0.045693
0.040926
0.034341
0.031088
0.030463
0.030576
0.030473
0.030931
0.030176
0.030403
0.030628
0.030645
0.030176
0.030492
0.030301
0.030946
0.030643
0.032055
0.032118
0.032225
0.032109
0.032358
0.032044
0.032592
0.034721
0.034302
0.033938
0.034839
0.034709
0.031757
0.033548
0.033731
0.033279
0.03352
0.032394
0.033235
0.033063
0.033781
0.034294
0.032309
0.032728
0.032012
0.032008
0.032496
0.032176
0.032469
0.032066
0.032357
0.032246
0.032364
0.030262
0.030854
0.030258
0.030581
0.030484
0.030785
0.030615
0.030803
0.032569
0.03275
0.032121
0.03223
0.031397
0.032
0.031657
0.032235
0.031159
0.031482
0.03164
0.031253
0.031709
0.032164
