0.20519
0.2185
0.060627
0.032829
0.04007
0.034732
0.029235
0.025378
0.025324
0.025285
0.025219
0.025031
0.024826
0.024964
0.025296
0.024942
0.02484
0.024907
0.023458
0.023477
0.023692
0.023667
0.023458
0.023552
0.023489
0.023543
0.023528
0.023713
0.023633
0.023612
0.023518
0.024069
0.023766
0.023677
0.023712
0.023788
0.023571
0.023707
0.023396
0.023519
0.021855
0.023992
0.024561
0.02364
0.024044
0.023547
0.023471
0.023506
0.023444
0.023473
0.023425
0.023467
0.023367
0.023626
0.023376
0.023378
0.023397
0.02346
0.023389
0.023416
0.023329
0.023878
0.023438
0.023853
0.023438
0.023465
0.023456
0.023492
0.023496
0.02346
0.023408
0.023474
0.02345
0.023397
0.023434
0.02348
0.023379
0.023609
0.023231
0.023315
0.0233
0.023326
0.023238
0.023376
0.023261
0.023595
0.023317
0.023301
0.023255
0.023297
0.023242
0.023271
0.023422
0.023405
0.023312
0.023326
0.023234
0.02324
0.023303
0.023334
0.023728
0.024073
0.023636
0.0232
0.023245
0.023232
0.023226
0.02326
0.023204
0.023268
0.023257
0.023622
0.023834
0.023913
0.023402
0.023929
0.023401
0.023294
0.023262
0.023356
0.023331
0.023367
0.023251
0.023308
0.023224
0.023885
0.023999
0.023799
0.0238
0.023787
0.023926
0.023752
0.023533
0.023296
0.023186
0.023242
0.023154
0.02324
0.023179
0.023257
0.023207
0.023234
0.02323
0.023205
0.023112
0.023251
0.023241
0.023282
0.023221
0.02348
0.02346
0.023496
0.023618
0.023279
0.023269
0.02327
0.024776
0.025182
0.02562
0.025385
0.02533
0.025241
0.025939
0.025611
0.024969
0.024957
0.024448
0.024657
0.02568
0.025223
0.02512
0.025369
0.024496
0.025078
0.02454
0.024777
0.025098
0.024871
0.025192
0.025541
0.025288
0.02451
0.024571
0.023693
0.023705
0.023709
0.023737
0.023969
0.023707
0.023909
0.023795
0.024014
0.024069
0.023728
0.023702
0.023842
0.024052
0.023637
0.023635
0.023736
0.023845
0.023688
0.023653
0.023737
0.023686
0.023839
0.023661
0.023619
0.023857
0.023657
0.023585
0.023627
0.063917
0.025533
0.028599
0.032142
0.023843
0.026644
0.023842
0.034502
0.024106
0.023939
0.02404
0.024122
0.023869
0.024177
0.024168
0.023822
0.024291
0.024026
0.024074
0.024064
0.023974
0.023904
0.023963
0.02426
0.024336
0.024373
0.024113
0.024279
0.023968
0.024026
0.023969
0.023999
0.022941
0.024073
0.023897
0.024079
0.023906
0.024197
0.024368
0.024614
0.024511
0.024242
0.024014
0.024094
0.023939
0.02431
0.02407
0.024054
0.023978
0.024066
0.024008
0.024052
0.023993
0.024049
0.023993
0.024303
0.02419
0.024046
0.023965
0.024038
0.024051
0.024222
0.024026
0.024073
0.024103
0.024108
0.024315
0.0241
0.024082
0.024193
0.024382
0.024164
0.024072
0.024371
0.024115
0.024104
0.024287
0.024415
0.024016
0.024308
0.024418
0.02408
0.02432
0.02438
0.024211
0.024085
0.023991
0.024046
0.024382
0.024138
0.02407
0.024389
0.024468
0.023984
0.024015
0.023975
0.023972
0.024004
0.024042
0.024293
0.024327
0.024337
0.024134
0.024119
0.023963
0.023992
NaN
NaN
NaN
NaN
0.19749
0.22456
0.058124
0.031223
0.039982
0.034841
0.028359
0.02529
0.025109
0.024609
0.024457
0.024602
0.024754
0.024395
0.065114
0.030037
0.024311
0.032224
0.026736
0.024493
0.034788
0.024529
0.02435
0.024532
0.024407
0.024416
0.024635
0.024417
0.024349
0.024468
0.024366
0.02483
0.024578
0.024651
0.024484
0.022234
0.02434
0.024568
0.024326
0.024293
0.025555
0.024816
0.025085
0.024482
0.024767
0.024423
NaN
NaN
NaN
NaN
0.19235
0.22105
0.059498
0.0326
0.040974
0.035455
0.029259
0.025834
0.025911
0.025642
0.025591
0.025497
0.025474
0.025414
0.024881
0.024499
0.024534
0.024551
0.024517
0.024529
0.024603
0.024664
0.024266
0.024284
0.02465
0.024312
0.024292
0.024465
0.024304
0.024277
