0.19981
0.22568
0.057521
0.029978
0.038495
0.033015
0.027028
0.023292
0.023647
0.023031
0.022475
0.021898
0.022059
0.021854
0.026339
0.021893
0.021954
0.021737
0.021922
0.021677
0.024473
0.021866
0.02188
0.021879
0.022118
0.021637
0.021826
0.022971
0.021851
0.021559
0.02187
NaN
NaN
NaN
NaN
0.19784
0.22336
0.056744
0.029087
0.037741
0.031647
0.02598
0.022485
0.022453
0.022131
0.021984
0.021978
0.021931
0.022071
0.022291
0.021994
0.021877
0.021976
0.022085
0.021991
0.022105
0.021947
0.021819
0.021736
0.021649
0.021678
0.021883
0.022118
0.021856
0.021834
0.021633
0.022296
0.022232
0.021987
0.02413
0.021678
0.021681
0.021847
0.021709
0.021747
0.022475
0.022096
0.022719
0.021792
0.022394
0.022105
0.021822
0.021775
0.021768
0.021644
0.02212
0.021785
0.021952
0.022248
0.023515
0.0237
0.02361
0.024218
0.023163
0.022687
0.022513
0.023218
0.023343
0.023789
0.02326
0.023156
0.023263
0.022561
0.023218
NaN
NaN
NaN
NaN
0.19381
0.21979
0.055877
0.028747
0.037078
0.031414
0.025647
0.023073
0.02263
0.022292
0.022798
0.022329
0.022011
0.022074
0.022893
0.022202
0.022087
0.022094
0.021981
0.022013
0.022494
0.022471
0.022314
0.022141
0.022056
0.022218
0.022003
0.0224
0.021903
0.021997
0.022072
0.022398
0.022114
0.022233
0.022002
0.022211
0.022123
0.022307
0.02209
0.022192
0.022688
0.022616
0.022982
0.022192
0.022525
0.02202
0.022006
0.019791
0.022036
0.021792
0.021735
0.022073
0.02186
0.022022
0.021848
0.021874
0.021821
0.022265
0.021901
0.022186
0.021866
0.021984
0.021947
0.02208
0.022072
0.021951
0.022116
0.021895
0.021939
0.022134
0.023356
0.023069
0.023341
0.02334
0.023228
0.023504
0.023363
0.021833
0.021783
0.021991
NaN
NaN
NaN
NaN
0.19825
0.22107
0.056167
0.029245
0.037585
0.032164
0.026747
0.023034
0.022674
0.022294
0.022187
0.02349
0.023541
0.023537
0.023928
0.022066
0.02215
0.022024
0.023086
0.022182
0.023816
0.022377
0.022143
0.022435
0.022138
0.022178
0.022107
0.022526
0.022281
0.023569
0.023628
0.023496
0.023207
0.023455
0.022461
0.022306
0.022343
0.022438
0.022227
0.022323
0.022748
0.022697
0.023069
0.022616
0.022753
0.022107
0.022028
0.023146
0.02314
0.02358
0.023097
0.023442
0.023572
0.023037
0.022779
0.021986
0.022008
0.022928
0.022096
0.023254
0.022394
0.023136
0.022202
0.025307
0.024762
0.02341
0.024651
0.025157
0.024019
0.023228
0.023647
0.023878
0.023672
0.023651
0.023083
0.021542
0.023117
0.023118
0.02236
0.022274
0.022111
0.022058
0.022083
0.022125
0.022033
0.022023
0.022003
0.022063
0.02208
0.022104
0.022126
0.02288
0.024292
0.025166
0.023787
0.023725
0.025041
0.023905
0.023769
0.024393
0.024972
0.024896
0.02518
0.025069
0.024847
0.024881
0.024385
0.023893
0.023393
0.023647
0.023453
0.024111
0.024013
0.024786
0.023521
0.024732
0.022971
0.023047
