0.21067
0.23727
0.070616
0.044177
0.053245
0.04803
0.041754
0.038325
0.037954
0.037889
0.037507
0.037751
0.037406
0.03764
0.037852
0.037884
0.037482
0.03787
0.03754
0.037598
0.037655
0.037992
0.037314
0.037724
0.037362
0.037739
0.037291
0.037944
0.037664
0.038009
0.037325
0.038164
0.037589
0.037802
0.037612
0.037591
0.037403
0.037903
0.037273
0.037697
0.037875
0.037766
0.038318
0.037681
0.03788
0.037624
0.037442
0.037563
0.037377
0.037563
0.037422
0.037584
0.037412
0.037621
0.037348
0.037627
0.03743
0.037599
0.037389
0.037615
0.037383
0.037514
0.037376
0.0377
0.037449
0.03761
0.037289
0.03762
0.037377
0.037824
0.037291
0.037626
0.037329
0.037605
0.037358
0.037504
0.03726
0.037463
0.037164
0.03767
0.037145
0.037326
0.037097
0.037279
0.0372
0.037686
0.03726
0.037261
0.037115
0.037377
0.037253
0.037348
0.037462
0.037462
0.037233
0.037398
0.037193
0.037361
0.037177
0.037336
0.03776
0.03771
0.037136
0.037354
0.037172
0.037619
0.037168
0.037375
0.037177
0.037437
0.0372
0.037625
0.037606
0.037508
0.037289
0.037641
0.037123
0.037436
0.037186
0.037321
0.037144
0.036178
0.037163
0.037424
0.037268
0.037965
0.037784
0.03785
0.037771
0.037628
0.037079
0.037302
0.037012
0.037292
0.037141
0.037379
0.037117
0.037365
0.037024
0.037331
0.037127
0.037364
0.037076
0.037382
0.037176
0.03768
0.037262
0.037719
0.037272
0.037255
0.037079
0.037303
0.037211
0.03736
0.037233
0.037361
0.03735
0.03761
0.037537
0.037369
0.037167
0.037287
0.037301
0.077616
NaN
0.042729
0.03741
0.037184
0.037468
0.038193
0.03783
0.037856
0.037835
0.037855
0.037705
0.037179
0.037457
0.037295
0.037376
0.037462
0.037468
0.037627
0.037473
0.037278
0.037378
0.03729
0.037314
0.037249
0.037277
0.03734
0.037445
0.037335
0.037349
0.037416
0.037319
0.037205
0.037241
0.037305
0.037305
0.037217
0.037247
0.037468
0.037193
0.037328
0.037273
0.037374
0.037245
0.037281
0.037375
0.037339
0.037454
0.037251
0.03723
0.037313
0.03734
0.037283
0.037349
0.037333
0.037749
0.037189
0.037293
0.037356
0.037246
0.037377
0.037542
0.037443
0.037268
0.037264
0.037196
0.037246
0.037311
0.037257
0.03724
0.037236
0.037513
0.03727
0.037515
0.037465
0.037183
0.037238
0.037291
0.037339
0.037469
0.037304
0.03746
0.037342
0.037153
0.037343
0.03751
0.037309
0.037228
0.037673
0.037825
0.037653
0.036164
0.037256
0.037271
0.037334
0.037246
0.03735
0.037226
0.037334
0.037223
0.03739
0.037304
0.037185
0.037352
0.037214
0.037209
0.037194
0.037248
0.037276
0.037354
0.03746
0.037301
0.037316
0.037433
0.037279
0.037206
0.037262
0.037321
0.037231
0.037342
0.037411
0.037225
0.037445
0.037354
0.037322
0.037259
0.037474
0.037413
0.037521
0.037468
0.037338
0.037285
0.037263
0.037294
0.037337
0.037231
0.037189
0.037432
0.037467
0.037427
0.037263
0.037508
0.037372
0.037518
0.037314
0.037231
0.037253
0.037484
0.037237
NaN
NaN
NaN
NaN
0.20582
0.2355
0.071553
0.044693
0.05282
0.047625
0.04143
0.038066
0.038018
0.038559
0.035894
0.037756
0.037604
0.037586
0.03783
0.037655
0.037561
0.037615
0.037534
0.037644
0.037791
0.037791
0.037489
0.03755
0.037567
0.037634
0.037548
0.037774
0.037747
0.03756
0.037588
0.038034
0.037638
0.037742
0.037556
0.037763
0.037904
0.037765
0.037535
0.037565
0.038256
0.037745
0.038159
0.037697
0.038024
0.037584
0.037594
0.037506
0.03753
0.037491
0.0786
NaN
0.039474
0.037823
0.037996
0.037774
0.038255
0.037948
0.037805
0.037877
0.037914
0.03784
0.03782
0.037953
0.038109
0.0378
0.037897
0.037868
0.038133
0.037921
0.037814
0.038091
0.038224
0.037699
0.038271
0.037831
0.037898
0.037746
0.037814
0.037879
0.037902
0.03788
0.037939
0.037714
0.037803
0.037788
0.037814
0.037665
0.037825
0.037594
0.037382
0.037391
0.037491
0.037512
0.037622
0.037508
0.037431
0.037378
0.037431
0.037599
0.037353
0.038213
0.037873
0.037685
0.037645
0.037552
0.037701
0.037731
0.037656
0.037704
0.037732
0.037723
0.037974
0.038037
0.037728
0.037705
0.037952
0.037319
0.037341
0.037293
0.037417
0.037395
0.037617
0.037441
0.037442
0.03748
0.038273
0.038295
0.038048
0.038223
0.037935
0.037469
0.037594
0.037502
0.037788
0.03779
0.037603
0.037259
0.037635
0.037569
0.037635
0.037727
0.037878
0.037643
0.037666
0.037548
0.037367
0.0374
0.037331
0.037303
0.037427
0.03743
0.03736
0.037405
0.037395
0.037327
0.037362
0.037546
0.037513
NaN
NaN
NaN
NaN
0.2099
0.23875
0.071688
0.045252
0.053075
0.047844
0.041922
0.038453
0.03853
0.038009
0.038019
0.038308
0.037984
0.038302
0.038616
0.037869
0.037911
0.037813
0.037995
0.038055
0.038069
0.038007
0.037976
0.037917
0.037955
0.037903
0.038226
0.037957
0.037976
0.037707
0.037971
0.038228
0.03787
0.038024
0.037878
0.037855
0.038395
0.037592
0.037211
0.037471
0.038072
0.03797
0.038215
0.037719
0.03803
0.03761
0.037538
0.037601
0.035155
0.037555
0.037474
0.037625
0.037897
0.037652
0.037736
0.03748
0.037462
0.037511
0.037382
0.037436
0.037583
0.037263
0.037669
0.037645
0.078977
NaN
0.043562
0.037454
0.037294
0.037273
0.037499
0.037434
0.037296
0.037475
0.037369
0.037471
0.037606
0.03753
0.037621
0.037342
0.03721
0.037044
0.037392
0.037323
0.037314
0.037244
0.037363
0.037334
0.037336
0.037412
0.037304
0.037103
0.037271
0.037352
0.037471
0.037209
0.037282
0.03713
0.037282
0.03725
