1
624.5382,664.8511,57.6797,27.2759
619.1085,659.7505,57.6797,27.2759
606.5048,655.8594,59.5232,28.1476
578.4886,654.6708,59.5232,28.1476
557.6714,653.3721,61.4255,29.0472
538.2916,646.0742,63.3887,29.9756
523.6450,643.3619,63.3887,29.9756
507.5519,637.3948,63.3887,29.9756
481.3328,633.9592,63.3887,29.9756
463.4315,630.8852,63.3887,29.9756
437.9356,619.1318,63.3887,29.9756
409.1850,595.0826,63.3887,29.9756
388.4625,578.5104,65.4146,30.9336
373.7210,570.1134,65.4146,30.9336
353.0826,555.6240,67.5052,31.9222
330.2441,525.6516,69.6627,32.9425
315.4193,509.4264,71.8891,33.9953
309.3391,508.0996,69.6947,32.9576
290.3230,506.4157,67.5672,31.9515
274.5858,504.7832,65.5047,30.9762
254.5920,509.0809,65.5047,30.9762
230.1137,523.8427,65.5047,30.9762
203.0193,547.5737,65.5047,30.9762
193.1158,562.3354,65.5047,30.9762
188.0707,574.1074,65.5047,30.9762
169.9455,584.0109,65.5047,30.9762
167.5907,596.0353,67.5983,31.9662
172.1025,609.6011,69.7587,32.9878
171.9828,629.5702,71.9882,34.0421
180.4839,662.0880,74.2889,35.1301
189.2568,708.3599,76.6632,36.2529
199.9725,737.8828,76.6632,36.2529
200.2783,740.1464,79.1133,37.4115
223.8279,754.0323,76.6984,36.2695
244.6128,773.9421,76.6984,36.2695
262.1925,793.0927,74.3572,35.1624
280.6461,806.0314,74.3572,35.1624
288.4942,811.3342,74.3572,35.1624
295.4938,814.9401,74.3572,35.1624
308.8568,821.5155,74.3572,35.1624
329.7179,829.4760,72.0874,34.0890
350.1576,838.1849,74.3913,35.1785
366.0732,857.0713,74.3913,35.1785
371.8028,861.5276,74.3913,35.1785
374.5615,863.4376,74.3913,35.1785
371.8028,859.4056,74.3913,35.1785
369.8929,860.4666,74.3913,35.1785
359.5792,860.5411,76.7688,36.3028
365.7877,861.7521,74.4254,35.1947
367.1359,862.5016,72.1536,34.1203
370.9129,866.1097,69.9511,33.0788
372.3097,866.7084,69.9511,33.0788
376.1010,869.7015,69.9511,33.0788
381.8876,878.2818,69.9511,33.0788
383.1548,876.1926,67.8158,32.0691
381.4138,877.5468,67.8158,32.0691
378.1251,878.1271,67.8158,32.0691
373.2889,879.4813,67.8158,32.0691
381.4816,882.4856,65.7457,31.0902
379.7937,881.9229,65.7457,31.0902
374.3549,883.2358,65.7457,31.0902
372.2919,884.1735,65.7457,31.0902
373.4828,884.4604,63.7388,30.1411
375.8465,883.5513,63.7388,30.1411
373.8465,884.8241,63.7388,30.1411
376.5738,886.8241,63.7388,30.1411
377.3648,886.7387,61.7931,29.2211
376.4835,886.5624,61.7931,29.2211
376.6597,886.3862,61.7931,29.2211
377.8936,886.9150,61.7931,29.2211
379.8326,886.0336,61.7931,29.2211
381.4190,885.5048,61.7931,29.2211
383.7105,882.1556,61.7931,29.2211
386.3546,881.9794,61.7931,29.2211
388.0112,880.9836,63.7681,30.1550
386.3741,877.8912,63.7681,30.1550
385.1007,882.4388,63.7681,30.1550
386.0103,882.2570,63.7681,30.1550
389.4664,887.5322,63.7681,30.1550
396.1968,892.0798,63.7681,30.1550
402.8091,895.2686,61.8215,29.2345
407.9233,894.3868,61.8215,29.2345
412.3321,892.4470,61.8215,29.2345
411.4503,896.5030,61.8215,29.2345
412.5703,893.9512,59.9344,28.3421
412.7412,893.4384,59.9344,28.3421
409.8348,896.6867,59.9344,28.3421
410.5786,896.6064,58.1049,27.4769
410.0813,894.4517,58.1049,27.4769
408.9211,892.6284,58.1049,27.4769
407.6532,891.8876,56.3312,26.6382
402.9932,892.3696,56.3312,26.6382
401.5470,894.7800,56.3312,26.6382
400.4861,898.6929,58.1315,27.4895
400.9836,896.5372,58.1315,27.4895
402.1443,894.3815,58.1315,27.4895
401.9785,894.8789,58.1315,27.4895
403.5370,894.2738,59.9894,28.3681
401.3805,893.3071,61.9067,29.2748
400.8507,892.7773,61.9067,29.2748
392.1976,888.3625,61.9067,29.2748
389.5486,888.5391,61.9067,29.2748
390.7848,887.6561,61.9067,29.2748
392.0912,889.4840,63.8852,30.2104
393.7314,891.1241,63.8852,30.2104
392.0912,890.9419,63.8852,30.2104
392.6380,890.7597,63.8852,30.2104
392.8202,889.1196,63.8852,30.2104
394.5329,889.9125,65.9270,31.1759
399.3093,889.6023,68.0340,32.1723
405.7137,889.4083,68.0340,32.1723
409.0130,889.9905,68.0340,32.1723
410.0606,889.2823,70.2084,33.2005
410.2609,889.8831,70.2084,33.2005
413.2650,886.0779,70.2084,33.2005
417.1499,887.7504,72.4523,34.2616
415.7032,883.8235,72.4523,34.2616
414.6698,883.2035,72.4523,34.2616
409.7820,881.8663,70.2406,33.2157
410.3831,882.0667,70.2406,33.2157
409.3813,879.8627,70.2406,33.2157
410.3831,880.4637,70.2406,33.2157
416.2735,877.3282,72.4855,34.2773
431.7814,874.6401,72.4855,34.2773
448.9434,870.7115,72.4855,34.2773
458.6616,866.7828,72.4855,34.2773
470.4476,860.7865,72.4855,34.2773
489.2637,853.9631,72.4855,34.2773
515.1101,852.5157,72.4855,34.2773
538.0617,849.4141,72.4855,34.2773
553.1560,850.0344,72.4855,34.2773
559.1523,851.8953,72.4855,34.2773
561.4268,854.5834,72.4855,34.2773
561.4993,855.3133,70.2729,33.2310
563.3034,858.7211,70.2729,33.2310
562.3011,856.1151,70.2729,33.2310
560.8979,854.7119,70.2729,33.2310
560.6974,854.1105,70.2729,33.2310
562.5016,844.2880,70.2729,33.2310
563.1030,844.4885,70.2729,33.2310
565.7888,840.9506,72.5188,34.2931
566.8231,840.3300,72.5188,34.2931
578.6968,839.1614,74.8365,35.3891
581.5569,840.5172,77.2283,36.5201
586.7115,839.2726,79.6965,37.6873
589.7575,834.8056,82.2436,38.8918
599.0005,830.6650,84.8721,40.1348
601.1795,827.0334,84.8721,40.1348
600.4532,825.8229,84.8721,40.1348
604.0847,821.7072,84.8721,40.1348
604.4232,821.7921,87.5846,41.4175
606.6718,821.5423,87.5846,41.4175
609.0198,819.6312,90.3838,42.7412
610.3090,818.8577,90.3838,42.7412
615.3103,816.3699,93.2725,44.1072
623.1322,812.2062,96.2535,45.5168
645.7432,810.9789,93.3153,44.1274
644.4123,806.9861,93.3153,44.1274
650.5347,805.1227,93.3153,44.1274
655.0599,800.5975,93.3153,44.1274
667.9303,798.8753,90.4668,42.7804
675.7626,798.2380,87.7053,41.4745
675.7626,798.2380,87.7053,41.4745
682.0173,788.4807,87.7053,41.4745
695.1147,764.3452,85.0281,40.2085
706.8421,751.6187,82.4326,38.9811
717.8940,737.7451,82.4326,38.9811
735.5299,712.5844,82.4326,38.9811
747.8399,697.4246,79.9163,37.7912
759.9222,678.9592,79.9163,37.7912
763.7977,672.3481,79.9163,37.7912
765.3934,672.1202,79.9163,37.7912
769.7248,673.7159,79.9163,37.7912
768.5850,673.4880,79.9163,37.7912
769.5767,676.5724,77.4768,36.6376
770.6818,677.2355,77.4768,36.6376
772.2289,677.4565,77.4768,36.6376
772.7484,682.6569,75.1118,35.5193
772.9626,688.0134,75.1118,35.5193
772.1807,693.4836,72.8190,34.4350
773.4998,699.2022,70.5962,33.3839
776.1177,699.4036,70.5962,33.3839
772.1607,705.3504,68.4412,32.3648
770.0131,713.7455,68.4412,32.3648
768.2560,717.0645,68.4412,32.3648
766.4989,719.2120,68.4412,32.3648
767.0846,721.7501,68.4412,32.3648
766.4989,722.3358,68.4412,32.3648
763.5704,722.9215,68.4412,32.3648
758.2990,724.2881,68.4412,32.3648
754.2769,726.6995,70.6286,33.3992
748.1113,728.7849,72.8859,34.4666
735.9272,731.7687,75.2153,35.5682
719.8354,737.1326,75.2153,35.5682
702.4562,743.3548,75.2153,35.5682
686.7935,752.5807,75.2153,35.5682
671.9890,759.2321,75.2153,35.5682
665.3376,759.0175,75.2153,35.5682
665.1231,759.6612,75.2153,35.5682
664.9085,759.8757,75.2153,35.5682
664.6940,752.7953,75.2153,35.5682
665.7668,752.1517,75.2153,35.5682
665.9813,752.3662,75.2153,35.5682
665.6274,753.9819,72.9193,34.4825
659.1791,752.9418,72.9193,34.4825
665.6274,757.7260,72.9193,34.4825
664.1713,758.3500,72.9193,34.4825
665.4923,764.4926,70.6935,33.4299
663.1431,768.0277,68.5355,32.4094
662.9476,769.0052,68.5355,32.4094
661.1880,768.8097,68.5355,32.4094
662.5566,768.6142,68.5355,32.4094
662.7521,768.4187,68.5355,32.4094
661.3835,761.9671,68.5355,32.4094
658.8420,759.8165,68.5355,32.4094
660.2105,758.8391,68.5355,32.4094
662.0479,756.1706,70.7259,33.4452
656.1971,754.3549,70.7259,33.4452
658.4163,749.3110,70.7259,33.4452
656.6809,742.9258,72.9863,34.5141
658.1383,732.7240,72.9863,34.5141
655.0153,727.5190,72.9863,34.5141
652.1735,716.5948,70.7584,33.4606
643.4941,700.6491,70.7584,33.4606
639.2554,693.9883,70.7584,33.4606
636.2278,686.1163,70.7584,33.4606
622.3005,679.0518,70.7584,33.4606
609.1807,665.9319,70.7584,33.4606
590.4091,649.9862,70.7584,33.4606
565.9860,638.8848,70.7584,33.4606
530.6632,632.2239,70.7584,33.4606
489.7692,631.0837,73.0198,34.5300
468.3977,633.2397,75.3535,35.6336
452.7062,638.6136,75.3535,35.6336
420.3340,645.9974,77.7618,36.7724
387.2825,652.8738,77.7618,36.7724
359.8542,663.8607,75.3881,35.6499
340.7147,673.9681,75.3881,35.6499
318.6501,694.6885,77.7975,36.7893
302.0058,722.8729,77.7975,36.7893
289.8000,751.0572,77.7975,36.7893
286.0273,772.5838,77.7975,36.7893
278.7921,800.1803,80.2839,37.9651
280.8532,815.5244,80.2839,37.9651
285.2046,812.0892,80.2839,37.9651
302.3808,812.7762,80.2839,37.9651
314.0607,816.2114,80.2839,37.9651
324.8245,820.5627,80.2839,37.9651
340.6266,827.2042,80.2839,37.9651
360.0930,837.9680,80.2839,37.9651
383.2237,839.5712,80.2839,37.9651
390.7812,843.0064,80.2839,37.9651
402.0031,849.6479,80.2839,37.9651
422.3856,859.0375,80.2839,37.9651
420.1757,859.3880,77.8332,36.8062
418.6215,856.9457,77.8332,36.8062
416.6232,854.5034,77.8332,36.8062
413.7369,853.8373,77.8332,36.8062
409.6068,852.1390,80.3208,37.9825
391.9644,850.5352,80.3208,37.9825
372.4890,848.9313,80.3208,37.9825
354.3884,843.6616,80.3208,37.9825
338.4302,833.9308,77.8690,36.8231
321.7706,827.4891,77.8690,36.8231
300.6685,813.9393,77.8690,36.8231
278.2336,800.3895,77.8690,36.8231
253.5774,780.1758,77.8690,36.8231
222.2574,754.1869,77.8690,36.8231
199.4666,732.9406,80.3577,37.9999
176.3147,705.2041,80.3577,37.9999
154.0797,681.5938,80.3577,37.9999
144.2229,671.2785,80.3577,37.9999
137.1169,668.2986,80.3577,37.9999
138.2630,667.6109,80.3577,37.9999
138.0338,667.3817,80.3577,37.9999
137.8046,670.3616,80.3577,37.9999
136.6584,670.5908,80.3577,37.9999
135.0538,670.8201,80.3577,37.9999
135.7415,670.1324,80.3577,37.9999
135.0538,667.6109,80.3577,37.9999
135.5926,667.0447,77.9047,36.8400
133.1481,664.6002,77.9047,36.8400
132.0369,659.9333,77.9047,36.8400
129.1479,657.0444,77.9047,36.8400
125.3700,643.4883,77.9047,36.8400
121.5921,634.8214,77.9047,36.8400
120.0365,622.1543,77.9047,36.8400
112.2585,608.1538,77.9047,36.8400
100.5688,586.4533,80.3946,38.0174
100.4307,564.5179,82.9640,39.2324
99.7207,559.0746,82.9640,39.2324
106.1106,543.6917,82.9640,39.2324
111.0805,522.1555,82.9640,39.2324
111.7905,495.8860,82.9640,39.2324
117.2337,469.1432,82.9640,39.2324
128.3568,436.2472,82.9640,39.2324
131.2797,403.9500,80.4315,38.0348
140.2278,382.6123,80.4315,38.0348
156.1503,363.4201,83.0021,39.2504
166.4256,353.0853,85.6548,40.5049
175.0747,350.7277,88.3923,41.7994
175.4272,350.8162,91.2174,43.1353
169.5461,351.4279,94.1327,44.5139
161.7590,357.6039,94.1327,44.5139
155.1528,360.9203,97.1411,45.9366
143.7916,367.2937,97.1411,45.9366
140.5635,369.9346,94.1759,44.5344
139.0458,373.5694,91.3011,43.1749
136.0117,375.5305,88.5141,41.8570
130.5453,377.9369,85.8122,40.5793
2
0
0
0
0
1
210.7610,327.9404,36.0649,41.9545
212.4492,328.7078,36.0649,41.9545
216.5930,329.4751,36.0649,41.9545
223.1923,329.0147,36.0649,41.9545
231.0193,329.4751,36.0649,41.9545
234.8561,327.1730,36.0649,41.9545
244.5249,321.1876,36.0649,41.9545
248.0923,312.9971,37.2175,43.2953
256.8030,306.8204,37.2175,43.2953
259.7467,307.0060,36.0814,41.9737
261.4357,305.3171,36.0814,41.9737
268.0380,295.0297,36.0814,41.9737
280.7820,284.7424,36.0814,41.9737
287.1148,277.4693,37.2346,43.3152
291.3930,275.4095,37.2346,43.3152
293.7042,271.1587,36.0980,41.9930
298.7100,261.5075,34.9961,40.7111
296.4761,249.4447,34.9961,40.7111
296.0658,246.8581,36.1146,42.0123
300.8300,240.5571,36.1146,42.0123
307.7457,236.4076,36.1146,42.0123
308.5141,235.9466,36.1146,42.0123
308.0531,236.4076,36.1146,42.0123
307.8994,236.2540,36.1146,42.0123
309.2826,236.4076,36.1146,42.0123
308.2068,236.5613,36.1146,42.0123
308.3604,236.4076,36.1146,42.0123
308.5141,236.2540,36.1146,42.0123
308.6678,236.1003,36.1146,42.0123
308.5141,238.4055,36.1146,42.0123
307.1310,237.9445,36.1146,42.0123
306.6700,237.7908,36.1146,42.0123
306.4527,238.2783,35.0122,40.7298
305.6462,238.4530,33.9434,39.4865
305.5371,237.3887,35.0282,40.7485
305.1264,235.9922,36.1477,42.0509
304.6649,235.8384,36.1477,42.0509
304.5111,236.2999,36.1477,42.0509
299.4726,231.7823,37.3030,43.3948
298.0439,231.6235,37.3030,43.3948
298.2026,231.1473,37.3030,43.3948
295.8215,230.0361,37.3030,43.3948
295.5971,230.8572,36.1643,42.0702
295.1355,230.3955,36.1643,42.0702
293.3790,228.4214,35.0604,40.7860
292.0362,225.8850,35.0604,40.7860
292.1237,227.2535,33.9902,39.5410
293.0764,226.8445,32.9526,38.3340
289.7932,227.2894,31.9467,37.1638
289.7932,227.2894,31.9467,37.1638
284.4351,227.7206,30.9715,36.0294
280.8766,234.4423,30.9715,36.0294
272.8369,239.3188,30.9715,36.0294
258.2074,247.3585,30.9715,36.0294
242.8193,258.5127,31.9614,37.1809
225.7619,273.6332,30.9858,36.0459
202.6867,294.8624,30.9858,36.0459
199.6863,302.3297,31.9761,37.1979
164.6594,338.4123,31.0000,36.0625
199.0902,312.9520,31.0000,36.0625
203.4435,314.1393,31.0000,36.0625
206.2138,316.1181,31.0000,36.0625
204.4989,313.8755,31.0000,36.0625
205.4546,306.3075,31.9908,37.2150
210.7972,290.3296,33.0132,38.4044
226.4255,275.8078,34.0683,39.6318
251.2518,251.8334,35.1571,40.8984
269.0919,239.0615,36.2807,42.2056
298.0007,216.3092,37.4403,43.5544
328.1520,200.4774,38.6368,44.9464
365.8438,190.0586,39.8717,46.3829
397.2745,185.0756,41.1460,47.8653
418.1536,184.1356,42.4610,49.3951
460.5411,200.6095,41.1649,47.8873
505.6039,241.7110,42.4805,49.4178
511.9309,251.2920,42.4805,49.4178
517.5792,251.4062,43.8382,50.9972
522.2886,244.8082,45.2392,52.6270
539.4694,237.6143,46.6851,54.3090
577.0658,228.6011,48.1771,56.0447
612.1735,201.6686,49.7169,57.8359
619.5784,198.0720,49.7169,57.8359
620.9719,201.2820,48.1993,56.0704
619.8616,204.3940,46.7280,54.3589
616.7966,206.6156,45.3016,52.6996
614.2109,207.6127,43.9187,51.0909
612.4515,205.9628,42.5781,49.5313
607.5594,204.3321,42.5781,49.5313
603.7545,203.7886,42.5781,49.5313
597.3380,198.9277,41.2784,48.0194
590.4147,195.6205,40.0184,46.5536
578.9345,189.3489,38.7968,45.1325
552.3538,175.6458,38.7968,45.1325
529.0751,166.5654,38.7968,45.1325
506.7870,162.1078,38.7968,45.1325
500.3482,162.6031,38.7968,45.1325
503.4168,168.0798,37.6125,43.7548
508.3124,177.5508,36.4644,42.4192
513.1227,182.9818,36.4644,42.4192
517.0400,180.5970,37.6298,43.7749
526.8080,185.2408,37.6298,43.7749
543.9813,183.4204,38.8324,45.1739
564.6779,188.1517,40.0735,46.6177
602.7479,196.7859,41.3542,48.1076
639.9229,206.4000,42.6759,49.6451
664.0763,219.2940,42.6759,49.6451
680.2391,239.8153,42.6759,49.6451
698.2180,269.4169,42.6759,49.6451
741.9097,317.5735,41.3732,48.1297
738.9166,306.8338,41.3732,48.1297
755.6425,316.5172,41.3732,48.1297
771.3550,332.4738,42.6955,49.6679
782.1191,354.3912,44.0601,51.2553
782.9791,381.6103,42.7151,49.6907
777.7077,416.3286,42.7151,49.6907
768.4373,460.8627,42.7151,49.6907
759.8941,504.3061,42.7151,49.6907
757.8195,539.7829,41.4112,48.1739
753.6935,576.2914,40.1471,46.7034
726.8710,620.8817,40.1471,46.7034
722.1876,609.8063,38.9216,45.2777
710.3595,612.6505,37.7335,43.8956
690.8638,611.8753,36.5817,42.5557
658.5755,605.2083,35.4650,41.2567
640.3143,589.6636,35.4650,41.2567
621.1475,561.7435,35.4650,41.2567
602.5220,522.9832,34.3825,39.9973
589.7928,484.7957,34.3825,39.9973
574.1732,445.9689,35.4813,41.2756
563.7920,405.9013,36.6153,42.5948
558.8973,370.8700,35.4976,41.2946
558.1420,363.7702,35.4976,41.2946
543.4894,335.8245,35.4976,41.2946
525.8526,295.7385,36.6321,42.6143
513.2258,275.6292,36.6321,42.6143
506.5228,262.0672,36.6321,42.6143
496.4283,226.6237,37.8029,43.9763
499.4848,184.6371,37.8029,43.9763
506.7239,173.8590,37.8029,43.9763
508.8152,176.2720,37.8029,43.9763
509.8748,185.4692,36.6489,42.6339
506.2233,189.3950,35.5302,41.3325
497.6050,188.3366,35.5302,41.3325
487.8143,181.1747,36.6658,42.6535
471.4312,176.0257,36.6658,42.6535
440.0049,174.6484,35.5465,41.3515
418.6764,174.7996,35.5465,41.3515
390.3896,184.0269,35.5465,41.3515
354.5766,205.2997,36.6826,42.6730
332.6046,209.1447,37.8550,44.0369
306.9914,218.9711,37.8550,44.0369
287.4995,223.6427,37.8550,44.0369
269.5520,238.3296,36.6994,42.6926
250.9675,268.1585,36.6994,42.6926
231.1719,308.2372,37.8723,44.0571
216.2231,349.5969,39.0827,45.4652
220.4217,392.2784,40.3318,46.9182
2
0
0
0
0
1
201.8514,627.5068,33.5475,44.9319
169.5444,648.0689,32.5235,43.5604
164.3162,646.7245,32.5235,43.5604
168.1284,642.2940,33.5629,44.9526
170.2126,645.4294,34.6356,46.3893
165.5994,646.2249,34.6356,46.3893
165.3326,647.0920,33.5783,44.9732
164.8699,646.3209,33.5783,44.9732
166.4620,648.0868,32.5534,43.6004
167.4074,651.8920,31.5597,42.2695
168.6138,655.2913,30.5963,40.9792
168.7543,659.3665,30.5963,40.9792
171.6103,668.2830,29.6623,39.7283
181.0105,682.5877,29.6623,39.7283
191.0267,701.4346,30.6103,40.9980
224.3465,734.4733,30.6103,40.9980
220.5506,741.6433,30.6103,40.9980
223.2950,754.0630,31.5886,42.3083
229.8238,760.3016,31.5886,42.3083
238.7494,770.2166,32.5982,43.6605
249.0801,779.3495,32.5982,43.6605
273.7839,756.4424,32.5982,43.6605
302.2791,762.3489,31.6031,42.3277
339.6582,754.5602,32.6132,43.6805
378.2319,748.0204,33.6555,45.0765
406.2907,752.0920,34.7311,46.5172
428.0364,754.2376,33.6709,45.0972
440.6434,759.5482,34.7471,46.5385
472.4017,779.1777,34.7471,46.5385
483.7326,796.2538,34.7471,46.5385
500.0623,821.0621,33.6864,45.1179
505.4774,841.3302,33.6864,45.1179
505.9416,841.1755,33.6864,45.1179
512.7991,841.0905,32.6581,43.7407
519.2489,843.0404,32.6581,43.7407
520.5989,842.8904,32.6581,43.7407
521.6489,842.7404,32.6581,43.7407
523.8988,842.2905,32.6581,43.7407
528.1471,843.1080,31.6612,42.4055
528.6591,843.7391,32.6731,43.7608
530.8085,845.4575,31.6757,42.4250
530.5645,845.0866,30.7088,41.1299
538.3953,840.0571,31.6903,42.4444
541.1607,840.2026,31.6903,42.4444
540.7999,839.3788,32.7031,43.8010
543.8524,834.4899,31.7048,42.4639
545.5300,831.6270,32.7181,43.8211
545.4580,828.9733,33.7638,45.2216
559.9606,804.2142,34.8429,46.6669
560.5240,802.6683,35.9565,48.1584
564.4083,802.3942,37.1056,49.6975
565.6013,801.5421,37.1056,49.6975
564.4971,800.5775,38.2915,51.2858
564.6730,800.4016,38.2915,51.2858
570.4766,796.3566,38.2915,51.2858
581.5564,794.0703,38.2915,51.2858
583.8427,791.4323,38.2915,51.2858
588.6827,784.8091,39.5153,52.9249
581.4818,798.1396,38.3091,51.3094
582.2424,798.7468,37.1397,49.7431
584.6856,799.6766,36.0060,48.2247
588.3773,800.5780,34.9069,46.7526
595.1627,797.2834,33.8414,45.3255
595.1627,797.2834,33.8414,45.3255
604.9547,795.2629,33.8414,45.3255
610.7866,791.8963,34.9229,46.7741
612.5509,788.8488,34.9229,46.7741
616.8817,789.9715,34.9229,46.7741
617.6837,790.1319,34.9229,46.7741
616.6444,788.2617,36.0391,48.2690
615.9030,787.9869,37.1909,49.8117
615.7321,787.8161,37.1909,49.8117
615.9919,788.2158,38.3795,51.4037
617.6702,788.2758,39.6061,53.0465
618.3106,787.9738,40.8719,54.7419
618.2206,787.6622,42.1782,56.4914
618.9026,787.7280,43.5262,58.2969
618.8068,788.9955,44.9173,60.1601
620.6635,788.7892,44.9173,60.1601
621.2824,790.2333,44.9173,60.1601
622.5869,790.9452,43.5462,58.3237
623.1869,790.7452,43.5462,58.3237
623.7869,791.3452,43.5462,58.3237
623.9869,790.7452,43.5462,58.3237
626.6911,791.6132,44.9379,60.1877
627.8306,790.4450,46.3741,62.1113
641.2490,778.3044,46.3741,62.1113
655.8013,773.0757,44.9586,60.2153
692.3500,742.7217,44.9586,60.2153
703.1542,732.6968,43.5862,58.3772
706.8222,718.9741,42.2557,56.5953
712.7072,714.5978,40.9658,54.8677
713.8969,715.9998,39.7153,53.1928
713.9558,717.7236,38.5030,51.5691
713.4253,719.3152,38.5030,51.5691
710.7727,715.9553,38.5030,51.5691
710.2422,714.0100,38.5030,51.5691
710.4190,712.0648,38.5030,51.5691
710.5959,710.4732,38.5030,51.5691
