0.19421
0.22511
0.059248
0.030367
0.040846
0.035134
0.028964
0.025756
0.025503
0.02673
0.025771
0.024958
0.024812
0.024656
0.025016
0.024387
0.0242
0.024302
0.024534
0.024986
0.024919
0.025042
0.023999
0.026636
0.024994
0.025016
0.024801
0.02541
0.024671
0.025003
0.024703
0.024989
0.024306
0.024676
0.024741
0.025057
0.024785
0.025419
0.024276
0.025022
0.025107
0.024782
0.02559
0.025362
0.024761
0.024545
0.024265
0.025156
0.025817
0.025334
0.024867
0.025453
0.02515
0.024969
0.024913
0.025036
0.024182
0.025283
0.024189
0.024574
0.024314
0.024503
0.024649
0.024744
0.025147
0.024652
0.024198
0.024406
0.025269
0.024574
0.025061
0.025747
0.025135
0.026088
0.024139
0.025647
0.025226
0.024689
0.024126
0.024404
0.024807
0.024507
0.024201
0.024464
0.024015
0.02423
0.024925
0.025347
0.024857
0.024625
0.024196
0.02447
0.024486
0.02443
0.024159
0.024455
0.024178
0.025287
0.024412
0.024479
0.024755
0.025441
0.024398
0.024418
0.024946
0.025357
0.024165
0.0244
0.025015
0.027484
0.027447
0.027343
0.026607
0.027131
0.025454
0.024987
0.024652
0.026479
0.025456
0.02458
0.025072
0.025387
0.02421
0.024613
0.024588
0.025405
0.026183
0.026575
0.024844
0.025508
0.025903
0.025048
0.024039
0.024367
0.026146
0.024722
0.025829
0.02653
0.025676
0.02657
0.024398
0.024444
0.024964
0.024533
0.023978
0.024473
0.024209
0.026044
0.026251
0.025982
0.025649
0.02613
0.02523
0.025504
0.024849
0.024368
0.024395
0.025164
0.024505
0.026147
0.025157
0.02473
0.024406
0.024658
0.024187
0.024622
0.025871
0.025539
0.025667
0.025796
0.024321
0.024516
0.024224
0.02465
0.026469
0.026462
0.025478
0.024721
0.025059
0.025111
0.024651
0.026691
0.024109
0.024627
0.024623
0.024632
0.025026
0.024615
0.024279
0.02556
0.026374
0.025578
0.024836
0.024891
0.024307
0.024562
0.024238
0.024589
0.024233
0.024427
0.026162
0.025817
0.024943
0.026682
0.02652
0.024581
0.024942
0.024522
0.024285
0.024534
0.02419
0.025273
0.024153
0.025502
0.024769
0.024599
0.0261
0.025231
0.024478
0.025117
0.024087
0.02456
0.025203
0.025339
0.025079
0.024598
0.024291
0.025794
0.024305
0.025825
0.024833
0.024453
0.024059
0.024366
0.0248
0.024096
0.024117
0.024168
0.023963
0.023955
0.024102
0.024015
0.023965
0.023895
0.023984
0.024132
0.024125
0.024301
0.024237
0.024027
0.024594
0.024681
0.024377
0.024351
0.02395
0.024549
0.024694
0.024125
0.024241
0.023982
0.024159
0.02417
0.023959
0.02407
0.024003
0.024028
0.023919
0.024038
0.023417
0.023313
0.023179
0.023083
0.023844
0.024112
0.023888
0.023936
0.023301
0.023939
0.023257
0.024101
0.023985
0.02396
0.02404
0.023992
0.024028
0.024187
0.024141
0.023937
0.023791
0.023234
0.024192
0.024253
0.024234
0.023064
0.023983
0.02401
0.024011
0.023947
0.024193
0.024285
0.023895
0.024057
0.024058
0.023942
0.024132
0.024453
0.024061
0.023972
0.023926
0.023965
0.024091
0.024008
0.024003
0.024052
0.024168
0.024166
0.024133
0.024009
0.023388
0.023097
0.023048
0.023971
0.024154
0.024028
0.023934
0.02411
0.023958
0.024028
0.023144
0.024076
0.024001
0.024004
0.023699
0.023568
0.023425
0.024528
0.024569
0.024468
0.024159
0.024071
0.023219
0.023062
0.023061
0.024072
0.02399
0.02393
0.02396
0.023873
0.023879
0.024044
0.023972
0.023931
0.023934
0.024093
0.023983
0.023941
0.024072
0.02394
0.02398
0.024064
0.024033
0.023964
0.023957
0.024212
0.024293
0.023186
0.023342
0.023179
0.023228
0.023128
0.023102
0.023214
0.023247
0.023057
0.023739
0.023886
0.024617
0.024035
0.024016
0.024017
0.023974
0.023925
0.02409
0.023873
0.022875
0.023993
0.0241
0.024017
0.024118
0.024188
0.024169
0.023982
0.023947
0.02399
0.023973
0.024027
0.023992
0.023959
0.024288
0.024204
0.024158
0.023847
0.023287
0.023962
0.023089
0.023058
0.023054
0.024033
0.024147
0.02413
0.024182
0.023913
0.023933
0.023182
0.023445
0.023154
0.023097
0.02324
0.023412
0.023216
0.023243
0.024224
0.024109
0.024126
0.023973
0.023222
0.023321
0.023137
0.024042
0.02401
0.024146
0.023331
0.023236
0.024016
0.02443
0.023324
0.023162
0.02323
0.023562
0.023449
0.023242
0.023205
0.023187
0.023571
0.024096
0.024279
0.024356
0.024471
0.024027
0.023911
0.023938
0.023241
0.024082
0.023974
0.023186
0.023288
0.023086
0.023449
0.02396
0.024832
0.024675
0.024839
0.02402
0.024104
0.023129
0.023208
0.02346
0.024118
0.02421
0.024136
0.024187
0.023383
0.023204
0.023423
0.023301
0.023179
0.023104
0.023168
0.023958
0.024097
0.024187
0.024165
0.023923
0.024208
0.023238
0.023316
0.023598
0.0233
0.023493
0.023237
0.024038
0.024297
0.024138
0.024155
0.024071
0.024003
0.023933
0.023992
0.023186
0.023415
0.023809
0.023872
0.024391
0.024144
0.023973
0.023925
0.02375
0.024193
0.024061
0.024246
0.024312
0.024128
0.024058
0.024187
0.024246
0.023347
0.02331
0.023718
0.023575
0.023262
0.023485
0.023706
0.024141
0.024398
0.023347
0.024241
0.023979
0.023105
0.023191
0.024004
0.024112
0.024275
0.024043
0.024137
0.02397
0.024113
0.024215
0.023988
0.023966
0.023882
0.023534
0.024111
0.02406
0.024013
0.023121
0.023199
0.024267
0.024094
0.024105
0.024354
0.024257
0.023139
0.023315
0.02327
0.023447
0.023307
0.023188
0.023171
0.024155
0.02434
0.024226
0.024144
0.024339
0.024238
0.024147
0.023976
0.024196
0.023262
0.023266
0.02332
0.023249
0.023299
0.023239
0.023137
0.024122
0.024215
0.024046
0.023265
0.0234
0.023278
0.023393
0.023414
0.023418
0.023439
0.023302
0.023169
0.023108
0.024335
0.024023
0.024164
0.023695
0.022316
0.02347
0.024096
0.024159
0.023403
0.023348
0.023268
0.023385
0.024337
0.02425
0.024168
0.023269
0.023199
0.024286
0.024156
0.024134
0.024346
0.024076
0.024431
0.024155
0.024399
0.024327
0.023992
0.02395
0.024149
0.024189
0.02436
0.02345
0.023478
0.023304
0.023253
0.023648
0.0239
0.023587
0.023862
0.024614
0.02422
0.023481
0.023605
0.02361
0.024612
0.024579
0.024389
0.023722
0.023573
0.02451
0.024635
0.024586
0.02444
0.02454
0.023665
0.024437
0.024462
0.024434
0.024484
0.024429
0.024591
0.024718
0.023747
0.023613
0.023669
0.023686
0.023634
0.024435
0.024646
0.024475
0.024589
0.024394
0.024552
0.024704
0.024843
0.024385
0.024644
0.024651
0.024709
0.024837
0.024667
0.024386
0.024512
0.024665
0.024753
0.024495
0.024617
0.02463
0.023884
0.023709
0.023869
0.023584
0.023888
0.024654
0.024603
0.024457
0.024465
0.024539
0.024537
0.023713
0.023641
0.023629
0.0237
0.024416
0.024354
0.023575
0.023799
0.024502
0.024474
0.02373
0.023628
0.023611
0.023753
0.023755
0.023976
0.023811
0.024435
0.024409
0.024875
0.024626
0.024347
0.024254
0.023787
0.023895
0.023686
0.023606
0.023739
0.02483
0.024679
0.024604
0.024775
0.024552
0.024455
0.023723
0.023784
0.024187
0.023794
0.023907
0.023587
0.023743
0.024695
0.024723
0.024798
0.024641
0.02439
0.023565
0.023698
0.023707
0.023777
0.02389
0.02386
0.024046
0.02388
0.023961
0.023652
