0.20852
0.2219
0.060672
0.034659
0.043018
0.037818
0.031665
0.028124
0.028279
0.02801
0.028191
0.027966
0.026755
0.026443
0.026747
0.025919
0.025889
0.02584
0.026334
0.025837
0.026628
0.026621
0.02641
0.025847
0.026428
0.025785
0.026705
0.027368
0.027591
0.027687
0.027799
0.028192
0.027469
0.026871
0.027308
0.026723
0.027244
0.027376
0.027209
0.027203
0.027766
0.027032
0.027336
0.026684
0.027008
0.026778
0.026652
0.02714
0.026644
0.026602
0.026566
0.02661
0.027205
0.026757
0.026562
0.026614
0.026586
0.026656
0.026694
0.027615
0.028251
0.027794
0.027267
0.027852
0.026814
0.02694
0.025882
0.026441
0.026498
0.026104
0.026417
0.026562
0.027421
0.026992
0.026898
0.026271
0.026812
0.026641
0.026425
0.026297
0.026832
0.026856
0.026387
0.026437
0.026467
0.027001
0.026646
0.026908
0.02609
0.026592
0.026499
0.026461
0.025967
0.026418
0.025868
0.025789
0.026425
0.026489
0.026423
0.02745
0.026441
0.026117
0.02656
0.026238
0.027199
0.027085
0.027779
0.027864
0.027704
0.027256
0.027686
0.027739
0.02747
0.026055
0.027835
0.026198
0.027
0.027417
0.026959
0.026571
0.027042
0.026056
0.026345
0.026005
0.026295
0.02631
0.027862
0.027087
0.026255
0.02694
0.027009
0.027639
0.026677
0.026046
0.026074
0.02583
0.026628
0.025997
0.026742
0.025923
0.027036
0.026004
0.0261
0.026057
0.025951
0.027068
0.026025
0.027103
0.02604
0.025988
0.027036
0.026896
0.027836
0.028179
0.028019
0.026432
0.027395
0.026799
0.026604
0.025824
0.026782
0.026768
0.026825
0.02685
0.02579
0.025871
0.0268
0.02578
0.027719
0.027169
0.028081
0.025929
0.027094
0.02722
0.025844
0.027033
0.028065
0.026403
0.026036
0.026611
0.026662
0.026868
0.026788
0.026944
0.027723
0.026818
0.025971
0.026092
0.027577
0.02825
0.027004
0.027087
0.027271
0.026235
0.027499
0.027525
0.027562
0.027668
0.0267
0.027026
0.028033
0.02764
0.027607
0.028133
0.027529
0.026936
0.026142
0.026044
0.025906
0.026672
0.02536
0.02645
0.02588
0.025086
0.025078
0.025072
0.024957
0.025908
0.025943
0.024983
0.024973
0.02585
0.025196
0.02509
0.025037
0.025103
0.025842
0.024845
0.025048
0.024943
0.025833
0.025104
0.025114
0.026201
0.026736
0.026287
0.026865
0.026075
0.026159
0.026823
0.025973
0.025118
0.026132
0.026373
0.026007
0.025947
0.026062
0.025958
0.025186
0.025195
0.025484
0.025804
0.026035
0.026511
0.025293
0.026106
0.027032
0.026632
0.026056
0.026137
0.025184
0.024343
0.025453
0.025625
0.025478
0.02563
0.025719
0.025451
0.025403
0.025466
0.026464
0.026047
0.025408
0.025502
0.025791
0.02599
0.025509
0.025449
0.025556
0.025482
0.025486
0.025938
0.025978
0.025492
0.02552
0.02633
0.026482
0.025977
0.025507
0.025794
0.025868
0.025504
0.02547
0.025507
0.02556
0.024939
0.025023
0.024572
0.024515
0.024464
0.024514
0.02446
0.024482
0.024603
0.024517
0.024925
0.024876
0.024503
0.024467
0.024467
0.024527
0.024565
0.02445
0.024014
0.024166
0.023626
0.023568
0.023598
0.023594
0.023616
0.02364
0.023989
0.024038
0.0237
0.023602
0.023663
0.023562
0.023561
0.023616
0.023523
0.023533
0.023749
0.023958
0.024056
0.024306
0.02406
0.023941
0.023901
0.023805
0.023926
0.023949
0.023618
0.023508
0.024103
0.023587
0.023563
0.023551
0.024012
0.023462
0.023521
0.023913
0.023598
0.023428
0.02343
0.023474
0.023396
0.023707
0.024263
0.023673
0.023609
0.023488
0.023529
0.023557
0.023555
0.023611
0.023537
0.024153
0.023624
0.023509
0.023518
0.023482
0.023564
0.023913
0.024013
0.023562
0.02347
0.023435
0.023948
0.024006
0.023528
0.023422
0.022729
0.024147
0.023502
0.023477
0.023996
0.023907
0.023524
0.02399
0.023549
0.023425
0.025314
0.023424
0.023429
0.024139
0.024728
0.024356
0.024738
0.024359
0.02459
0.023783
0.023761
0.024181
0.024237
0.024231
0.024251
0.024281
0.024441
0.024672
0.024664
0.024211
0.024736
0.024351
0.024267
0.024264
0.024308
0.024299
0.0243
0.024368
0.0243
0.02484
0.024455
0.024286
0.024265
0.024648
0.024214
0.024272
0.024307
0.024786
0.024471
0.02434
0.024374
0.02435
0.024448
0.024514
0.024388
0.023571
0.023478
0.023804
0.023477
0.023544
0.02448
0.023902
0.023528
0.023563
0.023638
0.023645
0.024616
0.023779
0.023607
0.023664
0.023653
0.023642
0.023664
0.02372
0.024118
0.023711
0.023648
0.023704
0.023657
0.023783
0.023847
0.023697
0.023708
0.023674
0.023673
0.023618
0.023636
0.023682
0.023727
0.023729
0.023757
0.023653
0.023737
0.023619
0.02368
0.023669
0.023805
0.023704
0.023735
0.023803
0.023729
0.023787
0.023749
0.023811
0.023704
0.023774
0.023792
0.023821
0.023827
0.023777
0.023726
0.023725
0.023803
0.023766
0.023774
0.023821
0.023845
0.023792
0.023934
0.024329
0.02443
0.024426
0.024557
0.024251
0.024351
0.024206
0.023835
0.023744
0.023833
0.023784
0.023784
0.02385
0.023811
0.023795
0.023797
0.023814
0.023808
0.023786
0.023679
0.023709
0.023729
0.023726
0.023744
0.023803
0.023761
0.023762
0.023822
0.023676
0.023758
0.02369
0.023734
0.023664
0.02381
0.023781
0.023838
0.02377
0.023739
0.023841
0.02369
0.023714
0.023708
0.0238
0.023756
0.023753
0.023706
0.023658
0.023785
0.02374
0.023716
0.023711
0.023736
0.023709
0.023693
0.023731
0.023712
0.023663
0.023671
0.023869
0.023691
0.023676
0.023708
0.023741
0.023784
0.023702
0.023702
0.023608
0.023672
0.023697
0.023693
0.023794
0.023754
0.023741
0.023782
0.023771
0.023727
0.023728
0.023764
0.023872
0.023851
0.023769
0.023786
0.023792
0.023731
0.023751
0.023819
0.023767
0.023803
0.022508
0.023875
0.02378
0.02388
0.02383
0.023822
0.023782
0.023705
0.023762
0.023719
0.023685
0.023715
NaN
NaN
NaN
NaN
0.19765
0.22353
0.057465
0.030926
0.038803
0.03373
0.027678
0.024094
0.024248
0.023901
0.023805
0.023739
0.023747
0.023634
0.024024
0.023776
0.023713
0.023598
0.023579
0.02368
0.023819
0.023777
0.023618
0.023662
0.023657
0.023571
0.023663
0.02386
0.023757
0.023671
NaN
NaN
NaN
NaN
0.19724
0.22474
0.057846
0.030478
0.03899
0.033822
0.027565
0.024022
0.024206
0.023783
0.023797
0.02378
0.023671
0.023782
0.024182
0.023647
0.023709
0.023569
0.024262
0.023787
0.023956
0.023885
0.023661
0.023633
0.023724
0.067426
0.030027
0.032619
0.02367
0.023469
0.023534
0.023985
0.023829
0.023644
0.023467
0.023708
0.023871
0.023695
0.023441
0.023481
0.024156
0.02412
0.024266
0.02358
0.024044
0.023907
0.023484
0.023413
0.023457
0.023475
0.023287
0.023274
0.023432
0.023496
0.023515
0.023351
0.023616
0.023334
0.023286
0.023312
0.023262
0.023286
0.02338
0.023676
0.023395
0.023354
0.023402
0.023295
0.023403
0.023416
