1
343.9200,219.2107,229.5109,153.1426
344.6696,219.9602,229.5109,153.1426
345.4190,217.7117,229.5109,153.1426
344.6696,215.4632,229.5109,153.1426
345.4190,214.7137,229.5109,153.1426
344.6696,212.4652,229.5109,153.1426
343.9200,210.2167,229.5109,153.1426
343.1706,209.4672,229.5109,153.1426
343.9200,207.2188,229.5109,153.1426
344.6696,207.9682,229.5109,153.1426
343.9200,207.2188,229.5109,153.1426
344.6696,204.9703,229.5109,153.1426
345.4190,204.2208,229.5109,153.1426
344.6696,204.9703,229.5109,153.1426
345.4190,204.2208,229.5109,153.1426
346.1685,203.4713,229.5109,153.1426
345.4190,201.2228,229.5109,153.1426
344.6696,200.4733,229.5109,153.1426
345.4190,199.7238,229.5109,153.1426
346.1685,198.9743,229.5109,153.1426
346.9180,199.7238,229.5109,153.1426
346.1685,198.9743,229.5109,153.1426
346.9180,198.2248,229.5109,153.1426
346.1685,198.9743,229.5109,153.1426
346.9180,210.2167,229.5109,153.1426
347.6675,212.4652,229.5109,153.1426
348.4170,220.7097,229.5109,153.1426
347.6675,221.4592,229.5109,153.1426
348.4170,223.7077,229.5109,153.1426
347.6675,225.9561,229.5109,153.1426
346.9180,226.7056,229.5109,153.1426
344.6696,225.9561,229.5109,153.1426
349.9160,226.7056,229.5109,153.1426
343.1706,225.9561,229.5109,153.1426
319.9362,223.7077,229.5109,153.1426
314.6897,222.9582,229.5109,153.1426
328.9301,222.2087,229.5109,153.1426
341.6716,221.4592,229.5109,153.1426
337.9241,220.7097,229.5109,153.1426
332.6776,219.9602,229.5109,153.1426
331.9281,220.7097,229.5109,153.1426
331.1786,219.9602,229.5109,153.1426
331.9281,219.2107,229.5109,153.1426
332.6776,218.4612,229.5109,153.1426
330.4291,217.7117,229.5109,153.1426
331.1786,216.9622,229.5109,153.1426
330.4291,217.7117,229.5109,153.1426
319.1867,218.4612,229.5109,153.1426
318.4372,217.7117,229.5109,153.1426
313.1908,216.9622,229.5109,153.1426
312.4413,216.2127,229.5109,153.1426
304.1968,216.9622,229.5109,153.1426
303.4473,216.2127,229.5109,153.1426
298.2008,216.9622,229.5109,153.1426
295.9524,216.2127,229.5109,153.1426
292.2049,215.4632,229.5109,153.1426
288.4574,214.7137,229.5109,153.1426
283.2109,213.9642,229.5109,153.1426
280.9625,213.2147,229.5109,153.1426
277.2150,210.9662,229.5109,153.1426
274.9665,210.2167,229.5109,153.1426
271.2190,207.9682,229.5109,153.1426
268.9705,205.7198,229.5109,153.1426
268.2210,204.9703,229.5109,153.1426
271.9685,204.2208,229.5109,153.1426
272.7180,203.4713,229.5109,153.1426
276.4655,201.2228,229.5109,153.1426
280.2130,201.9723,229.5109,153.1426
280.9625,201.2228,229.5109,153.1426
280.2130,200.4733,229.5109,153.1426
279.4635,199.7238,229.5109,153.1426
275.7160,198.9743,229.5109,153.1426
276.4655,199.7238,229.5109,153.1426
275.7160,198.9743,229.5109,153.1426
273.4675,198.2248,229.5109,153.1426
272.7180,197.4753,229.5109,153.1426
270.4695,196.7258,229.5109,153.1426
268.2210,195.9763,229.5109,153.1426
265.9725,192.2289,229.5109,153.1426
266.7220,188.4814,229.5109,153.1426
265.9725,184.7339,229.5109,153.1426
266.7220,180.9864,229.5109,153.1426
265.9725,177.2389,229.5109,153.1426
268.7260,177.3278,222.5050,148.4679
267.9994,176.6012,222.5050,148.4679
267.2728,174.4214,222.5050,148.4679
267.9994,172.2415,222.5050,148.4679
278.8986,170.0616,222.5050,148.4679
285.4382,169.3350,222.5050,148.4679
281.8051,168.6084,222.5050,148.4679
278.1720,166.4286,222.5050,148.4679
278.8986,165.7020,222.5050,148.4679
278.1720,166.4286,222.5050,148.4679
278.8986,168.6084,222.5050,148.4679
281.0785,170.7883,222.5050,148.4679
283.2583,172.9681,222.5050,148.4679
283.9850,176.6012,222.5050,148.4679
289.5608,186.8600,215.7130,143.9359
291.6741,196.0177,215.7130,143.9359
292.3786,206.5842,215.7130,143.9359
293.0830,214.3330,215.7130,143.9359
295.1963,222.0818,215.7130,143.9359
295.9008,231.2395,215.7130,143.9359
295.1963,236.1706,215.7130,143.9359
300.1273,243.9194,215.7130,143.9359
306.4673,253.0770,215.7130,143.9359
305.7628,258.0081,215.7130,143.9359
307.8762,260.1214,215.7130,143.9359
308.5806,262.2347,215.7130,143.9359
316.3294,264.3480,215.7130,143.9359
317.0338,269.2791,215.7130,143.9359
319.1472,274.2101,215.7130,143.9359
319.8516,277.7323,215.7130,143.9359
323.3738,284.0722,215.7130,143.9359
331.1226,283.3678,215.7130,143.9359
337.4625,285.4811,215.7130,143.9359
336.7581,287.5944,215.7130,143.9359
337.4625,289.7077,215.7130,143.9359
338.1669,291.8210,215.7130,143.9359
337.4625,292.5255,215.7130,143.9359
338.1669,291.8210,215.7130,143.9359
338.8714,292.5255,215.7130,143.9359
340.9847,290.4122,215.7130,143.9359
341.6891,289.7077,215.7130,143.9359
338.9465,286.7032,222.6072,148.5361
338.2195,285.9763,222.6072,148.5361
337.4926,283.7954,222.6072,148.5361
336.7656,283.0685,222.6072,148.5361
334.5847,280.8876,222.6072,148.5361
333.8578,278.7068,222.6072,148.5361
334.5847,277.9798,222.6072,148.5361
333.8578,277.2528,222.6072,148.5361
334.5847,280.8876,222.6072,148.5361
335.3117,283.0685,222.6072,148.5361
336.0387,288.1571,222.6072,148.5361
335.3117,287.4301,222.6072,148.5361
334.5847,286.7032,222.6072,148.5361
333.8578,285.9763,222.6072,148.5361
333.1309,285.2493,222.6072,148.5361
336.7656,285.9763,222.6072,148.5361
337.4926,286.7032,222.6072,148.5361
335.3117,287.4301,222.6072,148.5361
334.5847,285.2493,222.6072,148.5361
333.8578,284.5223,222.6072,148.5361
336.0387,283.7954,222.6072,148.5361
338.2195,280.1606,222.6072,148.5361
338.9465,277.9798,222.6072,148.5361
341.1273,274.3451,222.6072,148.5361
349.1238,273.6181,222.6072,148.5361
355.6663,281.6146,222.6072,148.5361
356.3933,295.4266,222.6072,148.5361
357.1202,300.5153,222.6072,148.5361
357.8472,301.2422,222.6072,148.5361
357.1202,304.8770,222.6072,148.5361
356.3933,305.6039,222.6072,148.5361
355.6663,306.3309,222.6072,148.5361
353.4855,307.0578,222.6072,148.5361
348.3968,306.3309,222.6072,148.5361
359.3011,307.0578,222.6072,148.5361
370.2053,306.3309,222.6072,148.5361
366.5706,305.6039,222.6072,148.5361
362.9358,306.3309,222.6072,148.5361
360.7550,305.6039,222.6072,148.5361
348.3968,304.8770,222.6072,148.5361
340.4004,304.1500,222.6072,148.5361
346.9429,301.9691,222.6072,148.5361
357.8472,299.7883,222.6072,148.5361
362.9358,297.6075,222.6072,148.5361
350.5777,289.6110,222.6072,148.5361
339.6734,280.1606,222.6072,148.5361
336.0387,269.2564,222.6072,148.5361
333.8578,259.8060,222.6072,148.5361
325.8614,253.2635,222.6072,148.5361
323.6805,258.3521,222.6072,148.5361
322.9536,257.6252,222.6072,148.5361
322.2266,255.4443,222.6072,148.5361
322.9536,247.4479,222.6072,148.5361
335.3117,227.8202,222.6072,148.5361
337.4926,203.8309,222.6072,148.5361
344.0351,175.4798,222.6072,148.5361
347.6699,160.2139,222.6072,148.5361
357.1202,140.5862,222.6072,148.5361
362.6986,118.8639,215.8120,144.0020
360.5844,115.3401,215.8120,144.0020
359.8796,127.3210,215.8120,144.0020
370.4510,126.6162,215.8120,144.0020
389.4795,113.2258,215.8120,144.0020
384.5462,98.4258,215.8120,144.0020
365.5177,82.2164,215.8120,144.0020
358.2401,72.4333,209.2243,139.6063
358.9234,56.7186,209.2243,139.6063
363.7061,43.7369,209.2243,139.6063
365.7559,34.8547,209.2243,139.6063
365.0726,38.2710,209.2243,139.6063
353.4574,48.5197,209.2243,139.6063
348.6747,57.4019,209.2243,139.6063
353.4574,58.0851,209.2243,139.6063
354.1407,57.4019,209.2243,139.6063
354.8239,51.2526,209.2243,139.6063
354.1407,53.3024,209.2243,139.6063
356.1904,55.3521,209.2243,139.6063
362.3396,60.1349,209.2243,139.6063
365.7559,71.7501,209.2243,139.6063
369.1721,92.9307,209.2243,139.6063
375.3213,112.7449,209.2243,139.6063
380.1041,132.5590,209.2243,139.6063
383.5203,151.0067,209.2243,139.6063
376.4649,174.3181,202.8376,135.3447
386.4008,188.2283,202.8376,135.3447
401.6357,190.2155,202.8376,135.3447
400.9734,188.2283,202.8376,135.3447
381.7640,186.2411,202.8376,135.3447
363.8795,188.2283,202.8376,135.3447
363.2171,190.2155,202.8376,135.3447
373.1530,189.5531,202.8376,135.3447
373.8153,187.5659,202.8376,135.3447
363.8795,192.2027,202.8376,135.3447
353.9436,200.8137,202.8376,135.3447
351.9565,204.1257,202.8376,135.3447
344.6702,210.0872,202.8376,135.3447
338.7086,218.6983,202.8376,135.3447
335.3967,224.6598,202.8376,135.3447
334.7343,229.2965,202.8376,135.3447
339.3710,232.6085,202.8376,135.3447
344.0078,235.9204,202.8376,135.3447
349.9693,235.2580,202.8376,135.3447
353.2812,231.9461,202.8376,135.3447
353.9436,229.9589,202.8376,135.3447
357.2556,227.9718,202.8376,135.3447
356.5932,228.6341,202.8376,135.3447
354.6060,235.9204,202.8376,135.3447
359.2427,240.5572,202.8376,135.3447
364.3257,244.6101,196.6460,131.2133
364.9679,247.8209,196.6460,131.2133
364.3257,253.6005,196.6460,131.2133
354.6932,258.0956,196.6460,131.2133
347.6293,262.5909,196.6460,131.2133
354.6932,268.3704,196.6460,131.2133
356.6197,274.1499,196.6460,131.2133
357.2619,278.6451,196.6460,131.2133
358.3367,287.7117,190.6433,127.2080
356.4690,290.8245,190.6433,127.2080
355.8464,292.6922,190.6433,127.2080
356.4690,294.5599,190.6433,127.2080
357.0916,296.4276,190.6433,127.2080
361.4496,295.8051,190.6433,127.2080
363.3173,293.9373,190.6433,127.2080
365.1850,295.8051,190.6433,127.2080
364.5624,295.1825,190.6433,127.2080
365.1850,293.3148,190.6433,127.2080
369.9624,299.6143,184.8238,123.3249
369.3588,300.2179,184.8238,123.3249
369.9624,300.8214,184.8238,123.3249
365.7374,292.9751,184.8238,123.3249
360.7120,294.2538,179.1820,119.5604
353.1052,291.3281,179.1820,119.5604
354.8606,281.3807,179.1820,119.5604
361.2971,267.9225,179.1820,119.5604
359.5417,260.3156,179.1820,119.5604
348.4240,255.0494,179.1820,119.5604
344.7223,253.9485,173.7124,115.9108
354.3661,240.9011,173.7124,115.9108
351.5297,232.3919,173.7124,115.9108
355.8828,226.7864,168.4098,112.3725
357.5327,219.6369,168.4098,112.3725
358.0826,217.9870,168.4098,112.3725
358.6326,209.7375,168.4098,112.3725
356.9827,201.4881,168.4098,112.3725
360.1031,198.2535,163.2691,108.9423
360.6362,196.6540,163.2691,108.9423
362.2358,195.0545,163.2691,108.9423
364.9016,194.5213,163.2691,108.9423
367.9267,196.7173,158.2852,105.6168
368.4436,196.2003,158.2852,105.6168
369.9943,195.6835,158.2852,105.6168
369.4774,195.1665,158.2852,105.6168
367.9267,195.6835,158.2852,105.6168
365.3422,194.1328,158.2852,105.6168
362.7578,194.6497,158.2852,105.6168
363.6229,197.8123,153.4535,102.3929
362.1195,195.3067,153.4535,102.3929
353.6005,194.8056,153.4535,102.3929
346.0837,195.3067,153.4535,102.3929
339.5691,193.8034,153.4535,102.3929
340.4078,195.8673,148.7693,99.2673
336.0354,196.3531,148.7693,99.2673
331.6630,195.8673,148.7693,99.2673
331.5045,197.8682,144.2281,96.2371
331.0335,197.3972,144.2281,96.2371
319.2587,197.8682,144.2281,96.2371
319.7296,199.2812,144.2281,96.2371
312.6647,200.6942,144.2281,96.2371
313.1357,201.1651,144.2281,96.2371
312.9821,202.1630,139.8255,93.2994
307.0461,201.7064,139.8255,93.2994
301.1100,201.2498,139.8255,93.2994
295.1740,204.4461,139.8255,93.2994
292.8909,203.9895,139.8255,93.2994
297.9137,207.1858,139.8255,93.2994
303.8497,207.6424,139.8255,93.2994
310.6990,209.0122,139.8255,93.2994
315.7218,209.4689,139.8255,93.2994
321.6578,209.0122,139.8255,93.2994
322.4221,210.8929,135.5573,90.4515
316.6672,209.5648,135.5573,90.4515
311.7978,209.1221,135.5573,90.4515
306.9283,208.6795,135.5573,90.4515
302.9442,208.2368,135.5573,90.4515
297.1894,208.6795,135.5573,90.4515
294.0906,205.5807,135.5573,90.4515
291.8772,204.2527,135.5573,90.4515
290.8474,205.1905,131.4193,87.6904
296.4266,204.7614,131.4193,87.6904
301.1474,204.3322,131.4193,87.6904
302.4349,203.0447,131.4193,87.6904
302.0058,200.8989,131.4193,87.6904
303.2932,197.8947,131.4193,87.6904
308.8724,196.6072,131.4193,87.6904
314.4516,193.6031,131.4193,87.6904
322.0365,194.5123,127.4077,85.0136
328.2775,192.4320,127.4077,85.0136
330.3578,192.8480,127.4077,85.0136
334.1024,192.4320,127.4077,85.0136
346.1683,192.0159,127.4077,85.0136
352.4093,190.7677,127.4077,85.0136
352.8253,190.3516,127.4077,85.0136
359.0663,189.9356,127.4077,85.0136
359.4824,187.0231,127.4077,85.0136
357.4020,187.4392,127.4077,85.0136
355.3217,187.8552,127.4077,85.0136
354.3539,186.2403,123.5185,82.4185
353.1438,185.0302,123.5185,82.4185
349.9598,182.5031,127.4662,85.0527
348.7111,182.0868,127.4662,85.0527
351.9053,182.9687,123.5752,82.4564
349.0804,182.5652,123.5752,82.4564
349.4840,181.3545,123.5752,82.4564
350.9666,182.2095,119.8031,79.9394
351.3578,181.8182,119.8031,79.9394
347.8367,182.2095,119.8031,79.9394
347.4455,181.0358,119.8031,79.9394
348.8828,183.4295,116.1460,77.4992
347.7449,184.5674,116.1460,77.4992
345.8484,187.2224,116.1460,77.4992
343.9520,186.8431,116.1460,77.4992
346.1040,189.1638,112.6007,75.1335
343.5300,191.7378,112.6007,75.1335
340.2206,194.3118,112.6007,75.1335
341.5715,195.8262,109.1635,72.8400
339.0761,199.7476,109.1635,72.8400
338.0066,200.1041,109.1635,72.8400
336.2242,200.4606,109.1635,72.8400
333.7288,204.3819,109.1635,72.8400
331.2334,205.4514,109.1635,72.8400
328.0250,208.6598,109.1635,72.8400
327.1957,211.5539,105.8312,70.6166
326.1589,213.9732,105.8312,70.6166
323.0485,217.0836,105.8312,70.6166
321.3204,220.8853,105.8312,70.6166
320.2836,221.9221,105.8312,70.6166
318.5556,224.3413,105.8312,70.6166
316.8276,226.7605,105.8312,70.6166
314.4084,230.5622,105.8312,70.6166
314.0627,232.2902,105.8312,70.6166
313.2588,235.0960,102.6007,68.4610
312.9237,238.1115,102.6007,68.4610
309.9082,239.7868,102.6007,68.4610
309.5732,241.4621,102.6007,68.4610
309.9082,243.8074,102.6007,68.4610
309.5732,243.4724,102.6007,68.4610
307.4535,248.2029,99.4688,66.3712
307.1287,251.1263,99.4688,66.3712
304.8549,255.3491,99.4688,66.3712
302.5811,258.2726,99.4688,66.3712
301.6066,263.7946,99.4688,66.3712
301.5006,269.6800,96.4325,64.3452
303.9172,275.3858,93.4888,62.3810
302.3907,276.9123,93.4888,62.3810
301.4748,279.0493,93.4888,62.3810
303.2070,283.3597,90.6351,60.4768
303.5030,284.2477,90.6351,60.4768
303.7990,286.9115,90.6351,60.4768
302.3191,289.5753,90.6351,60.4768
303.9984,293.7541,87.8684,58.6308
306.2003,298.3793,85.1862,56.8410
302.0275,299.7702,85.1862,56.8410
295.8167,305.3669,82.5859,55.1059
286.9168,307.2548,82.5859,55.1059
281.7926,309.6820,82.5859,55.1059
277.7472,311.0305,82.5859,55.1059
273.3441,314.8382,80.0649,53.4238
266.2846,315.6226,80.0649,53.4238
262.3627,318.4986,80.0649,53.4238
262.2774,322.7130,77.6209,51.7930
257.9682,321.4456,77.6209,51.7930
258.3925,326.5453,75.2515,50.2120
257.1638,326.7910,75.2515,50.2120
255.1177,331.2435,72.9544,48.6793
255.0399,332.7012,70.7275,47.1934
254.8090,333.8561,70.7275,47.1934
255.9638,335.9348,70.7275,47.1934
257.1187,336.6277,70.7275,47.1934
257.8116,337.7826,70.7275,47.1934
257.5806,339.3994,70.7275,47.1934
258.7354,340.5542,70.7275,47.1934
262.6619,342.1710,70.7275,47.1934
264.7406,342.8639,70.7275,47.1934
266.0511,347.0487,68.5685,45.7528
265.3793,348.1683,68.5685,45.7528
266.2019,349.9862,66.4754,44.3561
267.2874,351.0716,66.4754,44.3561
270.5436,351.2887,66.4754,44.3561
270.7607,352.3741,66.4754,44.3561
269.6753,353.0254,66.4754,44.3561
269.8924,353.6766,66.4754,44.3561
272.2803,354.3279,66.4754,44.3561
269.4582,354.5450,66.4754,44.3561
270.5436,355.1962,66.4754,44.3561
270.4728,355.6561,64.4462,43.0022
270.6833,355.8666,64.4462,43.0022
272.9983,357.7607,64.4462,43.0022
273.2087,356.2875,64.4462,43.0022
276.5074,357.5752,62.4790,41.6895
279.9759,357.7792,62.4790,41.6895
284.6687,358.3913,62.4790,41.6895
288.9534,358.1873,62.4790,41.6895
291.7433,359.4357,60.5718,40.4169
293.9191,360.0291,60.5718,40.4169
296.8862,361.4137,60.5718,40.4169
301.4357,361.6115,60.5718,40.4169
299.2598,361.8093,60.5718,40.4169
296.6884,362.0071,60.5718,40.4169
295.0414,363.2174,58.7228,39.1832
295.6167,360.7245,58.7228,39.1832
294.6579,357.4644,58.7228,39.1832
296.1294,355.5695,56.9303,37.9871
295.9435,352.7808,56.9303,37.9871
294.6421,349.6203,56.9303,37.9871
294.4562,345.3443,56.9303,37.9871
293.6519,343.8790,55.1925,36.8275
294.1926,338.2917,55.1925,36.8275
294.3729,334.8672,55.1925,36.8275
288.4250,330.3612,55.1925,36.8275
283.1981,328.0181,55.1925,36.8275
283.7388,325.3146,55.1925,36.8275
286.5638,324.2545,53.5077,35.7034
287.0880,322.6819,53.5077,35.7034
284.1175,319.7114,53.5077,35.7034
284.2923,317.7893,53.5077,35.7034
286.6815,316.0627,51.8744,34.6135
287.5286,313.8604,51.8744,34.6135
287.6980,311.9970,51.8744,34.6135
282.7853,310.1336,51.8744,34.6135
279.6808,309.4761,50.2909,33.5569
279.8450,307.9980,50.2909,33.5569
280.3377,305.8630,50.2909,33.5569
283.8972,305.5540,48.7557,32.5326
282.4643,305.3948,48.7557,32.5326
281.9866,303.0065,48.7557,32.5326
281.5090,300.9367,48.7557,32.5326
284.9598,299.6818,47.2675,31.5395
286.9665,298.6013,47.2675,31.5395
288.6644,298.4470,47.2675,31.5395
287.2752,297.9839,47.2675,31.5395
287.4295,296.5947,47.2675,31.5395
289.7449,296.4403,47.2675,31.5395
289.8993,294.4337,47.2675,31.5395
290.9798,293.0444,47.2675,31.5395
290.2080,291.3465,47.2675,31.5395
286.4530,291.3648,45.8246,30.5768
284.5043,289.7159,45.8246,30.5768
280.4571,287.7672,45.8246,30.5768
276.4098,285.5188,45.8246,30.5768
275.3605,284.7693,45.8246,30.5768
274.9108,282.2210,45.8246,30.5768
276.2599,280.8719,45.8246,30.5768
275.2106,278.9232,45.8246,30.5768
276.5597,276.9745,45.8246,30.5768
277.3092,275.3256,45.8246,30.5768
277.1593,273.9765,45.8246,30.5768
278.8082,272.0278,45.8246,30.5768
279.8575,270.0792,45.8246,30.5768
281.8062,268.1305,45.8246,30.5768
284.0546,266.4816,45.8246,30.5768
288.8013,266.1988,44.4258,29.6434
291.4281,264.1029,43.0697,28.7385
296.4325,263.1924,41.7550,27.8613
299.2806,260.9440,41.7550,27.8613
303.6653,261.2193,40.4804,27.0108
309.8294,259.9827,39.2447,26.1863
311.1779,257.2345,38.0467,25.3869
315.8059,257.1722,36.8854,24.6120
318.9171,255.5992,35.7594,23.8607
322.9106,255.5137,34.6679,23.1324
326.5876,255.4170,33.6096,22.4262
331.7474,256.2090,32.5837,21.7417
336.5918,256.9905,31.5890,21.0780
340.8214,259.2610,30.6248,20.4346
344.4367,260.9219,29.6899,19.8108
350.1364,261.6740,28.7836,19.2061
355.5223,262.7166,27.9050,18.6198
357.8969,264.6497,27.0532,18.0514
359.3591,265.0751,26.2274,17.5004
361.4083,266.6913,25.4268,16.9662
363.7451,266.5005,24.6506,16.4483
364.8708,267.8009,23.8982,15.9462
367.1843,268.1942,23.1687,15.4594
367.0882,268.8798,22.4614,14.9875
367.2811,268.9587,21.7758,14.5300
366.5641,269.0305,21.1111,14.0865
367.0363,268.4960,20.4667,13.6565
367.4985,269.1542,19.8419,13.2396
367.9513,271.6047,19.2362,12.8355
370.1936,271.3509,18.6490,12.4437
370.6281,274.6888,18.0798,12.0638
373.4523,275.9221,17.5279,11.6956
375.3687,277.1500,16.9928,11.3386
377.8766,277.1731,16.4741,10.9925
377.9781,276.5914,15.9712,10.6569
380.4704,276.6042,15.4837,10.3316
380.8566,275.7126,15.0111,10.0162
381.8352,275.7155,14.5529,9.7105
381.0080,273.6152,14.1086,9.4141
381.0735,272.4098,13.6780,9.1267
383.8305,272.3992,13.2604,8.8481
385.9816,271.4850,12.8557,8.5780
383.9293,269.9670,12.4632,8.3162
384.2694,268.4451,12.0828,8.0623
384.9035,268.1184,11.7140,7.8162
387.6306,265.9892,11.3564,7.5776
388.8532,265.9550,11.0097,7.3463
389.4710,265.0178,10.6737,7.1221
391.8824,263.4776,10.3478,6.9047
393.3894,263.4331,10.0320,6.6939
395.1914,261.8864,9.7257,6.4896
396.9887,259.7369,9.4289,6.2915
397.8821,260.5825,9.1410,6.0994
398.1715,258.4271,8.8620,5.9132
399.3561,258.3674,8.5915,5.7327
398.1381,256.5062,8.3292,5.5577
396.9162,256.7410,8.0750,5.3881
395.9901,256.3735,7.8285,5.2236
393.2615,258.7017,7.5895,5.0642
387.5313,257.7297,7.3578,4.9096
384.4957,258.2543,7.1332,4.7597
381.4567,258.7767,6.9155,4.6144
378.4144,258.0976,6.7044,4.4736
373.5700,258.6156,6.4998,4.3370
370.5214,258.2321,6.3013,4.2046
367.4696,258.1464,6.1090,4.0763
366.8134,258.3585,5.9225,3.9518
365.8545,259.4681,5.7417,3.8312
364.8928,258.1775,5.5665,3.7143
364.5281,259.8831,5.3965,3.6009
364.1608,260.6875,5.2318,3.4910
365.2899,261.7901,5.0721,3.3844
367.0162,261.9916,4.9173,3.2811
367.8408,263.3908,4.7672,3.1809
369.2626,263.8890,4.6217,3.0838
370.6823,263.7862,4.4806,2.9897
372.0997,266.0803,4.3438,2.8984
373.2153,265.9747,4.2112,2.8100
375.2283,264.3687,4.0827,2.7242
376.6397,263.0612,3.9580,2.6410
378.6488,262.3520,3.8372,2.5604
379.4568,259.5430,3.7201,2.4823
381.1625,251.0366,3.6065,2.4065
382.5667,244.6277,3.4964,2.3330
384.5687,242.1150,3.3897,2.2618
386.8689,239.3014,3.2862,2.1928
391.2661,240.9838,3.1859,2.1258
394.7625,236.3694,3.0887,2.0609
398.2573,233.8525,2.9944,1.9980
401.7506,233.4333,2.9030,1.9370
404.0434,229.4156,2.8144,1.8779
409.6327,229.8940,2.7285,1.8206
413.1220,228.2729,2.6452,1.7650
416.9098,227.5503,2.5644,1.7111
419.7971,226.8270,2.4862,1.6589
422.9829,226.7024,2.4103,1.6083
425.8677,226.8768,2.3367,1.5592
428.7515,226.4509,2.2654,1.5116
431.0345,226.6239,2.1962,1.4654
430.3186,224.6976,2.1292,1.4207
431.1006,226.0683,2.0642,1.3773
430.3826,225.0401,2.0012,1.3353
430.2632,225.8099,1.9401,1.2945
429.2435,223.8810,1.8809,1.2550
429.7220,224.6497,1.8234,1.2167
429.8997,223.6189,1.7678,1.1796
430.0766,224.0866,1.7138,1.1436
429.9528,222.7550,1.6615,1.1086
429.8283,222.3222,1.6108,1.0748
430.3026,222.1887,1.5616,1.0420
430.4763,220.8555,1.5139,1.0102
432.1483,220.4213,1.4677,0.9794
434.4192,219.0871,1.4229,0.9495
434.8906,218.0523,1.3795,0.9205
2
0
0
0
0
1
450.6223,200.0621,16.2240,16.7508
452.6349,198.3015,16.7426,17.2861
455.1133,195.5552,16.7426,17.2861
460.2710,188.6559,16.7426,17.2861
463.8211,186.5794,16.7426,17.2861
450.3574,180.6179,16.7426,17.2861
443.1902,177.4697,16.7426,17.2861
444.9987,175.5271,16.7426,17.2861
445.8695,173.4507,16.7426,17.2861
444.0610,171.3742,16.7426,17.2861
440.1089,170.5034,16.7426,17.2861
433.7455,170.5704,16.7426,17.2861
425.2386,168.4939,16.7426,17.2861
420.3488,167.2212,16.7426,17.2861
414.7892,168.6279,16.7426,17.2861
414.8562,164.9438,16.7426,17.2861
407.8229,163.2692,16.7426,17.2861
398.3783,162.3984,16.7426,17.2861
390.9431,160.9917,16.7426,17.2861
382.9721,162.1305,16.7426,17.2861
375.0011,160.3219,16.7426,17.2861
376.1398,160.1210,16.7426,17.2861
386.6562,160.9917,16.7426,17.2861
391.0101,158.5134,16.7426,17.2861
400.4548,157.2407,16.7426,17.2861
417.9374,159.5851,16.7426,17.2861
420.0139,159.6521,16.7426,17.2861
407.8899,157.4416,16.7426,17.2861
2
0
0
0
0
1
369.2607,154.3417,17.7436,17.0613
379.4688,153.0400,17.7436,17.0613
389.1192,151.6027,18.3107,17.6066
393.2905,151.2492,18.3107,17.6066
398.8758,149.6231,18.3107,17.6066
397.5325,149.6938,18.3107,17.6066
392.5128,148.7747,18.3107,17.6066
386.6447,148.8454,18.3107,17.6066
379.7868,147.7849,18.3107,17.6066
374.4843,146.7244,18.3107,17.6066
369.0404,147.5021,18.3107,17.6066
362.8895,146.4416,18.3107,17.6066
357.8698,146.3709,18.3107,17.6066
351.4361,148.4212,18.3107,17.6066
347.1234,149.1989,18.3107,17.6066
343.6591,149.2696,18.3107,17.6066
338.6296,150.0487,18.8959,18.1693
341.3291,150.4135,18.8959,18.1693
343.5909,151.3620,18.8959,18.1693
345.1230,151.7268,18.8959,18.1693
347.2389,152.2375,18.8959,18.1693
350.5220,150.9972,18.8959,18.1693
355.2644,149.9028,18.8959,18.1693
358.6834,147.0589,19.4998,18.7500
364.1797,145.1766,19.4998,18.7500
370.4288,144.3484,19.4998,18.7500
375.0111,143.0700,20.1230,19.3493
381.4601,142.0599,20.1230,19.3493
384.8011,141.8268,20.1230,19.3493
388.1421,141.1275,20.1230,19.3493
391.0169,141.3606,20.1230,19.3493
394.5132,142.5261,20.1230,19.3493
397.0773,141.3606,20.1230,19.3493
401.8061,141.7507,20.7661,19.9677
402.8484,141.9912,20.7661,19.9677
407.7394,142.5525,20.7661,19.9677
410.7061,142.6327,20.7661,19.9677
410.9467,141.4300,20.7661,19.9677
410.7061,141.5101,20.7661,19.9677
408.8620,141.4300,20.7661,19.9677
408.1404,139.2651,20.7661,19.9677
407.8998,138.2227,20.7661,19.9677
404.1313,137.0200,20.7661,19.9677
402.1157,136.9415,21.4298,20.6058
401.5365,136.3623,21.4298,20.6058
399.1369,136.1140,21.4298,20.6058
398.0612,134.8729,21.4298,20.6058
397.3165,133.9627,21.4298,20.6058
395.0825,133.5490,21.4298,20.6058
394.9997,134.1282,21.4298,20.6058
393.5931,134.0455,21.4298,20.6058
390.8625,133.7972,21.4298,20.6058
389.2904,134.7074,21.4298,20.6058
386.0634,134.6247,21.4298,20.6058
383.9834,136.0330,22.1147,21.2644
382.3610,136.4599,22.1147,21.2644
380.3971,139.2777,22.1147,21.2644
378.7747,140.0462,22.1147,21.2644
376.1277,141.3270,22.1147,21.2644
374.3345,142.7786,22.1147,21.2644
373.0537,144.0595,22.1147,21.2644
370.7483,144.3156,22.1147,21.2644
367.5889,145.4257,22.1147,21.2644
362.0269,146.0251,22.8215,21.9440
357.7091,145.0558,22.8215,21.9440
352.1577,144.0865,22.8215,21.9440
349.7786,143.9984,22.8215,21.9440
347.7519,144.6152,22.8215,21.9440
345.5490,145.4083,22.8215,21.9440
