0.2108
0.23159
0.068011
0.041062
0.048633
0.044362
0.038178
0.03461
0.034637
0.034459
0.035879
0.035993
0.035745
0.035699
0.034955
0.034902
0.034858
0.034327
0.034873
0.03439
0.034975
0.035217
0.033686
0.034446
0.034675
0.034779
0.034799
0.034868
0.035129
0.034949
0.034194
0.03551
0.034863
0.034867
0.035009
0.03501
0.034832
0.035156
0.035084
0.0341
0.034908
0.034508
0.03575
0.035148
0.03482
0.035405
0.033787
0.034389
0.032752
0.032821
0.033265
0.031913
0.031642
0.03197
0.031667
0.032041
0.031607
0.032151
0.031378
0.032157
0.030965
0.031817
0.031321
