1
341.7279,113.8533,75.5223,15.2992
335.2923,115.1269,77.9360,15.7881
326.9104,115.7449,80.4268,16.2927
327.9603,117.4604,82.9972,16.8134
327.9603,117.4604,82.9972,16.8134
321.2584,117.7478,85.6498,17.3508
307.0712,120.1168,83.0353,16.8211
304.0732,127.6061,80.5007,16.3077
301.1667,134.1476,78.0434,15.8099
301.8350,140.8380,75.6611,15.3273
298.0894,144.2826,73.3515,14.8594
295.4410,145.0008,71.1124,14.4058
293.5087,132.9915,68.9417,13.9661
292.7389,132.2216,68.9417,13.9661
286.2464,113.4961,66.8372,13.5398
2
0
0
0
0
1
282.3955,20.9137,18.9571,67.9590
278.2917,29.2856,18.9571,67.9590
273.4922,38.0382,18.3784,65.8845
270.1123,43.3407,17.8174,63.8734
270.1123,43.3407,17.8174,63.8734
267.7614,46.0127,17.2735,61.9236
265.7813,42.3209,16.7462,60.0334
303.3618,3.5136,17.2814,61.9520
302.6135,12.3427,17.2814,61.9520
304.8227,24.8110,16.7539,60.0609
308.9955,38.0594,16.2425,58.2275
314.1661,47.8090,15.7467,56.4501
316.7245,53.9885,15.2660,54.7270
318.6761,58.3930,14.8000,53.0564
318.7738,60.3562,14.3482,51.4369
314.1472,58.5321,13.9102,49.8667
314.2390,55.3182,13.4856,48.3445
316.8972,45.6629,13.0740,46.8688
2
0
0
0
0
1
262.1400,66.7170,30.8574,43.7079
262.2862,68.9106,30.8574,43.7079
261.5551,71.1041,30.8574,43.7079
259.3615,75.3450,30.8574,43.7079
259.3615,75.3450,30.8574,43.7079
256.5830,78.4159,30.8574,43.7079
253.8045,78.8546,30.8574,43.7079
253.3658,86.0202,30.8574,43.7079
256.6153,95.6077,29.9155,42.3737
260.6162,99.7987,29.0023,41.0802
266.8012,100.2111,29.0023,41.0802
272.8791,103.7244,28.1170,39.8262
237.6517,120.8101,29.0156,41.0991
229.8138,125.0728,29.0156,41.0991
229.6763,124.6603,29.0156,41.0991
229.8138,123.6977,29.0156,41.0991
230.2263,123.5602,29.0156,41.0991
228.8816,129.0003,28.1299,39.8445
229.9775,136.1406,27.2712,38.6282
229.3313,142.7319,27.2712,38.6282
229.2832,146.8965,28.1428,39.8628
228.9669,149.5938,29.0423,41.1368
222.8598,184.8589,29.9705,42.4515
223.2859,185.0009,29.9705,42.4515
223.1438,180.3139,29.9705,42.4515
222.4337,173.9224,29.9705,42.4515
221.3287,171.8717,29.0556,41.1557
220.8083,177.5946,28.1687,39.8994
223.7746,189.2836,27.3088,38.6815
227.0101,197.9547,27.3088,38.6815
229.3682,206.4396,26.4752,37.5007
230.3996,212.4071,25.6670,36.3560
231.7376,217.8808,25.6670,36.3560
231.6160,221.8949,25.6670,36.3560
229.3049,224.2060,25.6670,36.3560
228.4534,230.6529,25.6670,36.3560
229.8678,235.3024,26.4874,37.5179
230.2444,236.9342,26.4874,37.5179
229.9467,238.9707,27.3339,38.7170
250.3654,259.9848,28.2075,39.9544
253.9747,263.0594,28.2075,39.9544
254.6431,263.9951,28.2075,39.9544
255.5789,266.0003,28.2075,39.9544
255.7126,265.3319,28.2075,39.9544
256.3810,267.8718,28.2075,39.9544
257.0493,269.8770,28.2075,39.9544
257.4504,275.0904,28.2075,39.9544
257.5840,278.9671,28.2075,39.9544
257.1830,288.7256,28.2075,39.9544
275.4969,311.5845,28.2075,39.9544
276.4326,314.3917,28.2075,39.9544
275.2295,322.8134,28.2075,39.9544
272.4223,329.3636,28.2075,39.9544
269.0804,332.9729,28.2075,39.9544
271.7042,339.6867,29.1090,41.2313
269.3590,354.4474,29.1090,41.2313
263.7031,364.7937,29.1090,41.2313
260.2543,372.1050,29.1090,41.2313
256.2538,376.1056,29.1090,41.2313
254.4604,379.2784,29.1090,41.2313
253.2189,381.6236,29.1090,41.2313
251.7014,384.7964,29.1090,41.2313
251.5635,386.5898,29.1090,41.2313
251.4255,388.1072,29.1090,41.2313
251.2876,389.9006,29.1090,41.2313
250.5978,392.7975,29.1090,41.2313
250.1840,398.7294,29.1090,41.2313
248.3906,404.1095,29.1090,41.2313
247.7009,405.6269,29.1090,41.2313
247.8388,406.0408,29.1090,41.2313
247.1490,412.2485,29.1090,41.2313
241.2172,417.9045,29.1090,41.2313
237.9368,417.0163,28.2204,39.9727
238.8730,419.8249,28.2204,39.9727
240.0766,425.0407,28.2204,39.9727
242.6177,431.8614,28.2204,39.9727
240.6116,444.5666,28.2204,39.9727
238.6055,448.4450,28.2204,39.9727
238.4718,457.6730,28.2204,39.9727
237.9663,460.8242,27.3590,38.7525
238.3553,462.5097,27.3590,38.7525
241.3374,465.2325,27.3590,38.7525
248.2092,471.0671,27.3590,38.7525
254.3031,475.3457,27.3590,38.7525
269.4729,499.3322,27.3590,38.7525
269.6026,504.6482,27.3590,38.7525
269.4729,508.6675,27.3590,38.7525
268.3060,513.2055,27.3590,38.7525
268.4357,517.2249,27.3590,38.7525
267.0094,520.4663,27.3590,38.7525
266.8798,524.4857,27.3590,38.7525
265.9722,528.2457,27.3590,38.7525
263.7680,536.4141,27.3590,38.7525
253.5251,542.2487,27.3590,38.7525
249.5058,543.9341,27.3590,38.7525
251.9693,551.8433,27.3590,38.7525
245.8754,585.6837,27.3590,38.7525
279.2786,601.0121,28.2334,39.9911
280.0316,600.2393,29.1357,41.2692
283.0180,592.5379,30.0669,42.5882
319.7274,568.6315,31.0278,43.9493
327.5207,563.1909,31.0278,43.9493
334.4317,559.2207,31.0278,43.9493
345.1659,551.4274,31.0278,43.9493
357.4629,541.4613,32.0195,45.3539
368.6355,530.8732,33.0428,46.8034
381.0063,521.9474,33.0428,46.8034
402.7727,505.8184,33.0428,46.8034
407.8183,496.0410,32.0342,45.3747
409.2799,486.0553,33.0580,46.8249
410.7883,477.3171,34.1145,48.3214
444.2544,465.8384,34.1145,48.3214
482.8940,501.5679,34.1145,48.3214
484.4506,500.6341,35.2048,49.8658
485.6184,498.7988,35.2048,49.8658
487.7874,488.6217,35.2048,49.8658
489.2889,489.4559,35.2048,49.8658
493.1262,493.2932,35.2048,49.8658
495.7336,496.3336,36.3300,51.4595
494.9808,503.2590,37.4911,53.1041
491.0059,510.7610,38.6893,54.8013
486.9040,515.5692,39.9258,56.5528
483.8062,520.9095,41.2019,58.3602
474.2385,530.4772,41.2019,58.3602
466.4712,530.0012,39.9442,56.5787
464.3889,533.5978,39.9442,56.5787
464.5782,540.6019,39.9442,56.5787
469.3107,549.1204,39.9442,56.5787
471.7716,554.2314,39.9442,56.5787
475.7469,562.7499,39.9442,56.5787
483.1295,573.1613,39.9442,56.5787
490.1336,594.5521,39.9442,56.5787
533.3355,602.4197,38.7248,54.8517
532.4179,589.0227,38.7248,54.8517
534.4366,584.4347,38.7248,54.8517
542.3280,566.6332,38.7248,54.8517
548.7512,545.5283,38.7248,54.8517
554.0733,528.8279,38.7248,54.8517
560.8636,511.7605,38.7248,54.8517
560.4283,501.8915,39.9625,56.6047
573.9936,483.7528,41.2397,58.4138
593.4648,486.1418,42.5577,60.2807
588.0193,474.6458,42.5577,60.2807
588.6243,477.2677,42.5577,60.2807
611.0114,490.7806,42.5577,60.2807
626.1378,497.8396,42.5577,60.2807
635.0563,508.6422,41.2586,58.4406
644.6373,519.0052,41.2586,58.4406
658.1287,528.9771,41.2586,58.4406
667.7096,536.9938,41.2586,58.4406
676.5084,544.6194,41.2586,58.4406
684.1340,552.2450,41.2586,58.4406
695.4019,560.1099,42.5773,60.3084
702.8677,566.3650,42.5773,60.3084
709.3691,573.1370,41.2776,58.4674
719.3456,580.7661,41.2776,58.4674
731.1259,592.0262,40.0176,56.6827
731.5469,604.0806,38.7960,54.9525
730.7432,612.9468,40.0359,56.7087
735.9851,620.1992,41.3155,58.5211
786.4281,612.4111,42.6359,60.3915
791.6064,608.8193,43.9986,62.3216
794.4481,604.6957,45.4048,64.3134
799.1019,600.0100,46.8559,66.3689
803.0163,594.2863,48.3534,68.4900
806.5975,589.7546,49.8988,70.6789
808.8743,587.9157,51.4935,72.9378
804.8790,585.0419,53.1393,75.2689
814.8586,575.0250,54.8376,77.6745
829.3152,569.3658,56.5902,80.1570
841.0156,568.8895,58.3988,82.7188
849.7689,568.3979,60.2653,85.3625
855.7666,570.3971,60.2653,85.3625
856.8028,569.3186,62.1914,88.0907
878.6779,571.5473,60.2929,85.4017
888.1071,571.8330,60.2929,85.4017
891.4296,571.3255,62.2199,88.1311
895.2629,571.6204,62.2199,88.1311
904.4037,567.7871,62.2199,88.1311
918.8521,565.1333,62.2199,88.1311
927.4032,565.4282,62.2199,88.1311
935.3646,563.3641,62.2199,88.1311
943.9157,560.7103,62.2199,88.1311
949.5181,558.0565,62.2199,88.1311
955.1206,557.1719,62.2199,88.1311
961.9025,555.6976,62.2199,88.1311
966.9152,553.6335,62.2199,88.1311
970.7485,554.5181,62.2199,88.1311
979.8893,551.8644,62.2199,88.1311
985.4918,551.5695,62.2199,88.1311
996.9916,554.2233,62.2199,88.1311
1006.1324,555.6976,62.2199,88.1311
1010.7405,555.7636,64.2085,90.9478
1018.3478,559.1108,64.2085,90.9478
1025.3464,560.0237,64.2085,90.9478
1031.1279,562.1537,64.2085,90.9478
1035.6923,563.0665,64.2085,90.9478
1040.2567,564.5880,64.2085,90.9478
1056.1469,568.1061,62.2485,88.1716
1065.8818,568.9911,62.2485,88.1716
1074.4369,568.6962,62.2485,88.1716
1081.2219,567.8112,62.2485,88.1716
1096.0371,561.7819,60.3483,85.4801
1097.6467,557.8419,62.2771,88.2121
1095.7661,556.1371,64.2674,91.0313
1112.5173,552.7869,64.2674,91.0313
1124.1582,552.6534,62.3056,88.2526
1137.2153,550.7524,60.4037,85.5586
1142.6542,549.8936,60.4037,85.5586
1153.8184,545.5997,60.4037,85.5586
1172.9977,568.2142,60.4037,85.5586
1177.8640,588.5386,60.4037,85.5586
1184.0553,604.0606,62.3342,88.2931
1189.8535,618.8971,64.3264,91.1149
1193.3983,632.3787,66.3823,94.0270
1198.1172,649.6812,66.3823,94.0270
1202.2069,663.8378,66.3823,94.0270
1202.5215,667.9276,66.3823,94.0270
1219.1948,692.1511,66.3823,94.0270
1253.4854,691.8365,66.3823,94.0270
1293.1934,695.4738,64.3560,91.1568
1322.1674,695.7787,64.3560,91.1568
1370.4229,676.1259,62.3915,88.3742
1384.3197,643.3055,62.3915,88.3742
1406.4956,608.7110,62.3915,88.3742
1425.7148,581.8043,62.3915,88.3742
1445.5253,559.6283,62.3915,88.3742
1465.9271,538.0438,62.3915,88.3742
1485.1462,518.8246,62.3915,88.3742
1503.7740,500.1968,62.3915,88.3742
1520.0364,483.3431,62.3915,88.3742
1533.9332,452.2968,62.3915,88.3742
1531.8635,438.3999,62.3915,88.3742
1518.5580,415.6327,62.3915,88.3742
1505.8438,399.9617,62.3915,88.3742
1493.1296,381.9253,62.3915,88.3742
1478.6414,364.4802,62.3915,88.3742
1468.8839,351.7660,62.3915,88.3742
1457.9438,337.2777,62.3915,88.3742
1448.7777,323.3808,62.3915,88.3742
1441.9772,311.2580,62.3915,88.3742
1433.4025,299.7265,62.3915,88.3742
1427.1932,289.9691,62.3915,88.3742
1420.3926,279.0290,62.3915,88.3742
1396.0369,272.5902,64.3855,91.1986
1408.5472,280.8287,64.3855,91.1986
2
0
0
0
0
1
1132.9706,353.7478,73.2941,14.6406
1128.0460,353.6771,75.6366,15.1085
1112.1860,353.6040,78.0540,15.5914
1112.1860,353.6040,78.0540,15.5914
1112.1860,353.6040,78.0540,15.5914
1093.0387,353.5287,80.5486,16.0897
1046.2306,354.4254,80.5486,16.0897
1032.2101,354.7063,83.1229,16.6039
1020.9207,354.5212,83.1229,16.6039
1008.8909,355.0764,83.1229,16.6039
993.9000,353.7809,83.1229,16.6039
980.9180,342.0046,80.5855,16.0971
2
0
0
0
0
1
1009.4194,380.4945,42.0756,26.2587
1015.2725,369.8054,40.7913,25.4572
1025.8693,370.5826,39.5461,24.6801
1028.8588,377.6150,38.3389,23.9267
2
1004.2621,409.0085,39.5643,24.6914
0
0
0
0
1
876.7106,354.5067,57.6887,22.1716
871.6528,352.5142,57.6887,22.1716
860.7706,350.2151,57.6887,22.1716
848.6601,347.2552,59.5324,22.8802
848.6601,347.2552,59.5324,22.8802
828.5728,348.0461,59.5324,22.8802
813.8632,352.3166,59.5324,22.8802
772.5814,320.2086,59.5324,22.8802
769.5739,319.6848,61.4351,23.6115
725.9910,321.4294,63.3985,24.3661
714.7031,320.5347,65.4248,25.1448
703.0544,318.5685,67.5157,25.9485
689.9598,318.7478,67.5157,25.9485
675.4302,317.1334,67.5157,25.9485
657.3130,311.9315,67.5157,25.9485
645.2947,308.8820,67.5157,25.9485
633.6351,305.1151,67.5157,25.9485
592.1987,288.4329,67.5157,25.9485
584.1267,285.7422,67.5157,25.9485
572.8259,283.4103,67.5157,25.9485
562.6014,281.0784,67.5157,25.9485
552.7356,278.3878,67.5157,25.9485
544.6636,276.7733,67.5157,25.9485
536.5916,275.1590,67.5157,25.9485
528.1608,272.4683,67.5157,25.9485
529.0577,271.9301,67.5157,25.9485
534.2138,265.3304,65.4548,25.1564
495.0858,282.1990,65.4548,25.1564
486.5645,285.1553,65.4548,25.1564
440.1300,292.5789,67.5467,25.9604
426.6678,295.5739,69.7055,26.7901
415.3709,298.3518,69.7055,26.7901
402.5923,301.1297,69.7055,26.7901
353.1423,310.1466,71.9333,27.6463
342.2000,319.9332,69.7375,26.8024
336.0384,324.9743,67.6088,25.9842
328.6279,324.8320,65.5450,25.1910
321.0953,313.8972,63.5442,24.4221
312.8228,301.9106,63.5442,24.4221
305.5201,292.9979,61.6045,23.6766
2
0
0
0
0
1
257.8458,165.1047,24.4416,49.5600
249.4617,164.5690,23.6955,48.0472
241.6120,165.9983,22.9722,46.5805
241.6120,165.9983,22.9722,46.5805
234.8114,163.0661,22.2710,45.1586
2
0
0
0
0
1
322.8001,115.4928,50.7166,22.2653
322.3774,115.3519,50.7166,22.2653
325.6183,113.8019,50.7166,22.2653
325.6183,113.8019,50.7166,22.2653
328.2956,113.3792,50.7166,22.2653
342.1742,102.8690,49.1685,21.5856
343.9501,98.9073,49.1685,21.5856
344.0175,95.2751,47.6676,20.9267
344.6797,93.8183,47.6676,20.9267
2
0
0
0
0
1
440.1005,125.6741,49.5022,25.4028
