0.21809
0.24909
0.083526
0.056705
0.063647
0.05837
NaN
0.053077
0.048881
0.048911
0.048275
0.04894
0.046636
0.048357
0.048171
0.048791
0.04842
NaN
NaN
NaN
NaN
0.22188
0.25021
0.084841
0.05436
0.064527
0.059768
NaN
0.053701
0.049644
0.05103
0.049474
0.050325
0.04911
0.04792
0.048073
0.047619
0.048061
0.047913
0.048212
0.048375
NaN
NaN
NaN
NaN
0.30768
0.24938
0.083373
0.054032
0.063245
0.058294
NaN
0.052965
0.048784
0.048898
0.049073
0.049874
0.049319
0.048626
0.048638
0.047373
0.04832
0.048711
0.048214
0.048378
0.048582
0.049487
0.049272
0.048346
0.048786
0.048567
0.04906
0.04703
0.048282
0.04844
0.048521
0.04926
0.049022
0.048283
0.048458
0.048594
0.049244
0.048493
0.04839
0.046939
0.048807
0.049497
0.048956
0.049038
0.048441
0.049024
0.049233
0.048585
0.048242
0.048306
0.048569
0.046949
0.04812
0.048137
0.048272
0.048579
0.049296
0.048242
0.048219
0.048471
0.048968
0.04905
0.048375
0.046948
0.048336
0.04871
0.048838
0.048148
0.048277
0.048429
0.049185
0.049133
0.048422
0.048249
0.048267
0.046889
0.04834
0.048069
0.048176
0.048245
0.049005
0.048822
0.048108
0.048149
0.04823
0.049043
0.048887
0.046905
0.048084
0.048279
0.049059
0.048331
0.048098
0.046416
0.04825
0.049089
0.04834
0.048067
0.048191
0.046764
0.048376
0.048976
0.048449
0.047917
0.048309
0.048943
0.048122
0.04795
0.048051
0.048394
0.048784
0.046749
0.048157
0.048473
0.048554
0.049052
0.048172
0.048038
0.04814
0.048976
0.048781
0.048255
0.04794
0.046902
0.048148
0.048359
0.048674
0.049046
0.048912
0.049374
0.048561
0.04802
0.047954
0.048128
0.048823
0.046781
0.047902
0.04803
0.048231
0.049031
0.0484
0.047943
0.048068
0.048466
0.049001
0.04824
0.048183
0.04678
0.048017
0.048756
0.048207
0.04789
0.048032
0.048385
0.048978
0.048112
0.048019
0.048188
0.048849
0.046822
0.048
0.047889
0.048174
0.048511
0.049036
0.048201
0.048177
0.048266
0.049369
0.050359
0.048928
0.047736
0.048755
0.04876
0.048733
0.048198
0.04807
0.04803
0.04912
0.049103
0.049798
0.049076
0.049078
0.047667
0.049072
0.048871
0.048945
0.049407
0.049937
0.04973
0.049069
0.049035
0.049246
0.050003
0.049642
0.047674
0.047739
0.049335
0.04993
0.049328
0.048942
0.049297
0.049248
0.049879
0.049486
0.048953
0.049114
0.047831
0.049061
0.049316
0.048803
0.049126
0.049224
0.049941
0.049131
0.049163
0.049373
0.049723
0.049886
0.047786
0.048808
0.048949
0.049424
0.049858
0.049297
0.048912
0.049149
0.049635
0.049748
0.049059
0.048968
0.047658
0.048912
0.049467
0.048943
0.049129
0.049089
0.049852
0.049845
0.049067
0.048977
0.049111
0.049632
0.047671
0.048797
0.048947
0.049154
0.049874
NaN
NaN
NaN
NaN
0.21951
0.24677
0.083334
0.052571
0.12341
NaN
NaN
0.058852
0.052594
0.049657
0.050435
0.049089
0.048969
0.048903
NaN
NaN
NaN
NaN
0.27676
0.2749
0.084015
0.056734
0.064906
0.059653
NaN
NaN
NaN
NaN
NaN
0.22093
0.24687
0.082905
0.056027
0.064073
0.060586
NaN
0.053326
0.04929
0.04942
0.048648
0.049357
0.049175
0.049136
0.048959
0.050734
0.049697
0.049515
0.049209
0.049426
0.049861
0.049957
0.047571
0.049022
0.049273
0.050101
0.049387
0.048768
0.049054
0.04927
0.049931
0.049095
0.049562
0.048829
0.047891
0.048649
0.04906
0.047003
0.0494
0.049278
0.04987
0.049817
NaN
NaN
NaN
NaN
0.28973
0.26326
0.082704
0.055424
0.10597
NaN
0.060497
NaN
NaN
NaN
NaN
0.21869
0.24675
0.15228
0.057755
0.078054
NaN
0.0605
0.055826
0.052025
0.051164
0.050964
NaN
NaN
NaN
NaN
0.21951
0.24683
