1
182.8742,21.3108,48.2116,37.7428
183.3809,22.8308,48.2116,37.7428
183.8875,23.6752,48.2116,37.7428
182.7053,25.1952,48.2116,37.7428
182.8742,26.7152,48.2116,37.7428
182.0298,28.2352,48.2116,37.7428
181.5231,30.0930,48.2116,37.7428
181.0164,31.2752,48.2116,37.7428
181.5231,33.1329,48.2116,37.7428
180.3409,35.3285,48.2116,37.7428
179.8342,36.8485,48.2116,37.7428
180.3409,37.0174,48.2116,37.7428
181.1853,38.1996,48.2116,37.7428
180.0031,40.0573,48.2116,37.7428
180.8475,40.9018,48.2116,37.7428
179.6653,43.0973,48.2116,37.7428
179.1586,44.9551,48.2116,37.7428
180.3409,45.7995,48.2116,37.7428
180.8475,46.3062,48.2116,37.7428
179.6653,47.4884,48.2116,37.7428
180.5097,48.6706,48.2116,37.7428
178.6520,49.1773,48.2116,37.7428
179.1586,50.6973,48.2116,37.7428
178.9898,51.5417,48.2116,37.7428
177.4698,53.7372,48.2116,37.7428
175.9498,53.5683,48.2116,37.7428
177.4698,55.4261,48.2116,37.7428
175.2742,56.9461,48.2116,37.7428
176.4565,56.4394,48.2116,37.7428
177.6387,58.2972,48.2116,37.7428
178.1453,57.4528,48.2116,37.7428
177.3009,58.6350,48.2116,37.7428
178.1453,57.4528,48.2116,37.7428
176.9631,57.6217,48.2116,37.7428
175.7809,57.4528,48.2116,37.7428
175.2742,56.9461,48.2116,37.7428
176.7942,56.4394,48.2116,37.7428
176.2876,57.2839,48.2116,37.7428
177.8075,56.7772,48.2116,37.7428
178.3142,55.5950,48.2116,37.7428
179.1586,55.7639,48.2116,37.7428
179.1844,55.6780,47.1835,36.9379
178.5723,57.1870,46.1773,36.1502
180.7797,56.7929,45.1926,35.3793
180.6214,57.5845,45.1926,35.3793
181.7296,56.7929,45.1926,35.3793
180.6214,57.5845,45.1926,35.3793
182.7818,58.1143,44.2288,34.6248
184.0000,58.3341,43.2856,33.8864
185.1923,57.3801,42.3625,33.1638
186.9313,57.3046,41.4592,32.4566
187.6575,56.8689,41.4592,32.4566
189.2551,57.3046,41.4592,32.4566
191.2369,56.9508,40.5750,31.7644
192.5162,57.3772,40.5750,31.7644
194.0797,56.0979,40.5750,31.7644
196.2933,55.7516,39.7098,31.0870
197.8234,55.8907,39.7098,31.0870
199.7217,55.2837,38.8629,30.4241
201.5795,54.6896,38.0342,29.7753
203.3976,53.8513,37.2231,29.1403
204.0496,52.9385,37.2231,29.1403
205.4840,52.5473,37.2231,29.1403
206.6575,51.8954,37.2231,29.1403
207.6828,53.5886,36.4293,28.5189
208.3209,52.4400,36.4293,28.5189
207.9380,52.5677,36.4293,28.5189
208.8313,51.9296,36.4293,28.5189
208.1128,52.1107,35.6524,27.9107
209.0948,51.5656,34.8921,27.3155
207.9353,52.9172,34.1480,26.7330
209.3371,53.3175,33.4198,26.1629
209.9224,53.2004,33.4198,26.1629
210.9761,52.6151,33.4198,26.1629
211.2196,52.5555,32.7071,25.6050
212.3414,52.7181,32.0096,25.0590
213.1263,53.7273,32.0096,25.0590
212.9272,53.2379,31.3270,24.5246
213.9149,52.4698,31.3270,24.5246
214.9025,53.2379,31.3270,24.5246
215.8902,52.0308,31.3270,24.5246
217.3168,53.0185,31.3270,24.5246
216.3291,51.8113,31.3270,24.5246
217.7558,51.9211,31.3270,24.5246
219.6213,52.0308,31.3270,24.5246
221.4869,52.7990,31.3270,24.5246
223.3525,53.3477,31.3270,24.5246
224.3402,52.3600,31.3270,24.5246
223.5720,51.1529,31.3270,24.5246
223.4623,51.0431,31.3270,24.5246
223.5720,51.3724,31.3270,24.5246
225.4926,52.1627,30.6590,24.0016
226.9582,54.1785,30.0052,23.4897
227.9042,53.4427,30.0052,23.4897
227.3787,52.0763,30.0052,23.4897
226.2225,50.7098,30.0052,23.4897
224.6458,48.9230,30.0052,23.4897
223.4896,47.5566,30.0052,23.4897
222.3334,45.7697,30.0052,23.4897
220.9670,43.9828,30.0052,23.4897
220.2312,42.6164,30.0052,23.4897
219.9159,41.0398,30.0052,23.4897
221.2823,42.4062,30.0052,23.4897
220.4879,41.5422,29.3653,22.9888
219.3137,40.1018,28.7391,22.4986
218.3587,38.3040,28.1262,22.0188
213.7279,34.2643,28.1262,22.0188
212.0529,32.5894,28.1262,22.0188
210.9283,31.2097,27.5264,21.5492
210.6391,30.1490,27.5264,21.5492
210.3498,28.1241,27.5264,21.5492
209.6748,26.8705,27.5264,21.5492
209.1318,25.3344,26.9394,21.0897
209.7924,26.5613,26.9394,21.0897
208.5656,33.4503,26.9394,21.0897
208.0938,34.8658,26.9394,21.0897
207.8107,34.2052,26.9394,21.0897
208.2825,32.6009,26.9394,21.0897
207.8107,29.1092,26.9394,21.0897
208.8487,27.5049,26.9394,21.0897
209.8868,26.0894,26.9394,21.0897
210.7361,24.8626,26.9394,21.0897
211.2080,24.0133,26.9394,21.0897
210.9249,22.7864,26.9394,21.0897
211.7742,22.1259,26.9394,21.0897
212.4348,20.8990,26.9394,21.0897
213.2841,20.2385,26.9394,21.0897
214.3222,19.2004,26.9394,21.0897
215.3603,18.5398,26.9394,21.0897
216.5871,19.2004,26.9394,21.0897
218.1914,18.9173,26.9394,21.0897
219.6069,20.1441,26.9394,21.0897
223.0986,20.8047,26.9394,21.0897
225.0804,21.8427,26.9394,21.0897
226.4959,22.8808,26.9394,21.0897
227.5340,23.5414,26.9394,21.0897
228.5720,24.0133,26.9394,21.0897
228.1002,25.6175,26.9394,21.0897
227.8171,28.7318,26.9394,21.0897
228.8552,29.9586,26.9394,21.0897
230.0820,30.8079,26.9394,21.0897
231.3088,32.6009,26.9394,21.0897
235.1779,34.0165,26.9394,21.0897
238.8584,35.4320,26.9394,21.0897
243.2937,37.2251,26.9394,21.0897
247.1629,38.6406,26.9394,21.0897
248.5785,39.6787,26.9394,21.0897
249.6843,40.5403,26.3649,20.6399
251.0697,36.7536,26.3649,20.6399
252.2704,34.9988,26.3649,20.6399
2
0
0
0
0
1
246.3125,86.4279,14.5470,54.5193
246.9632,87.5991,14.5470,54.5193
247.6139,88.7704,14.5470,54.5193
249.0454,89.4211,14.5470,54.5193
248.1345,89.0307,14.5470,54.5193
249.0454,90.2020,14.5470,54.5193
247.8742,90.3321,14.5470,54.5193
246.7029,91.7636,14.5470,54.5193
245.7919,90.5924,14.5470,54.5193
243.8398,92.0239,14.5470,54.5193
242.4083,91.6335,14.5470,54.5193
241.4973,93.0650,14.5470,54.5193
239.8055,93.7157,14.5470,54.5193
237.5931,94.6267,14.5470,54.5193
235.9013,94.4966,14.5470,54.5193
233.6889,93.5856,14.5470,54.5193
232.5176,94.2363,14.5470,54.5193
230.5655,94.3664,14.5470,54.5193
229.1340,94.7569,14.5470,54.5193
227.1819,94.6267,14.5470,54.5193
226.0106,95.2774,14.5470,54.5193
224.5791,94.8870,14.5470,54.5193
222.8872,93.4555,14.5470,54.5193
221.1954,94.6267,14.5470,54.5193
220.2844,96.0583,14.5470,54.5193
219.6337,96.9692,14.5470,54.5193
2
0
0
0
0
1
198.5488,175.4777,46.0658,45.9809
197.6429,177.4708,46.0658,45.9809
197.8241,179.1016,46.0658,45.9809
197.2805,179.6451,46.0658,45.9809
196.0121,181.6383,46.0658,45.9809
195.1062,181.0947,46.0658,45.9809
194.2002,180.5511,46.0658,45.9809
193.2942,181.8195,46.0658,45.9809
191.6635,181.6383,46.0658,45.9809
190.0327,180.7323,46.0658,45.9809
186.9524,180.9135,46.0658,45.9809
184.2345,182.1818,46.0658,45.9809
181.1542,180.9135,46.0658,45.9809
178.0739,182.9066,46.0658,45.9809
175.3560,184.1750,46.0658,45.9809
172.6380,185.0810,46.0658,45.9809
170.2825,185.9869,46.0658,45.9809
167.5646,187.6177,46.0658,45.9809
164.4843,189.2484,46.0658,45.9809
162.1288,190.8792,46.0658,45.9809
159.4109,192.8723,46.0658,45.9809
156.6929,194.8655,46.0658,45.9809
155.0622,196.4962,46.0658,45.9809
153.0691,197.0398,46.0658,45.9809
151.0759,197.9458,46.0658,45.9809
149.4452,199.9389,46.0658,45.9809
148.1768,201.9320,46.0658,45.9809
146.1837,203.5628,46.0658,45.9809
144.1905,205.1935,46.0658,45.9809
141.8350,205.7371,46.0658,45.9809
140.2043,207.3679,46.0658,45.9809
138.2111,206.8243,46.0658,45.9809
136.2180,208.4550,46.0658,45.9809
134.2249,208.6362,46.0658,45.9809
134.4061,210.2670,46.0658,45.9809
134.9496,212.2601,46.0658,45.9809
136.9428,213.1661,46.0658,45.9809
136.3992,214.4345,46.0658,45.9809
134.1977,215.2417,47.0850,46.9983
131.1789,216.0668,48.1268,48.0381
128.3394,217.3919,48.1268,48.0381
125.4999,219.0956,48.1268,48.0381
123.4176,221.1779,48.1268,48.0381
120.5781,223.2602,48.1268,48.0381
117.7385,224.9639,48.1268,48.0381
114.8990,226.2890,48.1268,48.0381
112.4381,225.7211,48.1268,48.0381
109.5986,227.0463,48.1268,48.0381
107.8949,225.3425,48.1268,48.0381
107.7056,224.7746,48.1268,48.0381
108.6521,226.4783,48.1268,48.0381
109.9772,225.1532,48.1268,48.0381
109.4093,224.5853,48.1268,48.0381
109.5986,225.5318,48.1268,48.0381
111.2266,223.6256,49.1916,49.1010
110.6461,222.2712,49.1916,49.1010
109.2917,221.3037,49.1916,49.1010
110.6461,220.7233,49.1916,49.1010
108.9047,219.3688,49.1916,49.1010
111.8071,220.7233,49.1916,49.1010
110.4526,219.7558,49.1916,49.1010
108.3243,220.3363,49.1916,49.1010
104.7689,220.7968,50.2799,50.1873
101.0113,220.5991,50.2799,50.1873
97.2537,220.0058,50.2799,50.1873
93.8916,220.5991,50.2799,50.1873
90.9250,221.1924,50.2799,50.1873
87.9585,222.5768,50.2799,50.1873
84.9919,221.9834,50.2799,50.1873
82.0253,223.7634,50.2799,50.1873
79.0588,224.3567,50.2799,50.1873
77.2789,223.3678,50.2799,50.1873
79.5306,224.8561,49.2077,49.1171
79.8687,224.8201,48.1583,48.0696
79.4693,225.8804,47.1313,47.0445
81.9374,227.9902,46.1262,46.0413
85.7518,226.9072,45.1426,45.0594
89.8272,225.8474,44.1799,44.0985
93.8458,223.3763,45.1574,45.0742
98.2863,222.8435,45.1574,45.0742
102.3716,221.6001,45.1574,45.0742
104.2677,220.9172,46.1565,46.0715
106.5825,221.3493,47.1777,47.0908
110.4794,220.4215,47.1777,47.0908
114.3808,219.6716,46.1716,46.0866
115.6521,220.5796,46.1716,46.0866
114.5761,222.1424,47.1932,47.1063
115.6160,223.8971,46.1868,46.1017
118.0346,225.2642,45.2018,45.1186
118.6880,224.2030,44.2379,44.1564
2
0
0
0
0
1
170.7466,220.0508,44.6420,44.5047
169.5182,218.1205,44.6420,44.5047
168.6408,217.2430,44.6420,44.5047
167.7633,217.0675,44.6420,44.5047
166.1840,216.1901,44.6420,44.5047
168.4653,216.7166,44.6420,44.5047
169.6937,217.5940,44.6420,44.5047
167.7633,216.3656,44.6420,44.5047
168.9917,216.1901,44.6420,44.5047
170.9221,215.6637,44.6420,44.5047
173.2034,216.8921,44.6420,44.5047
175.1337,216.0146,44.6420,44.5047
173.5543,215.8391,44.6420,44.5047
175.8356,215.3127,44.6420,44.5047
184.0835,216.1901,44.6420,44.5047
187.7687,215.3127,44.6420,44.5047
190.4009,215.4882,44.6420,44.5047
190.2254,216.0146,44.6420,44.5047
192.1558,215.8391,44.6420,44.5047
194.4371,216.0146,44.6420,44.5047
196.7184,217.5940,44.6420,44.5047
196.8939,219.1734,44.6420,44.5047
197.4204,218.2960,44.6420,44.5047
200.4036,217.7695,44.6420,44.5047
203.3869,215.8391,44.6420,44.5047
206.0191,213.9088,44.6420,44.5047
207.5985,211.2765,44.6420,44.5047
208.4759,210.0481,44.6420,44.5047
210.4063,207.7668,44.6420,44.5047
211.9857,205.8365,44.6420,44.5047
214.6605,204.7887,43.6900,43.5556
217.9405,203.4323,42.7583,42.6267
229.8988,201.7807,41.8465,41.7177
236.8456,200.7986,40.9541,40.8281
240.8511,202.6304,40.0807,39.9574
245.4202,201.5275,40.0807,39.9574
249.0440,201.3700,40.0807,39.9574
252.0376,202.4729,40.0807,39.9574
256.2916,202.3153,40.0807,39.9574
259.6002,201.2124,40.0807,39.9574
261.6484,200.7397,40.0807,39.9574
263.6966,200.5822,40.0807,39.9574
265.1146,201.0549,40.0807,39.9574
266.8477,199.0066,40.0807,39.9574
269.5262,197.9037,40.0807,39.9574
273.1500,195.5404,40.0807,39.9574
278.9795,192.5469,40.0807,39.9574
281.9731,189.5533,40.0807,39.9574
287.1724,185.9295,40.0807,39.9574
293.6322,182.6209,40.0807,39.9574
297.2559,178.3669,40.0807,39.9574
301.5099,175.0582,40.0807,39.9574
307.0244,171.7496,40.0807,39.9574
312.5388,169.3863,40.0807,39.9574
323.7252,162.2963,40.0807,39.9574
331.4455,159.3027,40.0807,39.9574
338.2203,157.2545,40.0807,39.9574
344.9952,154.5761,40.0807,39.9574
351.4550,152.2127,40.0807,39.9574
357.3867,149.3188,40.9675,40.8415
363.6673,146.9032,40.9675,40.8415
370.1577,145.6312,40.0939,39.9705
373.4715,146.2093,39.2388,39.1181
376.0937,146.0551,39.2388,39.1181
379.6414,145.2838,39.2388,39.1181
385.5606,144.0656,38.4021,38.2839
382.9943,146.3299,38.4021,38.2839
381.0319,147.9904,38.4021,38.2839
387.2211,145.7261,38.4021,38.2839
390.0893,143.7637,38.4021,38.2839
392.9574,141.8012,38.4021,38.2839
394.9198,140.4426,38.4021,38.2839
395.9766,138.7821,38.4021,38.2839
394.6179,137.7254,38.4021,38.2839
393.0968,134.6394,39.2517,39.1309
393.5597,132.6335,39.2517,39.1309
392.1710,131.2448,39.2517,39.1309
391.3995,132.3249,39.2517,39.1309
390.9366,130.6277,39.2517,39.1309
390.7823,128.9304,39.2517,39.1309
390.3195,127.5417,39.2517,39.1309