1
536.8127,243.6053,40.6599,14.9646
539.0314,246.9232,39.4187,14.5078
541.4069,249.5053,39.4187,14.5078
541.7065,254.1278,40.6786,14.9714
543.0922,258.0715,40.6786,14.9714
547.6753,266.9181,40.6786,14.9714
549.0609,270.0090,40.6786,14.9714
549.8070,273.3132,40.6786,14.9714
551.6190,276.8305,40.6786,14.9714
554.7099,278.4293,40.6786,14.9714
557.1428,285.1595,39.4368,14.5144
559.5013,288.1709,38.2330,14.0714
558.1990,291.6772,38.2330,14.0714
560.0925,293.9567,39.4549,14.5211
562.0386,298.2101,38.2506,14.0778
562.7401,304.7246,38.2506,14.0778
561.8282,306.4039,39.4731,14.5278
561.1042,311.0581,39.4731,14.5278
559.3459,312.6095,39.4731,14.5278
555.5011,320.1745,38.2681,14.0843
557.8073,328.0958,38.2681,14.0843
561.9008,334.2267,37.1000,13.6544
563.9422,334.5183,37.1000,13.6544
561.6968,337.3136,38.2857,14.0908
573.0149,332.6132,37.1170,13.6606
2
0
0
0
0
1
559.0076,365.4011,59.1258,14.4705
556.8204,370.2776,61.0155,14.9330
553.4235,369.3266,62.9656,15.4103
551.8064,364.7693,62.9656,15.4103
546.8309,363.4939,64.9779,15.9028
542.8162,351.1447,62.9945,15.4173
539.2182,348.5855,61.0715,14.9467
547.7076,362.6448,59.2073,14.4905
558.1496,358.8571,57.4000,14.0481
546.3770,344.8289,59.2345,14.4971
541.0575,339.9330,57.4263,14.0546
554.4033,341.8905,55.6734,13.6256
555.6430,341.4486,53.9739,13.2096
552.5602,336.7355,52.3264,12.8064
549.8159,332.8993,50.7291,12.4155
544.6229,329.2661,52.3504,12.8123
542.3005,325.7215,52.3504,12.8123
546.1553,324.8170,50.7524,12.4212
544.1408,322.3286,50.7524,12.4212
537.8605,315.1003,50.7524,12.4212
540.9598,311.7024,52.3744,12.8182
535.5228,307.1290,50.7757,12.4269
536.6534,307.4372,49.2257,12.0476
531.2516,308.2417,49.2257,12.0476
535.1772,320.1170,50.7990,12.4326
533.8725,321.6589,50.7990,12.4326
535.4144,320.3542,50.7990,12.4326
534.3469,320.7101,50.7990,12.4326
533.7539,327.2334,50.7990,12.4326
536.9562,332.5706,50.7990,12.4326
538.4981,336.0101,50.7990,12.4326
537.0933,340.9115,52.4225,12.8299
538.5811,340.3393,54.0979,13.2400
538.0175,352.2880,52.4466,12.8358
539.6093,357.0636,52.4466,12.8358
539.3835,362.3688,54.1228,13.2461
540.4141,362.5363,55.8526,13.6694
538.5280,370.4387,54.1476,13.2521
537.5363,370.3534,55.8782,13.6757
538.8613,372.3528,57.6641,14.1128
538.7990,368.1252,55.9038,13.6820
554.1404,349.9301,54.1974,13.2643
539.6562,362.1539,52.5430,12.8594
541.0057,361.0498,52.5430,12.8594
544.9505,358.2681,54.2222,13.2704
543.9574,354.6379,55.9552,13.6945
544.1582,350.5356,54.2471,13.2765
545.6194,349.5984,52.5912,12.8712
542.6157,348.4441,50.9859,12.4783
548.1101,348.3638,52.6154,12.8771
557.3895,348.4375,51.0093,12.4841
559.7163,348.9853,49.4522,12.1030
562.4339,347.6690,47.9427,11.7335
564.3970,345.9452,46.4792,11.3754
566.4588,352.3478,46.4792,11.3754
567.4355,353.1075,46.4792,11.3754
568.7546,354.3365,47.9647,11.7389
562.8794,355.9715,46.5005,11.3806
564.7251,358.9028,46.5005,11.3806
573.6447,364.9094,47.9867,11.7443
573.3687,370.8026,46.5219,11.3858
577.7304,375.7258,48.0087,11.7497
582.9987,379.8731,48.0087,11.7497
582.3436,381.5909,49.5431,12.1252
586.9885,384.2890,51.1265,12.5127
590.7531,392.2390,49.5658,12.1308
594.9373,399.1044,51.1499,12.5185
597.4451,398.0296,51.1499,12.5185
599.8522,396.0382,52.7847,12.9186
601.2079,396.1614,52.7847,12.9186
602.4595,394.8458,54.4717,13.3315
602.4793,392.9795,56.2126,13.7575
605.0435,388.3334,54.4967,13.3376
619.7442,369.5784,52.8332,12.9304
616.4799,362.0044,51.2204,12.5357
608.7066,375.7571,51.2204,12.5357
610.5004,373.7241,51.2204,12.5357
607.5107,373.1262,51.2204,12.5357
623.2411,356.9338,49.6569,12.1531
613.5203,358.9424,51.2439,12.5415
614.1828,356.1427,49.6797,12.1587
614.8250,352.5006,48.1632,11.7875
617.8612,345.8660,48.1632,11.7875
605.6644,333.5638,46.6930,11.4277
614.3354,331.4488,45.2677,11.0789
616.6771,322.7108,46.7145,11.4329
615.1671,319.3651,48.2074,11.7983
614.2146,315.6058,46.7359,11.4382
614.6005,311.3065,45.3093,11.0890
609.9623,301.0794,46.7574,11.4434
606.4860,294.4556,48.2517,11.8092
609.2073,291.6758,49.7938,12.1866
610.7811,288.0252,48.2739,11.8146
611.7955,285.2075,48.2739,11.8146
609.2637,280.7667,46.8003,11.4540
607.1876,280.2204,46.8003,11.4540
608.8853,276.3522,45.3717,11.1043
606.7175,275.7802,43.9867,10.7654
606.2040,273.0073,43.9867,10.7654
603.8419,263.2508,43.9867,10.7654
606.6700,269.4744,42.6440,10.4367
604.0352,267.5428,41.3423,10.1182
601.0947,265.2841,40.0803,9.8093
596.3222,263.6933,40.0803,9.8093
595.8543,264.1612,40.0803,9.8093
599.8782,258.4528,40.0803,9.8093
598.9570,258.3896,41.3613,10.1228
594.8563,262.8898,40.0987,9.8138
595.3245,262.6089,40.0987,9.8138
598.8387,264.3503,38.8747,9.5142
599.7044,264.9493,37.6880,9.2238
599.2644,263.8054,37.6880,9.2238
600.2324,263.0135,37.6880,9.2238
599.4404,264.5094,37.6880,9.2238
601.4643,267.9411,37.6880,9.2238
603.8873,271.6897,36.5376,8.9422
603.9727,274.3342,36.5376,8.9422
603.8873,275.9550,36.5376,8.9422
596.7348,276.4093,37.7053,9.2280
592.6989,281.9841,38.9104,9.5230
591.6229,286.1017,40.1540,9.8273
591.5292,290.8830,40.1540,9.8273
590.4187,298.5074,41.4373,10.1414
591.4012,305.9883,42.7616,10.4655
592.4152,321.4959,44.1283,10.8000
593.7546,331.6960,44.1283,10.8000
602.4252,336.1597,45.5386,11.1452
606.4163,344.5167,44.1485,10.8050
609.3185,348.3641,45.5595,11.1503
606.7822,360.2060,47.0156,11.5066
618.3671,367.5168,45.5804,11.1554
618.5966,369.9990,47.0372,11.5119
625.5743,377.5328,45.6014,11.1605
630.6356,382.7072,44.2094,10.8198
632.1839,386.9392,44.2094,10.8198
634.2005,391.3364,42.8599,10.4896
634.5544,394.3985,41.5516,10.1694
634.3755,397.0494,42.8795,10.4944
633.9907,399.9853,44.2500,10.8298
635.0399,400.5354,45.6642,11.1759
635.0565,401.5296,47.1236,11.5331
631.7729,404.9761,48.6297,11.9017
631.4323,407.1334,48.6297,11.9017
627.6854,406.3386,48.6297,11.9017
625.7552,403.5001,48.6297,11.9017
624.4105,401.3797,50.1839,12.2821
621.6166,398.0199,51.7878,12.6746
619.0775,394.7552,51.7878,12.6746
615.3291,383.0266,51.7878,12.6746
616.9659,380.1971,50.2069,12.2877
619.3286,377.0702,51.8116,12.6804
615.8855,375.9331,50.2300,12.2933
610.6710,368.2632,48.6967,11.9181
623.7462,348.3662,48.6967,11.9181
608.8519,348.4799,48.6967,11.9181
607.2075,349.0029,47.2102,11.5543
606.2155,347.5700,47.2102,11.5543
603.2985,344.5498,45.7691,11.2016
618.9169,326.3112,47.2319,11.5596
615.5576,313.5852,45.7901,11.2067
596.0504,327.1201,44.3924,10.8646
597.8680,322.4145,43.0373,10.5330
603.2476,320.0632,41.7236,10.2115
602.9554,312.9518,41.7236,10.2115
602.7757,308.7946,43.0570,10.5378
605.3430,305.0348,41.7427,10.2162
610.3658,295.5421,40.4685,9.9043
611.4051,290.1564,40.4685,9.9043
602.5381,302.9427,41.7619,10.2208
602.4407,305.1853,41.7619,10.2208
601.5631,306.0628,41.7619,10.2208
600.0182,304.8270,43.0966,10.5475
599.4302,302.9478,44.4740,10.8846
607.6333,287.2684,44.4740,10.8846
610.7646,293.8439,45.8953,11.2325
598.1368,310.9165,47.3622,11.5915
593.5097,314.8228,48.8759,11.9619
593.3956,317.2192,48.8759,11.9619
591.3593,317.3704,50.4379,12.3442
589.7289,318.7040,52.0499,12.7387
589.8505,321.9853,52.0499,12.7387
593.7582,327.4934,53.7134,13.1459
594.6361,333.1368,53.7134,13.1459
592.7549,334.2655,53.7134,13.1459
597.7133,321.7998,52.0738,12.7446
608.3561,324.7907,50.4842,12.3556
598.6362,351.7358,48.9432,11.9784
595.9115,352.3443,50.5074,12.3612
596.5011,359.5377,50.5074,12.3612
597.2271,363.2317,52.1216,12.7563
603.9202,369.1947,52.1216,12.7563
609.3964,373.2105,52.1216,12.7563
608.6851,379.2130,53.7874,13.1640
615.4084,385.3163,52.1456,12.7622
614.8651,391.4768,50.5538,12.3726
617.1077,397.0244,50.5538,12.3726
617.9974,401.8165,49.0106,11.9949
618.8598,403.7160,47.5146,11.6288
619.2522,406.6669,46.0642,11.2738
623.4467,407.4198,46.0642,11.2738
626.6899,407.9925,47.5364,11.6341
629.0803,404.7294,46.0853,11.2790
627.5906,400.9984,47.5582,11.6394
629.0938,398.1780,46.1065,11.2841
630.7663,398.4579,44.6991,10.9397
630.0918,395.5983,43.3346,10.6058
630.2473,390.6001,42.0118,10.2820
628.7760,389.3250,42.0118,10.2820
626.4371,383.3734,43.3545,10.6106
626.7952,380.8023,42.0311,10.2867
624.9306,375.6012,42.0311,10.2867
624.4399,370.5964,42.0311,10.2867
622.8851,364.6421,43.3744,10.6155
617.6348,360.5229,44.7607,10.9548
617.3213,355.4021,44.7607,10.9548
617.9000,351.7025,43.3943,10.6204
615.5696,349.5749,43.3943,10.6204
620.9395,343.3945,43.3943,10.6204
614.4709,334.2076,44.7812,10.9598
615.2028,329.7118,44.7812,10.9598
617.6076,323.9612,44.7812,10.9598
616.0954,322.1420,43.4142,10.6252
612.4621,321.8708,44.8018,10.9648
616.6625,306.5282,46.2336,11.3153
618.2817,307.2838,46.2336,11.3153
617.9579,304.5851,46.2336,11.3153
617.4182,299.9435,46.2336,11.3153
618.2318,295.9063,44.8223,10.9699
615.4624,297.6435,43.4541,10.6350
620.4337,290.2372,43.4541,10.6350
617.4058,285.7046,44.8429,10.9749
616.3104,290.3741,43.4741,10.6399
615.4514,288.8110,42.1470,10.3151
615.1561,286.7445,42.1470,10.3151
614.8610,288.4174,42.1470,10.3151
612.2040,289.3030,42.1470,10.3151
612.6960,291.5663,42.1470,10.3151
608.5784,291.4999,43.4940,10.6448
607.7818,300.1646,44.8841,10.9850
608.7249,305.7187,44.8841,10.9850
603.5015,307.5343,46.3186,11.3361
603.6096,314.1311,46.3186,11.3361
604.8573,317.0078,44.9047,10.9900
601.3090,329.5182,46.3399,11.3413
603.2733,335.5040,47.8209,11.7037
600.6110,338.7782,49.3492,12.0778
599.4055,341.3821,47.8428,11.7091
596.1661,350.4301,47.8428,11.7091
601.0984,362.8654,49.3719,12.0833
601.5062,370.7732,47.8648,11.7145
603.4060,380.9428,47.8648,11.7145
605.5894,385.4801,46.4037,11.3569
607.4894,387.9286,44.9872,11.0102
606.3904,397.2348,43.6140,10.6741
608.0355,399.4063,45.0079,11.0153
612.2552,406.2709,46.4463,11.3673
613.0726,405.9022,45.0285,11.0203
613.5983,406.8484,45.0285,11.0203
619.3805,407.1638,45.0285,11.0203
620.4482,412.3494,46.4677,11.3725
624.7377,410.0277,45.0492,11.0254
630.5791,412.6151,43.6741,10.6888
633.4501,411.5266,45.0699,11.0304
628.2939,412.4736,45.0699,11.0304
637.3600,416.8222,46.5103,11.3830
628.1880,407.3312,45.0906,11.0355
626.8759,409.0788,43.7142,10.6987
651.4733,415.3047,43.7142,10.6987
649.0396,418.5019,45.1113,11.0406
654.3223,416.9562,46.5530,11.3934
661.2283,412.8911,45.1320,11.0456
663.2304,414.0502,45.1320,11.0456
663.5465,412.2589,45.1320,11.0456
663.6519,414.2610,45.1320,11.0456
663.1250,410.7836,45.1320,11.0456
663.2304,408.5708,45.1320,11.0456
660.2311,408.4232,43.7543,10.7085
657.6772,408.3211,43.7543,10.7085
658.5104,405.5960,45.1527,11.0507
654.0991,406.3682,46.5958,11.4039
645.9396,402.5605,46.5958,11.4039
633.2695,402.1906,45.1735,11.0558
625.8377,402.0429,43.7945,10.7183
623.9498,411.1024,42.4577,10.3911
615.1273,401.4868,42.4577,10.3911
616.5305,409.9450,43.8146,10.7232
593.9775,400.1858,42.4772,10.3959
583.0223,399.0552,41.1805,10.0786
583.3624,405.4586,39.9235,9.7709
2
0
0
0
0
1
384.0226,347.4214,55.2227,55.7693
372.8712,348.9336,56.9877,57.5517
376.7042,348.2572,56.9877,57.5517
2
0
0
0
0
1
137.5174,344.2931,53.1839,16.2514
139.7785,346.2541,51.5604,15.7553
2
