1
665.4232,683.9947,41.1219,24.1506
668.4403,679.4633,40.2450,23.6356
669.5625,675.8475,40.2450,23.6356
664.4505,668.9900,40.2450,23.6356
662.0649,662.9074,41.1354,24.1585
660.9180,660.9958,41.1354,24.1585
671.3062,638.0378,40.2581,23.6433
675.7025,629.7547,39.3996,23.1391
681.6522,620.9422,38.5594,22.6457
685.8114,610.1569,39.4125,23.1467
688.1314,599.7781,39.4125,23.1467
690.6955,590.3762,39.4125,23.1467
695.9459,580.9743,39.4125,23.1467
701.4269,569.0991,38.5721,22.6531
703.5659,565.0789,37.7495,22.1700
707.0119,560.2428,36.9445,21.6972
711.0464,552.8620,36.1566,21.2345
713.9151,548.2299,35.3856,20.7817
715.6847,542.1994,36.1685,21.2415
717.8137,537.6052,36.1685,21.2415
720.3909,532.7870,36.1685,21.2415
722.6646,527.3205,36.9687,21.7115
725.2263,521.7331,37.7866,22.1918
729.3021,516.9938,38.6227,22.6828
733.9647,511.4047,39.4772,23.1847
739.9261,509.1764,38.6353,22.6902
746.2218,504.2268,37.8114,22.2064
751.4801,499.6085,37.0051,21.7328
756.6610,494.0156,37.8238,22.2137
759.7683,485.1380,38.6607,22.7051
764.1869,478.7978,39.5161,23.2075
763.3103,480.3433,38.6734,22.7126
765.6858,480.4700,37.8486,22.2282
770.4983,476.2094,38.6860,22.7200
779.3963,470.3625,39.5420,23.2227
788.4375,462.2267,38.6987,22.7275
794.3122,453.9542,38.6987,22.7275
800.1560,448.3031,37.8735,22.2428
805.6491,441.1891,37.0658,21.7685
810.5823,433.3414,36.2754,21.3043
814.7603,427.3942,35.5018,20.8499
816.8501,420.0251,35.5018,20.8499
818.7199,416.6155,35.5018,20.8499
822.3495,412.7660,35.5018,20.8499
824.2193,410.6762,35.5018,20.8499
826.7490,409.0264,35.5018,20.8499
830.3786,408.9164,35.5018,20.8499
834.8881,408.3665,35.5018,20.8499
838.2610,409.6193,36.2873,21.3112
843.3199,409.5069,36.2873,21.3112
847.2341,410.7874,37.0901,21.7828
851.2348,412.8115,37.9107,22.2647
853.7012,414.8082,37.9107,22.2647
851.9414,414.1963,38.7495,22.7573
852.8828,416.3110,39.6068,23.2608
855.2142,416.9245,39.6068,23.2608
857.1949,415.7761,40.4831,23.7755
860.5812,412.3897,40.4831,23.7755
861.2083,414.0202,40.4831,23.7755
862.8387,412.6406,40.4831,23.7755
864.6030,411.2065,41.3788,24.3015
2
0
0
0
0
1
826.8336,471.4472,20.2141,20.1556
821.3504,474.2286,20.2141,20.1556
815.3903,475.7385,20.2141,20.1556
809.4302,477.5662,20.2141,20.1556
803.1522,478.9172,20.2141,20.1556
796.3975,480.1092,20.2141,20.1556
789.9606,479.2351,20.2141,20.1556
782.2522,478.8377,20.2141,20.1556
775.8450,477.8727,20.6613,20.6015
767.6412,476.6543,20.6613,20.6015
761.7117,476.2482,20.6613,20.6015
753.3454,474.5425,20.6613,20.6015
747.2535,472.6743,20.6613,20.6015
740.9991,471.4559,20.6613,20.6015
733.4687,468.4656,20.2207,20.1622
726.8707,465.0474,20.2207,20.1622
720.5907,461.6292,20.2207,20.1622
714.3107,459.9598,20.2207,20.1622
708.3200,456.4204,19.7895,19.7322
702.4571,454.9061,19.3675,19.3114
697.3063,453.1305,18.9545,18.8996
689.8234,450.3873,18.5502,18.4965
684.7915,447.6890,18.5502,18.4965
679.0146,451.3305,18.1547,18.1021
680.2400,451.3171,17.7675,17.7161
687.7679,446.7259,17.3886,17.3383
2
0
0
0
0
1
647.2603,417.7581,15.4666,16.5795
644.5481,414.7937,15.4666,16.5795
642.0883,412.0815,15.4666,16.5795
639.2500,409.2432,15.4666,16.5795
637.0424,405.2696,15.4666,16.5795
635.0871,402.1790,15.4666,16.5795
634.0149,400.3499,15.4666,16.5795
633.5733,395.9978,15.4666,16.5795
634.1410,394.1687,15.4666,16.5795
633.6995,391.4565,15.4666,16.5795
634.6456,388.4921,15.4666,16.5795
634.8348,386.0322,15.4666,16.5795
635.0240,384.7076,15.4666,16.5795