0.20232,0.19708,0.20258,0,0,0,0,0,0,0,0,0,0,0,0
0.22913,0.22845,0.22741,0,0,0,0,0,0,0,0,0,0,0,0
0.063481,0.063248,0.063209,0,0,0,0,0,0,0,0,0,0,0,0
0.036776,0.037566,0.036409,0,0,0,0,0,0,0,0,0,0,0,0
0.044648,0.044707,0.044658,0,0,0,0,0,0,0,0,0,0,0,0
0.039013,0.039507,0.03975,0,0,0,0,0,0,0,0,0,0,0,0
0.033129,0.033709,0.03359,0,0,0,0,0,0,0,0,0,0,0,0
0.029494,0.03028,0.030347,0,0,0,0,0,0,0,0,0,0,0,0
0.029875,0.030375,0.030456,0,0,0,0,0,0,0,0,0,0,0,0
0.069729,0.070299,0.070734,0,0,0,0,0,0,0,0,0,0,0,0
0.031206,0.031531,0.03156,0,0,0,0,0,0,0,0,0,0,0,0
0.030381,0.030462,0.030494,0,0,0,0,0,0,0,0,0,0,0,0
0.029585,0.030471,0.030415,0,0,0,0,0,0,0,0,0,0,0,0
0.029617,0.030206,0.030111,0,0,0,0,0,0,0,0,0,0,0,0
0.029711,0.030332,0.03046,0,0,0,0,0,0,0,0,0,0,0,0
0.029561,0.029999,0.030033,0,0,0,0,0,0,0,0,0,0,0,0
0.02939,0.030034,0.030141,0,0,0,0,0,0,0,0,0,0,0,0
0.029437,0.02996,0.029979,0,0,0,0,0,0,0,0,0,0,0,0
0.029034,0.029839,0.029829,0,0,0,0,0,0,0,0,0,0,0,0
0.030026,0.030108,0.02988,0,0,0,0,0,0,0,0,0,0,0,0
0.029302,0.030334,0.030145,0,0,0,0,0,0,0,0,0,0,0,0
0.029783,0.030213,0.0304,0,0,0,0,0,0,0,0,0,0,0,0
0.029016,0.030142,0.030068,0,0,0,0,0,0,0,0,0,0,0,0
0.029464,0.02986,0.029856,0,0,0,0,0,0,0,0,0,0,0,0
0.028935,0.029736,0.029769,0,0,0,0,0,0,0,0,0,0,0,0
0.029468,0.030186,0.030168,0,0,0,0,0,0,0,0,0,0,0,0
0.028829,0.029843,0.029856,0,0,0,0,0,0,0,0,0,0,0,0
0.029405,0.029919,0.02999,0,0,0,0,0,0,0,0,0,0,0,0
0.033253,0.034093,0.034293,0,0,0,0,0,0,0,0,0,0,0,0
0.037302,0.037722,0.038498,0,0,0,0,0,0,0,0,0,0,0,0
0.029691,0.029828,0.03004,0,0,0,0,0,0,0,0,0,0,0,0
0.030055,0.030115,0.030185,0,0,0,0,0,0,0,0,0,0,0,0
0.031949,0.032209,0.032316,0,0,0,0,0,0,0,0,0,0,0,0
0.040176,0.040236,0.040548,0,0,0,0,0,0,0,0,0,0,0,0
0.029716,0.029892,0.029747,0,0,0,0,0,0,0,0,0,0,0,0
0.029762,0.029757,0.029742,0,0,0,0,0,0,0,0,0,0,0,0
0.029928,0.030024,0.029872,0,0,0,0,0,0,0,0,0,0,0,0
0.030075,0.030114,0.03026,0,0,0,0,0,0,0,0,0,0,0,0
0.029801,0.029882,0.029743,0,0,0,0,0,0,0,0,0,0,0,0
0.029901,0.029916,0.029835,0,0,0,0,0,0,0,0,0,0,0,0
0.030649,0.030549,0.03064,0,0,0,0,0,0,0,0,0,0,0,0
0.030027,0.030174,0.030141,0,0,0,0,0,0,0,0,0,0,0,0
0.030828,0.030836,0.030866,0,0,0,0,0,0,0,0,0,0,0,0
0.030574,0.030652,0.030629,0,0,0,0,0,0,0,0,0,0,0,0
0.030267,0.030239,0.030277,0,0,0,0,0,0,0,0,0,0,0,0
0.029834,0.029948,0.029751,0,0,0,0,0,0,0,0,0,0,0,0
0.029822,0.029787,0.029761,0,0,0,0,0,0,0,0,0,0,0,0
0.029834,0.029914,0.029946,0,0,0,0,0,0,0,0,0,0,0,0
0.029732,0.029765,0.029625,0,0,0,0,0,0,0,0,0,0,0,0
0.029951,0.030208,0.029875,0,0,0,0,0,0,0,0,0,0,0,0
0.029749,0.029742,0.029729,0,0,0,0,0,0,0,0,0,0,0,0
0.029595,0.02989,0.029651,0,0,0,0,0,0,0,0,0,0,0,0
0.029716,0.029675,0.029655,0,0,0,0,0,0,0,0,0,0,0,0
0.029833,0.029793,0.029865,0,0,0,0,0,0,0,0,0,0,0,0
0.029723,0.029797,0.029693,0,0,0,0,0,0,0,0,0,0,0,0
0.030103,0.030213,0.03023,0,0,0,0,0,0,0,0,0,0,0,0
0.030066,0.030103,0.030189,0,0,0,0,0,0,0,0,0,0,0,0
0.029868,0.03004,0.029892,0,0,0,0,0,0,0,0,0,0,0,0
0.029783,0.029799,0.029896,0,0,0,0,0,0,0,0,0,0,0,0
0.029841,0.029963,0.03002,0,0,0,0,0,0,0,0,0,0,0,0
0.029955,0.029882,0.02998,0,0,0,0,0,0,0,0,0,0,0,0
0.030148,0.030297,0.030214,0,0,0,0,0,0,0,0,0,0,0,0
0.029826,0.029856,0.029835,0,0,0,0,0,0,0,0,0,0,0,0
0.029834,0.029931,0.029997,0,0,0,0,0,0,0,0,0,0,0,0
0.029692,0.029995,0.030135,0,0,0,0,0,0,0,0,0,0,0,0
0.030109,0.030176,0.030208,0,0,0,0,0,0,0,0,0,0,0,0
0.029848,0.030247,0.030061,0,0,0,0,0,0,0,0,0,0,0,0
0.029839,0.030059,0.029949,0,0,0,0,0,0,0,0,0,0,0,0
0.029581,0.029881,0.029936,0,0,0,0,0,0,0,0,0,0,0,0
0.030063,0.030243,0.030131,0,0,0,0,0,0,0,0,0,0,0,0
0.029584,0.029912,0.029899,0,0,0,0,0,0,0,0,0,0,0,0
0.029705,0.029958,0.029682,0,0,0,0,0,0,0,0,0,0,0,0
0.029349,0.029882,0.029717,0,0,0,0,0,0,0,0,0,0,0,0
0.029861,0.029878,0.029927,0,0,0,0,0,0,0,0,0,0,0,0
0.029604,0.029925,0.029715,0,0,0,0,0,0,0,0,0,0,0,0
0.029702,0.029888,0.02987,0,0,0,0,0,0,0,0,0,0,0,0
0.029687,0.029899,0.029795,0,0,0,0,0,0,0,0,0,0,0,0
0.029785,0.029852,0.029846,0,0,0,0,0,0,0,0,0,0,0,0
0.029548,0.029841,0.029848,0,0,0,0,0,0,0,0,0,0,0,0
0.029631,0.029838,0.029866,0,0,0,0,0,0,0,0,0,0,0,0
0.029495,0.029732,0.029635,0,0,0,0,0,0,0,0,0,0,0,0
0.029707,0.029589,0.029657,0,0,0,0,0,0,0,0,0,0,0,0
0.029702,0.030007,0.02982,0,0,0,0,0,0,0,0,0,0,0,0
0.029589,0.029874,0.029742,0,0,0,0,0,0,0,0,0,0,0,0
0.029733,0.030035,0.03015,0,0,0,0,0,0,0,0,0,0,0,0
0.029753,0.02975,0.029767,0,0,0,0,0,0,0,0,0,0,0,0
0.029237,0.02966,0.029694,0,0,0,0,0,0,0,0,0,0,0,0
0.029524,0.029569,0.029741,0,0,0,0,0,0,0,0,0,0,0,0
0.029484,0.029721,0.029763,0,0,0,0,0,0,0,0,0,0,0,0
0.029765,0.029797,0.029832,0,0,0,0,0,0,0,0,0,0,0,0
0.029617,0.029938,0.029986,0,0,0,0,0,0,0,0,0,0,0,0
0.029659,0.029857,0.029832,0,0,0,0,0,0,0,0,0,0,0,0
0.029701,0.030153,0.030057,0,0,0,0,0,0,0,0,0,0,0,0
0.029909,0.030192,0.029954,0,0,0,0,0,0,0,0,0,0,0,0
0.02918,0.029638,0.029568,0,0,0,0,0,0,0,0,0,0,0,0
0.029605,0.03004,0.029897,0,0,0,0,0,0,0,0,0,0,0,0
0.029549,0.030208,0.029891,0,0,0,0,0,0,0,0,0,0,0,0
0.029893,0.030064,0.029812,0,0,0,0,0,0,0,0,0,0,0,0
0.02959,0.030084,0.029908,0,0,0,0,0,0,0,0,0,0,0,0
0.029958,0.030344,0.029922,0,0,0,0,0,0,0,0,0,0,0,0
0.0298,0.030418,0.030084,0,0,0,0,0,0,0,0,0,0,0,0
0.030176,0.03057,0.030263,0,0,0,0,0,0,0,0,0,0,0,0
0.029536,0.030019,0.029932,0,0,0,0,0,0,0,0,0,0,0,0
0.029597,0.029782,0.029617,0,0,0,0,0,0,0,0,0,0,0,0
0.029431,0.03002,0.029745,0,0,0,0,0,0,0,0,0,0,0,0
0.029749,0.029942,0.029818,0,0,0,0,0,0,0,0,0,0,0,0
0.029332,0.02991,0.029602,0,0,0,0,0,0,0,0,0,0,0,0
0.029691,0.029959,0.029741,0,0,0,0,0,0,0,0,0,0,0,0
0.029504,0.030042,0.029819,0,0,0,0,0,0,0,0,0,0,0,0
0.029746,0.030086,0.029961,0,0,0,0,0,0,0,0,0,0,0,0
0.029717,0.030106,0.030007,0,0,0,0,0,0,0,0,0,0,0,0
0.029938,0.030311,0.030181,0,0,0,0,0,0,0,0,0,0,0,0
0.030011,0.030511,0.030358,0,0,0,0,0,0,0,0,0,0,0,0
0.030024,0.03025,0.029953,0,0,0,0,0,0,0,0,0,0,0,0
0.029146,0.029681,0.029435,0,0,0,0,0,0,0,0,0,0,0,0
0.029563,0.030116,0.029669,0,0,0,0,0,0,0,0,0,0,0,0
0.029241,0.029771,0.029604,0,0,0,0,0,0,0,0,0,0,0,0
0.029431,0.029739,0.029497,0,0,0,0,0,0,0,0,0,0,0,0
0.028951,0.029555,0.029373,0,0,0,0,0,0,0,0,0,0,0,0
0.029265,0.029704,0.029363,0,0,0,0,0,0,0,0,0,0,0,0
0.029354,0.029975,0.029628,0,0,0,0,0,0,0,0,0,0,0,0
0.02926,0.029696,0.029381,0,0,0,0,0,0,0,0,0,0,0,0
0.029229,0.029709,0.029547,0,0,0,0,0,0,0,0,0,0,0,0
0.029466,0.029816,0.029667,0,0,0,0,0,0,0,0,0,0,0,0
0.029613,0.030196,0.02998,0,0,0,0,0,0,0,0,0,0,0,0
0.030275,0.03059,0.030278,0,0,0,0,0,0,0,0,0,0,0,0
0.029865,0.030472,0.030234,0,0,0,0,0,0,0,0,0,0,0,0
0.030035,0.030377,0.030021,0,0,0,0,0,0,0,0,0,0,0,0
0.029665,0.030254,0.030156,0,0,0,0,0,0,0,0,0,0,0,0
