1
171.3294,24.8620,25.8207,60.9042
171.8309,23.6917,25.8207,60.9042
174.0044,20.8494,25.8207,60.9042
176.8466,18.0072,25.8207,60.9042
174.6732,18.5088,25.8207,60.9042
172.8341,18.6760,25.8207,60.9042
168.9887,17.5057,25.8207,60.9042
166.1465,18.6760,25.8207,60.9042
162.6355,18.8432,25.8207,60.9042
161.4652,20.0135,25.8207,60.9042
159.0011,19.2126,25.2700,59.6054
156.9049,18.7442,24.7311,58.3343
154.8231,19.8651,24.7311,58.3343
153.7022,20.9860,24.7311,58.3343
154.5028,23.0678,24.7311,58.3343
157.5454,23.8685,24.7311,58.3343
159.3069,23.0678,24.7311,58.3343
160.1075,23.8685,24.7311,58.3343
159.3069,25.3097,24.7311,58.3343
159.4670,26.7509,24.7311,58.3343
157.3852,28.8326,24.7311,58.3343
154.0224,30.9144,24.7311,58.3343
149.6988,32.6759,24.7311,58.3343
142.8130,34.7576,24.7311,58.3343
137.2083,41.0029,24.7311,58.3343
136.7279,43.7252,24.7311,58.3343
137.8488,45.4867,24.7311,58.3343
140.5711,45.6468,24.7311,58.3343
142.5326,43.9536,24.2037,57.0903
144.5700,42.5431,24.2037,57.0903
149.2086,43.9071,23.6876,55.8728
151.9744,44.9464,23.1824,54.6813
154.2260,44.4961,23.1824,54.6813
151.6335,36.5716,23.6953,55.8911
2
0
0
0
0
1
155.9949,120.8015,32.0764,35.5337
155.1827,125.4123,31.3923,34.7759
154.7921,128.6675,31.3923,34.7759
153.8806,128.2769,31.3923,34.7759
154.2713,128.6675,31.3923,34.7759
155.1827,128.0165,31.3923,34.7759
155.8338,129.1884,31.3923,34.7759
155.1827,129.5790,31.3923,34.7759
156.3546,128.6675,31.3923,34.7759
155.9640,125.9331,31.3923,34.7759
157.3963,122.6779,31.3923,34.7759
159.0890,117.3393,31.3923,34.7759
161.3026,111.4798,31.3923,34.7759
162.7349,106.1412,31.3923,34.7759
163.9482,101.6174,30.7229,34.0343
164.6442,91.7856,30.0677,33.3085
165.5659,86.2506,29.4265,32.5982
166.4679,83.4218,28.7990,31.9030
167.5809,79.0414,28.1848,31.2227
167.7687,77.9095,27.5838,30.5569
150.4924,98.1605,27.5838,30.5569
148.6442,98.6534,28.1941,31.2329
146.9976,99.1572,28.8179,31.9240
147.0509,99.4241,29.4554,32.6303
159.7811,104.7672,30.1071,33.3522
161.4045,105.1419,30.1071,33.3522
161.7192,103.0886,30.7733,34.0901
160.1869,100.9899,31.4541,34.8444
160.8393,99.5548,31.4541,34.8444
159.6651,100.9899,31.4541,34.8444
158.4909,102.9469,31.4541,34.8444
156.5339,101.7727,31.4541,34.8444
155.0988,102.1641,31.4541,34.8444
160.7088,125.2566,31.4541,34.8444
159.7955,127.4746,31.4541,34.8444
159.4041,129.1706,31.4541,34.8444
158.8593,129.1649,30.7834,34.1013
158.8183,130.3900,30.1269,33.3741
148.5022,123.1495,30.7934,34.1125
144.8487,122.1095,31.4748,34.8672
147.5751,125.3755,30.8035,34.1237
145.1475,111.7043,30.8035,34.1237
146.7951,113.8455,31.4851,34.8787
146.9257,113.9761,31.4851,34.8787
147.0563,113.0619,31.4851,34.8787
145.6198,114.4984,31.4851,34.8787
145.9489,115.6030,32.1817,35.6504
143.7926,117.5629,32.8937,36.4391
144.9858,119.5662,33.6215,37.2453
145.4041,121.3792,33.6215,37.2453
146.6592,120.9608,33.6215,37.2453
147.3565,120.8214,33.6215,37.2453
146.3803,122.3554,33.6215,37.2453
147.3565,121.3792,33.6215,37.2453
147.7749,122.0765,33.6215,37.2453
147.0776,121.9370,33.6215,37.2453
147.7749,122.3554,33.6215,37.2453
148.1932,121.9370,33.6215,37.2453
148.6116,121.7976,33.6215,37.2453
149.0300,122.7738,33.6215,37.2453
146.9381,122.0765,33.6215,37.2453
147.0776,121.3792,33.6215,37.2453
145.2647,121.2397,33.6215,37.2453
144.4134,122.8466,32.9045,36.4511
145.6418,122.1642,32.9045,36.4511
145.7782,123.3925,32.9045,36.4511
145.9147,124.6209,32.9045,36.4511
144.9593,124.4844,32.9045,36.4511
145.5865,123.3731,33.6325,37.2576
146.0050,124.0707,33.6325,37.2576
145.0285,123.0941,33.6325,37.2576
145.4470,122.9546,33.6325,37.2576
146.4235,122.8151,33.6325,37.2576
146.8420,124.0707,33.6325,37.2576
146.1445,122.8151,33.6325,37.2576
146.5630,123.7917,33.6325,37.2576
146.9146,122.6558,34.3766,38.0819
145.6313,123.3688,34.3766,38.0819
146.3443,122.9410,34.3766,38.0819
145.0610,123.6539,34.3766,38.0819
145.2036,124.3669,34.3766,38.0819
143.9203,124.2243,34.3766,38.0819
142.6370,123.7965,34.3766,38.0819
141.9240,122.7984,34.3766,38.0819
140.9259,116.6671,34.3766,38.0819
142.5294,102.6426,33.6435,37.2698
142.4846,95.1042,32.9261,36.4750
144.2837,89.0430,32.2239,35.6971
146.3020,87.2336,31.5367,34.9359
149.2860,85.7149,30.8642,34.1909
162.7280,98.9009,30.8642,34.1909
167.3758,100.6227,30.2060,33.4617
169.0262,103.7570,29.5619,32.7482
171.8233,107.2972,28.9314,32.0498
176.6428,109.6053,28.3145,31.3663
179.3218,110.7321,27.7107,30.6974
184.8242,115.1584,27.1197,30.0428
183.0533,114.0693,26.5414,29.4021
181.3203,113.8522,25.9754,28.7751
180.2472,114.0552,25.4214,28.1615
179.1971,112.8310,24.8793,27.5609
179.5618,112.0308,24.3488,26.9732
179.9188,111.8317,23.8295,26.3980
179.5060,112.2084,23.3214,25.8350
178.6354,112.3051,23.3214,25.8350
180.2826,112.1144,22.8240,25.2841
180.9453,113.1558,22.8240,25.2841
180.2826,114.0078,22.8240,25.2841
179.8093,114.8598,22.8240,25.2841
178.9572,115.3332,22.8240,25.2841
177.1585,115.9959,22.8240,25.2841
174.6024,117.0372,22.8240,25.2841
171.0996,117.8893,22.8240,25.2841
170.0583,117.9839,22.8240,25.2841
169.3956,118.4573,22.8240,25.2841
169.9127,118.2706,22.3373,24.7449
170.0615,119.1596,21.8609,24.2172
170.3336,120.1570,21.8609,24.2172
171.3310,120.2477,21.8609,24.2172
172.1470,119.7943,21.8609,24.2172
172.7818,119.5223,21.8609,24.2172
172.5097,119.9757,21.8609,24.2172
173.3258,119.8850,21.8609,24.2172
173.9605,119.2503,21.8609,24.2172
172.6004,117.5275,21.8609,24.2172
171.2403,114.5352,21.8609,24.2172
170.7869,113.5378,21.8609,24.2172
172.1562,113.5338,21.3947,23.7008
171.0909,113.5478,21.8681,24.2251
169.5489,114.5456,21.8681,24.2251
168.3697,114.0920,21.8681,24.2251
169.2149,113.5635,21.4018,23.7085
169.8363,112.9421,21.4018,23.7085
169.3924,111.9656,21.4018,23.7085
168.7710,110.8116,21.4018,23.7085
169.5700,110.0127,21.4018,23.7085
169.1261,110.6341,21.4018,23.7085
168.2447,109.5429,21.8753,24.2331
166.8836,107.6375,21.8753,24.2331
167.1558,106.0950,21.8753,24.2331
167.0651,104.5525,21.8753,24.2331
168.2604,101.7499,21.4088,23.7163
172.6826,103.9714,20.9522,23.2106
178.4918,100.1982,21.4158,23.7241
177.6924,99.5764,21.4158,23.7241
178.4918,98.9546,21.4158,23.7241
179.8332,95.6972,20.9591,23.2182
179.2247,91.9590,20.9591,23.2182
178.6162,91.6982,20.9591,23.2182
179.2247,92.6545,20.9591,23.2182
178.0237,94.3265,20.5121,22.7230
176.8483,95.6349,20.0747,22.2385
176.0190,96.1128,19.6466,21.7642
176.1500,96.4234,19.2276,21.3001
176.4319,97.3423,18.8176,20.8459
176.5099,98.3570,18.8176,20.8459
175.9635,99.0595,18.8176,20.8459
175.2611,99.6058,18.8176,20.8459
172.5292,100.3083,18.8176,20.8459
170.8901,101.3230,18.8176,20.8459
169.4072,103.2743,18.8176,20.8459
168.5486,103.9767,18.8176,20.8459
167.8461,104.8353,18.8176,20.8459
165.5641,104.9824,18.4163,20.4013
163.6544,105.2115,18.4163,20.4013
2
0
0
0
0
1
134.0917,70.7756,26.9496,56.5168
134.2534,69.6436,26.9496,56.5168
134.7385,70.7756,26.9496,56.5168
134.2534,69.9670,26.9496,56.5168
135.0619,69.8053,26.9496,56.5168
134.9002,69.3202,26.9496,56.5168
134.7385,68.8351,26.9496,56.5168
134.9002,67.7031,26.9496,56.5168
135.0619,68.1883,26.9496,56.5168
135.2236,66.0861,26.9496,56.5168
135.3854,65.6010,26.9496,56.5168
135.8705,65.7627,26.9496,56.5168
136.0322,64.6307,26.9496,56.5168