0.0050
0.0110
0.0110
0.0110
0.0110
0.0110
0.0130
0.0120
0.0110
0.0110
0.0120
0.0110
0.0110
0.0110
0.0120
0.0120
0.0130
0.0110
0.0120
0.0120
0.0110
0.0110
0.0110
0.0120
0.0110
0.0110
0.0110
0.0110
0.0110
0.0110
0.0110
0.0110
0.0100
0.0110
0.0110
0.0100
NaN
NaN
NaN
NaN
0.0050
0.0110
0.0110
0.0110
0.0110
0.0110
0.0110
0.0100
0.0100
0.0110
0.0110
0.0170
0.0110
0.0100
0.0110
0.0100
0.0100
0.0100
0.0110
0.0120
0.0110
0.0100
0.0100
0.0110
0.0110
0.0110
0.0110
0.0110
0.0110
0.0110
0.0110
0.0110
0.0110
0.0110
0.0110
0.0110
0.0110
0.0100
0.0100
0.0100
0.0100
0.0100
0.0100
0.0100
0.0100
0.0100
0.0100
0.0109
0.0109
0.0109
0.0109
0.0109
0.0109
0.0109
0.0109
0.0109
0.0110
0.0110
0.0110
0.0110
0.0110
0.0110
0.0110
0.0110
0.0110
0.0120
0.0110
0.0110
0.0110
0.0110
0.0110
0.0110
0.0110
0.0120
0.0100
0.0110
0.0100
0.0110
0.0100
0.0100
0.0100
0.0110
0.0110
0.0110
0.0100
0.0110
0.0110
0.0110
0.0110
0.0110
0.0110
0.0110
0.0100
0.0110
0.0100
0.0110
0.0110
0.0110
0.0110
0.0110
0.0110
0.0110
0.0100
0.0100
0.0099
0.0100
0.0100
0.0110
0.0110
0.0110
0.0110
0.0100
0.0100
0.0100
0.0100
0.0100
0.0099
0.0100
0.0109
0.0109
0.0109
0.0109
0.0099
0.0099
0.0100
0.0099
0.0130
0.0110
0.0110
0.0100
0.0100
0.0100
0.0100
0.0100
0.0100
0.0110
0.0110
0.0110
0.0100
0.0100
0.0100
0.0110
0.0110
0.0110
0.0110
0.0100
0.0100
0.0100
0.0100
0.0100
0.0110
0.0130
0.0110
0.0110
0.0110
0.0110
0.0110
0.0100
0.0100
0.0100
0.0100
0.0100
0.0100
0.0109
0.0109
0.0099
0.0099
NaN
NaN
NaN
NaN
0.0050
0.0109
0.0100
0.0100
0.0110
0.0110
0.0100
0.0100
0.0110
0.0100
0.0110
0.0110
0.0110
0.0110