0.18693
0.22041
0.057235
0.030226
0.038906
0.033409
0.027295
0.023836
0.023918
0.02361
0.023619
0.022997
0.022472
0.022845
0.023027
0.022418
NaN
NaN
NaN
NaN
0.19319
0.22363
0.058491
0.029348
0.038738
0.033763
0.027709
0.023014
0.023084
0.023176
0.022881
0.022842
0.022488
0.022705
0.023705
0.022845
0.022738
0.022425
0.022508
0.022445
0.022971
0.02286
0.022444
0.022484
0.0226
0.022477
0.02242
0.022748
0.02246
0.02507
0.0243
0.024887
0.024751
0.0255
0.023816
0.023562
0.022366
0.022168
0.02238
0.021971
0.023099
0.022534
0.023528
0.02216
0.023074
0.022099
0.022758
0.02204
0.022278
0.021947
0.022322
0.022189
0.022301
0.022133
0.0224
0.023561
0.022225
0.022088
0.022269
0.021898
0.022317
0.021911
0.022292
0.022151
0.022137
0.021909
NaN
NaN
NaN
NaN
0.19465
0.22417
0.05883
0.029997
0.039366
0.033539
0.027728
0.024633
0.023625
0.024179
0.02391
0.024185
0.023502
0.024131
0.024155
0.023996
0.023711
0.023934
0.022188
0.022534
0.022445
0.023746
0.023655
0.023931
0.023675
0.024022
0.023075
0.022718
0.022164
0.024007
