1
625.1963,665.8384,57.6798,27.2759
620.0957,662.7122,57.6798,27.2759
608.7426,659.5861,57.6798,27.2759
585.5430,657.1180,57.6798,27.2759
562.6725,653.6628,57.6798,27.2759
549.3450,650.2075,57.6798,27.2759
532.9910,644.6306,56.4497,26.6942
516.7272,640.2828,56.4497,26.6942
493.7003,636.2571,56.4497,26.6942
472.6056,632.8756,56.4497,26.6942
449.9008,622.4088,56.4497,26.6942
416.8901,598.7377,56.4497,26.6942
398.0499,581.8298,56.4497,26.6942
385.0066,575.2277,56.4497,26.6942
363.5900,558.9639,56.4497,26.6942
335.7322,531.1061,56.4497,26.6942
324.6213,519.6732,56.4497,26.6942
317.0530,514.0372,56.4497,26.6942
303.6877,511.9438,56.4497,26.6942
286.1357,509.5284,56.4497,26.6942
264.3970,512.9100,56.4497,26.6942
237.1834,526.2753,56.4497,26.6942
212.5462,548.9802,56.4497,26.6942
201.7573,561.3793,56.4497,26.6942
194.8331,569.2696,56.4497,26.6942
182.4340,581.9908,56.4497,26.6942
177.6037,593.9160,55.2459,26.1249
179.5598,605.8906,54.0678,25.5678
180.6395,616.8411,54.0678,25.5678
186.9220,658.9627,55.2640,26.1335
193.3436,702.0161,56.4867,26.7117
222.8310,745.0387,56.4867,26.7117
220.7930,748.5850,55.2821,26.1421
223.3584,754.1836,54.1032,25.5846
232.1169,759.6628,52.9495,25.0390
262.4024,801.2266,54.1210,25.5930
264.9139,798.9698,52.9668,25.0472
273.4884,801.1301,51.8373,24.5131
279.8186,807.7626,52.9842,25.0554
290.5497,814.8662,52.9842,25.0554
331.8317,833.8766,54.1565,25.6098
339.1097,836.6810,53.0016,25.0636
378.5839,863.0333,51.8713,24.5291
376.3644,869.9878,51.8713,24.5291
375.6245,871.9114,51.8713,24.5291
376.0684,870.5797,51.8713,24.5291
372.3693,869.8399,51.8713,24.5291
371.3335,871.1716,51.8713,24.5291
371.1855,872.2073,51.8713,24.5291
371.0375,872.9472,51.8713,24.5291
372.6651,874.8707,51.8713,24.5291
375.7724,876.2025,51.8713,24.5291
380.9513,878.4219,51.8713,24.5291
383.4668,880.9374,51.8713,24.5291
384.5025,886.7081,51.8713,24.5291
381.9871,890.7032,51.8713,24.5291
383.3188,892.9227,51.8713,24.5291
390.2732,891.5910,51.8713,24.5291
389.8293,889.9633,51.8713,24.5291
389.3854,888.3357,51.8713,24.5291
387.1659,887.8918,51.8713,24.5291
385.2423,887.4479,51.8713,24.5291
383.6147,888.7796,51.8713,24.5291
384.3545,889.8154,51.8713,24.5291
383.6147,889.6674,51.8713,24.5291
385.5383,890.7032,51.8713,24.5291
387.1659,890.8511,51.8713,24.5291
388.4976,891.5910,51.8713,24.5291
388.3376,893.1361,50.7651,24.0061
390.2201,892.1224,50.7651,24.0061
389.7857,891.9776,50.7651,24.0061
391.7782,890.9608,51.8883,24.5372
389.2619,888.4445,51.8883,24.5372
390.0020,885.6322,51.8883,24.5372
391.9262,884.8921,51.8883,24.5372
391.7782,883.2639,51.8883,24.5372
393.7024,884.8921,51.8883,24.5372
395.9226,886.2243,51.8883,24.5372
401.1032,887.8524,51.8883,24.5372
403.9155,885.6322,51.8883,24.5372
407.6158,887.5564,51.8883,24.5372
413.6845,890.6648,51.8883,24.5372
415.9047,893.1811,51.8883,24.5372
422.5654,894.5132,51.8883,24.5372
423.3055,893.1811,51.8883,24.5372
421.9734,893.6251,51.8883,24.5372
420.3452,896.4374,51.8883,24.5372
418.7170,897.4735,51.8883,24.5372
417.3849,895.8454,51.8883,24.5372
414.8686,894.5132,51.8883,24.5372
413.5364,895.8454,51.8883,24.5372
410.4281,894.2172,51.8883,24.5372
404.6555,895.8454,51.8883,24.5372
403.3233,896.8815,51.8883,24.5372
405.5436,897.6215,51.8883,24.5372
407.1718,897.4735,51.8883,24.5372
408.7999,899.9898,51.8883,24.5372
408.6519,897.7696,51.8883,24.5372
407.3198,894.9573,51.8883,24.5372
406.8757,893.6251,51.8883,24.5372
405.8396,893.1811,51.8883,24.5372
404.2114,892.4411,51.8883,24.5372
403.1753,893.4772,51.8883,24.5372
401.2511,892.4411,51.8883,24.5372
402.2872,894.0692,51.8883,24.5372
403.3233,895.1054,51.8883,24.5372
401.3672,893.7590,53.0363,25.0801
399.3678,894.2663,54.2098,25.6350
401.3781,893.1839,54.2098,25.6350
403.5058,893.7025,55.4092,26.2021
408.0895,891.6477,55.4092,26.2021
411.4088,890.5413,55.4092,26.2021
414.7280,891.9639,55.4092,26.2021
417.7311,892.7542,55.4092,26.2021
420.7342,891.0155,55.4092,26.2021
421.8406,889.2769,55.4092,26.2021
423.2632,887.2221,55.4092,26.2021
422.7890,886.1157,55.4092,26.2021
421.3665,884.6932,55.4092,26.2021
421.2084,887.0641,55.4092,26.2021
423.5793,884.6932,55.4092,26.2021
425.3179,886.7479,55.4092,26.2021
428.6372,884.6932,55.4092,26.2021
439.5433,881.6901,55.4092,26.2021
460.7008,877.5514,54.2275,25.6434
473.0577,874.6938,53.0711,25.0965
484.4119,869.3952,53.0711,25.0965
499.7023,861.3715,53.0711,25.0965
524.9844,859.4034,53.0711,25.0965
550.2665,856.2242,53.0711,25.0965
561.3180,857.5867,53.0711,25.0965
564.1944,859.5548,53.0711,25.0965
567.6764,861.5228,53.0711,25.0965
568.4333,863.1881,53.0711,25.0965
570.4014,865.4590,53.0711,25.0965
572.3695,864.0965,53.0711,25.0965
571.6125,862.7340,53.0711,25.0965
571.4488,862.2720,51.9394,24.5613
573.6712,855.3084,51.9394,24.5613
575.2246,854.5707,50.8317,24.0376
578.2697,850.9456,50.8317,24.0376
580.4447,850.5106,50.8317,24.0376
590.5636,848.8908,51.9564,24.5694
595.4545,850.8175,51.9564,24.5694
601.5311,852.7443,51.9564,24.5694
604.2280,852.0063,50.8484,24.0454
610.1750,851.8613,50.8484,24.0454
612.3507,849.6855,50.8484,24.0454
614.2363,848.3801,50.8484,24.0454
615.2516,846.7846,50.8484,24.0454
617.7175,848.6702,50.8484,24.0454
624.2713,848.7868,49.7641,23.5327
615.6346,847.5326,48.7028,23.0308
616.6071,846.8380,48.7028,23.0308
619.5246,846.1433,48.7028,23.0308
629.5079,843.7265,49.7804,23.5404
638.7381,838.1884,49.7804,23.5404
640.8681,836.0583,49.7804,23.5404
646.1222,833.6442,49.7804,23.5404
650.5243,827.5381,49.7804,23.5404
656.0141,822.4159,50.8818,24.0612
661.9650,821.3999,50.8818,24.0612
667.3354,814.8684,50.8818,24.0612
670.2360,806.9223,52.0075,24.5936
710.7570,765.5538,53.1582,25.1377
717.8840,759.0334,53.1582,25.1377
733.1995,744.0212,53.1582,25.1377
746.3920,723.2468,53.1582,25.1377
762.3140,706.1117,53.1582,25.1377
772.4737,689.8864,53.1582,25.1377
774.7483,683.9725,53.1582,25.1377
780.3589,681.6979,53.1582,25.1377
783.8466,682.7594,53.1582,25.1377
786.4244,682.0012,53.1582,25.1377
788.6990,683.3660,53.1582,25.1377
786.7277,684.7307,53.1582,25.1377
785.6662,685.4889,53.1582,25.1377
783.6949,688.6733,53.1582,25.1377
781.4203,694.8904,53.1582,25.1377
779.7523,697.1650,53.1582,25.1377
781.4203,700.0461,53.1582,25.1377
783.0883,701.1076,53.1582,25.1377
781.3990,703.1894,54.3343,25.6939
783.4139,705.5143,54.3343,25.6939
782.9489,707.8392,54.3343,25.6939
783.4139,709.8541,54.3343,25.6939
782.9489,712.4889,54.3343,25.6939
781.8640,717.9137,54.3343,25.6939
779.6049,712.9590,53.1756,25.1459
773.3857,709.7735,53.1756,25.1459
769.8073,706.1905,54.3521,25.7023
764.3808,704.4850,54.3521,25.7023
758.3341,711.1518,54.3521,25.7023
752.4877,718.4496,53.1930,25.1542
715.8483,750.1291,54.3699,25.7107
708.8690,754.3167,54.3699,25.7107
709.0241,751.6801,54.3699,25.7107
707.0079,754.3167,54.3699,25.7107
706.2324,755.7126,54.3699,25.7107
705.7672,755.2473,54.3699,25.7107
679.2460,758.5043,54.3699,25.7107
678.4803,760.4228,53.2105,25.1624
677.1142,760.2710,53.2105,25.1624
677.2427,762.1486,52.0758,24.6258
673.9321,761.6953,50.9652,24.1007
678.7297,765.3299,50.9652,24.1007
677.4514,766.8481,49.8784,23.5867
676.7400,769.8360,49.8784,23.5867
675.2148,772.4188,48.8147,23.0837
673.6830,773.3936,48.8147,23.0837
672.1513,774.0898,48.8147,23.0837
672.8475,773.9506,48.8147,23.0837
674.1008,775.2038,48.8147,23.0837
671.7336,769.4946,48.8147,23.0837
669.6448,767.4059,48.8147,23.0837
669.7841,766.4312,48.8147,23.0837
671.5943,764.8994,48.8147,23.0837
666.8804,763.4007,47.7737,22.5915
668.9246,761.3565,47.7737,22.5915
670.4237,759.3124,47.7737,22.5915
671.4505,753.2655,48.8307,23.0913
670.2258,752.0349,47.7894,22.5989
664.3639,741.5380,47.7894,22.5989
657.1878,727.0030,48.8467,23.0989
651.3964,717.9824,47.8051,22.6063
648.8054,707.7548,47.8051,22.6063
637.6654,697.7425,48.8627,23.1065
626.0964,687.0098,48.8627,23.1065
614.9992,676.7760,49.9438,23.6177
574.9810,646.5090,51.0488,24.1402
540.1207,639.4432,52.1783,24.6743
498.6210,640.2513,53.3327,25.2202
481.7339,642.5333,53.3327,25.2202
466.3681,646.0325,53.3327,25.2202
431.5290,656.5298,53.3327,25.2202
405.2095,661.8546,53.3327,25.2202
373.4130,672.0477,53.3327,25.2202
357.1345,681.0237,53.3327,25.2202
355.7652,686.6528,53.3327,25.2202
315.1449,727.2731,53.3327,25.2202
323.2081,735.0320,53.3327,25.2202
299.0998,776.8965,54.5127,25.7782
291.2367,793.2287,55.7188,26.3486
289.8062,805.1494,55.7188,26.3486
291.1663,807.4219,54.5306,25.7867
294.1218,805.3997,54.5306,25.7867
304.5439,807.7330,54.5306,25.7867
315.5882,818.1551,54.5306,25.7867
322.8992,821.4217,54.5306,25.7867
365.3861,850.0245,55.7371,26.3572
392.8921,851.7735,55.7371,26.3572
399.7289,854.1584,55.7371,26.3572
407.2194,859.8031,54.5485,25.7952
427.6035,869.9174,54.5485,25.7952
427.1367,869.1394,54.5485,25.7952
424.4914,866.1829,54.5485,25.7952
427.1367,860.7367,54.5485,25.7952
428.1683,859.6620,53.3852,25.2451
426.4931,857.3777,53.3852,25.2451
414.1580,856.0071,53.3852,25.2451
397.8634,855.5503,53.3852,25.2451
376.6957,852.3523,53.3852,25.2451
360.4011,849.1543,53.3852,25.2451
334.9693,837.4283,53.3852,25.2451
316.8412,830.6711,54.5664,25.8036
286.7998,813.3934,54.5664,25.8036
268.9165,801.3190,55.7736,26.3745
232.8010,769.0220,55.7736,26.3745
205.5951,746.5890,55.7736,26.3745
188.6367,728.6353,57.0076,26.9581
165.5766,702.1200,55.7919,26.3832
160.8025,691.8168,54.6022,25.8205
153.4819,685.7423,54.6022,25.8205
152.7031,682.7828,54.6022,25.8205
150.9898,680.1350,54.6022,25.8205
148.3419,678.1101,54.6022,25.8205
146.3171,678.5774,54.6022,25.8205
145.5383,679.3562,54.6022,25.8205
146.3171,677.9544,54.6022,25.8205
144.2923,677.1756,54.6022,25.8205
144.4480,676.0853,54.6022,25.8205
143.9808,674.6835,54.6022,25.8205
143.5121,672.4067,53.4378,25.2699
141.8780,667.5337,52.2982,24.7310
138.7451,661.1187,52.2982,24.7310
135.4203,656.3497,51.1829,24.2036
132.6462,649.7796,51.1829,24.2036
126.8593,635.5429,50.0914,23.6875
114.9995,597.6771,50.0914,23.6875
112.5703,591.5328,50.0914,23.6875
110.1412,585.6743,50.0914,23.6875
111.7130,575.8150,50.0914,23.6875
112.4931,536.2671,51.1997,24.2116
110.3644,530.1905,50.1078,23.6952
112.3311,490.6297,51.2165,24.2195
144.9601,449.8905,52.3496,24.7554
147.0148,408.5598,53.5079,25.3031
141.8304,392.2856,54.6917,25.8629
168.8206,380.5846,54.6917,25.8629
173.5571,373.9858,55.9018,26.4351
171.4840,376.0589,55.9018,26.4351
169.4672,375.2648,54.7097,25.8714
176.5187,381.4072,53.5430,25.3197
175.4495,384.6146,53.5430,25.3197
172.2421,385.9893,53.5430,25.3197
2
0
0
0
0
1
212.9467,320.9459,29.5102,51.7011
212.1549,321.4210,29.5102,51.7011
213.5802,320.3124,29.5102,51.7011
215.6390,319.5206,29.5102,51.7011
216.1141,319.9957,29.5102,51.7011
214.6888,321.1042,29.5102,51.7011
217.0643,321.8961,29.5102,51.7011
221.3401,323.3214,29.5102,51.7011
232.9008,325.0634,29.5102,51.7011
238.1269,323.3214,29.5102,51.7011
241.7693,322.2128,29.5102,51.7011
247.3121,316.3533,29.5102,51.7011
250.8322,310.0357,28.8809,50.5986
258.4267,303.3712,28.8809,50.5986
261.6815,300.1164,28.8809,50.5986
264.6263,298.1015,28.8809,50.5986
271.6566,291.6199,28.2650,49.5196
282.7295,282.6706,28.2650,49.5196
289.8586,276.7549,28.2650,49.5196
294.3998,271.5811,27.6622,48.4636
294.8451,265.1978,27.6622,48.4636
297.3688,257.6269,27.6622,48.4636
296.0327,246.4933,27.6622,48.4636
296.1812,243.3758,27.6622,48.4636
299.8924,237.2894,27.6622,48.4636
303.3067,232.3906,27.6622,48.4636
305.2365,231.0546,27.6622,48.4636
303.8524,229.1323,28.2742,49.5358
303.6970,228.1121,28.8998,50.6318
303.2164,228.0347,29.5392,51.7520
302.3962,226.3109,30.1928,52.8970
304.8267,227.7691,30.1928,52.8970
304.6646,226.6349,30.1928,52.8970
306.1229,227.7691,30.1928,52.8970
306.6090,230.1996,30.1928,52.8970
305.4748,230.3616,30.1928,52.8970
304.0165,229.2274,30.1928,52.8970
302.8823,229.0654,30.1928,52.8970
303.6924,228.9033,30.1928,52.8970
302.8823,227.7691,30.1928,52.8970
301.7481,227.9312,30.1928,52.8970
301.2892,229.2761,29.5489,51.7690
300.1791,229.1175,29.5489,51.7690
297.8005,228.3246,29.5489,51.7690
295.4219,227.5318,29.5489,51.7690
295.2634,226.4218,29.5489,51.7690
294.1533,225.6289,29.5489,51.7690
293.0433,224.2017,29.5489,51.7690
291.9333,223.4089,29.5489,51.7690
290.1890,221.6646,29.5489,51.7690
287.4933,220.2374,29.5489,51.7690
285.8214,221.8593,28.9188,50.6650
284.7835,222.5491,28.3021,49.5846
281.8977,223.3085,28.3021,49.5846
279.0119,223.4604,28.3021,49.5846
276.4299,224.8274,28.3021,49.5846
277.4931,228.0169,28.3021,49.5846
271.8734,231.5102,28.3021,49.5846
259.8747,238.0411,28.3021,49.5846
244.2766,249.9413,28.9282,50.6816
229.4722,262.6018,28.3113,49.6008
187.0719,304.1402,28.9377,50.6982
185.0531,314.8555,28.9377,50.6982
182.4131,320.2907,28.9377,50.6982
183.8108,319.5143,28.9377,50.6982
182.7237,317.4955,28.9377,50.6982
182.8790,310.5072,28.9377,50.6982
193.9048,299.4814,28.9377,50.6982
202.7566,292.1826,28.9377,50.6982
211.6083,279.2932,28.9377,50.6982
228.2248,268.5779,28.9377,50.6982
259.4388,242.3333,28.9377,50.6982
270.1541,235.9663,28.9377,50.6982
305.7163,214.3805,28.9377,50.6982
322.3327,201.8017,28.9377,50.6982
363.7962,188.2911,28.9377,50.6982
404.9490,184.4088,28.9377,50.6982
415.6643,182.3900,28.9377,50.6982
457.1277,194.6582,28.9377,50.6982
487.8214,220.7942,28.3206,49.6171
494.6606,227.6333,28.3206,49.6171
500.3826,235.3403,27.7167,48.5590
512.0040,242.5962,27.1256,47.5234
532.5292,244.4886,27.1256,47.5234
572.5535,235.9584,27.7258,48.5749
613.4634,206.8627,28.3392,49.6496
624.5654,205.4940,28.3392,49.6496
631.1049,206.5586,28.3392,49.6496
629.7362,207.3190,28.3392,49.6496
626.2383,208.3835,28.3392,49.6496
622.1321,206.7107,28.3392,49.6496
619.3560,204.7481,27.7348,48.5908
615.0396,203.4086,27.7348,48.5908
609.7404,205.2178,27.1434,47.5546
602.3115,200.1195,27.1434,47.5546
595.7567,196.7693,27.1434,47.5546
585.1232,190.5057,27.1434,47.5546
560.5059,178.4155,27.1434,47.5546
533.7584,166.2527,27.7439,48.6068
513.9564,162.8283,27.7439,48.6068
507.5542,162.9772,27.7439,48.6068
505.6187,164.3172,27.7439,48.6068
506.6609,166.8482,27.7439,48.6068
513.0631,169.3793,27.7439,48.6068
520.9541,173.3993,27.7439,48.6068
530.9296,179.8014,27.7439,48.6068
542.2080,180.9629,28.3578,49.6822
563.0568,186.5936,28.3578,49.6822
603.3849,195.5723,28.3578,49.6822
642.5577,206.8097,27.7530,48.6227
660.3296,213.8434,28.3671,49.6985
677.5318,230.7411,28.3671,49.6985
699.3009,261.9485,28.3671,49.6985
717.1119,288.5890,28.3671,49.6985
734.0096,299.7018,28.3671,49.6985
750.9072,310.5103,28.3671,49.6985
770.8495,325.8856,28.3671,49.6985
786.8339,347.6547,28.3671,49.6985
787.2905,369.4238,28.3671,49.6985
781.3535,410.0695,28.3671,49.6985
774.5642,451.6897,28.9947,50.7981
764.7188,494.2307,29.6362,51.9220
761.5090,535.7137,29.0042,50.8147
754.7671,576.0120,28.3857,49.7311
750.8181,588.8956,29.0137,50.8314
734.1691,604.8952,28.3950,49.7474
719.6377,611.1537,27.7895,48.6865
694.1362,612.7941,27.7895,48.6865
662.9678,604.8901,27.7895,48.6865
641.9402,590.1261,27.7895,48.6865
621.5092,558.9576,27.7895,48.6865
605.2539,519.4378,27.7895,48.6865
589.0099,477.5879,28.4043,49.7637
577.4121,438.8905,27.7986,48.7025
563.3296,397.0269,28.4136,49.7800
559.8226,370.3428,28.4136,49.7800
558.7552,362.5662,28.4136,49.7800
543.6595,335.8821,28.4136,49.7800
525.4687,293.0922,29.0423,50.8814
514.7148,276.4158,29.0423,50.8814
508.9482,260.9862,29.0423,50.8814
493.2068,219.6847,29.0423,50.8814
502.4023,178.0715,29.0423,50.8814
511.9094,167.0058,29.0423,50.8814
513.0004,168.0968,29.0423,50.8814
511.2860,174.4868,29.0423,50.8814
507.3896,178.0715,29.0423,50.8814
500.9996,180.0976,29.0423,50.8814
494.5493,178.3868,28.4229,49.7963
477.3020,173.5632,29.0518,50.8981
445.6532,170.6009,29.0518,50.8981
422.8482,169.2291,29.6946,52.0242
396.2359,177.6750,29.6946,52.0242
361.9746,199.8253,29.6946,52.0242
319.7455,227.0751,29.6946,52.0242
311.9371,220.8602,29.6946,52.0242
294.5673,221.3383,29.6946,52.0242
253.8740,254.3016,29.0613,50.9148
255.3324,261.0196,29.7043,52.0413
233.8124,303.5814,29.7043,52.0413
219.4260,347.1636,30.3615,53.1927
216.2164,391.7100,31.0332,54.3696
234.3610,437.2420,31.7199,55.5725
247.2557,483.7813,32.4217,56.8020
255.0202,531.3504,33.1390,58.0588
247.0174,578.4779,33.1390,58.0588
239.6572,588.1818,32.4323,56.8207
227.2999,600.8872,32.4323,56.8207
215.7350,603.6739,31.7407,55.6089
170.2554,640.2961,31.7407,55.6089
164.5192,639.0830,31.0638,54.4231
165.6538,639.8240,30.4013,53.2625
169.2802,644.0087,29.7530,52.1266
164.6498,646.0844,29.7530,52.1266
162.6586,648.3331,29.1185,51.0150
161.2522,649.4269,29.1185,51.0150
163.5962,653.0210,29.1185,51.0150
164.3775,656.9276,29.1185,51.0150
166.9472,663.9481,28.4976,49.9271
169.5471,666.8538,28.4976,49.9271
175.8173,673.1240,28.4976,49.9271
183.0051,689.1818,28.4976,49.9271
183.4639,695.1461,28.4976,49.9271
189.7340,701.4163,28.4976,49.9271
231.7827,743.2280,29.1281,51.0317
238.5043,750.2621,29.1281,51.0317
243.9753,756.6711,29.1281,51.0317
242.2559,762.7674,29.1281,51.0317
248.4424,766.1741,28.5069,49.9435
273.9903,748.8872,28.5069,49.9435
306.2123,739.6052,29.1376,51.0485
347.6494,730.3796,29.1376,51.0485
384.8022,726.4080,29.7823,52.1779
412.1324,728.8054,29.7823,52.1779
429.2338,730.8831,29.7823,52.1779
445.6959,736.4771,29.7823,52.1779
488.3694,779.1506,29.7823,52.1779
489.4882,786.0231,29.7823,52.1779
517.3806,827.7106,29.1472,51.0652
523.1680,835.0622,29.1472,51.0652
526.1400,837.0957,29.1472,51.0652
526.6092,836.6264,29.1472,51.0652
527.7041,835.2187,29.1472,51.0652
528.1734,834.1238,29.1472,51.0652
528.6426,833.3417,29.1472,51.0652
530.6760,832.2467,29.1472,51.0652
536.2636,834.4496,28.5256,49.9762
542.5399,835.2150,28.5256,49.9762
548.2040,836.5928,28.5256,49.9762
552.1969,836.3879,27.9173,48.9105
554.1445,830.2454,27.9173,48.9105
555.4928,828.2978,27.9173,48.9105
556.2419,827.2490,27.9173,48.9105
557.2906,822.0055,27.9173,48.9105
558.9386,818.8593,27.9173,48.9105
559.9873,816.6120,27.9173,48.9105
561.6353,805.9750,27.9173,48.9105
563.2326,804.6193,27.3220,47.8675
564.8455,803.2997,27.3220,47.8675
566.7516,801.9801,27.3220,47.8675
568.9509,800.9537,27.3220,47.8675
569.6840,801.1003,27.3220,47.8675
568.0127,797.9847,27.9265,48.9265
573.8575,791.8402,27.9265,48.9265
575.8057,788.0936,27.9265,48.9265
577.5181,783.3542,28.5443,50.0090
580.1222,777.6865,28.5443,50.0090
582.0506,776.5956,27.9356,48.9426
585.1989,774.9466,27.9356,48.9426
587.9532,774.1679,27.3399,47.8988
593.9686,772.5541,27.3399,47.8988
597.0497,768.5926,27.3399,47.8988
595.7856,765.8508,26.7568,46.8774
596.4862,765.1050,26.1862,45.8777
597.4426,764.3751,25.6278,44.8994
599.4391,765.2516,25.0813,43.9419
601.1336,765.5904,24.5464,43.0048
601.7923,764.9317,24.5464,43.0048
602.1875,764.8000,24.5464,43.0048
603.0840,766.1474,24.0230,42.0877
603.2129,766.2763,24.0230,42.0877
604.3389,767.3463,23.5107,41.1902
605.4744,768.2295,23.5107,41.1902
606.5763,767.8174,23.0093,40.3118
607.6877,767.2001,23.0093,40.3118
612.2564,766.5827,23.0093,40.3118
616.6673,765.4653,22.5186,39.4521
618.2382,761.2357,22.5186,39.4521
617.6340,752.8974,22.5186,39.4521
616.7881,747.9427,22.5186,39.4521
2
0
0
0
0
1
677.1556,766.9323,53.4826,27.5403
692.7419,755.4394,53.4826,27.5403
699.8272,746.4777,54.6659,28.1497
706.4249,740.5237,54.6659,28.1497
705.2985,739.0754,54.6659,28.1497
706.1031,738.2707,54.6659,28.1497
706.5859,740.6846,54.6659,28.1497
707.3905,739.5581,54.6659,28.1497
708.5170,738.1098,54.6659,28.1497
707.3905,736.6615,54.6659,28.1497
706.5859,735.8569,54.6659,28.1497