0.18861
0.22185
0.055575
0.028571
0.037171
0.032519
0.025829
0.022394
0.022189
0.022107
0.022041
0.021927
0.023236
0.022793
0.023834
0.022785
0.023149
0.023145
0.023045
0.022491
0.023772
0.023434
0.023495
0.023188
0.023173
0.02313
0.023292
0.021986
0.022396
0.021702
0.021717
0.022319
0.021981
0.022126
0.022554
0.022604
0.023213
0.022895
0.023176
0.022571
0.023148
0.023018
0.023912
0.02276
0.023032
0.023076
0.022902
0.021704
0.021552
0.021576
0.021751
0.0216
0.021641
0.022106
0.021571
0.02163
0.022954
0.02223
0.022031
0.021999
0.02232
0.022286
0.022653
0.022583
0.021311
0.021449
0.021525
0.022104
0.02146
0.021386
0.02154
0.021523
0.021558
0.021441
0.021738
0.021746
0.021504
0.021664
0.021612
0.021353
0.022246
0.02215
0.022429
0.022856
0.022918
0.022818
0.022867
0.022832
0.022244
0.02221
0.022233
0.022254
0.023267
0.022947
0.022119
0.022266
0.022179
0.022313
0.022918
0.022433
0.023655
0.023204
0.022698
0.022199
0.02239
0.023045
0.022875
0.023085
0.022898
0.022972
0.02214
0.023501
0.023246
0.022714
0.022334
0.023236
0.022305
0.022129
0.022123
0.022052
0.022204
0.022245
0.022944
0.0225
0.022416
0.022877
0.023527
0.022771
0.02275
0.023302
0.023453
0.022817
0.023528
0.022833
0.023481
0.022763
0.022627
0.022639
0.022709
0.022752
0.022979
0.022237
0.022375
0.02221
0.022121
0.022193
0.022376
0.022257
0.022111
0.022473
0.022295
0.022418
0.022143
0.022234
0.022128
0.022204
0.0223
0.022017
0.022101
0.023151
0.022373
0.0214
0.021289
0.022454
0.022243
0.022133
0.022069
0.022281
0.022785
0.022347
0.022449
0.022477
0.022301
0.02249
0.022164
0.022904
0.022147
0.023451
0.022234
0.023622
0.023219
0.022449
0.0222
0.022972
0.022175
0.022215
0.022193
0.022228
0.022242
0.022139
0.022173
0.022216
0.022226
0.022422
0.022443
0.022124
0.022169
0.022163
0.022194
0.02272
0.022836
0.022824
0.023009
0.023016
0.022386
0.022189
0.022955
0.022931
0.022423
0.022976
0.022208
0.022155
0.022337
0.022974
0.022334
0.022179
0.022358
0.022231
0.022269
0.02217
0.02224
0.022206
0.022192
0.022272
0.022208
0.023067
0.023113
0.022256
0.022276
0.022911
0.023811
0.023842
0.023812
0.023894
0.02385
0.023873
0.023096
0.02397
0.023016
0.022215
0.023205
0.022251
0.023186
0.02243
0.02227
0.02254
0.022236
0.024071
0.023626
0.02394
0.024644
0.024202
0.025083
0.02475
0.023962
0.023838
0.022967
0.02224
0.022871
0.022258
0.02294
0.022168
0.021957
0.022221
0.022869
0.022184
0.022
0.022288
0.02194
0.022128
0.022785
0.022428
0.023778
0.023925
0.022842
0.023661
0.023748
0.024119
0.023556
0.023194
0.022892
0.023049
0.022881
0.023983
0.022834
0.023108
0.023009
0.022472
0.021998
0.023053
0.021956
0.022285
0.022294
0.023223
0.02318
0.024168
0.024068
0.023114
0.023487
0.023736
0.022595
0.022733
0.023565
0.02365
0.022765
0.023597
0.021716
0.021996
0.022695
0.022822
0.021891
0.021897
0.022685
0.021915
0.021915
0.021893
0.021862
0.021899
0.021991
0.022758
0.022756
0.022792
0.022812
0.022825
0.022838
0.023014
0.022911
0.022832
0.022859
0.02275
0.023637
0.023635
0.023139
0.022342
0.022665
0.023671
0.022724
0.022532
0.022589
0.022081
0.02204
0.021984
0.022819
0.022787
0.022808
0.022769
0.022825
0.022781
0.022852
0.022804
0.022749
0.022733
0.022798
0.022814
0.022735
0.022726
0.021967
0.021881
0.02172
0.022199
0.021873
0.021999
0.022232
0.022005
0.021963
