0.20119
0.23009
0.064132
0.037159
0.045308
0.040137
0.033755
0.030612
0.030522
0.071225
0.031877
0.031111
0.030792
0.030598
0.030821
0.03049
0.0306
0.030367
0.030344
0.03048
0.03075
0.030845
0.030564
0.030498
0.030323
0.030498
0.030285
0.030349
0.03475
0.038398
0.030418
0.03063
0.032976
0.040896
0.030248
0.030373
0.030466
0.030638
0.030266
0.030363
0.031107
0.030468
0.031297
0.031038
0.030828
0.030313
0.030208
0.030368
0.030109
0.030562
0.030308
0.030168
0.030196
0.030232
0.030288
0.030643
0.030628
0.030439
0.030317
0.030452
0.030278
0.030742
0.030382
0.030333
0.030651
0.030607
0.030635
0.03045
0.03049
0.030584
0.030327
0.030292
0.030375
0.030284
0.030277
0.030332
0.030321
0.030348
0.030289
0.030338
0.030139
0.030104
0.03025
0.030293
0.030475
0.030331
0.030179
0.030139
0.030177
0.030433
0.030499
0.030187
0.030551
0.030461
0.029975
0.03012
0.030404
0.03029
0.030296
0.030432
0.030593
0.030728
0.030392
0.030012
0.030197
0.030181
0.030139
0.030319
0.03022
0.030427
0.030563
0.030645
0.030859
0.03044
0.030004
0.030207
0.030101
0.029917
0.029863
0.029805
0.030057
0.029944
0.030033
0.030309
0.030546
0.030856
0.030745
0.030632
0.030636
