0.19132
0.2219
0.05707
0.03014
0.03829
0.03289
0.027237
0.023739
0.023895
0.023613
0.023596
0.02348
0.023843
0.022672
0.022827
0.022404
0.022475
0.022391
0.022389
0.022379
0.022535
0.022419
0.022254
0.022272
0.022236
0.02232
0.022134
0.022313
0.022216
0.022195
0.022779
0.022717
0.0224
0.02249
0.022276
0.022211
0.022313
0.022348
0.022361
0.022232
0.022766
0.022674
0.023378
0.022458
0.022967
0.022407
0.022296
0.022128
0.022184
0.02215
0.022321
0.02241
0.022445
0.022325
0.022302
0.022179
0.022135
0.022359
0.022172
0.022131
0.022093
0.022072
0.022294
0.022556
0.022498
0.022357
0.022398
0.022329
0.022095
0.02204
0.022076
0.022102
0.022268
0.022391
0.022241
0.022174
0.021945
0.021859
0.021848
0.0219
0.021788
0.021813
0.021823
0.021906
0.021968
0.022603
0.022137
0.021952
0.021972
0.021997
0.021956
0.022021
0.022219
0.02199
0.021951
0.022072
0.021924
0.021873
0.021949
0.022001
0.022488
0.022573
0.022381
0.022043
0.022194
0.021961
0.022027
0.022008
0.022015
0.022034
0.022042
0.022429
0.022616
0.022561
0.022475
0.022402
NaN
NaN
NaN
NaN
0.18975
0.22019
0.056044
0.028665
0.037819
0.032197
0.025918
0.022791
0.022516
0.022772
0.022315
0.022313
0.022091
0.022267
0.022197
0.022118
0.021806
0.022006
0.02187
0.022149
0.022003
0.022356
0.021867
0.022187
0.022173
0.022444
0.021948
0.022283
0.021806
0.022083
0.021698
0.022413
0.02211
0.022539
0.021916
0.022194
0.02191
0.022344
0.021835
0.022317
0.022554
0.022606
0.022807
0.022312
0.022579
0.022251
0.022151
0.02218
0.021767
0.02212
0.021795
0.022042
0.022013
0.06247
0.023402
0.022185
0.022173
0.022178
0.022217
0.022188
0.02223
0.022294
0.022451
0.022742
0.022301
0.022442
0.022474
0.022203
0.022195
0.022361
0.022185
0.022246
0.022187
0.022156
0.022422
0.022404
0.022185
0.022189
0.021978
0.022001
0.02208
0.022146
0.022396
0.022268
0.021984
0.021947
0.021833
0.022079
0.021814
0.021804
0.021914
0.021955
0.022566
0.022417
0.022303
0.022357
0.021996
0.021895
0.021858
0.02186
0.022467
0.022901
0.022784
0.022272
0.02217
0.022238
0.022154
0.022316
0.022459
0.022255
0.022401
0.022843
0.022805
0.022349
0.022153
0.022236
0.022109
0.022026
0.021939
0.022103
0.02196
0.022031
0.022036
0.022036
0.022024
0.022728
0.022803
0.023004
0.022924
0.022623
0.022786
0.022552
0.022075
0.022049
0.022027
0.022011
0.022138
0.022249
0.022034
0.021919
0.022015
0.021887
0.021803
0.021859
0.021773
0.021836
0.02191
0.021964
0.021991
0.022025
0.022226
0.022019
0.022213
0.022172
0.022002
0.022049
0.022034
0.022057
0.021774
0.02208
0.022069
0.021848
0.021862
0.021883
0.021817
0.022029
0.022087
0.022035
0.023087
0.022812
0.022644
0.022644
0.022662
0.022553
0.022609
0.022527
0.021983
0.021952
0.022016
0.022082
0.021983
0.021694
0.021787
0.021788
0.021908
0.021824
0.021822
0.0218
0.021896
0.021958
0.022071
0.022082
0.022045
0.021935
0.022304
0.022039
0.022205
0.021949
0.022041
0.022145
0.022482
0.02196
0.022081
0.02201
0.022231
0.022007
0.022097
0.02191
0.022163
0.022054
0.022097
0.022129
0.022055
0.02202
0.022042
0.022049
0.022139
0.021962
0.022247
0.022164
0.022148
0.021958
0.021917
0.021996
0.021904
0.022058
0.022008
0.02196
0.022002
0.022102
0.021859
0.022653
0.021887
0.022094
0.021861
0.022071
0.021949
0.021636
0.021753
0.021655
0.021639
0.023052
0.023039
0.022473
0.021869
0.0218
0.02178
0.02187
0.02259
0.023247
0.023065
0.023786
0.023363
0.022985
0.022632
0.022631
0.02314
0.022639
0.022576
0.021787
0.022033
0.022155
0.02182
0.022018
0.021767
0.021867
0.021829
0.021962
0.022065
0.021891
0.021844
0.021783
0.021908
0.02184
0.021886
0.021875
0.021848
0.02215
0.02188
0.021914
0.021899
0.021917
0.021928
0.021943
0.021947
0.021929
0.021857
0.021967
0.021898
0.021863
0.021922
0.021909
0.021997
0.021934
0.021936
0.021923
0.021942
0.021957
0.021845
0.021844
0.021827
0.021875
0.021743
0.022086
0.021857
0.021738
0.021682
0.021679
0.021653
0.021668
0.021624
0.02187
0.021667
0.021708
0.021758
0.021863
0.021756
0.021903
0.021815
0.022151
0.021898
0.021954
0.021798
0.021916
0.021892
0.021921
0.021716
0.021801
0.021772
0.021841
0.021786
0.021925
0.021834
0.022006
0.02241
0.022505
0.022326
0.022218
0.022273
0.022078
0.02196
0.022028
0.022003
0.022182
0.02196
0.022021
0.021916
0.021979
0.021958
0.02203
0.022052
0.022007
0.022087
0.022025
0.021993
0.022098
0.021972
0.022099
0.022057
0.022194
0.022036
0.022205
0.022009
0.022091
0.021941
0.02208
0.021892
0.021977
0.022096
0.022016
0.021884
0.021984
0.021913
0.021986
0.021913
0.021991
0.021991
0.021923
0.02187
0.02194
0.021781
0.021923
0.021882
0.022039
0.021888
0.021936
0.022785
0.022052
0.021902
0.022695
0.022621
0.023252
0.023175
0.02305
0.023101
0.022706
0.023166
0.023326
0.023407
0.022742
0.023396
0.022786
0.022755
0.023129
0.023265
0.022735
0.022703
0.022902
0.022872
0.022927
0.022923
0.023603
0.023451
0.02349
0.023547
0.023539
0.023533
0.022905
0.023228
0.022801
0.023667
0.023486
0.023913
0.023552
0.022954
0.023639
0.023562
0.022908
0.023738
0.023015
0.023688
0.023759
0.02373
0.023128
0.023207
0.023232
0.023778
0.023749
0.023082
0.023766
0.023016
0.023771
0.023819
0.023947
0.022969
0.023823
0.02392
0.023982
0.023128
0.023763
0.023767
0.0231
0.023822
0.023007
0.023782
0.023757
0.023817
0.022987
0.023746
0.023516
0.023608
0.023169
0.023761
0.023086
0.023834
0.024815
0.025541
0.025403
0.02494
0.023888
0.025529
0.024843
0.02472
0.023898
0.024698
0.024763
0.024782
0.024001
0.023901
0.024758
0.024843
0.02394
0.024709
0.023953
0.024864
0.02392
0.024813
0.023978
0.023915
0.023892
0.023419
0.024112
0.023124
0.023931
0.023087
0.023996
0.022962
0.023773
0.023338
0.023393
0.024888
0.023141
0.023753
0.023431
0.024081
0.023611
0.023503
0.022722
0.022991
0.022733
0.022985
0.022579
0.022927
0.023141
0.022905
0.02248
0.023185
0.022965
0.023923
0.022666
0.023126
0.02296
0.024068
0.022643
0.022903
0.022595
0.02323
0.022965
0.023357
0.023642
0.023051
0.022773
0.023036
0.022813
0.02322
0.022764
0.023027
0.023649
0.023066
0.023706
0.023756
0.022774
0.023135
0.022778
0.023075
0.022772
0.023254
0.022723
0.02308
0.022746
0.023057
0.022793
0.023021
0.024379
0.02336
0.022828
0.023074
0.023771
0.023177
0.022769
0.023363
0.023553
0.022627
0.02265
0.022715
0.022678
0.022655
0.022728
0.02279
0.023723
0.023675
0.023666
0.02369
0.022764
0.023895
0.022704
0.022734
0.023678
0.022717
0.022576
0.023037
0.022751
0.022948
0.022613
0.022936
0.022641
0.022686
0.022646
0.022721
0.023663
0.022647
0.023713
0.023681
0.023715
0.023835
0.022675
0.022754
0.022706
0.023696
0.02271
0.022722
0.022781
0.022769
0.023861
0.022915
0.022758
0.02275
0.02266
0.022765
0.022778
0.022776
0.02281
0.022729
0.022671
0.022808
0.022683
0.022787
0.023013
0.022798
0.022713
0.022743
0.022779
0.022873
0.022678
0.022709
0.02276
0.022736
0.022787
0.023016
0.022717
0.022902
0.022788
0.022732
0.023006
0.022684
0.022726
0.022741
0.023148
0.023165
0.022754
0.02282
0.022696
0.022736
0.02276
0.022764
0.022681
0.022767
0.022757
0.023075
0.022722
0.022807
0.02301
0.023393
0.023427
0.0241
0.022057
0.023714
0.023205
0.022732
0.023668
0.02264
0.022709
0.022568
0.023616
0.02301
0.023627
0.022645
0.023047
0.022728
0.023002
0.022799
0.022765
0.022768
0.022681
0.022707
0.022723
0.022576
0.02283
0.022775
0.022871
0.023152
0.022702
0.022815
0.02286
0.022826
0.022914
0.022826
0.022761
0.022834
0.022725
0.024097
0.022831
0.022824
0.022834
0.02278
0.022768
0.022762
0.022697
0.022772
0.022717
0.022776
0.022762
0.022727
0.022768
0.022775
0.022804
0.022685
0.022769
0.022656
0.022817
0.022778
0.022857
0.022734
0.02281
0.022825
0.022792
0.023174
0.023107
0.022757
0.023114
0.022843
0.022778
0.022662
0.022868
0.022775
0.022802
0.022738
0.023124
0.022814
0.022704
0.022688
0.022759
0.022814
0.023061
0.022851
0.023557
0.022824
0.022825
0.022771
0.022821
0.02282
0.022856
0.022791
0.022885
0.023034
0.022881
0.022925
0.022848
0.022826
0.022909
0.022877
0.02287
0.022847
0.022822
0.022875
0.022825
0.023173
0.022969
0.022962
0.022925
0.0229
0.022973
0.02288
0.022928
0.022827
0.022912
0.022904
0.022982
0.023213
0.022903
0.022828
0.022761
0.022842
0.022841
0.022926
0.023178
0.02236
0.02216
0.022116
0.021979
0.021985
0.02203
0.02192
0.022156
0.022048
0.022179
0.022057
0.022139
0.022335
0.022099
0.021977
0.022134
0.021989
0.021892
0.021983
0.021985
0.021918
0.022038
0.021997
0.022045
0.021916
0.022033
0.021993
0.021941
0.021983
0.021982
0.022012
0.022022
0.021961
0.021957
0.021905
0.021971
0.022081
0.022068
0.021974
0.022016
0.021964
0.022002
0.021918
0.02211
0.021956
0.022044
0.022046
0.021967
0.02193
0.021979
0.021989
0.021987
0.021986
0.022067
0.021947
0.022014
0.022283
0.021969
0.021964
0.02207
0.021989
0.021864
0.022085
0.021881
0.021843
0.021971
0.021908
0.022283
0.021935
0.021898
0.021837
0.021872
0.0222
0.021897
0.021905
0.021905
0.021919
0.021947
0.021809
0.021961
0.02195
0.021877
0.0219
0.022043
0.02191
0.021876
0.021912
0.021906
0.022053
0.021916
0.021981
0.021962
0.021911
0.022016
0.021976
0.021945
0.021855
0.022055
0.021809
0.021889
0.021869
0.021842
0.021979
0.021905
0.021819
0.021882
0.021857
0.021881
0.021927
0.021861
0.021915
0.022095
0.021977
0.021865
0.021944
0.022299
0.021931
0.022036
0.021976
0.022256
0.021989
0.021887
0.022247
0.022004
0.022044
0.021998
0.0221
0.021916
0.022278
0.021945
0.021904
0.021988
0.021997
0.021982
0.021945
0.021984
0.022006
0.021907
0.021907
0.021845
0.021936
0.02191
0.021825
0.021828
0.021892
0.021887
0.021806
0.021806
0.021792
0.02198
0.021831
0.021817
0.021894
0.021869
0.02187
0.021887
0.021897
0.02186
0.022007
0.021858
0.021949
0.021952
0.021935
0.022816
0.022696
0.022628
0.02267
0.021849
0.021885
0.021867
0.021954
0.021864
0.021824
0.021764
0.021868
0.021835
0.022154
0.021822
0.024045
0.023055
0.023733
0.023712
0.025393
0.024417
0.024053
0.02432
0.02443
0.024441
0.02449
0.024412
0.023965
0.024338
0.024505
0.023971
0.024405
0.024519
0.024296
0.024441
0.024448
0.023657
0.023694
0.024181
0.02512
0.024673
0.023638
0.023895
0.024406
0.024289
0.024448
0.024038
0.024437
0.024592
0.024729
0.023881
0.023709
0.024588
0.023912
0.023782
0.02446
0.024526
0.024481
0.024711
0.024871
0.025761
0.025429
0.025217
0.025439
0.026242
0.026023
0.026158
0.025257
0.026041
0.025272
0.025368
0.025239
0.024782
0.025779
0.025283
0.025309
0.025381
0.025201
0.026133
0.025206
0.025966
0.025335
0.025332
0.026153
0.025661
0.025411
0.025441
0.025542
0.025921
0.025667
0.026101
0.02545
0.025462
0.025616
0.026293
0.025946
0.025679
0.024152
0.02543
0.025589
0.025703
0.024138
0.025479
0.024186
0.025473
0.024256
0.024879
0.024487
0.024934
0.024833
0.024818
0.024994
0.025065
0.024999
0.024955
0.025786
0.024353
0.025367
0.025803
0.024735
0.025303
0.025181
0.025078
0.025047
0.024991
0.025294
0.024585
0.024434
0.024947
0.025297
0.024996
0.025231
0.025042
0.025221
0.025058
0.025992
0.025225
0.025498
0.025165
0.024743
0.024353
0.025211
0.023151
0.025142
0.024318
0.025291
0.024373
0.025188
0.024344
0.024253
0.025107
0.024644
0.024319
0.024196
0.024699
0.024759
0.0254
0.024664
0.025293
0.024282
0.024326
0.02511
0.024349
0.02436
0.025271
0.024715
0.024413
0.024426
0.02592
0.024446
0.024427
0.024348
0.025925
0.025644
0.024444
0.024287
0.025375
0.025561
0.025414
0.024908
0.024807
0.024977
0.025194
0.025276
0.02486
0.024996
0.025031
0.025048
0.024952
0.025025
0.025563
0.024892
0.024575
0.024894
0.025052
0.024425
0.024394
0.024065
0.024196
0.025139
0.024191
0.024159
0.024153
0.024935
0.024881
0.024557
0.02464
0.02519
0.024686
0.024364
0.024815
0.02464
0.02447
0.025761
0.025553
0.025735
0.025476
0.025451
0.025305
0.02501
0.025343
0.024472
0.024375
0.025486
0.025361
0.025435
0.025386
0.025319
0.025062
0.025502
0.025307
0.025241
0.025353
0.025073
0.025743
0.025973
0.025351
0.024399
0.024673
0.025637
0.024471
0.024902
0.024799
0.024868
0.026076
0.025971
0.024988
0.024971
0.024184
0.024212
0.023855
0.023909
0.023825
0.024061
0.024463
0.024324
0.023952
0.024413
0.024272
0.024672
0.023915
0.024281
0.023981
0.024209
0.023914
0.023796
0.023866
0.023768
0.023781
0.02398
0.02395
0.023954
0.023025
0.02305
0.02307
0.026582
0.023013
0.023041
0.023073
0.023385
0.024943
0.024281
0.023955
0.02386
0.024051
0.02384
0.023958
0.023893
0.02425
0.023856
0.022912
0.023809
0.022879
0.023834
0.023881
0.023966
0.023969
0.023884
0.02401
0.023862
0.023967
0.023895
0.024419
0.0239
0.023464
0.025561
0.023787
0.023139
0.022986
0.023021
0.022906
0.022957
0.023001
0.023062
0.023
0.022999
0.022976
0.022994
0.022981
0.023086
0.02299
0.023073
0.023066
0.023031
0.023025
0.02295
0.022928
0.022963
0.023501
0.023201
0.023175
0.023004
0.023453
0.022953
0.022978
0.022918
0.022996
0.023071
0.023024
0.023077
0.023946
0.023027
0.022996
0.023016
0.022984
0.02295
0.022845
0.022856
0.022989
0.022784
0.022838
0.022881
0.022901
0.022926
0.023006
0.022978
0.022934
0.022942
0.023351
0.022801
0.022863
0.024173
0.022909
0.022822
0.022888
0.022957
0.022941
0.022901
0.022987
0.022964
0.023073
0.023011
0.022986
0.023034
0.022986
0.023031
0.023101
0.023053
0.023056
0.023153
0.023079
0.022931
0.023081
0.022977
0.02311
0.023044
0.023
0.023073
0.023074
0.023141
0.022995
0.023016
0.023064
0.023029
0.023066
0.023045
0.023144
0.022965
0.023201
0.022949
0.02308
0.023084
0.023026
0.023496
0.023025
0.023047
0.023004
0.023129
0.023025
0.023039
0.023
0.02299
0.023009
0.023019
0.022897
0.022847
0.023013
0.022811
0.022855
0.022804
0.022865
0.022898
0.022948
0.023015
0.022933
0.023038
0.023008
0.022978
0.02291
0.02292
0.022849
0.022873
0.022775
0.022714
0.022726
0.022676
0.022743
0.02277
0.022785
0.022752
0.022858
