1
293.3929,144.9911,42.6475,148.5346
294.4778,144.6294,42.6475,148.5346
295.5626,144.9911,42.6475,148.5346
296.6475,144.6294,42.6475,148.5346
297.7324,144.9911,42.6475,148.5346
298.0940,144.6294,42.6475,148.5346
298.4556,144.9911,42.6475,148.5346
298.8173,145.3527,42.6475,148.5346
298.4556,146.4376,42.6475,148.5346
298.0940,146.0759,42.6475,148.5346
296.2859,146.4376,42.6475,148.5346
295.2010,146.7992,42.6475,148.5346
291.9464,146.4376,42.6475,148.5346
289.4150,146.7992,42.6475,148.5346
288.3301,147.1608,42.6475,148.5346
285.7988,146.7992,42.6475,148.5346
282.5442,147.1608,42.6475,148.5346
282.1825,147.5224,42.6475,148.5346
278.9279,148.6073,42.6475,148.5346
277.8430,148.9689,42.6475,148.5346
276.7582,149.3306,42.6475,148.5346
274.9500,149.6922,42.6475,148.5346
274.5884,150.7771,42.6475,148.5346
274.9500,151.1387,42.6475,148.5346
274.5884,151.5003,42.6475,148.5346
274.2268,152.5852,42.6475,148.5346
273.1419,152.9468,42.6475,148.5346
272.7803,152.5852,42.6475,148.5346
272.3463,156.6603,41.3457,144.0006
269.8922,159.1144,41.3457,144.0006
269.5417,159.4650,41.3457,144.0006
269.1911,160.5168,41.3457,144.0006
268.1393,162.2697,41.3457,144.0006
267.0876,163.3215,41.3457,144.0006
266.0358,163.6720,41.3457,144.0006
263.5817,163.3215,41.3457,144.0006
261.8288,162.9709,41.3457,144.0006
260.7770,164.0226,41.3457,144.0006
258.3229,163.6720,41.3457,144.0006
257.2711,164.7238,41.3457,144.0006
256.8504,167.2722,40.0836,139.6049
255.1510,166.9323,40.0836,139.6049
255.4229,169.4030,38.8600,135.3434
256.3456,171.1391,37.6738,131.2120
256.6650,170.8197,37.6738,131.2120
256.3456,171.1391,37.6738,131.2120
258.5817,170.1808,37.6738,131.2120
260.1790,168.5835,37.6738,131.2120
261.0734,169.6278,36.5238,127.2067
262.0025,169.3181,36.5238,127.2067
261.0114,170.9500,35.4089,123.3237
256.5078,170.6497,35.4089,123.3237
259.1499,171.6312,34.3280,119.5592
258.8588,170.7580,34.3280,119.5592
257.9856,169.3026,34.3280,119.5592
258.8006,170.2541,33.2802,115.9096
259.0828,169.4075,33.2802,115.9096
258.2688,167.2731,34.3438,119.6141
256.2639,165.0704,35.4414,123.4370
254.1949,161.5953,36.5741,127.3820
253.9206,158.6294,37.7430,131.4531
254.2776,154.9286,38.9493,135.6544
253.9855,151.1095,40.1941,139.9899
258.4555,147.1684,41.4787,144.4640
258.8478,145.2115,42.8044,149.0811
254.7827,147.1239,41.4978,144.5303
255.8789,145.8700,42.8240,149.1495
256.1694,147.7833,41.5168,144.5967
257.8592,146.8219,40.2495,140.1828
258.1322,149.3027,39.0209,135.9037
257.7351,151.0461,37.8297,131.7552
259.9164,150.8116,36.6750,127.7333
258.2993,153.6941,35.5555,123.8342
256.8267,151.4138,36.6918,127.7919
257.7600,150.4804,36.6918,127.7919
254.9958,148.1272,37.8645,131.8762
254.0326,147.1639,37.8645,131.8762
253.7115,147.4850,37.8645,131.8762
256.6012,147.8061,37.8645,131.8762
256.2801,147.4850,37.8645,131.8762
258.4633,150.4610,36.7087,127.8506
258.7746,150.1497,36.7087,127.8506
259.6461,152.4123,35.5881,123.9479
261.0946,154.0023,34.5018,120.1644
260.8021,153.7098,34.5018,120.1644
262.2648,154.0023,34.5018,120.1644
263.1425,153.7098,34.5018,120.1644
263.4350,153.4172,34.5018,120.1644
263.7276,153.1247,34.5018,120.1644
264.6053,153.4172,34.5018,120.1644
264.8978,153.1247,34.5018,120.1644
265.1904,152.8321,34.5018,120.1644
265.5167,151.2045,35.6045,124.0048
265.2496,149.5248,36.7424,127.9680
266.1843,149.8363,36.7424,127.9680
267.7420,150.1479,36.7424,127.9680
268.6767,150.4594,36.7424,127.9680
270.2345,150.7710,36.7424,127.9680
270.5820,148.4145,37.9167,132.0579
271.5465,149.3790,37.9167,132.0579
273.1541,150.3436,37.9167,132.0579
275.9833,152.0376,36.7592,128.0268
279.9730,154.3033,35.6372,124.1187
281.4839,152.7924,35.6372,124.1187
281.1818,151.8859,35.6372,124.1187
282.1232,150.2046,36.7761,128.0856
284.2437,154.3424,35.6535,124.1757
286.9645,154.6447,35.6535,124.1757
286.0576,178.5280,35.6535,124.1757
290.5924,181.8535,35.6535,124.1757
295.7667,181.9854,36.7930,128.1444
309.8059,185.4172,36.7930,128.1444
314.5216,185.5534,37.9689,132.2399
323.1500,187.8936,36.8099,128.2032
2
0
0
0
0
1
281.8400,151.6894,44.5492,96.7793
283.0420,149.3227,45.9730,99.8724
284.0258,151.1291,44.5696,96.8237
282.1111,149.7614,44.5696,96.8237
283.4788,148.9408,44.5696,96.8237
283.7523,149.2143,44.5696,96.8237
283.4788,149.4879,44.5696,96.8237
283.8855,151.7863,43.2091,93.8682
283.4602,151.0818,44.5901,96.8682
282.6392,151.3555,44.5901,96.8682
283.0461,153.1077,43.2290,93.9113
281.1889,153.3730,43.2290,93.9113
279.3317,153.6383,43.2290,93.9113
278.5358,153.3730,43.2290,93.9113
278.2704,154.6995,43.2290,93.9113
277.4745,154.4342,43.2290,93.9113
277.7398,155.2301,43.2290,93.9113
278.0051,154.9648,43.2290,93.9113
278.2704,155.2301,43.2290,93.9113
278.0051,154.9648,43.2290,93.9113
277.7398,154.1689,43.2290,93.9113
278.0051,153.9036,43.2290,93.9113
277.8690,153.4797,41.9094,91.0446
277.6118,153.7370,41.9094,91.0446
277.7137,152.5393,43.2488,93.9544
279.0409,151.7430,43.2488,93.9544
279.4355,152.9115,41.9286,91.0864
279.6929,153.1689,41.9286,91.0864
279.9502,153.4262,41.9286,91.0864
281.7515,155.2275,41.9286,91.0864
283.6781,157.9044,40.6487,88.3060
284.4265,158.1539,40.6487,88.3060
285.6739,158.4033,40.6487,88.3060
286.9213,158.6528,40.6487,88.3060
286.6718,159.4012,40.6487,88.3060
286.9213,160.1497,40.6487,88.3060
285.6739,160.3992,40.6487,88.3060
285.5459,163.4933,39.4079,85.6104
283.2231,162.3671,40.6674,88.3465
280.9768,162.6167,40.6674,88.3465
281.3479,164.7138,39.4260,85.6497
278.6862,165.9237,39.4260,85.6497
277.3303,166.2488,40.6861,88.3871
277.9286,165.5855,41.9864,91.2119
278.5461,163.3549,43.3283,94.1270
278.8120,164.1527,43.3283,94.1270
280.6735,164.4186,43.3283,94.1270
281.6007,166.6530,42.0057,91.2538
285.4678,167.4264,42.0057,91.2538
286.8823,169.5926,40.7234,88.4682
286.2542,170.6929,39.4803,85.7677
287.8040,169.0800,40.7421,88.5088
289.4034,167.4156,42.0442,91.3376
290.6937,166.1254,42.0442,91.3376
291.3120,165.4400,43.3880,94.2567
290.5131,164.6411,43.3880,94.2567
289.7143,164.3748,43.3880,94.2567
289.9806,164.6411,43.3880,94.2567
290.2468,165.4400,43.3880,94.2567
291.0457,165.1737,43.3880,94.2567
293.2815,163.4012,44.7747,97.2692
292.8408,163.2208,46.2057,100.3779
293.6916,163.5044,46.2057,100.3779
297.5162,164.7528,44.7952,97.3138
298.4748,166.5130,43.4278,94.3433
298.7413,166.2465,43.4278,94.3433
299.0079,166.5130,43.4278,94.3433
298.0474,165.2719,44.8158,97.3585
298.3224,166.0971,44.8158,97.3585
298.5975,166.3721,44.8158,97.3585
298.1564,165.0914,46.2481,100.4701
298.4402,168.7813,46.2481,100.4701
297.4173,167.4597,47.7262,103.6811
298.4387,171.0925,46.2693,100.5162
297.0188,171.9444,46.2693,100.5162
296.7348,171.6605,46.2693,100.5162
296.0211,172.3427,44.8569,97.4479
294.4784,169.4090,46.2906,100.5624
294.0228,167.5179,47.7700,103.7763
294.1390,165.5663,49.2967,107.0930
297.8895,163.5524,50.8723,110.5157
300.5110,160.8497,52.4981,114.0478
302.7664,159.8831,52.4981,114.0478
303.7330,159.5609,52.4981,114.0478
307.2773,158.5943,52.4981,114.0478
309.0451,160.0128,50.8956,110.5665
311.8564,159.0757,50.8956,110.5665
314.6677,158.1386,50.8956,110.5665
314.9800,159.0757,50.8956,110.5665
315.1038,156.9965,52.5223,114.1002
313.9422,154.8508,54.2009,117.7468
315.4046,152.6366,55.9331,121.5100
314.8541,151.0381,57.7207,125.3935
311.4519,149.3886,59.5655,129.4010
310.3552,150.4853,59.5655,129.4010
308.5273,150.8509,59.5655,129.4010
308.1617,149.7542,59.5655,129.4010
303.4092,150.1197,59.5655,129.4010
297.9256,150.4853,59.5655,129.4010
295.1459,150.2454,61.4692,133.5367
307.7791,151.9062,59.5928,129.4604
308.3229,152.0534,57.7738,125.5086
308.8501,154.3236,56.0102,121.6774
307.9862,158.5870,54.3005,117.9632
310.4813,160.7207,52.6429,114.3623
310.3155,162.7893,51.0360,110.8714
309.5283,165.4211,49.4781,107.4870
311.1945,167.3653,47.9678,104.2059
313.3986,169.8390,46.5035,101.0250
314.9645,171.0955,45.0840,97.9412
316.9014,170.8188,45.0840,97.9412
318.6713,168.9770,46.5249,101.0714
320.0990,169.2625,46.5249,101.0714
323.2399,168.9770,46.5249,101.0714
324.0965,169.2625,46.5249,101.0714
327.2375,170.1192,46.5249,101.0714
328.6652,170.9758,46.5249,101.0714
330.8030,172.8039,45.1047,97.9861
332.7408,174.7417,45.1047,97.9861
335.2322,175.0185,45.1047,97.9861
337.7236,174.7417,45.1047,97.9861
338.3869,175.1136,46.5462,101.1178
339.8153,174.8280,46.5462,101.1178
341.9541,176.6570,45.1254,98.0311
343.8927,176.9339,45.1254,98.0311
345.4123,179.2610,43.7479,95.0387
348.3658,178.9925,43.7479,95.0387
349.1713,178.7240,43.7479,95.0387
349.4398,178.9925,43.7479,95.0387
351.3192,178.1870,43.7479,95.0387
352.1248,177.9185,43.7479,95.0387
353.3051,176.6683,45.1461,98.0761
356.3530,176.3912,45.1461,98.0761
358.8467,176.1141,45.1461,98.0761
362.4487,175.8371,45.1461,98.0761
365.4966,177.2224,45.1461,98.0761
368.9313,175.9323,46.5890,101.2107
372.6485,175.6463,46.5890,101.2107
375.0493,174.3149,48.0780,104.4453
378.2950,173.4297,48.0780,104.4453
381.5408,172.5445,48.0780,104.4453
383.6064,172.8396,48.0780,104.4453
386.8521,173.1346,48.0780,104.4453
389.5078,173.4297,48.0780,104.4453
390.3930,173.1346,48.0780,104.4453
393.0487,173.4297,48.0780,104.4453
393.3438,173.7248,48.0780,104.4453
394.8191,174.0199,48.0780,104.4453
394.3459,173.2360,49.6145,107.7834
395.2594,174.1495,49.6145,107.7834
395.3801,172.7317,51.2002,111.2282
395.5046,171.8969,52.8366,114.7830
396.4774,172.8698,52.8366,114.7830
397.4503,173.8426,52.8366,114.7830
399.5244,172.3327,54.5252,118.4515
401.8669,171.9980,54.5252,118.4515
405.5480,171.6634,54.5252,118.4515
406.3499,169.4359,56.2679,122.2372
412.3887,170.2655,54.5503,118.5059
413.1910,168.0370,56.2937,122.2933
416.9914,167.0005,56.2937,122.2933
419.4099,166.6550,56.2937,122.2933
422.6876,168.8670,54.5753,118.5603
427.2050,169.0018,52.9094,114.9412
427.6878,171.0809,51.2943,111.4326
429.2618,170.1364,51.2943,111.4326
430.2063,170.4512,51.2943,111.4326
431.1507,169.5068,51.2943,111.4326
432.0952,169.1920,51.2943,111.4326
431.7803,170.1364,51.2943,111.4326
431.4655,169.8216,51.2943,111.4326
429.8915,170.1364,51.2943,111.4326
429.5767,169.8216,51.2943,111.4326
426.5533,168.3557,52.9337,114.9940
424.2792,167.3811,52.9337,114.9940
420.7056,167.7060,52.9337,114.9940
419.0812,168.6806,52.9337,114.9940
415.5076,168.3557,52.9337,114.9940
413.8832,168.0309,52.9337,114.9940
410.9594,167.7060,52.9337,114.9940
407.3857,168.0309,52.9337,114.9940
403.8121,167.7060,52.9337,114.9940
401.5380,167.3811,52.9337,114.9940
397.9644,167.0562,52.9337,114.9940
396.9898,165.4319,52.9337,114.9940
395.3654,165.7568,52.9337,114.9940
393.7411,166.0816,52.9337,114.9940
393.4162,165.1070,52.9337,114.9940
392.4416,164.7821,52.9337,114.9940
391.4669,165.7568,52.9337,114.9940
391.9500,167.1870,51.3179,111.4837
393.5247,167.5020,51.3179,111.4837
393.9930,168.2586,49.7514,108.0807
394.9091,166.1212,49.7514,108.0807
394.6037,165.8159,49.7514,108.0807
394.9091,165.5105,49.7514,108.0807
395.2144,165.2052,49.7514,108.0807
395.5197,164.8998,49.7514,108.0807
395.8251,164.5945,49.7514,108.0807
396.7411,164.8998,49.7514,108.0807
397.0464,165.2052,49.7514,108.0807
397.3518,164.8998,49.7514,108.0807
396.8621,164.0887,51.3414,111.5349
396.5470,163.1434,51.3414,111.5349
396.8621,162.1981,51.3414,111.5349
397.1772,160.6226,51.3414,111.5349
397.6457,162.0098,49.7742,108.1303
398.5622,162.3153,49.7742,108.1303
398.6832,160.2819,51.3650,111.5861
398.9985,159.9667,51.3650,111.5861
399.3137,159.0210,51.3650,111.5861
400.2595,158.0752,51.3650,111.5861
400.5747,157.7600,51.3650,111.5861
403.2216,155.6616,53.0066,115.1524
402.8963,155.9869,53.0066,115.1524
403.8723,155.0109,53.0066,115.1524
403.3505,152.8455,54.7007,118.8327
403.0148,152.5098,54.7007,118.8327
404.4907,149.6037,56.4489,122.6306
409.8561,152.5147,54.7258,118.8872
410.1920,149.4918,54.7258,118.8872
409.8561,149.8277,54.7258,118.8872
410.8637,149.4918,54.7258,118.8872
410.9968,146.5844,56.4749,122.6869
411.3434,147.6242,56.4749,122.6869
410.9968,146.5844,56.4749,122.6869
409.9570,146.2378,56.4749,122.6869
405.4511,145.8912,56.4749,122.6869
405.7977,143.4649,56.4749,122.6869
401.7758,141.1578,58.2798,126.6079
399.4461,141.3017,56.5008,122.7432
398.8900,138.9935,58.3066,126.6661
393.5223,138.6357,58.3066,126.6661
387.9385,136.2537,60.1700,130.7143
386.8306,135.1458,60.1700,130.7143
383.5070,134.7765,60.1700,130.7143
380.9221,133.6687,60.1700,130.7143
376.8599,133.2994,60.1700,130.7143
376.4906,132.9301,60.1700,130.7143
372.4285,131.8223,60.1700,130.7143
370.5821,131.4530,60.1700,130.7143
368.7356,131.0837,60.1700,130.7143
367.8076,132.7094,58.3333,126.7242
367.4496,131.6354,58.3333,126.7242
366.3755,131.9934,58.3333,126.7242
365.3015,129.4873,58.3333,126.7242
364.9435,127.6973,58.3333,126.7242
364.5854,126.6232,58.3333,126.7242
364.9435,126.2652,58.3333,126.7242
363.1534,124.4751,58.3333,126.7242
362.9697,124.6192,56.5527,122.8559
361.9284,122.8838,56.5527,122.8559
360.8871,122.5367,56.5527,122.8559
359.8459,122.1896,56.5527,122.8559
358.8047,121.8425,56.5527,122.8559
358.4576,122.8838,56.5527,122.8559
356.7221,121.8425,56.5527,122.8559
357.2382,124.0647,54.8264,119.1057
357.0655,126.2191,53.1528,115.4700
356.7393,126.5453,53.1528,115.4700
355.1082,126.2191,53.1528,115.4700
354.7820,126.5453,53.1528,115.4700
353.8033,126.2191,53.1528,115.4700
352.1722,127.1977,53.1528,115.4700
351.8460,128.1764,53.1528,115.4700
350.8674,128.5026,53.1528,115.4700
348.3869,127.6361,54.8516,119.1604
347.3770,127.9727,54.8516,119.1604
346.3670,128.9827,54.8516,119.1604
344.6838,129.3193,54.8516,119.1604
343.6739,130.3292,54.8516,119.1604
339.9708,131.3392,54.8516,119.1604
339.4309,129.0983,56.6046,122.9688
334.9146,127.3613,56.6046,122.9688
333.3468,128.8907,54.8767,119.2151
331.1531,130.3735,53.2016,115.5760
327.5614,130.0470,53.2016,115.5760
325.2758,129.0674,53.2016,115.5760
321.6841,128.0878,53.2016,115.5760
318.7455,129.0674,53.2016,115.5760
316.4598,130.0470,53.2016,115.5760
314.1742,132.3326,53.2016,115.5760
311.2355,134.6182,53.2016,115.5760
308.9499,135.5978,53.2016,115.5760
304.0522,135.2713,53.2016,115.5760
300.4604,134.9447,53.2016,115.5760
298.8279,134.6182,53.2016,115.5760
297.1953,134.9447,53.2016,115.5760
291.6444,134.6182,53.2016,115.5760
291.3179,136.2508,53.2016,115.5760
289.6853,135.9243,53.2016,115.5760
290.6649,136.2508,53.2016,115.5760
291.4473,134.7304,54.9019,119.2698
289.7626,134.3935,54.9019,119.2698
286.7300,134.0565,54.9019,119.2698
285.5157,133.8353,56.6566,123.0817
283.0816,134.1831,56.6566,123.0817
283.4294,134.5308,56.6566,123.0817
284.4725,135.5740,56.6566,123.0817
282.7339,135.9217,56.6566,123.0817
284.4725,136.2694,56.6566,123.0817
284.8203,136.6171,56.6566,123.0817
282.3862,136.9648,56.6566,123.0817
282.0385,137.3126,56.6566,123.0817
281.6907,138.3557,56.6566,123.0817
278.5612,139.3989,56.6566,123.0817
277.5181,139.7466,56.6566,123.0817
273.6931,140.7898,56.6566,123.0817
273.3454,142.5284,56.6566,123.0817
271.3969,141.6047,58.4674,127.0154
269.6027,142.6812,58.4674,127.0154
269.2438,143.0401,58.4674,127.0154
268.8850,142.6812,58.4674,127.0154
268.5262,143.0401,58.4674,127.0154
267.4497,143.3989,58.4674,127.0154
266.3732,145.1931,58.4674,127.0154
266.7320,144.8343,58.4674,127.0154
267.2655,147.8493,56.6826,123.1382
266.9176,148.1972,56.6826,123.1382
267.2655,149.2409,56.6826,123.1382
268.3092,150.2845,56.6826,123.1382
269.3528,151.3282,56.6826,123.1382
270.3965,152.3718,56.6826,123.1382
270.7444,152.7197,56.6826,123.1382
272.4838,153.0676,56.6826,123.1382
275.0883,154.5991,54.9524,119.3794
278.1237,154.9364,54.9524,119.3794
280.4845,153.9246,54.9524,119.3794
283.5199,152.2383,54.9524,119.3794
286.0449,153.7231,53.2749,115.7353
286.3719,152.7422,53.2749,115.7353
286.6989,152.4152,53.2749,115.7353
287.0258,151.4343,53.2749,115.7353
286.6989,151.7613,53.2749,115.7353
286.1745,146.9691,54.9776,119.4342
285.1622,146.6317,54.9776,119.4342
284.1500,145.6194,54.9776,119.4342
282.9340,144.0483,56.7347,123.2513
280.4966,145.7893,56.7347,123.2513
279.4520,146.1375,56.7347,123.2513
277.7110,146.4857,56.7347,123.2513
275.7598,144.1679,58.5479,127.1904
271.8071,143.8086,58.5479,127.1904
269.2918,142.0120,58.5479,127.1904
268.9325,140.9340,58.5479,127.1904
265.6985,139.8560,58.5479,127.1904
264.6205,138.7780,58.5479,127.1904
262.8239,138.4187,58.5479,127.1904
261.7459,138.7780,58.5479,127.1904
260.6679,138.4187,58.5479,127.1904
261.2021,140.7193,56.7607,123.3079
260.8538,141.7643,56.7607,123.3079
260.5054,142.8094,56.7607,123.3079
260.8538,143.8545,56.7607,123.3079
261.2021,144.8996,56.7607,123.3079
262.2472,147.3381,56.7607,123.3079
263.2923,151.1701,56.7607,123.3079
264.1271,150.2447,58.5748,127.2488
264.4866,150.6042,58.5748,127.2488
265.5651,151.6827,58.5748,127.2488
265.9246,152.0422,58.5748,127.2488
265.5651,152.4017,58.5748,127.2488
265.2056,151.3232,58.5748,127.2488
264.1271,150.9637,58.5748,127.2488
263.0486,149.8852,58.5748,127.2488
261.2511,148.8067,58.5748,127.2488
260.1726,147.0093,58.5748,127.2488
257.8312,147.8729,56.7868,123.3645
256.7856,145.4333,56.7868,123.3645
255.0430,142.2966,56.7868,123.3645
253.9975,141.2510,56.7868,123.3645
252.2549,139.5084,56.7868,123.3645
251.2093,136.3717,56.7868,123.3645
250.1637,135.3262,56.7868,123.3645
249.1181,133.5835,56.7868,123.3645
248.7696,133.2350,56.7868,123.3645
247.7241,132.8865,56.7868,123.3645
247.3755,131.8409,56.7868,123.3645
247.7241,130.7954,56.7868,123.3645
248.0726,130.4469,56.7868,123.3645
248.4211,130.0983,56.7868,123.3645
250.1637,129.7498,56.7868,123.3645
250.5122,129.4013,56.7868,123.3645
251.5578,129.0528,56.7868,123.3645
252.3930,127.4299,58.6017,127.3072
253.6470,126.8553,56.8129,123.4211
254.6931,126.5067,56.8129,123.4211
255.0418,124.7633,56.8129,123.4211
256.0878,121.6251,56.8129,123.4211
256.4365,119.1844,56.8129,123.4211
256.7852,118.1383,56.8129,123.4211
257.1339,116.3949,56.8129,123.4211
257.4825,113.9541,56.8129,123.4211
258.5286,113.6055,56.8129,123.4211
258.8773,111.1647,56.8129,123.4211
259.2260,111.5134,56.8129,123.4211
259.5746,109.7700,56.8129,123.4211
260.6207,109.4213,56.8129,123.4211
258.8773,109.0726,56.8129,123.4211
259.2260,108.7239,56.8129,123.4211
258.8773,108.3752,56.8129,123.4211
258.5286,107.3292,56.8129,123.4211
258.1799,106.2831,56.8129,123.4211
257.1339,107.3292,56.8129,123.4211
256.7852,105.5858,56.8129,123.4211
255.7391,105.9345,56.8129,123.4211
255.3904,106.2831,56.8129,123.4211
255.0418,105.9345,56.8129,123.4211
253.9957,106.2831,56.8129,123.4211
253.6470,105.2371,56.8129,123.4211
252.6010,104.1910,56.8129,123.4211
251.3444,99.0806,58.6286,127.3657
250.9846,96.5619,58.6286,127.3657
249.9051,92.6038,58.6286,127.3657
249.5453,90.8047,58.6286,127.3657
249.1855,90.4448,58.6286,127.3657
249.5453,87.9261,58.6286,127.3657
248.4658,87.5662,58.6286,127.3657
248.1060,86.4868,58.6286,127.3657
247.0265,83.9680,58.6286,127.3657
245.2274,82.8885,58.6286,127.3657
244.1479,81.0894,58.6286,127.3657
242.3488,80.7295,58.6286,127.3657
241.2693,78.9304,58.6286,127.3657
240.1898,77.8509,58.6286,127.3657
239.1104,77.4911,58.6286,127.3657
238.7505,77.1313,58.6286,127.3657
237.6711,77.4911,58.6286,127.3657
238.0309,75.6920,58.6286,127.3657
237.6711,74.6125,58.6286,127.3657
237.3112,74.2527,58.6286,127.3657
237.1266,74.3975,56.8389,123.4778
235.3824,71.2579,56.8389,123.4778
235.9011,70.7006,55.1039,119.7086
235.3587,65.7439,56.8650,123.5345
233.6137,63.3009,56.8650,123.5345
234.8306,62.0454,55.1292,119.7636
235.1689,61.0303,55.1292,119.7636
234.1539,59.3386,55.1292,119.7636
233.1389,58.3236,55.1292,119.7636
232.1238,57.3085,55.1292,119.7636
231.7855,55.6168,55.1292,119.7636
230.7704,55.2784,55.1292,119.7636
229.5511,50.9962,56.8911,123.5912
228.2928,47.9737,58.7094,127.5412
226.4912,47.6134,58.7094,127.5412
226.1309,47.2530,58.7094,127.5412
225.9460,48.8393,56.9173,123.6479
225.5967,48.4900,56.9173,123.6479
223.6392,47.5621,58.7363,127.5997
222.5577,45.7597,58.7363,127.5997
221.6517,43.7418,56.9434,123.7047
220.3923,40.0176,58.7633,127.6583
218.5891,38.2143,58.7633,127.6583
218.4040,40.5234,56.9695,123.7615
217.3550,40.1737,56.9695,123.7615
217.8749,41.0137,55.2305,119.9836
218.3789,41.8281,53.5446,116.3211
218.7075,40.8422,53.5446,116.3211
218.8378,37.9976,55.2559,120.0387
218.4986,34.9454,55.2559,120.0387
219.0029,36.4384,53.5692,116.3745
219.7907,30.9622,55.2812,120.0938
219.9251,27.3467,57.0480,123.9320
219.3636,24.3159,58.8713,127.8929
218.7842,21.9109,60.7528,131.9804
218.4113,22.2837,60.7528,131.9804
218.7842,22.6566,60.7528,131.9804
220.0843,25.0438,58.8983,127.9516
221.1687,23.9594,58.8983,127.9516
222.4292,28.4426,57.1004,124.0459
222.7796,28.7931,57.1004,124.0459
222.4292,29.8444,57.1004,124.0459
222.0787,30.8958,57.1004,124.0459
221.7283,31.2462,57.1004,124.0459
220.6769,30.8958,57.1004,124.0459
219.6256,30.5453,57.1004,124.0459
219.0636,26.1099,58.9254,128.0104
217.7603,23.7027,60.8086,132.1016
217.3871,22.5831,60.8086,132.1016
217.0139,21.4635,60.8086,132.1016
218.3152,23.1065,58.9524,128.0691
219.5768,25.4230,57.1529,124.1598
219.2260,25.7737,57.1529,124.1598
219.5768,26.8260,57.1529,124.1598
220.6291,27.8783,57.1529,124.1598
220.9799,29.6322,57.1529,124.1598
220.6291,30.6845,57.1529,124.1598
222.8727,30.4542,58.9795,128.1279
222.2922,30.9406,60.8645,132.2229
221.9186,36.5438,60.8645,132.2229
222.2922,40.6529,60.8645,132.2229
225.8360,45.2858,59.0065,128.1868
227.8230,50.5015,57.2054,124.2738
229.5785,52.2570,57.2054,124.2738
230.1005,56.6114,55.4591,120.4803
231.9680,59.4713,53.7662,116.8026
235.0985,60.2641,52.1250,113.2372
237.7846,57.4949,53.7909,116.8562
238.1147,55.8442,53.7909,116.8562
241.0860,55.5140,53.7909,116.8562
242.0764,55.1839,53.7909,116.8562
244.5480,56.6373,52.1489,113.2892
246.9442,58.0463,50.5571,109.8310
250.3574,58.3566,50.5571,109.8310
251.9088,58.0463,50.5571,109.8310
255.3220,57.1155,50.5571,109.8310
256.2529,56.8052,50.5571,109.8310
256.9964,55.3604,52.1729,113.3412
258.5974,55.6806,52.1729,113.3412
262.7601,57.2816,52.1729,113.3412
263.7207,58.8826,52.1729,113.3412
264.0409,59.2028,52.1729,113.3412
263.5274,57.7118,53.8403,116.9636
264.9801,56.1732,55.5611,120.7017
264.4332,52.5394,57.3368,124.5593
264.2526,53.3848,55.5866,120.7571
264.3878,51.1140,57.3631,124.6165
264.7399,50.0578,57.3631,124.6165
266.9918,45.6020,59.1964,128.5993
266.4091,41.7304,61.0884,132.7093
267.5339,39.1060,61.0884,132.7093
267.3415,37.0073,59.2236,128.6583
267.1549,36.4267,57.4158,124.7310
263.4503,37.2732,55.6632,120.9235
263.2750,38.0940,53.9640,117.2323
265.0922,39.5521,52.3168,113.6537
268.1383,41.6078,50.7198,110.1844
269.5068,38.9132,52.3408,113.7059
271.7555,38.5920,52.3408,113.7059
273.3616,38.9132,52.3408,113.7059
276.2527,38.5920,52.3408,113.7059
279.1439,38.9132,52.3408,113.7059
279.9136,37.4174,54.0136,117.3400
282.2341,37.7489,54.0136,117.3400
286.7050,41.8603,52.3648,113.7581
289.5975,42.1817,52.3648,113.7581
293.2892,44.2394,50.7664,110.2856
293.6007,44.5509,50.7664,110.2856
297.1797,45.9226,49.2167,106.9191
296.0912,43.9120,50.7897,110.3363
297.6497,44.2237,50.7897,110.3363
298.5849,44.5354,50.7897,110.3363
297.4615,42.4605,52.4129,113.8626
298.5832,43.8767,50.8130,110.3869
299.5188,44.8123,50.8130,110.3869
301.0781,45.1241,50.8130,110.3869
305.2840,47.7445,49.2619,107.0173
305.5864,47.4422,49.2619,107.0173
309.6640,49.9825,47.7582,103.7506
309.9571,50.8619,47.7582,103.7506
312.7378,52.7385,46.3003,100.5836
313.0219,53.0227,46.3003,100.5836
313.8744,52.7385,46.3003,100.5836
314.1586,51.3177,46.3003,100.5836
316.8544,52.0004,44.8870,97.5132
316.5789,50.0719,44.8870,97.5132
317.5395,50.7338,43.5168,94.5366
319.0049,51.9096,42.1884,91.6508
320.2995,49.5793,42.1884,91.6508
322.9914,47.3379,43.5368,94.5800
322.7242,46.5363,43.5368,94.5800
323.5258,47.3379,43.5368,94.5800
323.7930,47.0707,43.5368,94.5800
321.9226,48.9411,43.5368,94.5800
321.6554,49.7427,43.5368,94.5800
321.9226,50.5443,43.5368,94.5800
321.6554,52.9491,43.5368,94.5800
321.9226,56.4227,43.5368,94.5800
321.6554,58.2932,43.5368,94.5800
323.5258,61.2324,43.5368,94.5800
324.3274,63.6372,43.5368,94.5800
327.2666,64.4388,43.5368,94.5800
329.5101,61.5914,44.9282,97.6028
331.4403,60.7642,44.9282,97.6028
334.0562,62.5296,43.5568,94.6234
337.5314,60.1237,43.5568,94.6234
340.8452,57.2750,44.9488,97.6476
342.0580,53.2318,46.3854,100.7684
344.1894,53.3463,44.9695,97.6924
346.2557,54.0094,43.5968,94.7103
348.2590,55.1873,42.2660,91.8193
350.2011,56.8482,40.9758,89.0164
348.7918,55.6772,42.2854,91.8614
349.0514,55.9367,42.2854,91.8614
349.8299,56.1962,42.2854,91.8614
350.0894,56.9748,42.2854,91.8614
350.3490,57.7533,42.2854,91.8614
350.6085,59.0509,42.2854,91.8614
350.9944,61.7506,40.9946,89.0573
351.7492,62.5054,40.9946,89.0573
352.5040,63.2602,40.9946,89.0573
353.8844,62.3550,39.7432,86.3388
355.1040,60.6476,39.7432,86.3388
355.8358,57.9645,39.7432,86.3388
355.9325,53.4139,41.0134,89.0982
356.6876,50.6450,41.0134,89.0982
357.9462,48.3796,41.0134,89.0982
358.5493,45.1938,42.3242,91.9458
357.6133,42.4257,43.6769,94.8844
358.4174,40.5492,43.6769,94.8844
358.1494,38.6728,43.6769,94.8844
358.9536,36.2603,43.6769,94.8844
359.2216,35.4561,43.6769,94.8844
358.9536,34.6519,43.6769,94.8844
359.7578,32.7755,43.6769,94.8844
359.4897,33.0435,43.6769,94.8844
359.7578,32.7755,43.6769,94.8844
360.0258,32.5074,43.6769,94.8844
360.8300,32.7755,43.6769,94.8844
360.5619,32.5074,43.6769,94.8844
360.2939,33.3116,43.6769,94.8844
360.0258,33.5797,43.6769,94.8844
360.2939,33.3116,43.6769,94.8844
360.0258,34.1158,43.6769,94.8844
361.4966,36.9043,42.3436,91.9880
360.7170,37.1642,42.3436,91.9880
360.9769,36.9043,42.3436,91.9880
360.7170,38.2037,42.3436,91.9880
360.9769,38.9833,42.3436,91.9880
360.7170,41.3222,42.3436,91.9880
362.6627,42.9861,41.0511,89.1800
362.4107,43.2380,41.0511,89.1800
362.6627,43.9939,41.0511,89.1800
364.4263,44.2458,41.0511,89.1800
364.1743,45.0016,41.0511,89.1800
365.0528,46.6147,39.7980,86.4578
365.2971,46.3704,39.7980,86.4578
366.1487,46.9573,38.5831,83.8186
367.3327,47.6677,38.5831,83.8186
366.6223,47.4309,38.5831,83.8186
367.1898,47.2754,39.8163,86.4975
367.9229,46.5423,39.8163,86.4975
367.5310,45.8932,41.0888,89.2619
367.1266,44.7190,42.4020,92.1147
366.7092,43.5072,43.7572,95.0587
366.4407,43.7758,43.7572,95.0587
366.1721,44.5814,43.7572,95.0587
365.9036,44.3129,43.7572,95.0587
364.9358,42.5253,45.1556,98.0968
364.1043,42.2481,45.1556,98.0968
364.5164,44.0225,43.7772,95.1024
365.1602,42.7714,45.1764,98.1418
363.9089,45.6557,43.7973,95.1460
364.8462,47.9143,42.4604,92.2417
364.5856,47.6537,42.4604,92.2417
365.4942,50.8857,41.1643,89.4260
364.5838,48.6987,42.4799,92.2840
364.9714,50.3679,41.1832,89.4670
362.8197,51.4807,39.9261,86.7360
361.7137,53.0496,38.7073,84.0884
358.7411,54.0954,37.5258,81.5216
357.2411,56.9518,36.3803,79.0331
357.1265,57.9348,35.2698,76.6206
356.1496,59.3207,34.1931,74.2817
355.5200,58.6911,34.1931,74.2817
354.8904,58.9010,34.1931,74.2817
354.2608,57.8517,34.1931,74.2817
353.2116,58.4813,34.1931,74.2817
352.1623,58.6911,34.1931,74.2817
350.9863,56.4548,35.2859,76.6557
349.0373,55.8051,35.2859,76.6557
348.6899,53.0642,36.4137,79.1057
344.5526,54.0481,35.3021,76.6909
344.0080,55.8686,34.2245,74.3499
342.6400,55.5330,33.1798,72.0804
342.0291,54.5148,33.1798,72.0804
340.2954,55.8186,32.1670,69.8801
339.7993,55.5032,31.1851,67.7470
337.4044,56.3458,30.2332,65.6790
336.4766,55.4181,30.2332,65.6790
334.6946,53.8119,31.1994,67.7781
332.0897,52.9203,32.1965,69.9443
331.4969,52.3274,32.1965,69.9443
328.9281,52.9203,32.1965,69.9443
329.1257,52.3274,32.1965,69.9443
327.7425,52.5251,32.1965,69.9443
325.5688,53.5131,32.1965,69.9443
324.4615,52.5930,33.2255,72.1797
322.2184,53.2047,33.2255,72.1797
321.6067,52.1851,33.2255,72.1797
318.5479,51.5734,33.2255,72.1797
317.5284,51.7773,33.2255,72.1797
316.5088,51.5734,33.2255,72.1797
313.8578,51.7773,33.2255,72.1797
313.2461,51.5734,33.2255,72.1797
313.1414,52.4711,32.2113,69.9764
309.2659,51.9460,33.2408,72.2128
308.1227,50.1800,34.3032,74.5208
306.3304,51.9489,33.2561,72.2460
306.1263,51.7448,33.2561,72.2460
304.6976,52.7654,33.2561,72.2460
302.0442,53.7859,33.2561,72.2460
301.9395,55.5009,32.2409,70.0406
298.8519,55.7667,33.2713,72.2792
297.8309,58.0129,33.2713,72.2792
297.3177,58.9119,32.2557,70.0728
295.5360,60.2977,32.2557,70.0728
293.7544,62.0793,32.2557,70.0728
293.1605,62.6732,32.2557,70.0728
291.7747,63.6631,32.2557,70.0728
289.9930,65.0488,32.2557,70.0728
289.7950,66.0386,32.2557,70.0728
288.8052,66.6325,32.2557,70.0728
288.6072,67.6224,32.2557,70.0728
288.8052,67.0285,32.2557,70.0728
288.2113,68.8102,32.2557,70.0728
288.4093,68.6122,32.2557,70.0728
287.6959,66.8985,33.2866,72.3123
287.3683,65.1301,34.3504,74.6234
287.1574,66.6059,34.3504,74.6234
287.7899,67.2383,34.3504,74.6234
287.5791,68.2924,34.3504,74.6234
288.2115,68.9249,34.3504,74.6234
288.7167,70.0514,35.4483,77.0084
289.3694,70.2690,35.4483,77.0084
288.7167,70.4866,35.4483,77.0084
287.9327,69.4735,36.5812,79.4696
288.2665,69.5639,35.4646,77.0438
287.9174,67.6797,36.5980,79.5061
287.6928,67.0059,36.5980,79.5061
288.3667,66.3321,36.5980,79.5061
287.6928,65.6582,36.5980,79.5061
287.9174,65.4336,36.5980,79.5061
287.2436,64.3105,36.5980,79.5061
287.5776,65.2994,35.4808,77.0791
288.0994,63.4144,36.6148,79.5426
287.8747,63.6391,36.6148,79.5426
288.6582,65.0778,35.4971,77.1145
289.7475,63.5528,35.4971,77.1145
290.4011,64.6421,35.4971,77.1145
291.5964,66.0369,34.4136,74.7606
293.4973,66.2482,34.4136,74.7606
295.9235,67.6004,33.3631,72.4785
297.3568,67.3957,33.3631,72.4785
300.0187,67.6004,33.3631,72.4785
301.8615,66.9861,33.3631,72.4785
304.1139,66.7814,33.3631,72.4785
306.3663,66.1671,33.3631,72.4785
308.9046,65.2136,34.4294,74.7949
310.4866,65.7213,33.3784,72.5118
312.3303,65.5164,33.3784,72.5118
315.5029,66.8280,32.3595,70.2983
317.1704,66.3005,33.3937,72.5450
316.9654,66.0955,33.3937,72.5450
319.2199,66.3005,33.3937,72.5450
321.0644,65.2757,33.3937,72.5450
322.0892,65.4807,33.3937,72.5450
324.3436,65.2757,33.3937,72.5450
325.6545,64.3214,34.4610,74.8636
327.5580,64.9559,34.4610,74.8636
329.5645,66.3100,33.4091,72.5784
330.4659,66.1754,34.4768,74.8980
330.9730,65.6133,35.5787,77.2917
331.4962,64.5966,36.7158,79.7619
333.1833,66.0393,35.5950,77.3272
335.1494,65.8208,35.5950,77.3272
335.2360,65.2405,36.7326,79.7986
336.8141,65.9168,36.7326,79.7986
338.8431,66.1423,36.7326,79.7986
340.4212,66.8186,36.7326,79.7986
340.3055,68.2620,35.6114,77.3627
341.0676,70.0984,34.5243,75.0012
340.4319,69.4628,34.5243,75.0012
340.6438,69.6747,34.5243,75.0012
342.1270,69.0390,34.5243,75.0012
343.0585,68.0524,35.6277,77.3982
345.4638,68.2710,35.6277,77.3982
345.6824,68.4897,35.6277,77.3982
347.2131,67.8337,35.6277,77.3982
346.5571,67.6150,35.6277,77.3982
348.1942,70.3270,34.5402,75.0356
351.0532,70.8363,33.4858,72.7451
353.8249,71.7410,32.4636,70.5245
355.3166,72.2197,31.4727,68.3718
356.2824,72.0265,31.4727,68.3718
359.6602,72.1043,30.5120,66.2847
360.4834,71.2323,31.4871,68.4031
364.9281,71.4256,31.4871,68.4031
370.6264,73.8223,30.5260,66.3151
373.1532,75.3965,29.5942,64.2908
376.2409,74.4883,29.5942,64.2908
378.6905,77.1043,28.6908,62.3283
380.9796,76.2238,28.6908,62.3283
384.7632,76.9990,27.8150,60.4257
387.0655,78.0920,26.9659,58.5812
389.9596,79.4826,26.1428,56.7930
392.3663,80.2849,26.1428,56.7930
394.0344,79.2169,26.9783,58.6081
396.5180,78.7201,26.9783,58.6081
398.5705,78.2803,27.8405,60.4812
399.6635,76.4595,28.7303,62.4142
400.1924,76.2831,28.7303,62.4142
402.1320,76.4595,28.7303,62.4142
402.0416,76.5304,27.8533,60.5090
401.5287,76.0176,27.8533,60.5090
402.0416,77.5561,27.8533,60.5090
401.4255,76.7601,28.7435,62.4429
400.4370,76.6443,29.6622,64.4385
399.7809,75.7967,30.6102,66.4980
400.0602,77.3752,29.6758,64.4681
399.2383,78.5413,28.7699,62.5002
398.0882,80.0249,27.8917,60.5924
398.3427,83.1751,27.0403,58.7428
396.9299,83.9057,26.2149,56.9496
395.1601,84.0666,26.2149,56.9496
394.9992,84.8710,26.2149,56.9496
393.5512,85.9973,26.2149,56.9496
394.1122,88.3145,25.4147,55.2112
394.6561,89.3131,24.6389,53.5259
394.5049,92.4887,24.6389,53.5259
394.5648,93.5992,25.4263,55.2366
395.0330,95.3158,25.4263,55.2366
394.5648,97.6565,25.4263,55.2366
394.9388,98.8025,26.2390,57.0019
393.3922,98.6968,27.0776,58.8237
393.5584,100.8572,27.0776,58.8237
393.7245,102.3529,27.0776,58.8237
393.2260,103.5162,27.0776,58.8237
392.6271,103.4071,27.9430,60.7037
391.7696,104.2646,27.9430,60.7037
390.9121,105.8080,27.9430,60.7037
390.6371,107.0674,28.8360,62.6438
390.5463,108.9084,27.9558,60.7316
390.0316,110.4526,27.9558,60.7316
389.8600,110.9673,27.9558,60.7316
388.6590,112.8547,27.9558,60.7316
388.3838,112.3989,28.8493,62.6726
387.7458,111.5745,29.7713,64.6756
386.7219,111.4545,30.7228,66.7426
387.5508,111.3308,31.7047,68.8757
387.7454,111.9145,31.7047,68.8757
388.7183,112.1091,31.7047,68.8757
389.3020,113.0820,31.7047,68.8757
389.8858,113.6658,31.7047,68.8757
390.8587,113.8603,31.7047,68.8757
391.3250,114.5110,32.7179,71.0770
392.3290,114.7118,32.7179,71.0770
392.5298,115.7158,32.7179,71.0770
392.7306,116.7198,32.7179,71.0770
393.0292,117.6038,31.7192,68.9073
392.8345,118.1878,31.7192,68.9073
392.7346,119.8236,30.7510,66.8039
391.7910,120.7672,30.7510,66.8039
389.9784,122.1532,31.7338,68.9390
389.7837,124.6851,31.7338,68.9390
389.0818,125.7258,32.7480,71.1423
389.3806,129.0225,31.7484,68.9706
388.4064,131.1658,31.7484,68.9706
387.8218,134.0886,31.7484,68.9706
386.1630,137.6744,30.7792,66.8653
386.0661,141.9063,29.8397,64.8242
386.1387,143.2512,30.7934,66.8960
386.2136,145.0170,31.7775,69.0340
384.5532,148.6061,30.8075,66.9267
384.6281,148.1038,31.7921,69.0657
383.2623,150.2501,31.7921,69.0657
381.5062,150.8355,31.7921,69.0657
380.1404,151.0306,31.7921,69.0657
376.5281,153.0603,30.8216,66.9574
376.6031,151.0445,31.8067,69.0974
375.8996,148.5739,32.8232,71.3057
373.6837,148.7753,32.8232,71.3057
371.8706,148.9768,32.8232,71.3057
371.6692,148.7753,32.8232,71.3057
371.8706,148.9768,32.8232,71.3057
371.6692,148.7753,32.8232,71.3057
371.8706,148.9768,32.8232,71.3057
370.5586,148.6550,31.8213,69.1291
368.8009,148.0691,31.8213,69.1291
367.0432,146.7020,31.8213,69.1291
366.4573,146.8973,31.8213,69.1291
367.0432,143.9678,31.8213,69.1291
366.7299,139.9336,32.8383,71.3385
367.7377,137.7167,32.8383,71.3385
368.0373,139.0070,31.8359,69.1608
367.4512,139.2024,31.8359,69.1608
368.8189,138.2255,31.8359,69.1608
367.8419,138.8116,31.8359,69.1608
368.4281,139.3978,31.8359,69.1608
370.0686,138.4880,32.8534,71.3712
371.0768,139.8994,32.8534,71.3712
371.6817,140.1011,32.8534,71.3712
372.2866,141.5125,32.8534,71.3712
372.8915,142.1174,32.8534,71.3712
374.1812,141.5818,33.9034,73.6522
373.9731,143.0383,33.9034,73.6522
376.2620,145.3272,33.9034,73.6522
376.0539,145.9514,33.9034,73.6522
376.9687,146.2310,34.9869,76.0062
379.3307,147.7341,34.9869,76.0062
379.1160,147.9488,34.9869,76.0062
379.3307,149.0224,34.9869,76.0062
380.2747,147.1637,36.1051,78.4353
380.4963,146.9421,36.1051,78.4353
380.2747,146.7205,36.1051,78.4353
381.6920,146.1319,37.2590,80.9421
381.4634,146.8179,37.2590,80.9421
381.6920,146.1319,37.2590,80.9421
382.8354,145.9032,37.2590,80.9421
383.9788,144.3025,37.2590,80.9421
385.5795,144.0738,37.2590,80.9421
387.4995,143.0090,38.4498,83.5290
389.9528,143.3261,39.6787,86.1986
391.6575,143.5696,39.6787,86.1986
394.6762,142.4357,40.9468,88.9535
394.9276,142.6870,40.9468,88.9535
398.6971,140.9279,40.9468,88.9535
398.7967,140.2603,42.2555,91.7965
398.8995,138.5341,43.6060,94.7303
401.6818,135.1469,44.9996,97.7579
401.9580,134.3184,44.9996,97.7579
402.6198,133.5847,46.4378,100.8822
403.4748,135.0098,46.4378,100.8822
403.5877,134.8227,47.9220,104.1064
403.2936,135.7050,47.9220,104.1064
402.4113,134.8227,47.9220,104.1064
400.9407,135.1168,47.9220,104.1064
401.2348,133.6462,47.9220,104.1064
399.7643,132.7639,47.9220,104.1064
400.0584,131.8815,47.9220,104.1064
399.7643,130.9992,47.9220,104.1064
400.0584,128.9404,47.9220,104.1064
398.5878,130.4110,47.9220,104.1064
399.2926,128.4532,49.4535,107.4336
398.9891,127.5427,49.4535,107.4336
398.6855,128.4532,49.4535,107.4336
399.5961,126.9357,49.4535,107.4336
399.2926,126.0251,49.4535,107.4336
402.0242,124.5075,49.4535,107.4336
405.3629,123.5970,49.4535,107.4336
405.6664,125.1146,49.4535,107.4336
406.3937,124.9154,51.0341,110.8672
407.7707,123.4569,52.6651,114.4105
408.5452,121.9519,54.3483,118.0671
409.5459,122.9525,54.3483,118.0671
409.2123,123.2861,54.3483,118.0671
409.5459,119.6170,54.3483,118.0671
409.8794,119.2834,54.3483,118.0671
410.2130,118.9499,54.3483,118.0671
410.5465,119.9505,54.3483,118.0671
412.2143,120.9512,54.3483,118.0671
411.8808,122.6190,54.3483,118.0671
411.5472,123.6196,54.3483,118.0671
414.5492,124.6203,54.3483,118.0671
416.2170,126.2881,54.3483,118.0671
419.8861,126.6216,54.3483,118.0671
420.8868,127.6223,54.3483,118.0671
423.2216,129.2901,54.3483,118.0671
426.2237,127.6223,54.3483,118.0671
426.3558,128.0705,56.0853,121.8405
426.7001,128.4147,56.0853,121.8405
430.4865,126.6936,56.0853,121.8405
430.8307,127.7263,56.0853,121.8405
431.1749,127.3820,56.0853,121.8405
432.2075,124.2841,56.0853,121.8405
433.2402,121.1862,56.0853,121.8405
435.6497,116.0229,56.0853,121.8405
435.9939,116.3671,56.0853,121.8405
436.1303,112.0106,57.8778,125.7346
435.0647,111.6554,57.8778,125.7346
433.9990,111.3002,57.8778,125.7346
432.7189,111.0670,59.7275,129.7530
433.0855,113.6330,59.7275,129.7530
432.4976,112.6593,61.6364,133.8999
431.3627,115.3073,61.6364,133.8999
429.2429,115.0590,63.6063,138.1794
431.3849,119.9006,61.6647,133.9614
430.7779,121.1660,63.6355,138.2428
429.3705,120.1286,65.6693,142.6611
429.7735,121.3377,65.6693,142.6611
429.3705,122.5468,65.6693,142.6611
429.7735,122.9498,65.6693,142.6611
430.1765,124.1589,65.6693,142.6611
430.5796,124.5620,65.6693,142.6611
429.9332,122.6853,67.7681,147.2205
430.0980,120.7486,69.9340,151.9257
431.5946,123.4966,67.7992,147.2881
434.5074,122.2483,67.7992,147.2881
434.9235,122.6644,67.7992,147.2881
437.8363,122.2483,67.7992,147.2881
439.0846,121.0000,67.7992,147.2881
441.1651,120.5839,67.7992,147.2881
441.5812,119.3355,67.7992,147.2881
442.8296,119.7516,67.7992,147.2881
443.8267,118.6463,69.9661,151.9954
443.3973,117.3581,69.9661,151.9954
443.8267,118.6463,69.9661,151.9954
444.2561,119.0757,69.9661,151.9954
446.4031,119.5051,69.9661,151.9954
446.8326,119.9345,69.9661,151.9954
447.2619,120.3639,69.9661,151.9954
446.8326,121.6522,69.9661,151.9954
445.5443,121.2227,69.9661,151.9954
443.9969,120.0821,72.2022,156.8532
445.3262,120.5252,72.2022,156.8532
444.6156,117.5756,74.5098,161.8662
443.8822,114.5317,76.8911,167.0395
444.3541,114.0597,76.8911,167.0395
444.8260,114.5317,76.8911,167.0395
446.2418,115.0036,76.8911,167.0395
443.5973,110.9185,79.3485,172.3780
443.1103,111.4055,79.3485,172.3780
440.3813,109.1379,81.8845,177.8873
438.8737,109.6405,81.8845,177.8873
439.3763,108.1328,81.8845,177.8873
439.8788,107.6303,81.8845,177.8873
440.6260,107.8325,79.3850,172.4572
435.2667,107.3453,79.3850,172.4572
433.5109,104.1022,81.9221,177.9689
433.0081,101.5883,81.9221,177.9689
428.4830,98.0688,81.9221,177.9689
426.9746,96.5604,81.9221,177.9689
424.4607,92.0353,81.9221,177.9689
423.9579,90.5270,81.9221,177.9689
422.1460,84.1635,84.5404,183.6568
421.6272,81.5693,84.5404,183.6568
422.1460,78.9750,84.5404,183.6568
424.9929,80.2215,81.9597,178.0506
423.1801,74.8612,84.5792,183.7411
427.0665,71.9555,81.9974,178.1324
427.5698,71.4523,81.9974,178.1324
427.0665,69.9425,81.9974,178.1324
427.5698,68.4328,81.9974,178.1324
429.0795,67.9295,81.9974,178.1324
428.5763,67.4263,81.9974,178.1324
426.3050,68.6353,79.4944,172.6948
426.7929,65.2201,79.4944,172.6948
427.2808,64.7322,79.4944,172.6948
428.7445,64.2443,79.4944,172.6948
429.2324,62.7807,79.4944,172.6948
428.4499,60.5089,82.0350,178.2141
427.9464,58.9985,82.0350,178.2141
428.4499,58.4950,82.0350,178.2141
427.9464,58.9985,82.0350,178.2141
428.4499,57.4880,82.0350,178.2141
427.9464,55.9776,82.0350,178.2141
429.4569,54.4671,82.0350,178.2141
429.9604,53.9637,82.0350,178.2141
431.4708,53.4602,82.0350,178.2141
431.9743,52.9567,82.0350,178.2141
433.4847,52.4532,82.0350,178.2141
433.9882,52.9567,82.0350,178.2141
434.4917,52.4532,82.0350,178.2141
434.9951,52.9567,82.0350,178.2141
435.4986,52.4532,82.0350,178.2141
436.0021,53.9637,82.0350,178.2141
435.4986,54.4671,82.0350,178.2141
437.0091,55.9776,82.0350,178.2141
436.5056,57.4880,82.0350,178.2141
437.0091,58.9985,82.0350,178.2141
437.5125,59.5019,82.0350,178.2141
437.0091,62.0193,82.0350,178.2141
437.5125,62.5228,82.0350,178.2141
438.0160,63.0263,82.0350,178.2141
438.5195,64.5367,82.0350,178.2141
439.0230,65.0402,82.0350,178.2141
438.2155,63.7028,84.6568,183.9099
437.6960,65.2615,84.6568,183.9099
438.2155,68.8985,84.6568,183.9099
438.7351,70.4572,84.6568,183.9099
439.2547,74.0942,84.6568,183.9099
438.7351,75.6529,84.6568,183.9099
438.2155,78.2508,84.6568,183.9099
437.6960,80.8486,84.6568,183.9099
437.1764,82.4073,84.6568,183.9099
435.6177,86.0443,84.6568,183.9099
435.0981,87.6030,84.6568,183.9099
433.5394,89.1617,84.6568,183.9099
433.0198,91.7596,84.6568,183.9099
432.5003,94.3574,84.6568,183.9099
430.9416,97.9944,84.6568,183.9099
431.4611,99.5531,84.6568,183.9099
429.9024,101.1119,84.6568,183.9099
430.4220,101.6314,84.6568,183.9099
429.9024,102.1510,84.6568,183.9099
430.4220,102.6706,84.6568,183.9099
430.9416,103.1901,84.6568,183.9099
431.4611,103.7097,84.6568,183.9099
431.9807,104.2293,84.6568,183.9099
431.4611,104.7489,84.6568,183.9099
431.9807,104.2293,84.6568,183.9099
432.5003,103.7097,84.6568,183.9099
431.9807,104.2293,84.6568,183.9099
433.5394,103.7097,84.6568,183.9099
433.0198,104.2293,84.6568,183.9099
433.5394,103.7097,84.6568,183.9099
434.0590,103.1901,84.6568,183.9099
434.5786,103.7097,84.6568,183.9099
434.0590,104.2293,84.6568,183.9099
434.5786,105.7880,84.6568,183.9099
434.0590,105.2684,84.6568,183.9099
434.5786,104.7489,84.6568,183.9099
435.0981,103.1901,84.6568,183.9099
435.6177,103.7097,84.6568,183.9099
436.1373,103.1901,84.6568,183.9099
435.6177,103.7097,84.6568,183.9099
436.1373,103.1901,84.6568,183.9099
437.6960,101.6314,84.6568,183.9099
437.1764,102.1510,84.6568,183.9099
436.6568,102.6706,84.6568,183.9099
437.1764,103.1901,84.6568,183.9099
436.6568,103.7097,84.6568,183.9099
437.1764,102.1510,84.6568,183.9099
437.6960,101.6314,84.6568,183.9099
438.2155,102.1510,84.6568,183.9099
436.6568,102.6706,84.6568,183.9099
436.1373,103.1901,84.6568,183.9099
435.6177,103.7097,84.6568,183.9099
433.0198,102.1510,84.6568,183.9099
432.5003,102.6706,84.6568,183.9099
430.9416,101.1119,84.6568,183.9099
429.3828,100.5923,84.6568,183.9099
426.7850,101.1119,84.6568,183.9099
425.2263,101.6314,84.6568,183.9099
423.6676,101.1119,84.6568,183.9099
423.1480,100.5923,84.6568,183.9099
423.9205,102.8797,82.0727,178.2960
423.4168,104.3908,82.0727,178.2960
422.9131,103.8871,82.0727,178.2960
423.6620,105.0972,79.5674,172.8534
421.2204,104.6089,79.5674,172.8534
420.7320,104.1206,79.5674,172.8534
420.2437,104.6089,79.5674,172.8534
419.7554,105.0972,79.5674,172.8534
419.2670,105.5856,79.5674,172.8534
418.7787,105.0972,79.5674,172.8534
419.5048,110.1771,77.1386,167.5770
419.0313,110.6505,77.1386,167.5770
419.7353,113.6816,74.7839,162.4617
420.1942,114.1406,74.7839,162.4617
420.6532,113.6816,74.7839,162.4617
419.2763,114.1406,74.7839,162.4617
419.7353,112.7637,74.7839,162.4617
419.2763,114.1406,74.7839,162.4617
420.6532,113.6816,74.7839,162.4617
421.1122,114.1406,74.7839,162.4617
420.6532,113.6816,74.7839,162.4617
421.1122,114.1406,74.7839,162.4617
421.5712,113.6816,74.7839,162.4617
422.6710,111.5445,77.1740,167.6539
421.9114,108.3917,79.6404,173.0122
420.4450,109.8581,79.6404,173.0122
420.1942,112.9875,77.2094,167.7309
419.7204,115.3568,77.2094,167.7309
419.2465,115.8307,77.2094,167.7309
418.7726,115.3568,77.2094,167.7309
418.2988,115.8307,77.2094,167.7309
417.8249,116.3045,77.2094,167.7309
414.2218,112.2026,79.6770,173.0916
409.8207,112.6916,79.6770,173.0916
416.4159,114.8444,77.2449,167.8079
414.9937,116.2667,77.2449,167.8079
414.5196,115.7926,77.2449,167.8079
411.8629,112.6369,79.7136,173.1711
412.3522,113.1262,79.7136,173.1711
410.5891,108.8912,82.2612,178.7056
410.0843,108.3863,82.2612,178.7056
409.5794,107.8815,82.2612,178.7056
407.0551,107.3766,82.2612,178.7056
405.2357,101.9965,84.8903,184.4171
410.9667,101.4755,84.8903,184.4171
405.2357,100.9545,84.8903,184.4171
410.1783,104.2902,82.2990,178.7877
407.8987,107.5241,79.7868,173.3301
406.6681,109.6799,77.3513,168.0392
410.2223,111.7699,74.9901,162.9097
412.7476,113.7961,72.7010,157.9368
408.9491,115.7604,70.4818,153.1158
409.3817,114.4627,70.4818,153.1158
403.9688,117.2322,68.3303,148.4419
405.2269,117.6516,68.3303,148.4419
405.0117,120.3366,66.2445,143.9106
399.4809,117.6303,68.3617,148.5100
405.9786,119.4774,66.2749,143.9767
404.5127,116.7699,68.3931,148.5782
403.8396,112.2969,70.5789,153.3268
401.4122,111.1462,72.8346,158.2271
398.5007,113.1142,70.6113,153.3971
392.8669,110.0806,70.6113,153.3971
393.0387,107.1959,72.8681,158.2997
388.3370,108.2704,70.6437,153.4676
388.7706,106.1025,70.6437,153.4676
388.3370,104.8018,70.6437,153.4676
382.7007,104.3683,70.6437,153.4676
378.1425,109.7455,68.4873,148.7829
377.9268,112.4367,66.3967,144.2413
377.2733,109.7242,68.5188,148.8512
374.9168,106.9251,70.7086,153.6085
372.7469,105.6232,70.7086,153.6085
369.0525,109.2695,68.5502,148.9196
369.2192,103.1033,70.7411,153.6790
365.5231,106.7514,68.5817,148.9879
365.9441,106.3305,68.5817,148.9879
370.7790,111.5508,66.4882,144.4400
371.3857,116.6118,64.4586,140.0310
372.7651,120.7271,62.4910,135.7565
373.9157,121.1106,62.4910,135.7565
377.5542,126.6344,60.5835,131.6125
380.6761,124.9030,62.5197,135.8188
381.5956,123.8838,64.5178,140.1596
383.5755,125.0717,64.5178,140.1596
385.7481,129.9827,62.5484,135.8811
386.1320,130.3665,62.5484,135.8811
387.2836,131.5182,62.5484,135.8811
388.4353,134.9731,62.5484,135.8811
389.5869,136.8925,62.5484,135.8811
390.7386,138.0442,62.5484,135.8811
390.1229,137.7922,64.5475,140.2239
391.5042,141.9132,62.5771,135.9435
391.1202,143.0654,62.5771,135.9435
391.2724,142.8133,64.5771,140.2883
391.4294,141.7605,66.6410,144.7719
392.0376,145.1971,64.6067,140.3527
394.0201,147.1796,64.6067,140.3527
396.0027,148.3692,64.6067,140.3527
398.1783,151.7009,62.6346,136.0684
400.6371,150.6798,64.6364,140.4171
402.3811,149.6260,66.7022,144.9049
402.7905,151.6729,66.7022,144.9049
405.0367,155.9314,64.6661,140.4816
405.4336,157.1220,64.6661,140.4816
406.8174,163.6318,62.6921,136.1933
407.9717,164.0166,62.6921,136.1933
408.3565,168.2490,62.6921,136.1933
409.5108,169.4033,62.6921,136.1933
409.1260,170.5576,62.6921,136.1933
409.6981,173.0210,60.7784,132.0360
408.3538,169.0460,62.7209,136.2559
408.9262,172.2804,60.8063,132.0966
409.0741,168.3036,62.7497,136.3184
409.4592,168.6887,62.7497,136.3184
409.0741,169.0738,62.7497,136.3184
409.4592,169.4589,62.7497,136.3184
408.8416,166.8954,64.7552,140.6752
409.4325,170.2348,62.7785,136.3810
409.0472,170.6201,62.7785,136.3810
409.4325,170.2348,62.7785,136.3810
408.2766,169.8495,62.7785,136.3810
406.1175,166.5143,64.7849,140.7397
404.1295,166.1167,64.7849,140.7397
402.3350,167.8671,62.8073,136.4436
402.4877,164.5303,64.8147,140.8044
399.7032,164.1325,64.8147,140.8044
397.9079,164.2926,62.8362,136.5063
396.1674,165.2191,60.9181,132.3394
396.3156,161.2350,62.8650,136.5689
395.3459,161.3902,60.9460,132.4001
394.2238,158.0238,60.9460,132.4001
392.3535,156.1535,60.9460,132.4001
392.7276,153.5352,60.9460,132.4001
392.3535,150.9169,60.9460,132.4001
391.2314,149.7947,60.9460,132.4001
390.8573,147.9245,60.9460,132.4001
391.2314,144.5580,60.9460,132.4001
390.2914,142.4643,59.0856,128.3586
389.3800,141.8850,57.2820,124.4404
389.9027,141.3233,55.5335,120.6418
389.5619,138.9375,55.5335,120.6418
389.2210,136.5517,55.5335,120.6418
390.4095,138.0522,53.8383,116.9592
390.0790,135.7392,53.8383,116.9592
392.5529,137.8548,52.1949,113.3890
396.2326,139.2650,50.6016,109.9277
396.6943,141.2534,49.0570,106.5722
397.7441,140.7724,47.5595,103.3190
397.2760,137.6619,49.0795,106.6211
400.1336,139.5904,47.5813,103.3664
395.1693,138.1303,47.5813,103.3664
388.5948,140.5840,46.1289,100.2111
390.9719,136.4347,47.6032,103.4139
393.4250,131.5684,49.1246,106.7190
397.1624,128.9585,50.6946,110.1297
397.2857,124.3985,52.3148,113.6495
396.1286,123.5456,53.9868,117.2817
393.8093,121.8889,53.9868,117.2817
394.1406,120.8949,53.9868,117.2817
393.1466,118.5755,53.9868,117.2817
392.3139,120.6969,52.3388,113.7017
393.2776,121.6605,52.3388,113.7017
391.6714,123.9091,52.3388,113.7017
389.4229,125.5152,52.3388,113.7017
387.8168,127.1213,52.3388,113.7017
386.2107,126.8001,52.3388,113.7017
385.2470,125.8364,52.3388,113.7017
382.9984,125.5152,52.3388,113.7017
381.8408,124.0195,54.0116,117.3356
380.1834,123.6880,54.0116,117.3356
378.5259,124.0195,54.0116,117.3356
378.1945,125.0140,54.0116,117.3356
376.5370,126.6714,54.0116,117.3356
376.8685,127.0029,54.0116,117.3356
375.6739,125.4594,55.7378,121.0856
372.5952,125.8014,55.7378,121.0856
372.9372,128.1960,55.7378,121.0856
372.3886,127.2873,57.5192,124.9555
372.7416,129.7584,57.5192,124.9555
371.6826,131.5235,57.5192,124.9555
371.1165,130.5858,59.3575,128.9491
370.0236,133.8645,59.3575,128.9491
369.6592,134.9574,59.3575,128.9491
370.0236,136.7789,59.3575,128.9491
369.6592,137.8718,59.3575,128.9491
369.2950,138.2361,59.3575,128.9491
368.9307,138.6004,59.3575,128.9491
367.8378,141.8790,59.3575,128.9491
367.4734,144.4291,59.3575,128.9491
367.8378,145.5220,59.3575,128.9491
367.4734,146.6149,59.3575,128.9491
367.8378,148.4364,59.3575,128.9491
367.4734,149.5293,59.3575,128.9491
367.1092,151.3508,59.3575,128.9491
366.7449,150.9865,59.3575,128.9491
367.1092,152.0794,59.3575,128.9491
366.7449,152.4437,59.3575,128.9491
366.3806,153.5366,59.3575,128.9491
366.0163,154.6295,59.3575,128.9491
364.9234,155.7224,59.3575,128.9491
363.8305,156.8153,59.3575,128.9491
363.4662,157.9082,59.3575,128.9491
362.3733,159.0011,59.3575,128.9491
361.4577,160.6049,57.5456,125.0129
359.6918,159.5454,57.5456,125.0129
359.3387,159.8985,57.5456,125.0129
358.2791,160.9581,57.5456,125.0129
357.9260,162.0176,57.5456,125.0129
355.4537,162.3708,57.5456,125.0129
355.1005,164.1367,57.5456,125.0129
352.6283,165.1962,57.5456,125.0129
351.5687,166.9621,57.5456,125.0129
351.2155,168.0217,57.5456,125.0129
348.0370,168.3748,57.5456,125.0129
346.2711,168.7280,57.5456,125.0129
345.2115,169.7875,57.5456,125.0129
344.8583,170.1407,57.5456,125.0129
343.0925,170.4939,57.5456,125.0129
342.0329,172.9661,57.5456,125.0129
340.9734,174.0257,57.5456,125.0129
338.5011,174.3789,57.5456,125.0129
337.4416,176.1447,57.5456,125.0129
335.8477,177.6996,55.7890,121.1968
333.4509,178.0420,55.7890,121.1968
331.0541,178.3844,55.7890,121.1968
330.0269,178.7268,55.7890,121.1968
326.9453,179.7540,55.7890,121.1968
325.7114,178.8445,57.5720,125.0703
322.5313,181.3178,57.5720,125.0703
320.0580,181.6712,57.5720,125.0703
317.5846,182.0245,57.5720,125.0703
315.1112,181.6712,57.5720,125.0703
311.9311,181.3178,57.5720,125.0703
308.2164,182.8734,55.8146,121.2525
306.9819,181.2784,57.5984,125.1277
302.5585,182.8346,55.8402,121.3081
300.8449,183.1773,55.8402,121.3081
299.1313,183.5201,55.8402,121.3081
294.6761,183.1773,55.8402,121.3081
293.6480,183.5201,55.8402,121.3081
290.5636,183.1773,55.8402,121.3081
288.8500,183.5201,55.8402,121.3081
285.7656,183.1773,55.8402,121.3081
283.3666,184.2055,55.8402,121.3081
280.9676,185.2336,55.8402,121.3081
278.5686,185.5763,55.8402,121.3081
277.0219,187.7705,54.1357,117.6052
273.3672,188.1028,54.1357,117.6052
273.0349,189.0995,54.1357,117.6052
269.3802,189.4318,54.1357,117.6052
267.7189,190.4285,54.1357,117.6052
264.7286,191.4253,54.1357,117.6052
261.7384,192.4220,54.1357,117.6052
260.0771,192.0898,54.1357,117.6052
257.7514,192.4220,54.1357,117.6052
253.5939,195.8783,52.4832,114.0152
253.2718,195.5561,52.4832,114.0152
250.3728,195.2340,52.4832,114.0152
248.1180,194.9119,52.4832,114.0152
245.8633,196.5225,52.4832,114.0152
244.2527,196.2003,52.4832,114.0152
