0.21722
0.23257
0.069352
0.042582
0.049788
0.044541
0.038656
0.035399
0.03407
0.03371
0.033547
0.033587
0.033527
0.033506
0.038084
0.032229
0.03228
0.032233
0.03226
0.031648
0.034751
0.032292
0.031892
0.031891
0.031873
0.031858
0.031961
0.033309
0.031975
0.073132
0.036344
0.048487
0.035037
0.044927
0.032344
0.03176
0.031945
0.032073
0.031922
0.032107
0.039433
0.03298
0.038404
0.032906
0.035407
0.03201
0.031916
0.031935
0.031898
0.031612
0.031769
0.031771
0.031756
0.031865
0.031695
0.031633
0.03166
0.031684
0.031587
0.031702
0.031768
0.031972
0.032361
0.033143
0.031533
0.03156
0.03169
0.031531
0.031616
0.031529
0.031558
0.031696
0.031488
0.031423
0.031553
0.032038
0.031516
0.031455
0.031455
0.031098
0.031265
0.031338
0.031309
0.031231
0.031946
0.031456
0.031328
0.031429
0.031292
0.031258
0.031292
0.031162
0.032962
0.031258
0.031101
0.031279
0.031227
0.031139
0.031327
0.031188
0.039243
0.03999
0.031399
0.031104
0.032675
0.03249
0.032653
0.03252
0.03242
0.032313
0.033776
0.045381
0.046761
