1
238.7808,167.1763,117.4402,112.5341
229.4975,175.7942,120.0385,115.0239
212.3280,191.3233,122.6944,117.5688
205.2340,203.1466,122.6944,117.5688
209.4904,199.8361,122.6944,117.5688
209.9634,190.8504,122.6944,117.5688
206.6528,191.3233,122.6944,117.5688
179.2902,205.2334,125.4090,120.1700
154.3313,234.4969,128.1837,122.8288
177.5535,242.8965,128.1837,122.8288
230.4213,216.7097,128.1837,122.8288
219.0572,199.4165,128.1837,122.8288
209.6694,192.9933,128.1837,122.8288
199.1304,194.7792,125.4501,120.2094
185.1073,201.0654,125.4501,120.2094
184.1146,209.3383,122.7749,117.6459
193.1062,206.0256,122.7749,117.6459
208.9326,179.6837,125.4912,120.2489
208.0462,142.7220,128.2677,122.9094
189.7529,134.3169,128.2677,122.9094
196.1802,148.6549,128.2677,122.9094
224.3619,176.8366,128.2677,122.9094
250.5659,212.9289,128.2677,122.9094
258.9709,231.2222,128.2677,122.9094
248.5882,232.7055,128.2677,122.9094
234.2502,238.1440,128.2677,122.9094
227.8228,239.6273,128.2677,122.9094
222.3842,231.2222,128.2677,122.9094
215.9568,215.8954,128.2677,122.9094
215.4624,206.5015,128.2677,122.9094
220.9009,199.0852,128.2677,122.9094
230.2948,187.7137,128.2677,122.9094
231.7781,166.4538,128.2677,122.9094
220.4065,147.1717,128.2677,122.9094
212.9903,124.9230,128.2677,122.9094
217.4400,112.5626,128.2677,122.9094
230.7893,118.0012,128.2677,122.9094
240.1831,121.4621,128.2677,122.9094
245.6217,130.8560,128.2677,122.9094
256.9933,164.9706,128.2677,122.9094
259.4653,203.0406,128.2677,122.9094
261.9374,222.3228,128.2677,122.9094
264.4095,226.7725,128.2677,122.9094
259.9598,224.3004,128.2677,122.9094
255.5100,211.9401,128.2677,122.9094
253.0379,204.5238,128.2677,122.9094
256.2356,189.3144,131.1057,125.6287
258.7624,159.4985,131.1057,125.6287
260.2784,151.9182,131.1057,125.6287
261.1892,170.3058,128.3098,122.9497
255.7489,172.7787,128.3098,122.9497
253.2760,170.3058,128.3098,122.9497
257.7272,169.8112,128.3098,122.9497
263.1675,176.2407,128.3098,122.9497
272.5645,186.6268,128.3098,122.9497
268.1133,199.9804,128.3098,122.9497
246.8465,203.4425,128.3098,122.9497
211.0478,200.5430,131.1487,125.6699
190.3215,197.0043,131.1487,125.6699
191.8380,194.4767,131.1487,125.6699
213.5754,197.0043,131.1487,125.6699
248.4562,199.5319,131.1487,125.6699
286.3702,202.0595,131.1487,125.6699
314.1738,205.5981,131.1487,125.6699
316.7014,209.1368,131.1487,125.6699
306.3344,199.8794,134.0503,128.4504
289.2832,179.7279,134.0503,128.4504
259.8310,157.5097,134.0503,128.4504
233.4791,145.6255,134.0503,128.4504
227.7954,156.4762,134.0503,128.4504
235.5459,170.4273,134.0503,128.4504
240.1963,184.3783,134.0503,128.4504
251.0471,198.3293,134.0503,128.4504
275.3321,210.2135,134.0503,128.4504
290.3166,218.9974,134.0503,128.4504
288.7665,228.8148,134.0503,128.4504
282.0493,234.4986,134.0503,128.4504
271.1985,233.9819,134.0503,128.4504
247.9468,222.0977,134.0503,128.4504
219.5281,215.3805,134.0503,128.4504
198.3432,214.8638,134.0503,128.4504
193.6929,219.5142,134.0503,128.4504
200.4101,217.9641,134.0503,128.4504
213.3277,199.8794,134.0503,128.4504
231.6797,171.1183,137.0162,131.2923
241.6708,142.8167,140.0477,134.1972
267.0424,126.0823,140.0477,134.1972
293.4936,125.5425,140.0477,134.1972
305.9095,137.9584,140.0477,134.1972
306.4493,152.5335,140.0477,134.1972
294.0334,163.8698,140.0477,134.1972
271.9008,177.3653,140.0477,134.1972
248.6885,193.0201,140.0477,134.1972
228.7151,207.5953,140.0477,134.1972
218.4585,209.2148,140.0477,134.1972
206.0426,198.9582,140.0477,134.1972
193.6267,188.7016,140.0477,134.1972
185.5294,186.0024,140.0477,134.1972
191.4674,178.9848,140.0477,134.1972
204.9630,163.3300,140.0477,134.1972
221.6974,150.9141,140.0477,134.1972
237.3522,154.6928,140.0477,134.1972
256.2460,172.5069,140.0477,134.1972
275.4191,196.2253,143.1462,137.1663
283.6955,204.5017,143.1462,137.1663
274.3155,190.7076,143.1462,137.1663
237.3473,173.6029,143.1462,137.1663
193.7579,178.5688,143.1462,137.1663
157.8932,193.4664,143.1462,137.1663
146.3061,210.5711,143.1462,137.1663
142.4438,217.7441,143.1462,137.1663
151.7369,204.2051,146.3133,140.2011
171.7678,176.3236,149.5505,143.3031
194.2493,153.8421,149.5505,143.3031
206.3548,152.1127,149.5505,143.3031
206.9313,168.8298,149.5505,143.3031
202.4141,185.3594,146.3613,140.2471
199.5933,182.5386,146.3613,140.2471
206.9274,175.2045,146.3613,140.2471
216.5180,174.6404,146.3613,140.2471
212.5689,186.4877,146.3613,140.2471
201.8499,199.4633,146.3613,140.2471
188.8743,202.2841,146.3613,140.2471
181.5403,189.3085,146.3613,140.2471
177.5912,171.8196,146.3613,140.2471
173.1703,171.6837,143.2401,137.2563
178.1395,184.3826,143.2401,137.2563
187.5256,209.2283,143.2401,137.2563
185.8693,232.9698,143.2401,137.2563
183.1086,231.3134,143.2401,137.2563
180.3480,208.6762,143.2401,137.2563
184.2129,183.8305,143.2401,137.2563
174.8267,164.5061,143.2401,137.2563
154.3980,156.2242,143.2401,137.2563
145.0119,165.6103,143.2401,137.2563
149.9810,177.2050,143.2401,137.2563
160.4714,184.3826,143.2401,137.2563
175.3788,183.8305,143.2401,137.2563
199.1203,192.1124,143.2401,137.2563
223.9660,204.8113,143.2401,137.2563
249.9159,218.6145,143.2401,137.2563
269.0049,224.8675,140.1855,134.3292
263.0610,220.0043,140.1855,134.3292
234.4223,210.8183,140.1855,134.3292
191.7345,202.7130,140.1855,134.3292
152.2888,201.0920,140.1855,134.3292
117.1658,205.9551,140.1855,134.3292
91.7693,205.4148,140.1855,134.3292
95.5518,198.3902,140.1855,134.3292
137.1589,184.8814,140.1855,134.3292
180.9275,176.7761,140.1855,134.3292
203.0819,170.8322,140.1855,134.3292
206.8644,172.4533,140.1855,134.3292
216.0504,182.7200,140.1855,134.3292
221.9943,195.1481,140.1855,134.3292
210.6469,202.1727,140.1855,134.3292
183.0889,203.7938,140.1855,134.3292
156.6116,206.4955,140.1855,134.3292
154.9906,208.1166,140.1855,134.3292
180.3871,203.2534,140.1855,134.3292
223.0750,198.3903,140.1855,134.3292
249.5522,196.7692,140.1855,134.3292
249.0119,198.3903,140.1855,134.3292
241.9873,189.2043,140.1855,134.3292
233.8820,180.0183,140.1855,134.3292
230.0995,175.1551,140.1855,134.3292
232.8013,170.2919,140.1855,134.3292
245.2294,175.1551,140.1855,134.3292
253.3347,184.3411,140.1855,134.3292
246.3101,185.9622,140.1855,134.3292
220.9135,192.9868,140.1855,134.3292
189.0327,212.9798,140.1855,134.3292
167.9590,226.4886,140.1855,134.3292
158.5164,231.5667,137.1960,131.4646
159.0453,229.9802,137.1960,131.4646
177.5543,225.2207,137.1960,131.4646
186.5444,221.5189,137.1960,131.4646
175.4390,217.8171,137.1960,131.4646
156.9300,213.0576,137.1960,131.4646
153.2282,207.2405,137.1960,131.4646
166.4489,203.5387,137.1960,131.4646
207.1687,197.7216,137.1960,131.4646
248.9463,186.6162,137.1960,131.4646
256.8787,179.7414,137.1960,131.4646
230.9661,176.0396,137.1960,131.4646
197.6498,168.1072,137.1960,131.4646
178.0831,165.4630,137.1960,131.4646
162.7254,170.4328,134.2702,128.6611
152.8920,171.9855,134.2702,128.6611
154.4446,174.5732,134.2702,128.6611
181.3174,180.4347,131.4068,125.9174
234.5014,182.9673,131.4068,125.9174
268.4379,180.4347,131.4068,125.9174
272.9966,177.9021,131.4068,125.9174
259.3207,181.4477,131.4068,125.9174
238.5535,184.9933,131.4068,125.9174
216.7734,195.6302,131.4068,125.9174
194.9932,200.1888,131.4068,125.9174
166.1219,190.5650,131.4068,125.9174
133.1984,174.8630,131.4068,125.9174
125.6007,172.3305,131.4068,125.9174
137.2505,173.8500,131.4068,125.9174
163.0828,179.4217,131.4068,125.9174
174.7326,180.9412,131.4068,125.9174
173.2131,176.3826,131.4068,125.9174
178.7848,165.7458,131.4068,125.9174
187.3955,158.1481,131.4068,125.9174
196.0063,156.6285,131.4068,125.9174
199.5519,168.2784,131.4068,125.9174
191.9541,178.9152,131.4068,125.9174
186.3825,192.5911,131.4068,125.9174
197.0193,215.3843,131.4068,125.9174
205.6300,233.1123,131.4068,125.9174
196.0063,236.6579,131.4068,125.9174
180.3043,228.0471,131.4068,125.9174
173.7196,202.2149,131.4068,125.9174
168.1479,165.2393,131.4068,125.9174
172.7066,145.4852,131.4068,125.9174
184.3601,148.2924,128.6046,123.2321
201.7101,159.6939,128.6046,123.2321
221.0429,173.0781,128.6046,123.2321
228.6255,175.8255,125.8620,120.6042
222.9534,177.5791,123.1780,118.0322
201.5876,184.7010,123.1780,118.0322
181.1713,192.7725,123.1780,118.0322
174.9990,202.7433,123.1780,118.0322
176.4234,206.0669,123.1780,118.0322
174.0494,200.8441,123.1780,118.0322
174.1645,178.3565,125.9033,120.6437
182.4146,157.4886,125.9033,120.6437
207.1650,153.1209,125.9033,120.6437
244.5332,158.4592,125.9033,120.6437
272.1954,176.4153,125.9033,120.6437
281.3760,194.7172,128.6889,123.3130
278.8958,207.1182,128.6889,123.3130
282.3681,210.5904,128.6889,123.3130
284.8483,207.1182,128.6889,123.3130
276.4156,211.5825,128.6889,123.3130
252.1098,216.0469,128.6889,123.3130
231.7722,213.5667,128.6889,123.3130
220.2354,224.9218,125.9446,120.6833
209.0698,229.2909,125.9446,120.6833
197.9042,221.0381,125.9446,120.6833
195.9717,207.8196,123.2588,118.1097
201.1979,198.7926,123.2588,118.1097
207.5495,195.9305,120.6302,115.5909
219.1436,196.7148,118.0578,113.1259
237.8011,188.9788,118.0578,113.1259
245.5371,172.1416,118.0578,113.1259
250.5428,161.6752,118.0578,113.1259
265.7611,173.1711,120.6698,115.6288
274.5602,208.0848,123.3396,118.1871
265.7970,235.8789,126.0685,120.8020
250.7330,246.0836,126.0685,120.8020
241.7759,225.0850,128.8578,123.4748
236.3123,186.8399,128.8578,123.4748
229.8554,155.5485,128.8578,123.4748
223.3984,145.1180,128.8578,123.4748
211.9745,151.5750,128.8578,123.4748
195.5838,157.0385,128.8578,123.4748
201.0474,156.5418,128.8578,123.4748
224.3918,148.0981,128.8578,123.4748
246.7428,134.6875,128.8578,123.4748
263.1335,129.2239,128.8578,123.4748
262.6368,143.6279,128.8578,123.4748
246.2461,162.0054,128.8578,123.4748
231.8421,172.4359,128.8578,123.4748
225.0775,176.1461,126.1098,120.8416
225.5636,172.7435,126.1098,120.8416
232.8551,176.1461,126.1098,120.8416
223.6192,188.2986,126.1098,120.8416
200.7727,197.5344,126.1098,120.8416
192.2783,202.1026,123.4205,118.2646
200.3657,194.0152,123.4205,118.2646
211.3075,178.3160,123.4205,118.2646
222.2493,174.9859,123.4205,118.2646
227.4823,181.1704,123.4205,118.2646
228.3398,192.0607,120.7885,115.7426
226.0119,195.3198,120.7885,115.7426
218.0969,199.5101,120.7885,115.7426
201.8014,211.1497,120.7885,115.7426
199.0505,227.1928,118.2127,113.2744
204.9741,231.2938,118.2127,113.2744
212.7203,226.2815,118.2127,113.2744
208.6193,220.3580,118.2127,113.2744
203.6071,217.1684,118.2127,113.2744
211.2815,206.9331,120.8281,115.7806
229.7562,182.9417,123.5015,118.3422
255.9386,156.7593,123.5015,118.3422
264.9834,149.6187,123.5015,118.3422
266.4116,159.6156,123.5015,118.3422
262.1272,182.9417,123.5015,118.3422
254.9865,206.2678,123.5015,118.3422
245.9417,218.1689,123.5015,118.3422
228.3281,214.8366,123.5015,118.3422
209.9150,218.3926,120.8678,115.8185
205.7219,228.1764,120.8678,115.8185
213.6421,237.0283,120.8678,115.8185
221.5623,235.6306,120.8678,115.8185
225.7553,219.3244,120.8678,115.8185
227.1530,203.9500,120.8678,115.8185
242.5274,203.4841,120.8678,115.8185
265.3561,205.8136,120.8678,115.8185
285.3894,202.5524,120.8678,115.8185
282.1282,194.6322,120.8678,115.8185
269.5491,193.2345,120.8678,115.8185
259.7654,203.0183,120.8678,115.8185
252.7770,218.3927,120.8678,115.8185
244.8568,229.1082,120.8678,115.8185
239.7320,231.4377,120.8678,115.8185
246.7204,227.2446,120.8678,115.8185
252.7770,218.3927,120.8678,115.8185
249.5157,209.5408,120.8678,115.8185
246.7630,204.9380,118.2902,113.3487
244.4832,199.9225,118.2902,113.3487
247.6749,197.6427,118.2902,113.3487
255.4262,189.8915,118.2902,113.3487
256.7940,183.0521,118.2902,113.3487
258.1619,189.8915,118.2902,113.3487
265.0013,204.9380,118.2902,113.3487
271.8406,218.1607,118.2902,113.3487
276.8561,221.3524,118.2902,113.3487
264.4937,224.7584,115.7676,110.9315
240.8433,229.6670,115.7676,110.9315
219.8704,230.1132,115.7676,110.9315
202.3859,215.4600,118.3290,113.3858
193.9787,189.1256,120.9470,115.8945
189.7830,164.4171,120.9470,115.8945
196.7759,154.6270,120.9470,115.8945
209.3632,161.6199,120.9470,115.8945
224.5826,172.2920,118.3678,113.4230
231.4264,174.5732,118.3678,113.4230
239.1828,178.6795,118.3678,113.4230
251.6009,194.9393,120.9867,115.9325
267.1968,218.3325,123.6635,118.4975
274.3468,236.9225,123.6635,118.4975
268.5279,233.1389,126.3996,121.1193
261.2197,207.3166,126.3996,121.1193
248.0098,190.2935,123.7041,118.5364
231.3209,184.0948,123.7041,118.5364
210.8175,188.3862,123.7041,118.5364
202.7115,205.0750,123.7041,118.5364
210.9243,218.7478,121.0660,116.0085
220.7206,214.0754,123.7446,118.5752
244.0926,215.5063,123.7446,118.5752
255.0632,220.7531,123.7446,118.5752
259.3560,229.8157,123.7446,118.5752
255.0632,242.6942,123.7446,118.5752
250.7704,249.8489,123.7446,118.5752
252.2013,244.6021,123.7446,118.5752
253.6322,240.3093,123.7446,118.5752
256.9711,229.3388,123.7446,118.5752
261.5087,222.7875,121.1057,116.0466
255.4402,223.2543,121.1057,116.0466
247.5044,230.2564,121.1057,116.0466
239.5687,231.6569,121.1057,116.0466
236.3010,222.7875,121.1057,116.0466
239.8420,212.7764,118.5231,113.5719
235.7303,207.7511,118.5231,113.5719
230.7049,210.9490,118.5231,113.5719
233.9029,215.9744,118.5231,113.5719
243.4968,218.2587,118.5231,113.5719
255.9312,209.8925,121.1454,116.0846
266.7029,194.5586,123.8258,118.6530
273.8623,180.7171,123.8258,118.6530
269.5667,178.3307,123.8258,118.6530
265.2710,184.5355,123.8258,118.6530
260.9754,192.6495,123.8258,118.6530
245.2247,197.8997,123.8258,118.6530
225.6557,189.7857,123.8258,118.6530
207.1942,182.3101,121.1852,116.1227
203.9244,186.5141,121.1852,116.1227
212.7996,205.6658,121.1852,116.1227
234.2367,241.6978,123.8664,118.6919
252.8572,266.0478,123.8664,118.6919
269.8150,253.3416,126.6069,121.3180
289.8236,230.4050,126.6069,121.3180
293.2397,216.2526,126.6069,121.3180
278.1113,207.9564,126.6069,121.3180
256.1507,215.2766,126.6069,121.3180
231.2620,224.5488,126.6069,121.3180
209.5636,224.4312,123.9070,118.7308
219.6313,224.3162,121.2647,116.1989
255.6227,225.7184,121.2647,116.1989
286.0051,224.3162,121.2647,116.1989
306.1042,217.3049,121.2647,116.1989
317.7898,216.8375,121.2647,116.1989
325.7359,224.7836,121.2647,116.1989
330.8776,223.3814,121.2647,116.1989
331.3450,217.3049,121.2647,116.1989
322.4640,219.6420,121.2647,116.1989
297.6906,237.8714,121.2647,116.1989
281.4131,251.2746,118.6786,113.7209
277.2961,245.3277,118.6786,113.7209
285.0728,232.0616,118.6786,113.7209
294.6793,228.8594,118.6786,113.7209
306.1156,238.4659,118.6786,113.7209
324.8712,247.1575,118.6786,113.7209
334.4743,236.8819,121.3044,116.2370
326.8260,209.8853,123.9883,118.8087
293.2246,171.3829,126.7315,121.4374
270.2654,147.4467,126.7315,121.4374
261.9611,154.7741,126.7315,121.4374
259.5186,173.8254,126.7315,121.4374
248.4872,193.2612,129.5354,124.1242
224.7791,213.1272,132.4014,126.8704
207.0067,222.8423,129.5779,124.1649
199.2415,226.5733,126.8146,121.5170
197.2957,228.3401,124.1103,118.9256
207.3799,233.7581,121.4636,116.3895
220.0210,225.7989,121.4636,116.3895
229.8494,193.9094,124.1510,118.9646
221.7141,167.5893,124.1510,118.9646
215.1966,158.2490,121.5034,116.4277
208.1715,165.2742,121.5034,116.4277
188.9695,180.7294,121.5034,116.4277
175.3684,193.2562,118.9123,113.9448
169.4098,194.6312,118.9123,113.9448
165.2846,198.7564,118.9123,113.9448
160.2427,212.9654,118.9123,113.9448
168.1375,225.2250,116.3765,111.5149
186.5292,225.6736,116.3765,111.5149
209.4068,221.6364,116.3765,111.5149
241.2559,212.2162,116.3765,111.5149
265.0306,206.3847,116.3765,111.5149
284.6862,211.2013,118.9513,113.9822
287.8958,226.3319,118.9513,113.9822
266.1249,232.2065,121.5831,116.5040
241.2865,224.2394,121.5831,116.5040
195.8276,205.0248,121.5831,116.5040
174.0868,204.9119,118.9903,114.0195
166.0719,215.4113,116.4528,111.5880
181.7825,219.4511,116.4528,111.5880
197.7254,207.5054,119.0293,114.0569
217.4540,188.6944,119.0293,114.0569
235.3474,181.8124,119.0293,114.0569
265.3610,186.1241,116.4910,111.6246
295.4454,191.9613,116.4910,111.6246
307.5689,195.1045,116.4910,111.6246
306.2219,193.7574,116.4910,111.6246
289.6081,187.9201,116.4910,111.6246
269.4022,176.6946,116.4910,111.6246
232.1334,151.1004,116.4910,111.6246
229.8883,137.1808,116.4910,111.6246
250.0942,130.4455,116.4910,111.6246
270.3002,119.2200,116.4910,111.6246
279.7296,107.9944,116.4910,111.6246
283.7708,116.5258,116.4910,111.6246
282.0163,139.9815,119.0683,114.0943
284.9846,176.3364,121.7027,116.6187
284.5155,209.6432,121.7027,116.6187
285.3610,215.8604,119.1074,114.1317
284.9019,204.3828,119.1074,114.1317
279.8517,191.9869,119.1074,114.1317
274.8015,179.5910,119.1074,114.1317
272.5060,163.5223,119.1074,114.1317
275.7197,132.7623,119.1074,114.1317
272.0205,87.2017,121.7426,116.6569
279.0594,64.2078,121.7426,116.6569
288.9105,74.1151,124.4362,119.2379
300.9016,117.7629,124.4362,119.2379
293.7069,151.8177,124.4362,119.2379
281.7158,169.5646,124.4362,119.2379
267.8060,186.3522,124.4362,119.2379
258.6928,201.2213,124.4362,119.2379
254.9342,212.2012,121.7825,116.6952
252.1607,219.3273,119.1855,114.2066
257.4167,225.4159,116.6438,111.7711
263.2617,223.1678,116.6438,111.7711
271.8725,214.3923,114.1564,109.3876
278.4728,203.3918,114.1564,109.3876
287.7133,189.7511,114.1564,109.3876
302.0781,182.0110,111.7220,107.0548
310.3256,185.2279,109.3395,104.7719
322.5478,193.2355,109.3395,104.7719
322.1264,211.3581,109.3395,104.7719
310.7471,231.1664,109.3395,104.7719
290.9387,249.2890,109.3395,104.7719
271.3873,258.9368,107.0078,102.5376
258.6008,257.6994,107.0078,102.5376
253.2388,254.8121,107.0078,102.5376
244.7801,232.7090,109.3753,104.8062
232.6351,195.2451,111.7952,107.1251
242.5494,176.0355,109.4112,104.8406
262.3707,168.8660,109.4112,104.8406
280.5052,174.3485,109.4112,104.8406
295.2658,189.9526,109.4112,104.8406
310.0263,207.2436,109.4112,104.8406
326.4739,227.0649,109.4112,104.8406
335.3302,248.5732,109.4112,104.8406
333.6514,259.8533,107.0779,102.6048
319.2782,263.7321,104.7945,100.4168
291.9741,269.0855,102.5597,98.2753
251.2559,269.4808,102.5597,98.2753
220.0255,267.5042,102.5597,98.2753
209.4575,250.4213,104.8288,100.4497
211.2324,223.7376,107.1482,102.6721
212.4714,196.8921,107.1482,102.6721
220.3186,184.0888,107.1482,102.6721
247.1641,179.5457,107.1482,102.6721
275.6617,179.9587,107.1482,102.6721
295.0731,181.1978,107.1482,102.6721
305.3715,187.4676,104.8632,100.4826
312.2429,199.9978,104.8632,100.4826
316.6891,214.9532,104.8632,100.4826
304.9672,229.9087,104.8632,100.4826
276.2690,232.7381,104.8632,100.4826
238.0384,233.4199,102.6270,98.3398
197.2935,232.2332,102.6270,98.3398
179.7049,228.3251,100.4384,96.2427
184.7378,230.2608,100.4384,96.2427
212.9994,232.1965,100.4384,96.2427
239.0715,230.6107,98.2965,94.1903
249.9799,226.8675,96.2003,92.1816
274.9519,230.3522,94.1488,90.2158
324.6694,223.4571,94.1488,90.2158
354.7903,212.9329,94.1488,90.2158
342.0887,206.0378,94.1488,90.2158
282.2099,210.7555,94.1488,90.2158
209.2667,218.3765,94.1488,90.2158
169.7104,221.6426,94.1488,90.2158
159.9120,214.7474,94.1488,90.2158
168.2833,194.5474,96.2319,92.2119
196.8450,166.7276,96.2319,92.2119
213.5369,158.9380,96.2319,92.2119
218.3590,170.4369,96.2319,92.2119
226.1458,197.5102,98.3610,94.2520
232.5911,228.2203,98.3610,94.2520
229.5362,246.4520,100.5373,96.3374
235.3491,260.7905,100.5373,96.3374
241.9371,264.2782,100.5373,96.3374
235.3491,256.1402,100.5373,96.3374
217.9104,252.6525,100.5373,96.3374
222.0250,265.6588,102.7617,98.4688
239.8495,281.1067,102.7617,98.4688
260.0506,283.8794,102.7617,98.4688
267.5765,273.1847,102.7617,98.4688
263.5630,251.9586,105.0353,100.6475
270.3819,208.4205,107.3592,102.8743
265.8299,161.6587,107.3592,102.8743
248.2280,147.9977,105.0697,100.6805
232.4331,159.7426,105.0697,100.6805
223.2873,180.0582,107.3944,102.9080
215.6571,213.7077,109.7705,105.1848
214.3877,241.2102,109.7705,105.1848
221.6755,251.7117,107.4296,102.9417
231.1996,245.5003,107.4296,102.9417
236.5829,232.6634,107.4296,102.9417
236.1688,223.9674,107.4296,102.9417
243.2083,221.8970,107.4296,102.9417
263.4989,212.3728,107.4296,102.9417
270.5385,199.5359,107.4296,102.9417
263.4989,187.5272,107.4296,102.9417
269.8330,179.4450,105.1386,100.7465
283.2067,176.6081,105.1386,100.7465
287.6646,197.2765,105.1386,100.7465
275.1490,228.5374,107.4648,102.9755
266.4502,247.1777,107.4648,102.9755
273.5850,259.0556,105.1731,100.7795
280.4767,252.9747,105.1731,100.7795
272.7742,240.4074,105.1731,100.7795
265.0717,231.8941,105.1731,100.7795
265.4771,233.9211,105.1731,100.7795
266.2077,232.2605,102.9302,98.6304
261.0500,224.7222,102.9302,98.6304
254.3052,216.3905,102.9302,98.6304
251.1962,219.3542,100.7352,96.5270
245.3719,223.6254,100.7352,96.5270
236.4412,227.1200,100.7352,96.5270
233.7232,223.6254,100.7352,96.5270
251.9728,217.0244,100.7352,96.5270
278.7648,220.5190,100.7352,96.5270
271.3873,230.2263,100.7352,96.5270
253.9142,238.3803,100.7352,96.5270
250.8716,240.5323,98.5870,94.4686
257.3317,229.5121,98.5870,94.4686
262.2718,216.9718,98.5870,94.4686
261.8918,213.5517,98.5870,94.4686
266.8320,217.7318,98.5870,94.4686
274.0521,221.9119,98.5870,94.4686
273.6721,223.8119,98.5870,94.4686
267.9720,221.9119,98.5870,94.4686
266.0719,216.9718,98.5870,94.4686
270.2520,220.3918,98.5870,94.4686
269.8720,228.3720,98.5870,94.4686
265.6919,242.4324,98.5870,94.4686
260.7518,247.3725,98.5870,94.4686
266.3636,237.2595,100.7682,96.5587
276.0740,221.3344,100.7682,96.5587
279.7691,218.2458,98.6193,94.4996
271.1847,227.0601,100.8013,96.5904
262.2482,238.3279,100.8013,96.5904
259.1175,231.2126,103.0315,98.7274
262.6918,212.5470,103.0315,98.7274
263.0889,204.2071,103.0315,98.7274
268.2517,210.1642,103.0315,98.7274
268.6488,224.8584,103.0315,98.7274
265.5368,235.4807,100.8344,96.6220
262.4911,238.3841,98.6840,94.5615
263.6323,233.4391,98.6840,94.5615
266.5177,229.6811,96.5796,92.5450
260.1890,232.2870,96.5796,92.5450
249.4649,240.9190,98.7164,94.5925
245.2793,250.4317,98.7164,94.5925
244.8988,249.2902,98.7164,94.5925
248.3234,241.2995,98.7164,94.5925
247.9429,235.5919,98.7164,94.5925
246.8014,242.8216,98.7164,94.5925
251.1547,256.6666,96.6112,92.5753
251.5271,260.7629,96.6112,92.5753
250.4099,264.1144,96.6112,92.5753
251.7990,266.1783,94.5510,90.6011
250.7057,259.9826,94.5510,90.6011
246.6967,253.7870,94.5510,90.6011
243.4166,247.5913,94.5510,90.6011
241.9925,234.8673,96.6429,92.6057
241.6200,224.8094,96.6429,92.6057
239.7574,222.2018,96.6429,92.6057
242.3650,224.8094,96.6429,92.6057
245.7177,222.2018,96.6429,92.6057
249.0703,213.6340,96.6429,92.6057
253.1680,209.5363,96.6429,92.6057
254.2855,220.3392,96.6429,92.6057
251.2840,234.3877,98.7811,94.6546
255.6402,243.1038,96.6746,92.6360
253.0317,241.9859,96.6746,92.6360
252.6591,233.4153,96.6746,92.6360
260.4845,225.5899,96.6746,92.6360
263.8382,228.9436,96.6746,92.6360
261.2297,236.0237,96.6746,92.6360
255.6402,240.8680,96.6746,92.6360
252.2864,240.4953,96.6746,92.6360
254.1496,231.9247,96.6746,92.6360
252.2864,225.5898,96.6746,92.6360
245.4178,237.3232,98.8135,94.6856
237.4193,250.6541,98.8135,94.6856
237.8002,254.0821,98.8135,94.6856
245.7987,254.4629,98.8135,94.6856
259.8913,244.1791,98.8135,94.6856
275.5075,230.8483,98.8135,94.6856
262.1766,235.7997,98.8135,94.6856
247.3222,248.3688,98.8135,94.6856
253.7972,254.0821,98.8135,94.6856
269.4133,250.6541,98.8135,94.6856
274.3648,236.5615,98.8135,94.6856
259.6325,229.1274,96.7063,92.6664
245.9328,231.9119,94.6440,90.6903
239.7311,233.7360,94.6440,90.6903
241.5551,233.3712,94.6440,90.6903
242.6495,228.6286,94.6440,90.6903
237.9070,230.4527,94.6440,90.6903
236.0830,230.8175,94.6440,90.6903
240.8255,237.0193,94.6440,90.6903
241.9199,246.8691,94.6440,90.6903
251.0401,254.5302,94.6440,90.6903
287.8860,254.8950,94.6440,90.6903
305.0321,247.2340,94.6440,90.6903
290.8045,249.0580,94.6440,90.6903
251.5299,262.0589,96.7380,92.6968
225.0553,271.3809,96.7380,92.6968
223.1909,273.9911,96.7380,92.6968
237.7333,266.9064,96.7380,92.6968
253.0215,260.5674,96.7380,92.6968
246.6825,263.1775,96.7380,92.6968
233.6972,265.9630,94.6750,90.7200
223.8441,267.0577,94.6750,90.7200
224.9389,269.6122,94.6750,90.7200
238.4413,270.7070,94.6750,90.7200
241.5587,262.5098,96.7697,92.7272
243.4237,254.6767,96.7697,92.7272
237.8287,252.0657,96.7697,92.7272
235.2176,247.2166,96.7697,92.7272
240.0667,239.3836,96.7697,92.7272
244.9158,231.5505,96.7697,92.7272
244.5427,225.9554,96.7697,92.7272
239.9893,218.3508,98.9108,94.7788
243.4206,213.3944,98.9108,94.7788
242.2769,225.2134,98.9108,94.7788
226.5472,254.6225,101.0992,96.8758
222.2605,282.2907,101.0992,96.8758
218.3120,284.0491,103.3360,99.0192
222.6934,265.3284,103.3360,99.0192
230.2614,245.8110,103.3360,99.0192
237.0327,229.4801,103.3360,99.0192
241.2618,209.7885,105.6223,101.2100
239.2262,195.5390,105.6223,101.2100
237.1905,182.1039,105.6223,101.2100
240.8547,168.6687,105.6223,101.2100
247.0822,159.9376,103.3699,99.0516
245.8869,165.1173,103.3699,99.0516
244.3300,179.3169,105.6569,101.2431
224.1472,205.6615,107.9946,103.4832
242.3871,230.8614,110.3840,105.7727
247.7876,230.1327,112.8262,108.1129
244.2834,207.7302,115.3225,110.5049
250.9512,194.8392,115.3225,110.5049
257.6189,189.9495,115.3225,110.5049
271.3989,195.7283,115.3225,110.5049
288.7351,205.9521,115.3225,110.5049
282.9563,211.7309,115.3225,110.5049
278.6161,215.9083,112.8632,108.1484
273.8307,220.6937,112.8632,108.1484
265.5650,237.6601,112.8632,108.1484
269.4804,261.5872,112.8632,108.1484
291.2301,271.5459,110.4564,105.8421
283.3823,263.7491,112.9002,108.1839
273.5548,244.0409,115.3981,110.5774
264.4329,221.1277,117.9513,113.0239
262.6231,200.8602,115.4360,110.6137
265.7378,193.2960,115.4360,110.6137
260.8433,199.0804,115.4360,110.6137
264.8479,213.7639,115.4360,110.6137
275.9717,218.6584,115.4360,110.6137
283.5359,223.5529,115.4360,110.6137
286.0534,231.1654,112.9743,108.2548
279.5214,240.3102,112.9743,108.2548
279.4668,244.4025,110.5650,105.9462
276.4836,236.3051,110.5650,105.9462
272.6480,223.9459,110.5650,105.9462
275.6312,207.3250,110.5650,105.9462
282.1502,198.1853,108.2072,103.6869
285.3141,193.2606,105.8997,101.4758
289.1973,195.5230,103.6413,99.3118
293.5917,200.7163,103.6413,99.3118
289.5439,213.2953,105.9344,101.5090
283.7119,231.2362,108.2782,103.7549
276.6167,247.5134,108.2782,103.7549
270.1280,250.6311,105.9691,101.5423
258.2658,246.5957,103.7093,99.3769
255.4675,242.9979,103.7093,99.3769
248.9286,222.4056,106.0039,101.5756
244.4340,190.9436,106.0039,101.5756
242.8075,174.3044,103.7433,99.4095
258.9454,180.3749,101.5310,97.2896
275.4937,195.3691,99.3658,95.2148
279.8757,204.8752,97.2468,93.1843
284.1642,209.1204,95.1730,91.1972
290.4829,213.2751,93.1434,89.2523
295.2826,215.9570,91.1571,87.3490
298.4449,217.7139,91.1571,87.3490
300.9045,220.1735,91.1571,87.3490