1
536.8127,243.6053,40.6599,14.9646
539.0314,246.9232,39.4187,14.5078
541.4069,249.5053,39.4187,14.5078
541.7065,254.1278,40.6786,14.9714
543.0922,258.0715,40.6786,14.9714
547.6753,266.9181,40.6786,14.9714
549.0609,270.0090,40.6786,14.9714
549.8070,273.3132,40.6786,14.9714
551.6190,276.8305,40.6786,14.9714
554.7099,278.4293,40.6786,14.9714
557.1428,285.1595,39.4368,14.5144
559.5013,288.1709,38.2330,14.0714
558.1990,291.6772,38.2330,14.0714
560.0925,293.9567,39.4549,14.5211
562.0386,298.2101,38.2506,14.0778
562.7401,304.7246,38.2506,14.0778
561.8282,306.4039,39.4731,14.5278
561.1042,311.0581,39.4731,14.5278
559.3459,312.6095,39.4731,14.5278
555.5011,320.1745,38.2681,14.0843
557.8073,328.0958,38.2681,14.0843
561.9008,334.2267,37.1000,13.6544
563.9422,334.5183,37.1000,13.6544
561.6968,337.3136,38.2857,14.0908
573.0149,332.6132,37.1170,13.6606
569.8055,330.1819,37.1170,13.6606
568.1522,328.7231,37.1170,13.6606
568.8160,328.0563,35.9840,13.2436
589.6528,324.7563,35.9840,13.2436
586.9021,325.6184,34.8856,12.8394
582.7888,325.7098,34.8856,12.8394
581.0430,325.7789,36.0005,13.2497
577.7322,325.8501,37.1511,13.6732
585.9968,333.9058,38.3385,14.1102
579.6682,323.3581,38.3385,14.1102
577.1569,323.0568,38.3385,14.1102
571.4210,322.7308,39.5637,14.5611
566.7562,322.6272,39.5637,14.5611
566.4452,322.9382,39.5637,14.5611
563.6360,323.0165,40.8282,15.0265
561.5847,335.1203,39.5819,14.5678
557.9548,336.2611,39.5819,14.5678
555.7666,342.9770,40.8470,15.0334
555.8630,342.2016,42.1524,15.5139
555.5317,340.3240,42.1524,15.5139
545.9229,333.5868,42.1524,15.5139
544.2661,328.6167,42.1524,15.5139
542.3885,325.4137,42.1524,15.5139
544.2468,322.4475,40.8657,15.0403
545.6201,320.8568,39.6183,14.5812
540.1001,316.6157,38.4089,14.1361
539.1768,315.1205,37.2365,13.7046
537.6962,316.5981,36.0998,13.2863
534.9366,316.8954,34.9978,12.8807
534.6454,318.6510,33.9295,12.4875
536.3258,319.4293,35.0139,12.8866
535.4910,321.1500,36.1330,13.2985
533.6829,321.2215,37.2878,13.7235
537.6715,326.0229,36.1495,13.3046
536.2341,328.7834,35.0461,12.8985
540.1666,334.5817,33.9763,12.5047
540.0688,338.2099,35.0622,12.9044
538.6817,342.8727,36.1827,13.3168
541.0353,347.5318,35.0783,12.9103
540.5667,352.7483,36.1994,13.3229
541.0315,359.0800,37.3563,13.7487
541.6995,362.5199,36.2160,13.3290
544.8144,363.9569,35.1105,12.9222
557.7858,349.1456,35.1105,12.9222
556.4058,340.9579,35.1105,12.9222
551.5210,339.5555,36.2326,13.3351
547.4293,339.2475,37.3906,13.7613
556.7365,351.1019,37.3906,13.7613
553.8954,348.0648,37.3906,13.7613
543.7948,361.6587,38.5856,14.2011
546.9113,359.9545,37.4078,13.7677
548.5604,355.1659,36.2659,13.3474
549.6056,352.6002,36.2659,13.3474
548.5510,350.7715,37.4249,13.7740
545.6901,351.0798,36.2825,13.3535
549.0080,350.2010,37.4421,13.7803
557.5432,348.9256,37.4421,13.7803
559.7824,349.0378,36.2992,13.3597
562.5406,348.1818,36.2992,13.3597
564.1481,347.1124,37.4593,13.7866
564.6388,352.5106,37.4593,13.7866
567.8606,356.1563,36.3159,13.3658
569.2712,356.6458,35.2073,12.9578
570.0924,358.3759,36.3325,13.3719
563.8879,358.8656,35.2235,12.9637
568.2165,362.4424,36.3492,13.3781
574.0168,370.1337,37.5109,13.8056
578.8156,377.1261,36.3659,13.3842
584.0469,380.0566,37.5281,13.8120
583.1522,380.9175,38.7276,14.2534
587.1096,389.5428,38.7276,14.2534
589.6364,393.8813,39.9653,14.7089
594.3486,397.7558,39.9653,14.7089
598.2048,398.2944,38.7453,14.2599
602.9585,398.0045,37.5626,13.8246
604.4176,398.1170,36.4160,13.4026
607.1680,396.6995,35.3044,12.9935
608.1693,394.4002,34.2267,12.5969
609.3351,390.0059,34.2267,12.5969
610.3217,387.0464,34.2267,12.5969
607.8914,382.4508,35.3206,12.9995
612.0398,379.9654,34.2424,12.6027
613.0110,377.0175,33.1972,12.2180
614.6637,373.1033,33.1972,12.2180
616.8383,367.2755,33.1972,12.2180
615.8729,363.3400,34.2582,12.6085
617.5784,356.7873,34.2582,12.6085
619.0886,352.7609,33.2124,12.2236
619.8632,347.0831,34.2739,12.6143
618.3209,354.0110,33.2277,12.2292
614.0548,350.0931,33.2277,12.2292
611.1732,346.6764,34.2896,12.6200
617.0042,323.0252,35.3855,13.0234
615.7989,315.3297,35.3855,13.0234
616.0679,311.1348,36.5164,13.4396
610.4133,301.8305,37.6835,13.8691
607.9351,295.9808,38.8879,14.3124
611.0938,292.4146,38.8879,14.3124
611.7892,287.8440,37.7008,13.8755
609.3024,286.7716,36.5500,13.4519
609.7812,281.1213,36.5500,13.4519
606.2283,281.1937,37.7181,13.8819
605.5268,277.7105,38.9236,14.3255
606.0189,275.7874,37.7354,13.8882
606.9088,273.5133,37.7354,13.8882
604.4271,266.4691,38.9414,14.3321
604.7154,267.8102,37.7527,13.8946
601.2532,267.3156,37.7527,13.8946
598.3672,264.4612,36.6003,13.4705
594.2341,262.2321,37.7701,13.9010
593.9372,262.5290,37.7701,13.9010
597.2030,258.4714,37.7701,13.9010
594.3331,260.5497,37.7701,13.9010
590.4734,261.6383,37.7701,13.9010
590.9683,261.7372,37.7701,13.9010
595.6196,263.4196,37.7701,13.9010
596.2950,262.9391,36.6171,13.4767
595.6234,262.2675,36.6171,13.4767
598.7728,261.8015,35.4994,13.0653
597.1915,263.9409,35.4994,13.0653
599.8890,267.7545,35.4994,13.0653
600.3540,270.4519,35.4994,13.0653
600.8191,272.7773,35.4994,13.0653
600.7261,275.1027,35.4994,13.0653
595.7963,275.1957,35.4994,13.0653
590.8573,281.4049,36.6339,13.4829
589.9839,285.7009,37.8048,13.9138
589.6770,290.3322,39.0130,14.3585
588.3380,296.5427,40.2599,14.8173
588.6440,304.4285,41.5466,15.2909
591.5725,319.9688,42.8744,15.7796
592.3478,329.4901,44.2447,16.2839
599.8717,334.2148,45.6587,16.8044
600.9366,340.2869,47.1180,17.3414
604.2578,346.3061,48.6239,17.8957
604.3851,357.8998,48.6239,17.8957
614.9373,365.4350,47.1396,17.3494
615.2957,367.7515,48.6462,17.9039
621.2641,375.2901,47.1613,17.3574
625.3297,379.8320,48.6685,17.9121
626.2224,384.5502,48.6685,17.9121
627.8578,389.5419,47.1829,17.3653
626.9802,391.1188,48.6909,17.9203
626.3297,393.7668,50.2470,18.4931
628.0182,396.8138,48.7132,17.9285
628.6437,398.1866,50.2701,18.5015
629.8062,400.4447,48.7356,17.9368
627.1119,402.0735,50.2932,18.5100
628.0113,405.9140,48.7580,17.9450
623.7731,404.7826,47.2696,17.3972
622.6367,401.9518,45.8267,16.8662
621.3159,399.4302,45.8267,16.8662
619.0345,397.3889,45.8267,16.8662
619.3947,393.9068,45.8267,16.8662
615.1921,383.2202,45.8267,16.8662
615.2911,379.5152,44.4278,16.3513
620.2968,375.9065,44.4278,16.3513
613.6411,373.9443,43.0716,15.8522
609.8971,367.9792,41.7569,15.3683
623.1249,347.7115,43.0914,15.8595
608.3341,346.2437,43.0914,15.8595
604.3712,347.6838,44.4686,16.3664
604.0013,346.1859,43.1112,15.8668
600.2736,343.1360,43.1112,15.8668
616.4268,324.7237,43.1112,15.8668
612.9250,312.8629,43.1112,15.8668
595.3966,326.0954,41.7952,15.3824
594.4110,322.0435,41.7952,15.3824
599.5580,318.6487,41.7952,15.3824
598.9996,312.1607,43.1310,15.8740
598.8867,306.8492,43.1310,15.8740
596.2762,301.9621,44.5095,16.3814
593.3607,303.7115,44.5095,16.3814
593.0108,303.3616,44.5095,16.3814
596.8593,301.6122,44.5095,16.3814
597.4221,303.6116,43.1508,15.8813
595.7261,304.1769,43.1508,15.8813
595.6130,303.8377,43.1508,15.8813
596.4045,301.4634,43.1508,15.8813
594.2563,306.0990,43.1508,15.8813
594.5843,305.9583,44.5299,16.3889
591.4225,309.7800,45.9531,16.9127
590.8205,313.2718,45.9531,16.9127
590.4593,315.0779,45.9531,16.9127
587.9189,317.0953,47.4217,17.4532
585.0488,318.1832,48.9373,18.0110
584.9078,322.1268,50.5014,18.5867
590.5977,326.7581,50.5014,18.5867
590.2007,332.1833,50.5014,18.5867
589.2745,334.4328,50.5014,18.5867
584.3554,343.0528,48.9598,18.0193
588.8453,346.5165,48.9598,18.0193
593.0660,347.1265,50.5245,18.5952
591.8746,350.9656,50.5245,18.5952
595.1841,357.4524,50.5245,18.5952
592.1262,361.7887,52.1393,19.1895
591.4297,364.3509,53.8057,19.8028
602.2852,371.5410,53.8057,19.8028
600.9917,379.0332,52.1632,19.1983
610.6957,381.9034,52.1632,19.1983
609.7151,389.4403,50.5709,18.6123
613.7996,395.6871,49.0273,18.0441
613.4142,399.1555,49.0273,18.0441
614.2910,401.8717,47.5307,17.4933
613.4069,402.2148,49.0498,18.0524
618.4064,403.5971,50.6174,18.6294
620.6479,405.2888,52.2351,19.2248
624.0457,401.6131,50.6406,18.6379
640.8738,385.5770,49.0948,18.0690
642.7808,381.6078,47.5962,17.5174
626.6713,395.7180,46.1433,16.9827
625.3203,393.4382,44.7348,16.4643
625.8858,386.5395,43.3692,15.9617
638.4993,370.7442,43.3692,15.9617
633.1584,364.7216,43.3692,15.9617
628.9427,374.1255,44.7553,16.4719
620.6052,373.5105,46.1857,16.9983
617.3258,369.0033,47.6618,17.5416
631.1877,358.1385,47.6618,17.5416
612.0684,354.4864,49.1850,18.1022
609.6071,353.8105,50.7570,18.6807
610.2488,349.9729,49.2076,18.1105
608.8177,346.4601,50.7803,18.6893
612.9293,339.9080,52.4032,19.2866
606.4759,329.0608,52.4032,19.2866
607.1384,325.0987,50.8036,18.6979
609.3781,322.3224,49.2528,18.1271
608.7103,320.4052,47.7493,17.5738
612.5887,316.2766,47.7493,17.5738
614.4654,302.3891,47.7493,17.5738
613.3175,305.0345,46.2918,17.0374
613.1962,302.2448,46.2918,17.0374
613.3175,297.2717,46.2918,17.0374
613.1962,294.2394,46.2918,17.0374
611.6194,295.5736,46.2918,17.0374
616.3286,287.9496,44.8787,16.5173
613.6035,285.9675,43.5088,16.0131
612.3295,289.7459,42.1807,15.5243
612.6417,287.6620,40.8931,15.0504
613.1587,285.2130,39.6448,14.5910
612.4316,286.7711,39.6448,14.5910
610.6656,288.5370,39.6448,14.5910
610.1463,290.0952,39.6448,14.5910
604.8383,292.0434,40.9119,15.0573
605.3743,299.0112,40.9119,15.0573
607.4110,304.2638,40.9119,15.0573
602.1478,307.5607,42.2194,15.5385
602.0262,312.0691,43.5687,16.0352
602.3687,315.3797,43.5687,16.0352
600.1997,328.9645,43.5687,16.0352
602.5970,335.2432,43.5687,16.0352
599.2752,337.1559,44.9612,16.5476
597.2519,340.3537,43.5887,16.0425
595.3103,348.9195,43.5887,16.0425
599.5248,361.3404,44.9818,16.5552
599.1506,370.1969,43.6087,16.0499
581.1913,364.6145,42.2776,15.5600
584.1629,387.1177,40.9870,15.0850
607.2337,386.8110,39.7359,14.6245
605.4637,396.2855,39.7359,14.6245
607.4316,398.2382,41.0059,15.0919
611.8262,404.5510,42.3164,15.5742
612.5829,403.3474,41.0247,15.0988
612.4648,405.3634,42.3358,15.5814
616.3363,406.1128,43.6889,16.0794
617.3465,410.5937,42.3553,15.5885
622.7650,409.3889,41.0624,15.1127
629.0941,411.4486,39.8089,14.6514
632.7345,410.6929,41.0812,15.1196
629.6129,412.9533,41.0812,15.1196
637.2448,414.5416,42.3942,15.6029
643.1125,413.5579,41.1001,15.1266
646.8629,415.8349,39.8455,14.6648
651.7515,413.8662,38.6292,14.2172
651.8527,416.8015,38.6292,14.2172
653.3610,416.6755,39.8638,14.6716
660.1320,411.5725,38.6469,14.2237
663.2711,412.8889,38.6469,14.2237
663.1598,411.7502,39.8821,14.6783
662.6373,413.1087,39.8821,14.6783
661.6865,410.4707,41.1567,15.1474
661.7943,407.3434,41.1567,15.1474
659.7265,407.0354,39.9004,14.6850
658.1583,407.5581,39.9004,14.6850
658.2446,405.3777,38.6824,14.2368
651.2334,405.6963,37.5016,13.8022
644.0432,402.4678,36.3569,13.3809
634.0406,401.2294,36.3569,13.3809
628.6013,402.4445,37.5188,13.8085
625.9299,410.4215,36.3736,13.3870
615.7228,400.3911,37.5361,13.8149
617.5817,409.3170,38.7357,14.2564
591.6829,398.2687,37.5533,13.8212
582.7116,398.1845,36.4070,13.3993
583.5535,405.3527,35.2956,12.9903
582.1500,404.9036,34.2182,12.5938
581.5135,404.2540,35.3118,12.9963
581.2360,403.4213,35.3118,12.9963
580.9584,402.9587,35.3118,12.9963
580.6808,403.6064,35.3118,12.9963
583.3478,402.6019,34.2339,12.5995
583.2425,402.7045,33.1889,12.2149
584.1838,401.9344,32.1758,11.8421
584.7592,401.8622,31.1937,11.4806
585.8074,399.3402,30.2415,11.1301
586.5067,398.3215,29.3183,10.7904
587.9529,397.3339,28.4234,10.4610
589.3549,395.6317,27.5557,10.1417
588.5480,394.5591,26.7146,9.8321
590.1457,393.3792,25.8991,9.5320
592.5089,391.5568,25.1085,9.2410
595.9893,390.5538,25.9110,9.5364
597.9462,390.0883,25.1201,9.2453
