0.21105
0.23606
0.070572
0.041514
0.052123
0.046919
0.040636
0.0371
0.037193
0.03719
0.036898
0.037173
0.037061
0.036964
0.037655
0.036856
0.037021
0.036993
0.036893
0.037051
0.037094
0.037355
0.036915
0.037106
0.037337
0.036902
0.036876
0.037028
0.036987
0.036987
0.037241
0.037757
0.037018
0.037117
0.037156
0.03706
0.037003
0.037127
0.03731
0.036705
0.037725
0.037251
0.037751
0.036976
0.037438
0.036796
0.036808
0.036678
0.036924
0.036808
0.036911
0.036779
0.036886
0.036955
0.036703
0.077727
0.037796
0.041323
0.045657
0.036325
0.039532
0.047354
0.036371
0.036628
0.038795
0.036306
0.038547
0.036808
0.038337
0.036233
0.036389
0.036399
0.038907
0.036386
0.036421
0.036361
0.036476
0.0363
0.036672
0.036366
0.036134
0.036155
0.036174
0.036193
0.036258
0.036316
0.036174
0.036205
0.036212
0.036277
0.036132
0.03624
0.03633
0.036255
0.036089
0.036209
0.036161
0.036285
0.036361
0.036221
0.03694
0.03676
0.036267
0.03623
0.036182
0.036297
0.036282
0.03629
0.036323
0.036367
0.036264
0.036703
0.03687
0.036416
0.036305
0.036786
0.036211
0.036201
0.036304
0.038305
0.038056
0.038158
0.036219
0.036204
0.036245
0.036898
0.039065
0.038893
0.037004
0.036434
0.036272
0.036228
0.036234
0.036082
0.036127
0.038018
0.034756
0.036124
0.03638
0.036287
0.036197
0.03618
0.036087
0.038102
0.038115
0.036271
0.036192
0.036105
0.036223
0.036161
0.0362
0.036122
0.036255
0.03609
0.036238
0.036177
0.036263
0.038297
0.036182
0.03618
0.036234
0.036162
0.036224
0.036168
0.036129
0.036304
0.036261
0.03628
0.03867
0.037007
0.036967
0.036879
0.036965
0.036457
0.036303
0.036235
0.036251
0.036455
0.036343
0.036561
0.036642
0.036455
0.038168
0.038186
0.036318
0.036218
0.036347
0.036381
0.036235
0.036298
0.036186
0.036377
0.036268
0.036229
0.036199
0.036199
0.036138
0.036236
0.036367
0.036274
0.036512
0.036252
0.036319
0.036152
0.036176
0.036276
0.036261
0.036368
0.036258
0.036395
0.036341
0.036275
0.036397
0.036308
0.036371
0.036352
0.036224
0.036216
0.036272
0.036333
0.036309
0.036276
0.036354
0.036395
0.036322
0.036287
0.036323
0.036403
0.036265
0.036239
0.036356
0.036396
0.036272
0.036285
0.036324
0.036273
0.036285
0.036301
0.036386
0.036299
0.036294
0.036275
0.036313
0.036205
0.037664
0.0376
0.036196
0.036331
0.03612
0.036263
0.036942
0.037154
0.0365
0.036349
0.036427
0.036223
0.036265
0.036379
0.036128
0.036321
0.036242
0.036199
0.036218
0.03623
0.036143
0.036224
0.036159
0.036171
0.036211
0.036248
0.036167
0.036183
0.0361
0.035015
0.036224
0.036286
0.036174
0.036136
0.036093
0.036166
0.036185
0.036242
0.038146
0.036328
0.036217
0.036261
0.036313
0.036206
0.036197
0.036226
0.036202
0.036155
0.036264
0.036288
0.036283
0.03632
0.036167
0.036206
0.036232
0.036165
0.036205
0.036188
0.036224
0.036175
0.036174
0.036301
0.036333
0.036263
0.036277
0.036222
0.036219
0.036263
0.036275
0.036364
0.036385
0.036364
0.036202
0.036106
0.036003
0.036059
0.036045
0.036179
0.036219
0.036057
0.036226
0.036158
0.036122
0.036037
0.036098
0.036041
0.036174
0.036171
0.036215
0.03625
0.036587
0.036897
0.037024
0.036397
0.036122
