0.2174
0.26115
0.083335
0.056503
0.063887
0.058479
0.052558
0.049551
0.049368
0.048561
0.048112
0.048751
0.046749
0.048123
0.048257
0.048313
0.048567
0.049186
0.048455
0.048024
0.089728
0.049754
0.048946
0.048244
0.046803
0.048038
0.08886
0.049282
0.053171
0.057941
0.050062
0.047621
0.048274
0.047923
0.047192
0.047339
0.053041
0.047167
0.046908
0.047148
0.047659
0.047765
0.049024
0.047573
0.047482
0.047306
0.047867
0.047931
0.045656
0.046908
0.04699
0.047462
0.047619
0.047262
0.047141
0.047108
0.047961
0.047921
0.04714
0.04767
0.045887
0.046945
0.047429
0.04707
0.049009
0.04723
0.047974
0.04776
0.047039
0.047049
0.047062
0.047908
0.045566
0.046992
0.047015
0.047126
0.047956
0.047855
0.046979
0.046835
0.046859
0.047983
0.046978
0.046903
0.045566
0.046967
0.047667
0.04702
0.047078
0.046906
0.04709
0.047798
0.047062
0.045752
0.047236
0.047204
0.045523
0.046756
0.046787
0.04667
0.048136
0.047827
0.046948
0.046871
0.047224
0.047536
0.047737
0.047021
0.045397
0.046569
0.047113
0.047912
0.047344
0.046982
0.047305
0.047802
0.047575
0.047026
0.046749
0.046946
0.045387
0.046652
0.046594
0.04725
0.04702
0.048552
0.0483
0.047337
0.047006
0.046992
0.047814
0.04712
0.045663
0.046731
0.046868
0.047704
0.047135
0.046828
0.046962
0.04702
0.047612
0.047107
0.047146
0.046902
0.045489
0.047051
0.046986
0.046693
0.046773
0.046944
0.047679
0.046993
0.046791
0.046972
0.047545
0.047908
0.045712
0.046626
0.046793
0.047148
0.047526
0.046767
0.046837
0.047005
0.048805
0.048001
0.047793
0.047921
0.046326
0.047493
0.04781
0.04705
0.047033
0.046817
0.047722
0.047361
0.04678
0.046821
0.046994
0.047818
0.045788
0.046564
0.046569
0.047211
0.047735
0.047172
0.046995
0.046734
0.046934
0.047429
0.047268
0.046709
0.045505
0.046812
0.047639
0.047395
0.046901
0.046745
0.047046
0.047683
0.047108
0.047025
0.046924
0.047712
0.045582
0.047063
0.046755
0.046796
0.047247
0.047466
0.046932
0.046802
0.046997
0.047734
0.047624
0.046966
0.045599
0.046596
0.047243
0.047804
0.046815
0.046971
0.047049
0.049301
0.048981
0.047621
0.047608
0.046854
0.045457
0.046835
0.04669
0.047072
0.047127
0.047704
0.047597
0.047023
0.046916
0.047318
0.04783
0.04729
0.045627
0.046883
0.047049
0.047945
0.047273
0.04698
0.04685
0.047016
0.047586
0.047054
0.047427
0.047221
0.045523
0.046714
0.046801
0.046871
0.046701
0.047167
0.047745
0.046969
0.046748
0.046807
0.047359
0.04775
0.046343
0.046625
0.046688
0.047286
0.047494
0.046917
0.046898
0.047149
0.047422
0.047676
0.046926
0.046897
0.045408
0.046624
0.047133
0.04676
0.046748
0.046921
0.047533
0.047499
0.046877
0.046946
0.046769
0.047528
0.045436
0.04699
0.046818
0.046871
0.047737
0.047601
0.046841
0.046684
0.046914
0.047837
0.047287
0.04673
0.045482
0.046829
0.047727
0.046811
0.046707
0.044898
0.047047
0.047448
0.046846
0.047011
0.046737
0.047167
0.04549
0.046601
0.046656
0.046844
0.047168
0.047674
0.04689
0.046828
0.04682
0.047447
0.047688
0.047068
0.045546
0.04654
0.047209
0.047658
0.046852
0.046672
0.046763
0.047437
0.04749
0.046739
0.047099
0.047188
0.045937
0.046599
0.046631
0.046807
0.046794
0.048562
0.047875
0.047641
0.046709
0.046771
0.047407
0.047103
0.045554
0.047038
0.047162
0.047839
0.047151
0.046554
0.046693
0.04679
0.04739
0.047039
0.046805
0.047003
0.045646
0.046579
0.046983
0.046698
0.046846
0.047074
0.047707
0.046787
0.046879
0.046895
0.047274
0.047855
0.045452
0.046525
0.04661
0.047094
0.047706
0.046631
0.046938
0.046872
0.047425
0.047578
0.046846
0.046743
0.045606
0.046597
0.047394
0.047001
0.046729
0.046974
0.047506
0.047506
0.046862
0.046778
0.04679
0.047273
0.045429
0.046521
0.046681
0.046846
