0.1918
0.22168
0.056928
0.027697
0.03682
0.032071
0.025838
0.022968
0.022919
0.022083
0.021745
0.022028
0.021854
0.022268
0.022772
0.020994
0.021193
0.021225
0.021372
0.020836
0.021389
0.021217
0.021032
0.020914
0.020894
0.021267
0.02092
0.02108
0.020922
0.020842
0.020891
0.021738
0.021507
0.021476
0.021151
0.021321
0.020918
0.02146
0.020905
0.020872
0.021397
0.021474
0.022204
0.020955
0.021495
0.020894
0.020972
0.020914
0.020809
0.020848
0.021047
0.020784
0.021092
0.020892
0.020738
0.020774
0.02091
0.020997
0.021169
0.02086
0.020965
0.020766
0.02086
0.020972
0.020717
0.020844
0.020737
0.020772
0.020799
0.020761
0.021202
0.02075
0.020723
0.020646
0.020974
0.020915
0.020777
0.021521
0.021276
0.021022
0.0213
0.021335
0.02139
0.021272
0.02193
0.022128
0.022249
0.021961
0.022364
0.064791
0.027901
0.029246
0.024666
0.021014
0.021257
0.021528
0.021741
0.02234
0.022374
0.02179
0.022665
0.022719
0.022872
0.022468
0.022717
0.022497
0.022293
0.021647
0.021354
0.021582
0.021147
0.021233
0.021263
0.021272
0.021761
0.021366
0.02122
0.020836
0.020744
0.021568
0.021194
0.021095
0.020964
0.021287
0.021364
0.021299
0.021348
0.021575
0.021649
0.021237
0.021278
0.02149
0.021703
0.021057
0.020937
0.021275
0.02108
0.020743
0.021001
0.021057
0.020747
0.021192
0.021483
0.020605
0.021041
0.021226
0.021127
0.021182
0.021558
0.021576
0.020808
0.021374
0.021376
0.021218
0.021124
0.020725
0.021305
0.021168
0.020941
0.021205
0.020848
0.020865
0.021169
0.021218
0.020869
0.021146
0.020875
0.020856
0.02177
0.021409
0.020983
0.020102
0.020081
0.020336
0.020477
0.02042
0.020374
0.020409
0.020823
0.020866
0.020321
0.020175
0.020536
0.020147
0.020164
0.020094
0.020496
0.020058
0.020639
0.020329
0.02059
0.020222
0.020161
0.020158
0.020137
0.020089
0.020155
0.020142
0.020165
0.020125
0.019584
0.019327
0.019328
0.019257
0.019345
0.019289
0.019294
0.019277
0.019307
0.019358
0.019302
0.019308
0.01922
0.019303
0.019584
0.019634
0.019374
0.019371
0.019352
0.019278
0.020092
0.020106
0.020129
0.020104
0.020076
0.020561
0.020129
0.020325
0.020146
0.020258
0.020079
0.020152
0.020113
0.020134
0.020097
0.020107
0.02008
0.020064
0.020107
0.020103
0.020094
0.020196
0.020157
0.020195
0.020157
0.020113
0.020194
0.020133
0.020107
0.020173
0.020777
0.020855
0.020746
0.020622
0.020191
0.020167
0.020105
0.020194
0.020117
0.020131
0.020147
0.020098
0.020129
0.020148
0.020095
0.020154
0.020091
0.020145
0.020122
0.020103
0.02019
0.020147
0.020113
0.020125
0.02016
0.020158
0.020117
0.020146
0.02018
0.020545
0.020215
0.02014
0.020171
0.020187
0.020182
0.02018
0.020178
0.020133
0.020114
0.020151
0.020142
0.020187
0.02026
0.020126
0.020168
0.020146
0.020157
0.020271
0.020248
0.020208
0.020149
0.020255
0.02017
0.020187
0.020194
0.020156
0.020217
0.020148
0.020134
0.020184
0.020159
0.020169
0.020128
0.020204
0.020096
0.020148
0.020138
0.020152
0.020142
0.020206
0.020139
0.020121
0.020217
0.020625
0.020226
0.020356
0.020174
0.020176
0.020171
0.020424
0.020219
0.020211
0.020399
0.020308
0.020891
0.020891
0.02025
0.020491
0.020376
0.020568
0.019914
0.020125
0.019969
0.020151
0.019748
0.020048
0.019642
0.020025
0.019738
0.020046
0.01986
0.019986
0.019741
0.020118
0.018863
0.019196
0.018905
0.019307
0.01891
0.019248
0.018884
0.019156
0.018939
0.01927
0.018989
0.020078
0.019697
0.020138
0.019714
0.02006
0.019763
0.020151
0.019799
0.020577
0.018873
0.019259
0.018944
0.019385
0.018916
0.019212
0.018915
0.019245
0.018917
0.019211
0.018849
0.019177
0.018821
0.01924
0.018893
0.01927
0.018916
0.019236
0.018868
0.019244
0.018885
NaN
NaN
NaN
NaN
0.18699
0.21968
0.054198
0.025833
0.035457
0.030567
0.024108
0.020087
0.020512
0.020226
0.020085
0.020024
0.020233
0.019612
NaN
NaN
NaN
NaN
0.19062
0.21841
0.052695
0.025731
0.034037
0.028802
0.023013
0.019182
0.020109
0.018931
0.019275
NaN
NaN
NaN
NaN
0.19042
0.21867
0.052903
0.026345
0.035145
0.029072
0.023549
0.019552
0.019749
0.019042
0.019369
0.019608
0.019672
0.018867
0.019504
0.018992
0.019333
0.018811
0.019197
0.018821
0.019554
0.019011
0.019014
0.018829
0.019124
0.018854
0.019007
0.019036
0.019021
0.060972
0.025443
0.028951
0.022389
0.019276
0.019004
0.018941
0.019036
0.019398
0.018989
0.018963
0.019454
0.019569
0.019746
0.01916
0.019539
0.030238
0.018951
0.018901
0.018835
0.018858
0.018862
0.018886
0.018859
0.018991
0.018939
0.018785
0.01887
0.018893
0.018864
0.018856
0.018946
0.018881
0.01891
0.019122
0.018872
0.018882
0.018849
0.018951
0.018872
0.018856
0.018918
0.018818
0.018784
0.018821
0.018828
0.018976
0.018779
0.018771
0.018707
0.018695
0.01867
0.021424
0.021114
0.020864
0.021502
0.020968
0.01875
0.018946
0.018758
0.018711
0.018646
0.018679
0.019164
0.018698
0.01872
0.018636
0.018734
0.018693
0.018662
0.018648
0.01915
0.019205
0.019097
0.018804
0.018685
0.018698
0.018691
0.018661
0.018694
0.018635
0.01866
0.019072
0.019255
0.019163
0.019144
0.019021
0.018894
0.018678
0.018754
0.0187
0.018652
0.018627
0.018655
0.01863
0.018656
0.019378
0.019244
0.019331
0.02152
0.020556
0.020193
0.020296
0.018939
0.018683
0.020452
