0.0060
0.0120
0.0120
0.0130
0.0119
0.0119
0.0120
0.0120
0.0130
0.0120
0.0120
0.0120
0.0120
0.0120
0.0120
0.0120
0.0120
0.0120
0.0120
0.0120
0.0120
0.0120
0.0120
0.0120
0.0120
0.0120
0.0120
0.0120
0.0120
0.0120
0.0120
0.0120
0.0120
0.0120
0.0120
0.0120
0.0120
0.0120
0.0120
0.0120
0.0120
0.0120
0.0130
0.0130
0.0120
0.0130
0.0120
0.0120
0.0119
0.0119
0.0120
0.0120
0.0120
0.0120
0.0120
0.0120
0.0120
0.0120
0.0120
0.0120
0.0120
0.0120
0.0120
0.0120
0.0130
0.0130
0.0120
0.0120
0.0120
0.0120
0.0120
0.0120
0.0119
0.0119
0.0120
0.0120
0.0120
0.0120
0.0120
0.0120
0.0120
0.0120
0.0120
0.0120
0.0120
0.0110
0.0120
0.0120
0.0120
0.0120
0.0120
0.0120
0.0120
0.0120
0.0120
0.0120
0.0120
0.0120
0.0120
0.0120
0.0120
0.0120
0.0120
0.0120
0.0120
0.0120
0.0120
0.0120
0.0120
0.0120
0.0120
0.0120
0.0120
0.0120
0.0120
0.0120
0.0120
0.0120
0.0120
0.0120
0.0120
0.0120
0.0120
0.0120
0.0120
0.0120
0.0120
0.0120
0.0120
0.0120
0.0120
0.0120
0.0130
0.0120
0.0120
0.0120
0.0120
0.0120
0.0120
0.0120
0.0120
0.0120
0.0120
0.0110
0.0120
0.0120
0.0120
0.0120
0.0120
0.0120
0.0120
0.0110
0.0120
0.0120
0.0120
0.0120
0.0120
0.0110
0.0120
0.0120
0.0120
0.0120
0.0119
0.0120
0.0120
0.0120
0.0119
0.0119
0.0119
0.0119
0.0130
0.0120
0.0120
0.0120
0.0130
0.0120
0.0120
0.0130
0.0120
0.0130
0.0130
0.0130
0.0120
0.0120
0.0130
0.0120
0.0120
0.0130
0.0120
0.0129
0.0130
0.0130
0.0120
0.0130
0.0120
0.0130
0.0120
0.0119
0.0120
0.0120
0.0120
0.0120
0.0120
0.0120
0.0120
0.0130
0.0120
0.0120
0.0120
0.0120
NaN
NaN
NaN
NaN
0.0060
0.0120
0.0120
0.0120
0.0120
0.0120
0.0110
0.0120
0.0120
0.0120
0.0110
0.0120
0.0120
0.0120
0.0120
0.0120
0.0120
0.0120
0.0120
0.0120
0.0120
0.0120
0.0120
0.0120
0.0120
0.0120
0.0120
0.0120
0.0119
0.0120
0.0120
0.0119
0.0120
0.0120
0.0110
0.0120
0.0110
0.0120
0.0120
0.0110
0.0120
0.0120
0.0120
0.0120
0.0120
0.0120
0.0120
0.0120
0.0120
0.0120
0.0110
0.0120
0.0120
0.0110
0.0120
0.0120
0.0120
0.0110
0.0120
0.0120
0.0120
0.0120
0.0120
0.0120
0.0120
0.0120
0.0120
0.0130
0.0120
0.0120
0.0120
0.0120
0.0120
0.0120
0.0120
0.0120
0.0120
0.0120
0.0120