0.22922
0.25868
0.091728
0.064442
0.072591
NaN
0.067734
0.060203
0.057119
0.057729
NaN
0.057227
0.056901
0.05708
0.057129
NaN
NaN
NaN
NaN
0.23274
0.25561
0.090339
0.06443
0.072416
NaN
0.067405
NaN
NaN
NaN
NaN
0.27696
0.25297
0.091681
0.064219
0.071512
NaN
0.06718
0.061096
0.058768
0.057656
NaN
0.057706
0.057736
0.056431
0.057007
0.057119
0.057391
0.057638
NaN
0.057367
0.057191
0.10404
NaN
0.057615
0.057777
0.05762
0.059355
NaN
0.057697
0.057504
0.057173
0.056956
0.057528
0.057257
NaN
0.057193
0.056638
0.056963
0.057319
0.057801
0.057059
NaN
NaN
NaN
NaN
0.23005
0.25586
0.091386
0.11114
NaN
0.073406
NaN
NaN
NaN
NaN
NaN
0.23395
0.25627
0.091971
0.06559
0.074076
NaN
0.068399
0.062117
0.059365
NaN
0.059586
0.056936
0.05867
0.058667
0.058959
0.059108
NaN
0.058003
0.05834
0.058217
0.058494
0.058751
0.058545
NaN
0.059233
0.058773
0.058931
0.059042
0.058986
NaN
0.058424
0.058368
0.058492
0.05843
0.058539
0.058372
NaN
0.058814
0.059021
0.058914
0.058272
0.057022
0.057728
NaN
0.058318
0.058455
0.058252
0.058782
0.05804
0.058737
NaN
0.058248
NaN
NaN
NaN
NaN
0.22992
0.30755
0.092107
0.065901
0.073779
NaN
0.067763
0.061617
0.058169
NaN
0.058503
0.058166
0.058658
0.058799
0.05823
0.057946
NaN
NaN
NaN
NaN
NaN
0.23193
0.29644
0.092958
0.065976
0.072608
NaN
0.067543
0.061728
0.057744
NaN
0.058097
0.058537
0.056582
0.057739
0.057611
0.057957
0.064261
NaN
NaN
NaN
NaN
NaN
0.22804
0.28965
0.092934
0.065113
0.072925
NaN
0.067957
0.061797
0.058877
NaN
0.059343
0.059365
0.059103
0.058137
0.057885
0.058285
NaN
0.059016
0.058677
0.058777
0.058852
0.059237
0.059495
NaN
0.059184
0.059497
0.058304
0.058332
0.058848
NaN
0.058801
0.059174
0.05953
0.059745
0.058889
0.058963
NaN
NaN
NaN
NaN
NaN
0.22876
0.25593
0.091354
0.066135
0.07418
NaN
NaN
NaN
NaN
NaN
0.22711
0.25866
0.092694
0.065633
0.073846
NaN
0.069047
NaN
NaN
NaN
NaN
0.22942
