1
387.7610,473.5323,59.1805,62.5446
393.2716,468.9800,59.1805,62.5446
400.7117,461.5116,61.0719,64.5435
400.7117,461.5116,61.0719,64.5435
403.9390,458.2549,63.0237,66.6063
390.9397,460.5075,65.0380,68.7351
377.5250,466.5184,67.1166,70.9318
383.1686,473.8507,65.0678,68.7666
383.1686,473.8507,65.0678,68.7666
384.4252,475.6905,63.0816,66.6675
388.1972,519.3577,61.1560,64.6324
403.3003,510.6920,61.1560,64.6324
452.5841,460.8837,63.1106,66.6981
2
0
0
0
0
1
919.0222,384.0325,75.2999,44.8604
979.0576,374.1650,77.7065,46.2941
1043.4395,366.8813,75.3345,44.8810
1043.4395,366.8813,75.3345,44.8810
1101.1613,358.8810,73.0349,43.5110
2
0
0
0
0
1
1472.8202,292.2153,59.7946,37.7795
1505.8370,284.7722,59.7946,37.7795
1498.1614,288.5932,57.9694,36.6263
1498.1614,288.5932,57.9694,36.6263
1500.5668,290.6285,57.9694,36.6263
1521.9890,295.4430,56.1998,35.5082
1563.5651,304.4156,54.4843,34.4243
1573.3022,308.9086,56.2256,35.5245
1573.3022,308.9086,56.2256,35.5245
1590.8500,303.8876,54.5093,34.4401
1606.5070,302.1194,56.2515,35.5409
1611.7136,298.7081,56.2515,35.5409
1615.2653,293.3258,54.5344,34.4560
1627.6235,284.4487,54.5344,34.4560
1630.0592,278.8504,56.2773,35.5572
1630.2388,271.4859,56.2773,35.5572
1630.2388,271.4859,56.2773,35.5572
1628.9814,267.7138,56.2773,35.5572
1601.6776,271.2769,58.0759,36.6936
1595.7448,266.0565,59.9320,37.8663
1595.7448,266.0565,59.9320,37.8663
1592.8755,257.8311,59.9320,37.8663
1589.8136,244.4098,61.8474,39.0765
1590.4058,233.5527,61.8474,39.0765
1597.9056,228.3880,63.8241,40.3254
1597.9056,228.3880,63.8241,40.3254
1592.6079,225.5028,65.8639,41.6142
1577.4706,217.4801,67.9689,42.9442
1568.5760,211.1889,67.9689,42.9442
1562.7188,206.6332,67.9689,42.9442
1552.5226,203.3791,67.9689,42.9442
1546.4010,201.2143,65.8941,41.6333
1546.4010,201.2143,65.8941,41.6333
1541.3075,198.6950,63.8827,40.3624
1537.8413,198.8989,63.8827,40.3624
1535.1907,200.3262,63.8827,40.3624
1526.8308,203.3846,63.8827,40.3624
1511.5386,204.4041,63.8827,40.3624
1498.2853,201.7534,63.8827,40.3624
2
0
0
0
0
1
1124.1282,270.4050,77.5165,53.6540
1077.5859,281.4620,77.5165,53.6540
1077.5859,281.4620,77.5165,53.6540
1031.8622,290.1187,79.9939,55.3687
0
2
0
0
0
0
1
607.2206,433.8354,86.1848,63.0649
563.5762,453.4608,86.1848,63.0649
519.1403,471.4926,88.9392,65.0805
519.1403,471.4926,88.9392,65.0805
470.4736,495.3725,88.9392,65.0805
428.6053,511.1774,86.2243,63.0939
414.6263,515.1510,88.9801,65.1103
414.6263,515.1510,88.9801,65.1103
406.2488,518.6468,91.8239,67.1913
400.4724,546.1992,89.0209,65.1402
397.8979,557.1778,86.3035,63.1518
395.2580,563.3375,86.3035,63.1518
393.3487,567.5279,83.6691,61.2241
384.1042,568.7467,81.1151,59.3552
384.1042,568.7467,81.1151,59.3552
379.5528,567.7228,78.6390,57.5434
374.2871,560.1215,81.1523,59.3824
373.2661,553.9321,83.7459,61.2803
377.3358,546.9757,86.4225,63.2388
385.6476,540.9719,89.1845,65.2599
389.3753,532.9575,92.0349,67.3456
389.3753,532.9575,92.0349,67.3456
391.3454,525.9380,94.9763,69.4980
394.8962,523.6785,94.9763,69.4980
391.9910,524.6469,94.9763,69.4980
390.1505,522.5679,98.0117,71.7192
384.2538,519.7563,101.1442,74.0113
384.2538,519.7563,101.1442,74.0113
378.8562,516.8548,104.3767,76.3767
384.3514,514.8278,101.1906,74.0453
384.0075,513.7961,101.1906,74.0453
383.6636,512.0765,101.1906,74.0453
384.6953,512.4204,101.1906,74.0453
391.3985,518.7093,98.1017,71.7850
391.3985,518.7093,98.1017,71.7850
399.5000,521.8966,101.2371,74.0793
391.0670,523.3713,98.1468,71.8180
392.7349,525.0392,98.1468,71.8180
403.2393,529.8046,95.1508,69.6257
413.4230,507.2599,92.2463,67.5004
423.9229,503.5873,89.4305,65.4399
423.9229,503.5873,89.4305,65.4399
432.8866,499.4190,86.7006,63.4423
511.1185,451.1776,84.0540,61.5057
569.6816,427.4666,84.0540,61.5057
644.2426,414.6113,84.0540,61.5057
717.4604,399.6304,86.7404,63.4715
794.4044,390.4915,86.7404,63.4715
794.4044,390.4915,86.7404,63.4715
871.3483,379.5837,86.7404,63.4715
2
0
0
0
0
1
1403.6768,316.2319,81.5480,40.6115
1454.7665,306.8112,84.1543,41.9094
1513.0541,296.4417,81.5854,40.6301
1513.0541,296.4417,81.5854,40.6301
1560.3723,287.0168,84.1929,41.9286
1600.3916,285.6125,86.8837,43.2687
1605.0012,286.0203,84.2315,41.9479
1605.0012,286.0203,84.2315,41.9479
1605.0625,283.9669,81.6603,40.6674
1607.4958,269.6315,79.1676,39.4260
1605.7122,270.4634,76.7510,38.2225
1603.8163,271.4145,79.2040,39.4441
1604.1624,292.6586,81.7353,40.7048
1603.4496,300.0247,81.7353,40.7048
0
2
0
0
0
0
1
1543.2474,259.2456,36.3329,20.0964
1536.8766,258.1233,35.2238,19.4830
1531.8678,252.4751,35.2238,19.4830
1531.8678,252.4751,35.2238,19.4830
1527.7881,253.5492,36.3496,20.1057
1525.1177,257.0771,37.5113,20.7483
1519.7836,254.4668,37.5113,20.7483
1519.7836,254.4668,37.5113,20.7483
1515.4390,254.7027,38.7102,21.4114
1502.2046,257.3964,38.7102,21.4114
1496.3539,260.6512,37.5285,20.7578
1484.9675,262.7038,38.7280,21.4212
1471.2584,267.2736,38.7280,21.4212
1440.0576,281.5778,39.9657,22.1058
1420.1932,312.7838,41.2430,22.8123
1420.1932,312.7838,41.2430,22.8123
2
0
0
0
0
1
1022.4499,365.0546,87.6426,49.3483
975.1873,375.4684,87.6426,49.3483
926.3226,384.8141,87.6426,49.3483
926.3226,384.8141,87.6426,49.3483
883.6020,397.0491,84.9673,47.8420
814.6793,413.6289,87.6828,49.3710
758.5139,424.8614,90.4852,50.9489
758.5139,424.8614,90.4852,50.9489
713.5780,433.4074,90.4852,50.9489
640.1794,450.5125,93.3771,52.5772
594.3763,458.1938,93.3771,52.5772
557.1079,464.1681,93.3771,52.5772
520.4086,475.2633,93.3771,52.5772
482.0022,481.8065,93.3771,52.5772
482.0022,481.8065,93.3771,52.5772
447.5788,490.0568,93.3771,52.5772
385.2752,499.4450,93.3771,52.5772
355.9726,500.8675,93.3771,52.5772
327.8079,503.9969,93.3771,52.5772
307.2548,500.5963,96.3614,54.2576
298.9626,497.0870,99.4411,55.9916
298.9626,497.0870,99.4411,55.9916
290.7824,491.9366,99.4411,55.9916
273.1361,495.5863,102.6192,57.7811
265.5560,496.8515,105.8990,59.6278
258.1352,499.1100,105.8990,59.6278
248.1333,499.4326,105.8990,59.6278
248.1333,499.4326,105.8990,59.6278
248.7817,500.6654,102.6664,57.8077
247.4539,506.9359,105.9476,59.6552
251.2482,508.2421,109.3337,61.5618
253.8315,507.5914,112.8280,63.5293
253.1473,506.1548,109.3839,61.5900
257.1496,508.7611,106.0449,59.7100
257.1496,508.7611,106.0449,59.7100
2
0
0
0
0
1
489.4230,535.7626,78.2651,52.0879
554.8065,529.0583,80.7664,53.7526
622.2797,518.9781,83.3477,55.4705
0
2
0
0
0
0
1
1178.7356,491.9946,84.4310,43.0978
1243.3912,486.2969,84.4310,43.0978
1298.1379,483.0766,84.4310,43.0978
1298.1379,483.0766,84.4310,43.0978
1353.3800,480.8470,84.4310,43.0978
2
0
0
0
0
1
