0.0090
0.0160
0.0160
0.0160
0.0159
0.0160
0.0160
0.0159
0.0160
0.0160
0.0159
0.0160
0.0170
0.0160
0.0170
0.0160
0.0160
0.0170
0.0160
0.0170
0.0160
0.0160
0.0170
0.0160
0.0160
0.0160
0.0170
0.0160
0.0160
0.0170
0.0169
0.0170
0.0160
0.0160
0.0170
0.0160
0.0160
0.0160
0.0160
0.0160
0.0160
0.0160
0.0160
0.0160
0.0160
0.0160
0.0160
0.0150
0.0160
0.0160
0.0160
0.0150
0.0160
0.0160
0.0160
0.0160
0.0160
0.0170
0.0160
0.0150
0.0150
0.0160
0.0160
0.0150
0.0160
0.0160
0.0160
0.0160
0.0160
0.0160
0.0160
0.0150
0.0150
0.0160
0.0160
0.0160
0.0160
0.0150
0.0150
0.0150
0.0150
0.0150
0.0150
0.0150
0.0150
0.0150
0.0150
0.0150
0.0150
0.0160
0.0160
0.0160
0.0160
0.0150
0.0150
0.0140
0.0150
0.0150
0.0150
0.0140
0.0150
0.0150
0.0150
0.0140
0.0140
0.0140
0.0140
0.0140
0.0140
0.0140
0.0130
0.0140
0.0140
0.0150
0.0140
0.0140
0.0130
0.0140
0.0140
0.0140
0.0140
0.0140
0.0140
0.0140
0.0140
0.0140
0.0140
0.0140
0.0140
0.0140
0.0130
0.0130
NaN
NaN
NaN
NaN
0.0080
0.0140
0.0140
0.0140
0.0140
0.0140
0.0140
0.0140
0.0140
0.0140
0.0140
0.0140
0.0140
0.0150
0.0140
0.0140
0.0140
0.0140
0.0140
0.0140
0.0140
0.0140
0.0140
0.0140
0.0140
0.0140
0.0140
0.0140
0.0140
NaN
NaN
NaN
NaN
0.0089
0.0140
0.0140
0.0140
0.0140
0.0140
0.0140
0.0140
0.0140
0.0150
0.0140
0.0139
0.0140
0.0139
0.0140
0.0140
0.0140
0.0140
0.0140
0.0140
0.0150
0.0140
0.0140
0.0140
0.0140
0.0140
0.0140
0.0140
0.0150
0.0140
0.0140
0.0140
0.0140
0.0140
0.0140
0.0140
0.0140
0.0140
0.0140
0.0140
0.0140
0.0150
0.0140
0.0140
0.0140
0.0140
0.0140
0.0140
0.0140
0.0140
0.0140
0.0140
0.0140
0.0140
0.0140
0.0140
0.0140
0.0150
0.0150
0.0140
0.0140
0.0140
0.0260
0.0150
0.0140
0.0140
0.0130
0.0140
0.0139
0.0140
0.0140
0.0150
0.0150
0.0150
0.0160
0.0150
0.0140
0.0140
0.0140
0.0140
0.0140
0.0140
0.0140
0.0140
0.0140
0.0140
0.0140
0.0140
0.0129
0.0140
0.0140
0.0140
0.0140
0.0140
0.0140
0.0140
0.0140
0.0140
0.0140
0.0130
0.0140
0.0140
0.0130
0.0140
0.0140
0.0140
0.0130
0.0130
0.0140
0.0140
0.0130
0.0139
0.0140
0.0140
0.0140
0.0140
0.0139
0.0140
0.0140
0.0140
0.0140
0.0149
0.0140
0.0140
NaN
NaN
NaN
NaN
0.0090
0.0140
0.0150
0.0149
0.0149
0.0140
0.0140
0.0140
0.0140
0.0140
0.0140
0.0140
0.0140
0.0150
0.0140
0.0140
0.0140
0.0140
0.0140
0.0140
0.0140
0.0140
0.0140
0.0140
0.0140
0.0140
0.0140
0.0140
0.0140
0.0140
0.0140
0.0140
0.0140
0.0140
0.0139
0.0140
0.0140
0.0140
0.0140
0.0140
0.0140
0.0140
0.0130
0.0130
0.0140
0.0140
0.0140
0.0140
0.0140
0.0140
0.0140
0.0140
0.0130
0.0140
0.0140
0.0140
0.0140
0.0130
0.0130
0.0130
0.0130
0.0140
0.0140
0.0140
0.0130
0.0140
0.0140
0.0140
0.0140
0.0140
0.0140
0.0130
0.0140
0.0140
0.0140
0.0140
0.0130
0.0140
0.0140
0.0140
0.0130
0.0130
0.0130
0.0130
0.0130
0.0140
0.0130
0.0130
0.0140
0.0140
0.0140
0.0140
0.0140
0.0140
0.0140
0.0140
0.0140
0.0140
0.0130
0.0130
0.0130
0.0130
NaN
NaN
NaN
NaN
0.0089
0.0139
0.0140
0.0140
0.0130
0.0140
0.0140
0.0140
0.0140
0.0140
0.0130
0.0140
0.0140
0.0140
0.0130
0.0140
0.0140
0.0140
0.0130
0.0140
0.0140
0.0130
0.0130
0.0140
0.0140
0.0140
0.0151
0.0140
0.0130
0.0140
0.0140
0.0140
0.0130
0.0140
0.0140
0.0130
0.0140
0.0140
0.0130
0.0140
0.0140
0.0130
0.0140
0.0140
0.0130
0.0140
0.0140
0.0130
0.0140
0.0140
0.0140
0.0140
0.0140
0.0130
0.0140
0.0140
0.0139
0.0140
0.0140
0.0140
0.0130
0.0139
0.0130
0.0140
0.0130
0.0140
0.0140
0.0140
0.0130
0.0130
0.0140
0.0130
0.0140
0.0140
0.0130
0.0139
0.0130
0.0140
0.0140
0.0140
0.0150
0.0140
0.0149
0.0139
0.0139
0.0139
0.0209
0.0130
0.0140
0.0140
0.0130
0.0140
0.0140
0.0139
0.0140
0.0140
0.0130
0.0130
0.0130
0.0140
0.0140
0.0140
0.0140
0.0140
0.0140
0.0130
0.0130
0.0130
0.0130
0.0130
0.0149
0.0170
0.0150
0.0130
0.0150
0.0130
0.0140
0.0130
0.0130
0.0130
0.0130
0.0140
0.0140
0.0140
0.0140
0.0140
0.0140
0.0150
0.0170
0.0160
0.0150
0.0140
0.0160
0.0160
0.0140
0.0140
0.0140
0.0140
0.0140
0.0130
0.0130
0.0140
0.0140
0.0140
0.0140
0.0140
0.0130
0.0130
0.0130
0.0130
0.0130
0.0140
0.0140
0.0130
0.0130
0.0140
0.0139
NaN
NaN
NaN
NaN
0.0100
0.0169
0.0150
0.0150
0.0150
0.0139
0.0150
0.0150
0.0140
0.0140
0.0150
0.0150
0.0150
0.0160
0.0160
0.0160
0.0160
0.0180
0.0160
0.0150
0.0150
0.0150
0.0150
0.0160
0.0160
0.0160
0.0150
0.0149
0.0159
NaN
NaN
NaN
NaN
0.0080
0.0160
0.0160
0.0160
0.0170
0.0160
0.0160
0.0160
0.0159
0.0160
0.0160
0.0160
0.0159
0.0160
0.0160
0.0159
0.0160
0.0160
0.0159
0.0170
0.0160
0.0160
NaN
NaN
NaN
NaN
0.0090
0.0150
0.0150
0.0150
0.0149
0.0150
0.0160
0.0159
0.0150
0.0160
0.0150
0.0149
0.0160
0.0150
0.0150
0.0150
0.0150
0.0150
0.0150
0.0150
0.0149
0.0150
0.0160
0.0160
0.0149
0.0159
0.0160
0.0160
0.0160
0.0160
0.0160
0.0160
0.0170
0.0160
0.0150
0.0160
0.0160
0.0160
0.0160
0.0160
0.0150
0.0150
0.0150
0.0150
0.0150
0.0150
0.0180
0.0150
0.0150
0.0140
0.0140
0.0150
0.0140
0.0150
0.0150
0.0150
0.0160
0.0150
0.0150
0.0150
0.0140
0.0140
0.0140
0.0140
0.0140
0.0140
0.0150
0.0140
0.0140
0.0140
0.0150
0.0140
0.0140
0.0150
0.0150
0.0150
0.0149
0.0150
0.0150
0.0140
0.0140
0.0150
0.0140
0.0150