1
294.6590,74.4258,60.7551,227.3060
295.2018,74.9686,60.7551,227.3060
292.4876,74.4258,60.7551,227.3060
289.7734,74.9686,60.7551,227.3060
289.2306,74.4258,60.7551,227.3060
286.5164,74.9686,60.7551,227.3060
281.6308,76.5971,60.7551,227.3060
281.0880,77.1400,60.7551,227.3060
278.3738,76.5971,60.7551,227.3060
272.4026,78.2257,60.7551,227.3060
270.7741,77.6828,60.7551,227.3060
268.0598,78.2257,60.7551,227.3060
264.2600,78.7685,60.7551,227.3060
262.6315,79.3113,60.7551,227.3060
261.0030,79.8541,60.7551,227.3060
256.1174,81.4827,60.7551,227.3060
255.5746,82.0255,60.7551,227.3060
252.8604,82.5683,60.7551,227.3060
250.1462,84.1968,60.7551,227.3060
250.6890,82.5683,60.7551,227.3060
249.0605,84.1968,60.7551,227.3060
253.9460,80.3970,60.7551,227.3060
253.4032,80.9398,60.7551,227.3060
253.9460,79.3113,60.7551,227.3060
251.2318,79.8541,60.7551,227.3060
250.6890,76.0543,60.7551,227.3060
247.6743,81.0940,59.4594,222.4587
250.3306,78.4377,59.4594,222.4587
255.1120,76.8439,59.4594,222.4587
256.7057,77.3752,59.4594,222.4587
257.2370,75.7814,59.4594,222.4587
255.6432,76.3127,59.4594,222.4587
258.2995,74.7189,59.4594,222.4587
255.6432,77.3752,59.4594,222.4587
252.9869,75.7814,59.4594,222.4587
254.5807,75.2502,59.4594,222.4587
256.1745,76.8439,59.4594,222.4587
257.7682,73.1251,59.4594,222.4587
259.3620,73.6564,59.4594,222.4587
262.0183,72.0626,59.4594,222.4587
264.6746,70.4688,59.4594,222.4587
266.2684,69.9376,59.4594,222.4587
269.9873,67.2812,59.4594,222.4587
277.9562,62.4999,59.4594,222.4587
283.8001,60.9061,59.4594,222.4587
288.5814,58.2498,59.4594,222.4587
284.8626,59.8436,59.4594,222.4587
284.3313,60.3748,59.4594,222.4587
281.6750,59.8436,59.4594,222.4587
284.3313,56.1248,59.4594,222.4587
285.9251,56.6560,59.4594,222.4587
282.2063,56.1248,59.4594,222.4587
277.4249,59.8436,59.4594,222.4587
274.7686,59.3123,59.4594,222.4587
273.1748,60.9061,59.4594,222.4587
270.5185,61.4374,59.4594,222.4587
269.9873,61.9686,59.4594,222.4587
267.0368,64.8527,58.1914,217.7147
265.4771,61.2132,58.1914,217.7147
263.5918,67.0425,56.9505,213.0719
267.7132,60.9900,58.2105,217.7861
267.8325,67.8239,56.9692,213.1417
268.7866,63.8817,58.2296,217.8575
266.1852,67.5236,58.2296,217.8575
276.3340,76.3656,56.9879,213.2116
283.3217,83.0560,55.7726,208.6648
290.1604,87.6824,54.5832,204.2150
306.2545,91.2701,53.4192,199.8600
312.8047,93.8612,52.2800,195.5979
317.9429,93.3941,52.2800,195.5979
310.9362,91.0585,52.2800,195.5979
305.7979,90.5914,52.2800,195.5979
308.1335,91.9927,52.2800,195.5979
310.4691,90.5914,52.2800,195.5979
309.0678,91.0585,52.2800,195.5979
313.2718,89.6572,52.2800,195.5979
317.4758,89.1900,52.2800,195.5979
316.0745,87.7887,52.2800,195.5979
316.9500,85.1403,53.4367,199.9256
317.4275,83.7079,53.4367,199.9256
316.9500,84.1854,53.4367,199.9256
313.6079,84.6628,53.4367,199.9256
302.6266,87.0501,53.4367,199.9256
299.9750,88.7216,52.2972,195.6621
297.6387,88.2543,52.2972,195.6621
304.6477,93.3943,52.2972,195.6621
306.9840,93.8616,52.2972,195.6621
313.0585,94.3288,52.2972,195.6621
321.2725,96.8655,51.1819,191.4895
324.4736,96.4082,51.1819,191.4895
324.9310,94.1217,51.1819,191.4895
324.4736,90.9205,51.1819,191.4895
322.1871,89.5486,51.1819,191.4895
324.9367,92.9127,50.0904,187.4060
328.9647,89.7799,50.0904,187.4060
329.4122,89.3323,50.0904,187.4060
329.8598,87.0946,50.0904,187.4060
324.7860,88.6614,49.0223,183.4095
325.2240,89.0994,49.0223,183.4095
324.7860,87.7854,49.0223,183.4095
319.0919,84.7194,49.0223,183.4095
316.9019,82.5294,49.0223,183.4095
312.9599,83.8434,49.0223,183.4095
304.6377,82.5294,49.0223,183.4095
303.0496,86.5958,47.9768,179.4982
299.1916,86.1672,47.9768,179.4982
295.3336,86.5958,47.9768,179.4982
294.6056,88.9230,46.9537,175.6704
298.3814,89.3425,46.9537,175.6704
302.1571,88.9230,46.9537,175.6704
303.4157,88.5034,46.9537,175.6704
308.0304,88.0839,46.9537,175.6704
310.1281,87.6644,46.9537,175.6704
311.3866,88.0839,46.9537,175.6704
309.0567,90.3614,45.9524,171.9241
304.4021,90.2159,44.9725,168.2578
303.1967,89.0104,44.9725,168.2578
299.5803,87.8049,44.9725,168.2578
286.3201,93.8323,44.9725,168.2578
282.7037,94.2341,44.9725,168.2578
279.8910,93.8323,44.9725,168.2578
288.3293,96.6450,44.9725,168.2578
291.1420,95.4396,44.9725,168.2578
296.3657,94.2341,44.9725,168.2578
308.8222,93.0286,44.9725,168.2578
311.6349,92.6268,44.9725,168.2578
314.4477,90.6177,44.9725,168.2578
312.4385,86.1977,44.9725,168.2578
313.6440,85.7958,44.9725,168.2578
309.2240,81.3758,44.9725,168.2578
2
0
0
0
0
1
331.3490,112.9449,63.2259,146.2074
330.9449,112.5408,63.2259,146.2074
330.5408,114.5613,63.2259,146.2074
332.5613,119.8146,63.2259,146.2074
332.1572,119.4105,63.2259,146.2074
332.5613,122.2392,63.2259,146.2074
334.4040,125.7456,61.8776,143.0894
334.0085,125.3502,61.8776,143.0894
336.5742,128.0194,60.5581,140.0380
336.1871,124.5360,60.5581,140.0380
335.8001,123.3748,60.5581,140.0380
336.1871,121.4396,60.5581,140.0380
335.8001,117.9562,60.5581,140.0380
334.6390,116.7950,60.5581,140.0380
333.4778,114.8598,60.5581,140.0380
326.8980,112.1505,60.5581,140.0380
324.1887,110.9893,60.5581,140.0380
320.7053,107.5059,60.5581,140.0380
314.8996,101.7002,60.5581,140.0380
312.9643,102.0872,60.5581,140.0380
309.4809,100.1520,60.5581,140.0380
306.7716,95.8945,60.5581,140.0380
307.1586,97.0556,60.5581,140.0380
305.9975,94.3463,60.5581,140.0380
303.2882,95.5074,60.5581,140.0380
304.4493,95.8945,60.5581,140.0380
306.3845,94.7333,60.5581,140.0380
2
0
0
0
0
1
259.2770,90.9084,42.8682,166.0506
258.8840,91.3013,42.8682,166.0506
258.4910,90.1224,42.8682,166.0506
260.4559,87.3715,42.8682,166.0506
259.2770,87.7645,42.8682,166.0506
262.8138,86.5856,42.8682,166.0506
267.9225,86.9786,42.8682,166.0506
269.1015,86.5856,42.8682,166.0506
271.8523,86.9786,42.8682,166.0506
275.3891,86.5856,42.8682,166.0506
275.7821,86.9786,42.8682,166.0506
273.8172,86.5856,42.8682,166.0506
276.5680,86.9786,42.8682,166.0506
276.9610,86.5856,42.8682,166.0506
278.9259,86.1926,42.8682,166.0506
280.1048,84.2277,42.8682,166.0506
280.4978,83.8347,42.8682,166.0506
281.6767,84.2277,42.8682,166.0506
283.6417,84.6207,42.8682,166.0506
284.8206,85.7996,42.8682,166.0506
285.2136,86.1926,42.8682,166.0506
291.8942,88.9434,42.8682,166.0506
297.7889,91.6943,42.8682,166.0506
302.8976,93.6592,42.8682,166.0506
308.0064,97.1960,42.8682,166.0506
311.5432,98.3750,42.8682,166.0506
315.0800,97.9820,42.8682,166.0506
317.8308,100.7328,42.8682,166.0506
318.2238,101.9118,42.8682,166.0506
320.9747,100.7328,42.8682,166.0506
326.3558,96.8217,41.9541,162.5096
330.1394,97.4424,41.0594,159.0440
331.6656,94.4220,40.1838,155.6523
326.1400,88.8964,40.1838,155.6523
322.8247,86.3178,40.1838,155.6523
318.0359,84.4759,40.1838,155.6523
313.2471,86.3178,40.1838,155.6523
310.6685,83.0025,40.1838,155.6523
312.5103,86.3178,40.1838,155.6523
306.2480,79.3187,40.1838,155.6523
302.9327,76.7401,40.1838,155.6523
298.8806,75.6350,40.1838,155.6523
294.8285,79.6871,40.1838,155.6523
292.9867,78.5820,40.1838,155.6523
291.1448,79.6871,40.1838,155.6523
295.9336,74.8983,40.1838,155.6523
297.7755,76.0034,40.1838,155.6523
300.3541,74.1615,40.1838,155.6523
298.5122,70.1095,40.1838,155.6523
298.1438,69.7411,40.1838,155.6523
297.0387,67.1625,40.1838,155.6523
296.6703,64.5839,40.1838,155.6523
295.5652,64.2155,40.1838,155.6523
294.4601,63.8471,40.1838,155.6523
293.3550,62.7420,40.1838,155.6523
295.1969,61.6369,40.1838,155.6523
295.5653,62.0053,40.1838,155.6523
298.4791,61.1796,39.3269,152.3330
299.2459,58.2865,38.4882,149.0845
299.5987,52.2885,38.4882,149.0845
303.0698,54.2182,37.6674,145.9052
305.1355,52.1129,36.8642,142.7937
307.8087,54.6126,36.0780,139.7486
311.4467,56.2663,36.0780,139.7486
313.1004,57.2585,36.0780,139.7486
315.4155,59.5736,36.0780,139.7486
312.2936,50.5440,35.3086,136.7684
310.4863,47.3226,34.5557,133.8518
312.3814,44.7806,33.8188,130.9974
315.1715,38.2701,33.8188,130.9974
317.9617,34.2398,33.8188,130.9974
317.9093,28.6092,34.5670,133.8957
314.3073,31.5641,33.8299,131.0403
312.5756,34.4559,33.1084,128.2458
312.2721,35.3664,33.1084,128.2458
314.0878,37.0264,32.4024,125.5110
314.7197,38.0784,31.7114,122.8344
317.3360,40.1133,31.7114,122.8344
322.2779,42.7296,31.7114,122.8344
324.8943,44.1831,31.7114,122.8344
327.1938,45.7730,31.0351,120.2149
329.9927,47.3291,30.3733,117.6513
331.1216,49.3887,29.7256,115.1423
333.8024,51.4043,29.0917,112.6869
338.3361,53.2712,29.0917,112.6869
341.8031,54.6046,29.0917,112.6869
343.6699,52.7378,29.0917,112.6869
343.9366,52.4711,29.0917,112.6869
344.2033,52.2044,29.0917,112.6869
342.8698,47.6707,29.0917,112.6869
339.9363,49.0042,29.0917,112.6869
339.6696,50.8710,29.0917,112.6869
342.0698,54.3379,29.0917,112.6869
343.9366,56.2047,29.0917,112.6869
345.2700,58.0715,29.0917,112.6869
342.8698,61.0051,29.0917,112.6869
339.9363,64.4720,29.0917,112.6869
339.6696,67.4056,29.0917,112.6869
338.1804,69.3783,28.4713,110.2838
339.7419,72.8183,27.8641,107.9320
343.5734,77.6716,27.8641,107.9320
346.3832,83.0357,27.8641,107.9320
347.6603,84.8237,27.8641,107.9320
348.9375,88.1444,27.8641,107.9320
349.7038,89.4216,27.8641,107.9320
347.4049,92.2313,27.8641,107.9320
348.1711,91.9759,27.8641,107.9320
347.4049,93.2531,27.8641,107.9320
347.6603,93.5085,27.8641,107.9320
344.9669,94.1696,28.4806,110.3200
343.8392,92.1366,29.1108,112.7608
344.9015,91.7197,29.7548,115.2556
343.7234,93.5577,30.4132,117.8057
343.6762,93.1222,31.0860,120.4121
342.4453,91.4945,31.7738,123.0762
339.8238,90.0381,31.7738,123.0762
340.1151,89.7469,31.7738,123.0762
338.4887,89.6555,31.0962,120.4516
335.3529,87.6600,31.0962,120.4516
337.9185,84.5243,31.0962,120.4516
341.8220,72.8949,30.4331,117.8829
351.0202,62.5891,29.7841,115.3691
2
0
0
0
0
1
292.8358,86.1675,37.8647,138.0057
291.8402,83.1807,37.8647,138.0057
288.3224,77.8665,38.7024,141.0591
287.5423,76.6579,39.5587,144.1800
284.5866,74.7032,40.4340,147.3700
283.0363,75.6467,41.3286,150.6305
282.2033,75.8595,42.2430,153.9632
282.8883,76.0769,43.1776,157.3697
284.7806,75.6985,43.1776,157.3697
285.1590,77.5907,43.1776,157.3697
283.2668,76.4554,43.1776,157.3697
282.1315,78.3475,43.1776,157.3697
281.7530,78.7260,43.1776,157.3697
282.1315,78.3475,43.1776,157.3697
280.2393,73.4278,43.1776,157.3697
279.1040,72.2925,43.1776,157.3697
278.7255,68.8866,43.1776,157.3697
279.8608,64.7237,43.1776,157.3697
280.2393,65.8590,43.1776,157.3697
280.6177,63.2099,43.1776,157.3697
281.7530,65.8590,43.1776,157.3697
282.1315,64.7237,43.1776,157.3697
281.7530,67.3728,43.1776,157.3697
285.4963,70.1451,42.2568,154.0137
284.3852,70.5154,42.2568,154.0137
284.7555,71.6265,42.2568,154.0137
286.2771,75.0536,41.3557,150.7293
285.9146,75.4161,41.3557,150.7293
284.8272,74.3287,41.3557,150.7293
286.3163,79.0802,40.4738,147.5150
285.9615,78.0160,40.4738,147.5150
286.0512,83.3500,39.6106,144.3692
286.1389,86.5625,38.7659,141.2905
285.5698,87.7415,37.9392,138.2774
287.5769,91.4595,37.1302,135.3286
289.5411,94.4708,36.3384,132.4427
290.2356,96.1900,35.5634,129.6183
291.5161,97.2716,34.8050,126.8541
294.8717,94.5261,34.8050,126.8541
296.1249,94.9966,34.0628,124.1489
297.6176,93.5039,34.0628,124.1489
302.6930,91.4140,34.0628,124.1489
303.5887,90.5184,34.0628,124.1489
307.6928,90.4033,33.3364,121.5014
314.4130,90.1111,33.3364,121.5014
314.7052,89.8189,33.3364,121.5014
318.5036,90.1111,33.3364,121.5014
319.3802,93.3252,33.3364,121.5014
319.0880,92.4486,33.3364,121.5014
318.2114,95.0783,33.3364,121.5014
314.4130,97.7080,33.3364,121.5014
314.1209,98.0001,33.3364,121.5014
311.4912,98.2923,33.3364,121.5014
306.5241,103.8438,33.3364,121.5014
306.8162,105.3048,33.3364,121.5014
305.3553,107.3501,33.3364,121.5014
300.9725,104.1360,33.3364,121.5014
298.9272,101.5064,33.3364,121.5014
296.8819,100.0454,33.3364,121.5014
294.8366,99.1689,33.3364,121.5014
294.7710,96.9154,34.0740,124.1896
295.0696,94.2275,34.0740,124.1896
296.5629,87.9559,34.0740,124.1896
297.4588,83.4761,34.0740,124.1896
295.3683,86.1640,34.0740,124.1896
290.2912,92.4356,34.0740,124.1896
288.9847,94.4701,34.8279,126.9373
286.2374,96.6069,34.8279,126.9373
285.7261,101.7853,34.0852,124.2304
286.9534,104.5497,33.3583,121.5811
285.4915,106.5963,33.3583,121.5811
284.4382,105.9200,32.6469,118.9884
283.5797,103.9170,32.6469,118.9884
285.5827,103.0586,32.6469,118.9884
287.0134,101.6279,32.6469,118.9884
286.7273,100.7694,32.6469,118.9884
285.8689,102.7724,32.6469,118.9884
289.2508,106.5234,31.9507,116.4509
290.4012,110.1943,31.2693,113.9676
293.9641,110.4684,31.2693,113.9676
296.4307,108.0017,31.2693,113.9676
297.5566,108.4245,30.6025,111.5372
299.6926,111.9405,29.9499,109.1586
302.0551,117.9781,29.9499,109.1586
303.6395,121.4191,29.3112,106.8308
305.4378,123.7313,29.3112,106.8308
301.0704,126.5572,29.3112,106.8308
300.6401,127.4487,28.6861,104.5526
301.8973,129.7116,28.6861,104.5526
306.1715,132.4773,28.6861,104.5526
307.4287,133.7344,28.6861,104.5526
311.7029,134.4887,28.6861,104.5526
315.4743,130.7173,28.6861,104.5526
316.2286,128.4544,28.6861,104.5526
315.1287,127.5587,29.3208,106.8658
310.2396,127.4596,28.6955,104.5868
306.4244,127.3627,28.0836,102.3565
299.8437,127.7424,27.4847,100.1737
310.5852,130.9002,26.8986,98.0375
314.2806,133.0817,26.3250,95.9468
2
0
0
0
0
1
346.1716,133.9325,50.7292,109.7091
344.0000,134.3293,51.8516,112.1364
343.6826,134.0120,51.8516,112.1364
341.4614,133.6947,51.8516,112.1364
339.2403,133.3773,51.8516,112.1364
338.9229,134.3293,51.8516,112.1364
336.7017,134.6466,51.8516,112.1364
332.5767,133.0600,51.8516,112.1364
330.9902,132.7427,51.8516,112.1364
329.4036,131.7908,51.8516,112.1364
326.5478,128.9350,51.8516,112.1364
326.2305,128.6177,51.8516,112.1364
323.3747,125.7619,51.8516,112.1364
318.6150,121.6368,51.8516,112.1364
317.0285,120.0503,51.8516,112.1364
315.4419,117.8291,51.8516,112.1364
315.1246,116.8772,51.8516,112.1364
314.8073,117.1945,51.8516,112.1364
312.5861,117.5118,51.8516,112.1364
308.4611,121.0022,51.8516,112.1364
307.5091,121.9541,51.8516,112.1364
305.9211,125.9024,50.7458,109.7451
299.2381,130.1656,51.8686,112.1732
296.3591,131.8885,53.0162,114.6550
292.0699,129.6103,54.1892,117.1918
288.4222,131.9316,54.1892,117.1918
286.1009,129.6103,54.1892,117.1918
287.7589,133.2581,54.1892,117.1918
292.0699,137.5691,54.1892,117.1918
293.7280,140.5537,54.1892,117.1918
294.7229,138.8956,54.1892,117.1918
296.3809,140.5537,54.1892,117.1918
297.3758,140.8853,54.1892,117.1918
302.7481,139.8974,53.0336,114.6926
309.5635,135.6784,53.0336,114.6926
309.8880,134.7047,53.0336,114.6926
310.8617,133.7311,53.0336,114.6926
310.5371,131.4593,53.0336,114.6926
310.2126,131.7838,53.0336,114.6926
309.8880,134.7047,53.0336,114.6926
312.6432,150.6299,51.9026,112.2468
312.8904,158.2557,50.7958,109.8531
316.7278,167.5167,49.7125,107.5104
321.0698,174.8207,48.6524,105.2178
321.8755,178.5254,47.6149,102.9740
321.5407,183.2744,46.5995,100.7780
314.9818,186.4113,46.5995,100.7780
312.9856,186.1261,46.5995,100.7780
311.5597,189.2630,46.5995,100.7780
314.6966,188.9778,46.5995,100.7780
315.5521,188.1223,46.5995,100.7780
319.2593,187.8371,46.5995,100.7780
319.4813,187.5374,45.6057,98.6289
321.3126,188.8580,44.6332,96.5256
323.6314,188.5709,43.6814,94.4672
325.3854,188.2899,42.7498,92.4526
325.5890,188.0149,41.8382,90.4810
326.2819,187.2523,40.9460,88.5515
325.0490,177.1737,41.8519,90.5107
324.2807,174.8687,41.8519,90.5107
320.3633,169.3501,42.7779,92.5133
311.2009,161.2348,42.7779,92.5133
308.8449,159.4023,42.7779,92.5133
306.4888,158.0934,42.7779,92.5133
295.7557,162.0202,42.7779,92.5133
285.5461,166.4705,42.7779,92.5133
282.6665,169.3501,42.7779,92.5133
281.8610,173.6167,41.8656,90.5404
280.5789,177.2985,40.9728,88.6096
289.3547,174.0389,40.9728,88.6096
293.9000,174.2587,40.0991,86.7200
295.9832,174.4738,39.2439,84.8706
296.1702,174.2214,38.4071,83.0608
298.6186,174.8805,37.5880,81.2895
301.0148,174.6387,36.7864,79.5559
308.5674,173.5341,36.0020,77.8594
314.9566,171.1106,36.0020,77.8594
316.4989,169.1278,36.0020,77.8594
317.1598,170.6700,36.0020,77.8594
314.3584,175.5349,35.2342,76.1990
314.5263,178.2178,34.4828,74.5740
313.4702,180.8435,33.7475,72.9837
307.3117,179.8219,34.4941,74.5985
306.2562,179.6108,34.4941,74.5985
304.3564,181.5106,34.4941,74.5985
307.5228,180.8773,34.4941,74.5985
308.5782,179.8219,34.4941,74.5985
311.7446,178.3443,34.4941,74.5985
316.5996,177.2888,34.4941,74.5985
317.2329,177.4999,34.4941,74.5985
318.7105,179.8219,34.4941,74.5985
325.3856,187.7384,33.7585,73.0077
331.1219,197.0791,33.0386,71.4508
335.9563,198.8153,32.3341,69.9270
343.6733,192.6813,32.3341,69.9270
345.7345,192.4733,31.6445,68.4358
349.4139,189.9559,31.6445,68.4358
335.7524,210.2841,30.9697,66.9764
334.4385,213.7383,30.3093,65.5481
335.6556,215.6886,29.6629,64.1503
337.2893,215.5071,29.6629,64.1503
337.8339,216.7778,29.6629,64.1503
338.3785,215.8702,29.6629,64.1503
337.1201,213.9297,29.0303,62.7823
335.8765,211.9755,29.0303,62.7823
333.5670,210.7320,29.0303,62.7823
327.3491,209.8437,29.0303,62.7823
326.4608,208.9554,29.0303,62.7823
324.5067,210.1990,29.0303,62.7823
320.7759,213.5744,29.0303,62.7823
319.8876,215.1733,29.0303,62.7823
320.8567,216.8749,29.6726,64.1713
316.6803,221.0513,29.6726,64.1713
316.4987,222.6856,29.6726,64.1713
313.0486,222.1408,29.6726,64.1713
311.0511,220.8697,29.6726,64.1713
307.9642,220.3250,29.6726,64.1713
308.5089,221.2329,29.6726,64.1713
306.5115,221.7777,29.6726,64.1713
305.2527,228.2376,29.0399,62.8029
306.8521,231.2587,29.0399,62.8029
303.3964,233.3296,29.6824,64.1924
298.4920,232.0581,29.6824,64.1924
296.4940,231.1499,29.6824,64.1924
293.7693,228.7885,29.6824,64.1924
290.3181,230.7866,29.6824,64.1924
289.4243,231.7725,30.3391,65.6126
287.3820,234.1862,30.3391,65.6126
283.4831,240.3131,30.3391,65.6126
282.5548,241.2414,30.3391,65.6126
278.6559,242.9123,30.3391,65.6126
270.6723,244.9546,30.3391,65.6126
269.7440,243.6550,30.3391,65.6126
265.8451,242.7267,30.3391,65.6126
257.4903,241.0557,30.3391,65.6126
257.3046,240.1274,30.3391,65.6126
254.1483,242.9123,30.3391,65.6126
249.8781,244.9546,30.3391,65.6126
248.5784,246.2543,30.3391,65.6126
250.6207,244.2120,30.3391,65.6126
256.7476,246.2543,30.3391,65.6126
258.0473,247.1826,30.3391,65.6126
261.9462,248.8536,30.3391,65.6126
270.6723,250.1532,30.3391,65.6126
272.3433,250.7102,30.3391,65.6126
276.6136,248.6679,30.3391,65.6126
285.3313,248.1347,31.0103,67.0643
287.1541,246.4083,31.6964,68.5481
293.8469,246.6563,32.3977,70.0647
303.9790,244.8527,33.1145,71.6149
305.8028,246.6765,33.1145,71.6149
309.6532,246.0686,33.1145,71.6149
319.1684,243.8046,33.8472,73.1994
321.3261,246.3819,33.1254,71.6384
325.9885,245.7738,33.1254,71.6384
2
0
0
0
0
1
275.3299,100.8393,61.9711,161.3780
272.4208,97.7199,63.3422,164.9485
267.6014,98.1581,63.3422,164.9485
267.1633,97.7199,63.3422,164.9485
268.4777,98.1581,63.3422,164.9485
266.2871,97.7199,63.3422,164.9485
262.3440,96.4056,63.3422,164.9485
261.0296,97.7199,63.3422,164.9485
259.7153,99.0343,63.3422,164.9485
261.2873,99.4823,64.7436,168.5980
262.6307,100.8258,64.7436,168.5980
268.4523,103.0648,64.7436,168.5980
263.5546,98.8767,66.1761,172.3282
265.8432,98.4190,66.1761,172.3282
259.8928,98.8767,66.1761,172.3282
266.7587,97.5035,66.1761,172.3282
269.9627,97.9612,66.1761,172.3282
275.9131,100.2498,66.1761,172.3282
282.3541,102.5285,64.7649,168.6533
286.3858,103.8724,64.7649,168.6533
282.3541,99.8407,64.7649,168.6533
279.2183,102.9765,64.7649,168.6533
279.6663,103.4244,64.7649,168.6533
280.7886,105.6545,63.3837,165.0567
273.3357,100.8320,63.3837,165.0567
269.3900,99.5167,63.3837,165.0567
271.5820,99.0783,63.3837,165.0567
2
0
0
0
0
1
370.1839,68.4164,52.6208,200.5450
373.5202,67.9398,52.6208,200.5450
376.3995,65.2268,53.7850,204.9820
383.3860,61.4429,54.9750,209.5173
389.4938,57.5752,56.1913,214.1528
399.1640,62.1559,56.1913,214.1528
406.7983,62.6648,56.1913,214.1528
408.3252,65.2096,56.1913,214.1528
415.9595,65.7186,56.1913,214.1528
415.4506,66.2275,56.1913,214.1528
390.5117,67.7544,56.1913,214.1528
386.9490,66.2275,56.1913,214.1528
387.9115,63.3304,57.4346,218.8910
380.1083,63.8506,57.4346,218.8910
371.2646,64.3708,57.4346,218.8910
360.3400,62.8102,57.4346,218.8910
351.4963,64.3708,57.4346,218.8910
348.8953,62.8102,57.4346,218.8910
344.2133,61.2495,57.4346,218.8910
338.4909,61.7698,57.4346,218.8910
2
0
0
0
0
1
394.2138,90.5083,58.7413,177.3180
394.6636,90.0585,58.7413,177.3180
392.4146,89.6087,58.7413,177.3180
396.4627,91.8576,58.7413,177.3180
397.8121,92.3074,58.7413,177.3180
400.0610,93.6568,58.7413,177.3180
405.0087,95.0061,58.7413,177.3180
406.3581,95.4559,58.7413,177.3180
408.6070,95.0061,58.7413,177.3180
409.0568,95.4559,58.7413,177.3180
407.7074,95.0061,58.7413,177.3180
406.3581,96.3555,58.7413,177.3180
402.3100,96.8053,58.7413,177.3180
401.8602,97.2551,58.7413,177.3180
398.7116,97.7049,58.7413,177.3180
390.1656,95.4559,58.7413,177.3180
388.8163,95.0061,58.7413,177.3180
386.5674,95.4559,58.7413,177.3180
387.9167,96.8053,58.7413,177.3180
387.4669,97.2551,58.7413,177.3180
389.7158,97.7048,58.7413,177.3180
391.9648,98.1546,58.7413,177.3180
391.5150,98.6044,58.7413,177.3180
393.7639,99.0542,58.7413,177.3180
389.7158,102.2027,58.7413,177.3180
391.0652,101.7529,58.7413,177.3180
387.0171,101.3031,58.7413,177.3180
379.3707,100.8534,58.7413,177.3180
379.8205,100.4036,58.7413,177.3180
376.6720,99.9538,58.7413,177.3180
376.2222,101.3032,58.7413,177.3180
376.6720,101.7529,58.7413,177.3180
376.2222,101.3032,58.7413,177.3180
376.6720,102.6525,58.7413,177.3180
375.3226,101.3032,58.7413,177.3180
374.8728,101.7529,58.7413,177.3180
369.9251,99.5040,58.7413,177.3180
368.5758,99.9538,58.7413,177.3180
367.0344,101.4109,57.4886,173.5366
364.8335,101.8511,57.4886,173.5366
365.2736,102.2913,57.4886,173.5366
363.0727,102.7315,57.4886,173.5366
362.4128,106.7033,56.2626,169.8359
362.8436,106.2725,56.2626,169.8359
360.6895,106.7033,56.2626,169.8359
355.9506,107.1341,56.2626,169.8359
356.3815,105.8417,56.2626,169.8359
352.4137,108.0678,55.0628,166.2141
345.2462,106.8030,55.0628,166.2141
345.6678,106.3814,55.0628,166.2141
342.7165,106.8030,55.0628,166.2141
338.0786,104.6949,55.0628,166.2141
336.8137,105.1165,55.0628,166.2141
336.3921,104.6949,55.0628,166.2141
333.4408,105.1165,55.0628,166.2141
333.8624,105.5381,55.0628,166.2141
328.3813,105.1165,55.0628,166.2141
328.8029,107.2246,55.0628,166.2141
324.9198,108.5905,53.8886,162.6695
329.0739,112.3136,52.7394,159.2005
335.4747,115.1788,51.6147,155.8055
339.0317,111.6218,51.6147,155.8055
344.1696,113.5979,51.6147,155.8055
344.8287,104.9036,52.7567,159.2527
346.3406,101.0463,53.9239,162.7762
346.7535,97.3302,53.9239,162.7762
309.1795,104.3495,53.9239,162.7762
302.9860,107.2398,53.9239,162.7762
308.3537,105.1753,53.9239,162.7762
314.5472,105.5882,53.9239,162.7762
318.7040,106.9259,52.7740,159.3050
323.5511,109.7930,51.6486,155.9077
319.9918,111.7704,51.6486,155.9077
318.6366,113.8139,50.5472,152.5829
324.0253,115.0678,49.4692,149.3291
326.3783,109.7231,48.4143,146.1446
328.9733,104.9039,48.4143,146.1446
330.5614,89.6684,47.3818,143.0280
334.2139,85.2486,46.3714,139.9779
337.1040,84.3455,45.3825,136.9928
332.5638,86.8111,44.4147,134.0714
337.9543,84.6348,43.4676,131.2123
340.0218,85.7131,42.5406,128.4142