1
162.4563,51.9329,44.5891,174.3643
163.8020,48.7349,46.0142,179.9370
163.3772,48.3101,46.0142,179.9370
163.0667,44.1603,47.4848,185.6878
162.7463,40.7546,49.0024,191.6224
163.1987,41.2070,49.0024,191.6224
162.7463,41.6594,49.0024,191.6224
163.9466,45.0365,47.5066,185.7731
165.1102,47.4333,46.0564,180.1023
160.2856,48.9065,44.6505,174.6046
160.6979,48.4943,44.6505,174.6046
154.5146,48.9065,44.6505,174.6046
157.2572,51.9837,43.2876,169.2747
151.9234,53.3683,41.9662,164.1076
152.3108,53.7558,41.9662,164.1076
148.0490,54.1432,41.9662,164.1076
147.6616,53.7558,41.9662,164.1076
145.7244,54.1432,41.9662,164.1076
146.1119,53.7558,41.9662,164.1076
144.1747,53.3683,41.9662,164.1076
143.7873,52.9809,41.9662,164.1076
144.1747,52.5935,41.9662,164.1076
143.7873,52.2060,41.9662,164.1076
143.3998,52.5935,41.9662,164.1076
143.0124,52.9809,41.9662,164.1076
144.1747,52.5935,41.9662,164.1076
143.8915,51.1333,43.3074,169.3524
143.4917,50.7335,43.3074,169.3524
143.8915,51.1333,43.3074,169.3524
144.1527,51.7190,41.9855,164.1829
143.7651,51.3314,41.9855,164.1829
143.3775,50.9438,41.9855,164.1829
142.9898,50.5562,41.9855,164.1829
141.1561,47.5449,43.3273,169.4302
140.7561,47.9449,43.3273,169.4302
139.5561,46.7449,43.3273,169.4302
139.9561,47.1449,43.3273,169.4302
138.7561,46.7449,43.3273,169.4302
139.9561,46.3449,43.3273,169.4302
137.9561,46.7449,43.3273,169.4302
137.5561,47.1449,43.3273,169.4302
138.7561,46.7449,43.3273,169.4302
139.1561,46.3449,43.3273,169.4302
137.1561,46.7449,43.3273,169.4302
137.5561,47.1449,43.3273,169.4302
136.3561,46.7449,43.3273,169.4302
136.7561,47.1449,43.3273,169.4302
143.4174,50.9309,42.0047,164.2583
142.2540,50.5431,42.0047,164.2583
145.6096,55.7646,40.7225,159.2443
145.9856,55.3887,40.7225,159.2443
152.2464,56.6913,39.4795,154.3833
151.8819,56.3268,39.4795,154.3833
148.6016,55.2334,39.4795,154.3833
149.0642,53.1308,40.7412,159.3174
156.0801,56.6908,39.4976,154.4541
156.4448,56.3262,39.4976,154.4541
158.9973,55.9615,39.4976,154.4541
158.0015,53.8580,40.7599,159.3905
166.5258,56.6670,39.5157,154.5251
165.5296,54.5625,40.7786,159.4637
166.7603,50.8849,42.0819,164.5602
166.4763,48.6437,43.4269,169.8195
168.5888,46.3309,44.8148,175.2469
169.8300,46.7447,44.8148,175.2469
172.8374,45.1854,46.2471,180.8478
174.8241,47.5187,44.8354,175.3274
178.6608,44.3030,46.2683,180.9308
178.3486,41.8389,47.7470,186.7134
183.9262,45.1294,46.2895,181.0139
184.2054,47.4648,44.8765,175.4884
190.4199,47.0505,44.8765,175.4884
190.8342,47.4648,44.8765,175.4884
196.2201,47.8791,44.8765,175.4884
196.6344,47.4648,44.8765,175.4884
203.7890,44.2462,46.3108,181.0970
204.2166,43.8187,46.3108,181.0970
211.5999,41.3523,47.7909,186.8849
212.9235,40.9111,47.7909,186.8849
215.2483,33.0714,49.3183,192.8577
214.0049,30.4448,50.8945,199.0214
219.1733,30.9147,50.8945,199.0214
217.8902,28.2042,52.5211,205.3822
218.3750,26.7496,52.5211,205.3822
218.8599,26.2647,52.5211,205.3822
217.4053,26.7496,52.5211,205.3822
216.9204,26.2647,52.5211,205.3822
214.4960,26.7496,52.5211,205.3822
214.0111,27.2344,52.5211,205.3822
213.5263,25.7798,52.5211,205.3822
214.0111,25.2949,52.5211,205.3822
211.4186,33.7633,50.9179,199.1128
212.8288,33.2932,50.9179,199.1128
211.4186,35.6436,50.9179,199.1128
212.8288,35.1735,50.9179,199.1128
209.5383,35.6436,50.9179,199.1128
209.0682,35.1735,50.9179,199.1128
209.5383,35.6436,50.9179,199.1128
210.0084,35.1735,50.9179,199.1128
208.7246,34.3420,52.5452,205.4765
207.3999,29.6032,54.2245,212.0435
206.8993,29.1026,54.2245,212.0435
205.3974,29.6032,54.2245,212.0435
203.8956,30.1038,54.2245,212.0435
203.5297,28.2172,55.9576,218.8204
203.1521,25.2370,57.7460,225.8139
202.7625,18.9630,59.5915,233.0309
205.3224,23.0698,57.7725,225.9176
206.7376,27.0513,56.0089,219.0214
211.2120,30.9112,54.2993,212.3357
208.5317,34.6533,52.6418,205.8540
208.1764,31.8497,54.3242,212.4332
205.8038,28.9566,56.0604,219.2225
203.2160,27.4039,56.0604,219.2225
206.6594,31.2674,54.3491,212.5307
209.1682,33.7761,54.3491,212.5307
214.5135,37.5217,52.6901,206.0431
214.0270,38.0081,52.6901,206.0431
221.3236,36.5488,52.6901,206.0431
208.1898,37.0352,52.6901,206.0431
200.8932,37.5217,52.6901,206.0431
191.7818,30.8240,54.3741,212.6283
182.0700,28.5475,52.7143,206.1377
170.0344,24.7668,54.3990,212.7259
158.4835,20.2468,54.3990,212.7259
152.9591,19.7446,54.3990,212.7259
144.4214,22.2557,54.3990,212.7259
138.0278,19.3585,56.1376,219.5246
129.3567,14.2957,57.9318,226.5406
123.4736,14.8306,57.9318,226.5406
122.9388,18.5744,57.9318,226.5406
123.4736,18.0395,57.9318,226.5406
123.8229,23.1016,56.1634,219.6254
129.3467,26.9722,54.4490,212.9212
131.8601,26.4695,54.4490,212.9212
135.3788,25.9669,54.4490,212.9212
141.7393,29.7193,52.7869,206.4218
152.7789,33.3572,51.1756,200.1207
157.9759,32.8847,51.1756,200.1207
162.2280,32.4122,51.1756,200.1207
191.8289,34.9942,49.6134,194.0119
196.8673,35.4522,49.6134,194.0119
201.9057,36.8263,49.6134,194.0119
206.9440,34.5361,49.6134,194.0119
218.5181,30.9778,51.1991,200.2125
228.5714,28.2511,52.8354,206.6113
231.9859,27.7633,52.8354,206.6113
235.4004,28.2511,52.8354,206.6113
235.0438,23.4861,54.5240,213.2146
237.6961,19.5755,56.2666,220.0290
243.2300,23.4532,54.5491,213.3125
244.7408,23.9568,54.5491,213.3125
244.2372,24.4604,54.5491,213.3125
244.7408,23.9568,54.5491,213.3125
243.2300,24.4604,54.5491,213.3125
241.8547,20.5481,56.2924,220.1300
240.2956,18.9890,56.2924,220.1300
239.7759,19.5087,56.2924,220.1300
239.2562,18.9890,56.2924,220.1300
238.7365,19.5087,56.2924,220.1300
237.1775,20.0284,56.2924,220.1300
235.7582,17.0304,58.0916,227.1653
234.1493,16.4941,58.0916,227.1653
234.4996,19.4249,56.3183,220.2310
226.7006,19.9449,56.3183,220.2310
218.9016,20.4648,56.3183,220.2310
213.1823,19.9449,56.3183,220.2310
188.8854,15.9056,58.1182,227.2696
182.9833,15.3691,58.1182,227.2696
183.5199,15.9056,58.1182,227.2696
182.9833,15.3691,58.1182,227.2696
182.2607,18.3013,56.3442,220.3322
178.7594,14.2602,58.1449,227.3740
177.2935,11.1636,60.0032,234.6408
177.8474,10.6096,60.0032,234.6408
171.9030,9.6298,61.9209,242.1400
165.6148,10.2015,61.9209,242.1400
167.1315,14.4688,60.0308,234.7486
168.7941,15.0230,60.0308,234.7486
171.3730,19.1601,58.1983,227.5828
172.9849,18.6228,58.1983,227.5828
176.5596,22.6336,56.4218,220.6358
182.2894,21.0710,56.4218,220.6358
183.8520,20.5501,56.4218,220.6358
182.4295,17.5452,58.2250,227.6873
188.3424,17.0077,58.2250,227.6873
191.1747,12.8317,60.0859,234.9642
188.5504,10.7411,62.0062,242.4736
182.4075,9.7286,63.9880,250.2231
182.9983,10.3194,63.9880,250.2231
188.3150,10.9101,63.9880,250.2231
191.4276,5.1393,66.0330,258.2202
195.6950,5.7489,66.0330,258.2202
196.3046,3.9201,66.0330,258.2202
197.0782,-0.8159,68.1434,266.4729
197.7073,-1.4450,68.1434,266.4729
198.3364,-0.8159,68.1434,266.4729
196.4491,-1.4450,68.1434,266.4729
194.5618,-0.8159,68.1434,266.4729
193.9327,-0.1868,68.1434,266.4729
193.4729,-5.0741,70.3213,274.9894
190.2268,-4.4249,70.3213,274.9894
191.0507,-8.1701,72.5688,283.7780
191.7207,-8.8400,72.5688,283.7780
191.2310,-12.7048,74.8881,292.8476
189.1569,-12.0135,74.8881,292.8476
205.0584,-12.7048,74.8881,292.8476
210.0840,-16.6932,77.2815,302.2070
223.3925,-17.0749,74.9224,292.9821
225.4676,-14.9999,74.9224,292.9821
227.3028,-11.2199,72.6354,284.0387
231.9968,-11.8905,72.6354,284.0387
232.6674,-12.5610,72.6354,284.0387
232.1772,-16.4294,74.9568,293.1165
230.1012,-17.1214,74.9568,293.1165
222.4891,-17.8134,74.9568,293.1165
219.0291,-18.5054,74.9568,293.1165
210.0330,-19.1974,74.9568,293.1165
206.5730,-19.8894,74.9568,293.1165
198.9609,-20.5814,74.9568,293.1165
196.8849,-21.2734,74.9568,293.1165
190.6569,-20.5814,74.9568,293.1165
189.9649,-21.2734,74.9568,293.1165
185.1208,-21.9654,74.9568,293.1165
180.2768,-22.6574,74.9568,293.1165
179.5848,-21.9654,74.9568,293.1165
180.2768,-22.6574,74.9568,293.1165
182.5390,-25.2654,77.3525,302.4846
178.9684,-27.4078,77.3525,302.4846
182.7312,-31.5274,79.8247,312.1520
180.5203,-32.2643,79.8247,312.1520
182.9295,-36.5156,82.3758,322.1284
182.1690,-35.7551,82.3758,322.1284
182.6657,-30.0780,79.8613,312.2953
183.4030,-30.8153,79.8613,312.2953
184.1403,-31.5526,79.8613,312.2953
184.8776,-32.2899,79.8613,312.2953
185.6149,-31.5526,79.8613,312.2953
187.8267,-30.8153,79.8613,312.2953
190.0386,-30.0780,79.8613,312.2953
193.7250,-29.3408,79.8613,312.2953
197.4114,-30.0780,79.8613,312.2953
208.6691,-32.8567,82.4137,322.2762
209.4299,-32.0958,82.4137,322.2762
211.7124,-31.3350,82.4137,322.2762
220.0818,-30.5741,82.4137,322.2762
222.1005,-26.4162,79.8980,312.4387
233.1648,-24.2033,79.8980,312.4387
242.7539,-24.9409,79.8980,312.4387
249.3925,-24.2033,79.8980,312.4387
250.1301,-23.4657,79.8980,312.4387
253.8182,-24.2033,79.8980,312.4387
230.9519,-26.4162,79.8980,312.4387
237.5905,-25.6786,79.8980,312.4387
242.9524,-29.9337,82.4515,322.4242
251.3255,-29.1725,82.4515,322.4242
324.8977,-25.0127,79.9346,312.5821
337.1871,-20.9798,77.4946,303.0404
347.6705,-17.0700,75.1291,293.7900
358.0745,-17.7636,75.1291,293.7900
367.2778,-21.7648,77.5302,303.1796
179.2247,-25.8938,80.0081,312.8692
132.6905,-26.6325,80.0081,312.8692
141.0143,-30.8935,82.5651,322.8685
149.1346,-25.2034,80.0448,313.0128
161.6973,-24.4644,80.0448,313.0128
172.7819,-23.7254,80.0448,313.0128
183.8666,-22.9865,80.0448,313.0128
196.1730,-18.9480,77.6014,303.4580
209.7850,-19.6645,77.6014,303.4580
226.2626,-18.9480,77.6014,303.4580
245.6060,-18.2316,77.6014,303.4580
253.4866,-17.5152,77.6014,303.4580
258.5016,-18.2316,77.6014,303.4580
226.2626,-18.9480,77.6014,303.4580
228.4119,-19.6645,77.6014,303.4580
230.5612,-18.9480,77.6014,303.4580
327.2779,-18.2316,77.6014,303.4580
340.8899,-18.9480,77.6014,303.4580
351.3878,-13.6000,75.2326,294.1949
361.9929,-18.9958,77.6370,303.5973
173.6807,-21.6971,80.1183,313.3003
164.0652,-19.4781,80.1183,313.3003
176.6393,-20.2178,80.1183,313.3003
190.4363,-14.6963,77.6727,303.7367
205.4950,-13.9792,77.6727,303.7367
222.1807,-19.5500,80.1551,313.4441
242.1606,-20.2900,80.1551,313.4441
253.2606,-21.0300,80.1551,313.4441
265.8405,-20.2900,80.1551,313.4441
280.0995,-27.5188,82.7168,323.4618
291.5542,-29.8098,82.7168,323.4618
316.4897,-24.1092,80.1919,313.5880
333.2607,-20.0634,77.7440,304.0157
350.9553,-14.7056,75.3708,294.7355
362.5431,-10.9030,73.0701,285.7386
375.1263,-5.8672,70.8396,277.0163
396.8841,-10.9480,73.1037,285.8698
353.1974,-18.8906,75.4401,295.0062
218.7793,-15.4083,75.4401,295.0062
193.0100,-17.4977,75.4401,295.0062
192.0720,-12.2987,73.1372,286.0010
196.9801,-17.5442,75.4747,295.1416
197.6769,-16.8474,75.4747,295.1416
202.5544,-16.1506,75.4747,295.1416
208.5839,-10.9492,73.1708,286.1323
177.0164,-17.5481,75.5094,295.2771
183.2903,-16.8510,75.5094,295.2771
192.1110,-10.2530,73.2044,286.2637
200.6624,-5.2080,70.9698,277.5254
206.3319,-0.3170,68.8034,269.0538
216.9100,4.4247,66.7032,260.8409
215.2283,-0.3594,68.8350,269.1774
207.1379,-6.5673,71.0350,277.7803
209.2818,-11.6620,73.3053,286.6581
212.8477,-16.9196,75.6481,295.8197
214.9428,-17.6180,75.6481,295.8197
221.2283,-19.7131,75.6481,295.8197
200.9751,-21.8083,75.6481,295.8197
200.0345,-13.8014,73.3389,286.7897
203.1851,-6.0389,71.1002,278.0354
208.8651,-1.1389,68.9299,269.5483
211.8262,7.4297,66.8258,261.3202
206.0598,10.8012,64.7859,253.3434
203.0693,11.3993,64.7859,253.3434
204.6562,15.8641,62.8083,245.6100
205.2360,14.1245,62.8083,245.6100
203.6525,8.4601,64.8156,253.4597
203.2151,3.8115,66.8871,261.5602
203.8326,4.4290,66.8871,261.5602
199.5101,6.2815,66.8871,261.5602
199.9135,12.1261,64.8454,253.5760
198.2786,6.2780,66.9179,261.6803
198.6821,12.1253,64.8752,253.6924
200.2712,20.1898,62.8948,245.9484
206.4570,25.6856,60.9749,238.4408
211.5233,26.2485,60.9749,238.4408
212.2377,23.0012,62.9237,246.0613
217.4660,22.4203,62.9237,246.0613
219.3650,17.9073,64.9347,253.9254
223.7227,12.0511,67.0101,262.0409
226.9823,7.2451,69.1517,270.4157
231.4512,7.8835,69.1517,270.4157
233.3665,8.5219,69.1517,270.4157
238.8908,14.5644,67.0408,262.1612
240.5329,19.1846,64.9944,254.1586
244.7332,19.7846,64.9944,254.1586
246.3252,24.2638,63.0104,246.4004
248.0703,24.8455,63.0104,246.4004
250.9789,24.2638,63.0104,246.4004
252.7241,24.8455,63.0104,246.4004
253.3058,24.2638,63.0104,246.4004
255.0509,23.6821,63.0104,246.4004
255.6326,21.9369,63.0104,246.4004
257.1761,26.2794,61.0870,238.8789
257.5444,29.3613,59.2223,231.5871
260.0886,33.4427,57.4145,224.5178
263.9416,28.2648,59.2495,231.6934
265.5826,27.7178,59.2495,231.6934
263.9416,26.0768,59.2495,231.6934
261.2066,24.4358,59.2495,231.6934
260.8068,16.9044,61.1431,239.0983
266.0390,13.6481,63.0972,246.7399
262.1181,7.9576,65.1138,254.6257
254.4651,4.4898,67.1949,262.7635
248.8820,6.3509,67.1949,262.7635
247.0209,8.2119,67.1949,262.7635
242.4634,12.8427,65.1437,254.7426
234.6450,12.2413,65.1437,254.7426
226.8267,12.8427,65.1437,254.7426
222.4083,17.3322,63.1552,246.9665
217.3177,11.6365,65.1736,254.8596
214.1006,14.9246,63.1842,247.0799
204.1842,14.3413,63.1842,247.0799
197.9246,8.6430,65.2035,254.9766
190.2611,2.7626,67.2875,263.1256
183.5950,-3.3057,69.4380,271.5351
181.8443,-9.5680,71.6572,280.2134
178.5366,-10.2296,71.6572,280.2134
172.7607,-15.3689,73.9474,289.1690
169.3473,-14.6863,73.9474,289.1690
164.5685,-15.3689,73.9474,289.1690
161.1551,-14.6863,73.9474,289.1690
159.1070,-15.3689,73.9474,289.1690
155.6936,-14.6863,73.9474,289.1690
153.6455,-15.3689,73.9474,289.1690
151.5975,-11.9555,73.9474,289.1690
150.9148,-14.0036,73.9474,289.1690
143.5889,-20.6725,76.3107,298.4108
149.6852,-15.4135,73.9813,289.3017
149.0022,-16.0965,73.9813,289.3017
148.3192,-15.4135,73.9813,289.3017
151.7341,-14.7305,73.9813,289.3017
156.5152,-14.0475,73.9813,289.3017
155.8322,-13.3645,73.9813,289.3017
155.1492,-12.6815,73.9813,289.3017
155.5953,-6.2170,71.7230,280.4707
157.3521,-1.2741,69.5336,271.9093
156.7102,-1.9161,69.5336,271.9093
158.4134,4.1598,67.4111,263.6091
159.0358,4.7822,67.4111,263.6091
159.4423,9.4279,65.3534,255.5624
158.8389,11.2379,65.3534,255.5624
158.2356,11.8413,65.3534,255.5624
158.8389,12.4446,65.3534,255.5624
160.4397,16.9485,63.3584,247.7613
159.8548,15.1937,63.3584,247.7613
159.4273,10.6496,65.3834,255.6797
157.6164,11.2532,65.3834,255.6797
155.8055,10.6496,65.3834,255.6797
155.3643,5.9602,67.4730,263.8513
155.9872,6.5831,67.4730,263.8513
160.3477,8.4519,67.4730,263.8513
159.7247,10.3206,67.4730,263.8513
160.1316,16.2164,65.4134,255.7971
159.3183,20.7245,63.4166,247.9888
157.5619,21.3099,63.4166,247.9888
157.9444,26.8513,61.4808,240.4189
159.4503,31.0883,59.6041,233.0800
161.1011,31.6386,59.6041,233.0800
166.0535,32.1888,59.6041,233.0800
170.8151,37.3971,57.7846,225.9652
171.1636,41.3794,56.0208,219.0675
169.6120,42.9309,56.0208,219.0675
167.8811,46.7917,54.3107,212.3804
161.3629,45.2875,54.3107,212.3804
160.6877,49.0304,52.6529,205.8974
158.2572,49.5165,52.6529,205.8974
155.8267,50.9747,52.6529,205.8974
156.3128,50.4886,52.6529,205.8974
156.9297,46.7123,54.3356,212.4779
157.4314,46.2107,54.3356,212.4779
159.0712,42.3137,56.0722,219.2687
157.6575,39.3274,57.8643,226.2766
157.1233,38.7932,57.8643,226.2766
158.8697,34.6431,59.7136,233.5083
172.8000,27.0527,61.6221,240.9713
174.3094,30.1616,59.7410,233.6156
177.9789,33.1757,57.9174,226.4844
179.5830,33.7104,57.9174,226.4844
187.4180,36.6324,56.1495,219.5709
188.9731,36.1141,56.1495,219.5709
193.4587,39.9837,54.4355,212.8684
196.9766,40.4862,54.4355,212.8684
197.3049,43.2326,52.7738,206.3705
194.6999,45.8952,51.1629,200.0710
190.4488,46.3675,51.1629,200.0710
191.9929,41.7534,52.7981,206.4653
193.5864,36.9917,54.4855,213.0639
202.2730,31.0719,56.2268,219.8734
204.8684,30.5528,56.2268,219.8734
204.3493,30.0337,56.2268,219.8734
206.9448,29.5146,56.2268,219.8734
212.4747,33.3896,54.5105,213.1617
215.8229,37.1462,52.8465,206.6549
223.2724,33.3560,54.5355,213.2596
221.7620,32.8525,54.5355,213.2596
221.2585,32.3491,54.5355,213.2596
222.9044,29.4447,56.2785,220.0753
227.4004,32.2840,54.5606,213.3575
228.9115,32.7877,54.5606,213.3575
238.3072,35.5404,52.8951,206.8447
234.8889,35.0521,52.8951,206.8447
234.4006,33.5871,52.8951,206.8447
234.8889,33.0988,52.8951,206.8447
232.4473,33.5871,52.8951,206.8447
229.0289,33.0988,52.8951,206.8447
222.6806,32.6104,52.8951,206.8447
216.3324,33.0988,52.8951,206.8447
213.7214,37.7208,51.2804,200.5307
209.2964,42.2017,49.7151,194.4094
203.3297,42.6606,49.7151,194.4094
198.2810,43.1196,49.7151,194.4094
200.5759,43.5786,49.7151,194.4094
199.9578,47.0048,48.1975,188.4750
195.9531,46.5598,48.1975,188.4750
191.9484,47.0048,48.1975,188.4750
197.7330,47.4497,48.1975,188.4750
195.5081,47.8947,48.1975,188.4750
188.8337,47.4497,48.1975,188.4750
186.7286,43.9929,49.7379,194.4987
190.0665,40.4257,51.3275,200.7148
187.6972,40.8995,51.3275,200.7148
183.4324,40.4257,51.3275,200.7148
182.9586,39.9518,51.3275,200.7148
181.5370,39.4779,51.3275,200.7148
180.2429,36.7444,52.9680,207.1297
188.5560,36.2554,52.9680,207.1297
182.3305,35.3904,54.6608,213.7496
175.9061,30.4608,56.4078,220.5810
176.2463,35.3898,54.6859,213.8477
191.7220,41.1780,53.0166,207.3199
187.3169,40.6885,53.0166,207.3199
186.6577,44.3422,51.3983,200.9914
186.9677,47.8844,49.8293,194.8561
186.5076,49.2645,49.8293,194.8561
188.8078,50.6446,49.8293,194.8561
189.1083,55.9187,48.3083,188.9081
186.1064,51.5620,49.8522,194.9456
186.5666,49.2608,49.8522,194.9456
191.6293,49.7211,49.8522,194.9456
193.9304,51.1018,49.8522,194.9456
196.9925,56.3783,48.3304,188.9948
200.1158,55.9322,48.3304,188.9948
199.6696,56.3783,48.3304,188.9948
198.3311,55.9322,48.3304,188.9948
198.8973,53.3582,49.8751,195.0350
201.1996,52.8978,49.8751,195.0350
202.7048,46.5580,51.4691,201.2684
205.8662,51.0553,49.8980,195.1246
203.4032,53.5728,48.3748,189.1684
198.3357,56.0134,46.8982,183.3939
195.1548,57.5136,45.4666,177.7958
194.7350,56.2543,45.4666,177.7958
191.7968,54.9951,45.4666,177.7958
190.6505,51.7342,46.9197,183.4781
191.2002,47.5027,48.4193,189.3421
190.7532,46.1617,48.4193,189.3421
190.3062,44.8206,48.4193,189.3421
188.9651,45.2676,48.4193,189.3421
189.4122,43.9266,48.4193,189.3421
188.9651,41.6916,48.4193,189.3421
189.4122,41.2446,48.4193,189.3421
189.8592,39.9035,48.4193,189.3421
190.3062,39.4565,48.4193,189.3421
190.7532,39.0095,48.4193,189.3421
195.6703,37.6685,48.4193,189.3421
196.1173,38.1155,48.4193,189.3421
197.4583,36.7745,48.4193,189.3421
200.5874,36.3275,48.4193,189.3421
207.1375,35.1942,46.9412,183.5624
210.2877,31.8275,48.4415,189.4290
213.5385,28.3533,49.9897,195.4832
221.5083,23.8449,51.5873,201.7308
233.5429,18.2400,53.2361,208.1781
237.9662,18.7314,53.2361,208.1781
247.1339,22.4003,51.6110,201.8234
254.1158,25.9571,50.0356,195.6627
259.1970,25.4952,50.0356,195.6627
257.0117,19.1350,51.6347,201.9161
254.6282,16.7515,51.6347,201.9161
253.1981,14.3680,51.6347,201.9161
254.4629,17.9265,50.0586,195.7525
256.6133,23.2249,48.5305,189.7771
258.9741,21.5364,50.0815,195.8424
257.5870,21.0740,50.0815,195.8424
258.1738,18.4068,51.6821,202.1015
257.6966,14.1126,51.6821,202.1015
258.3022,10.4059,53.3339,208.5607
262.8661,7.5655,55.0385,215.2263
265.4066,7.0574,55.0385,215.2263
266.0515,3.1100,56.7975,222.1049
268.6733,2.5856,56.7975,222.1049
271.2951,2.0612,56.7975,222.1049
270.7707,2.5856,56.7975,222.1049
270.2463,4.1587,56.7975,222.1049
270.5889,5.9755,55.0637,215.3251
269.9042,4.6868,53.3829,208.7522
268.4258,5.1796,53.3829,208.7522
265.1085,2.3366,55.0890,215.4240
262.7024,-0.5973,56.8497,222.3089
261.1279,-0.0725,56.8497,222.3089
260.6031,0.4524,56.8497,222.3089
259.0286,-0.0725,56.8497,222.3089
259.3714,-1.4030,55.1143,215.5229
258.6861,2.3953,53.4319,208.9440
260.9815,6.0776,51.8009,202.5659
261.4597,7.5123,51.8009,202.5659
260.9815,7.0341,51.8009,202.5659
247.9035,10.6040,50.2197,196.3825
244.7828,7.9294,51.8247,202.6589
239.5199,8.4079,51.8247,202.6589
232.1773,10.0656,50.2427,196.4726
230.9105,9.2452,51.8485,202.7519
225.7740,6.4839,53.5055,209.2319
210.4610,5.9899,53.5055,209.2319
197.2569,1.1645,55.2156,215.9189
182.6112,-3.8151,56.9803,222.8197
173.6684,-8.5495,56.9803,222.8197
163.8151,-12.6362,58.8014,229.9410
151.3294,-16.4362,58.8014,229.9410
137.7579,-16.9791,58.8014,229.9410
130.8469,-24.4536,60.6807,237.2899
114.7516,-24.3240,62.6200,244.8737
104.9237,-21.4334,62.6200,244.8737
102.0331,-27.7927,62.6200,244.8737
99.1426,-26.0583,62.6200,244.8737
94.0951,-29.3933,64.6213,252.6999
92.0985,-23.7467,62.6488,244.9861
89.2066,-18.5413,62.6488,244.9861
86.1142,-8.4400,60.7364,237.5078
85.7043,-12.7961,62.6775,245.0986
79.1386,6.5681,60.7643,237.6169
79.5050,26.4632,58.9094,230.3636
82.0357,30.5230,57.1112,223.3316
84.4892,36.5679,55.3679,216.5144
80.7338,42.4283,53.6777,209.9052
82.0486,51.0831,52.0392,203.4978
83.3233,52.7477,50.4507,197.2859
82.8575,53.2135,50.4507,197.2859
81.2987,57.6219,48.9107,191.2637
86.2657,56.2672,48.9107,191.2637
86.7173,56.7188,48.9107,191.2637
95.1401,54.6710,47.4177,185.4253
95.4260,56.1878,45.9702,179.7652
103.3424,57.6583,44.5670,174.2778
105.2570,59.9068,43.2065,168.9579
111.8997,61.2889,41.8876,163.8004
111.3789,63.4022,40.6090,158.8004
117.7523,58.5284,40.6090,158.8004
120.2466,59.8274,39.3694,153.9529
128.6062,56.5563,39.3694,153.9529
128.8436,57.8156,38.1676,149.2535
128.5861,55.7829,39.3875,154.0236
126.8658,54.4125,40.6463,158.9462
125.0905,51.4973,41.9454,164.0261
123.9288,51.1100,41.9454,164.0261
125.1947,46.5527,43.2859,169.2684
124.7951,46.9523,43.2859,169.2684
124.5030,44.6470,44.6694,174.6782
123.3768,42.2681,46.0970,180.2609
123.9168,38.9619,47.5703,186.0221
122.7175,36.4285,49.0906,191.9673
124.8264,37.0924,47.5921,186.1075
123.6265,35.4365,49.1131,192.0555
128.6140,34.9831,49.1131,192.0555
129.0675,34.5296,49.1131,192.0555
132.0841,37.0075,47.6139,186.1929
133.2504,40.2889,46.1605,180.5093
134.5289,40.7150,46.1605,180.5093
133.3651,38.2566,47.6358,186.2784
133.6524,45.9373,46.1817,180.5922
135.6363,48.2673,44.7720,175.0796
142.6630,45.3739,44.7720,175.0796
142.9330,47.6327,43.4053,169.7352
144.9366,44.0263,43.4053,169.7352
146.9402,43.6255,43.4053,169.7352
152.9510,38.4162,43.4053,169.7352
152.6581,36.1045,44.7925,175.1599
152.3559,33.7190,46.2241,180.7580
152.7826,32.4388,46.2241,180.7580
155.6218,44.1592,44.8131,175.2404
155.2081,43.7455,44.8131,175.2404
163.7527,46.8339,43.4452,169.8911
165.6191,51.4323,42.1190,164.7051
169.8964,48.7104,42.1190,164.7051
168.8345,46.4672,43.4651,169.9691
169.3437,42.5473,44.8543,175.4013
168.9296,42.1332,44.8543,175.4013
175.2525,39.7444,46.2878,181.0071
173.2308,37.2792,47.7672,186.7921
178.9637,41.2481,47.7672,186.7921
181.0157,44.5401,46.3091,181.0902
183.1533,44.1125,46.3091,181.0902
181.9858,40.7912,47.7891,186.8779
176.2503,42.1148,47.7891,186.8779
176.6915,40.7912,47.7891,186.8779
176.2503,42.1148,47.7891,186.8779
176.6915,40.7912,47.7891,186.8779
174.4855,38.5852,47.7891,186.8779
