0.19503
0.22463
0.057559
0.028199
0.036856
0.033696
0.026531
0.023828
0.022218
0.022991
0.022564
0.022974
0.022728
0.022798
0.023674
0.022939
0.022934
0.023023
0.02275
0.022995
0.023328
0.022659
0.022824
0.022346
0.022429
0.021574
0.022504
0.022108
0.022957
0.023026
0.021706
0.023067
0.022612
0.021991
0.022327
0.022351
0.022784
0.023016
0.02231
0.022873
0.02277
0.022075
0.023443
0.021832
0.022199
0.022332
0.021651
0.022939
0.021932
0.021688
0.021599
0.022837
0.021725
0.023014
0.02171
0.022782
0.023049
0.022632
0.021758
0.022922
0.022876
0.022973
0.02297
0.023175
0.022793
0.022444
0.023131
0.023248
0.022698
0.022615
0.023034
0.023241
0.022879
0.022963
0.023025
0.023079
0.022718
0.02301
0.021813
0.021741
0.022669
0.022513
0.023181
0.021832
0.023452
0.023939
0.024438
0.023195
0.022419
0.023172
0.022487
0.022675
0.022745
0.021782
0.021775
0.021813
0.021738
0.021352
0.021317
0.021035
0.021812
0.021608
0.022841
0.064621
0.02647
0.031336
0.025276
0.025365
0.025906
0.025949
0.024971
0.024555
0.023217
0.023215
0.024723
0.024655
0.024359
0.023435
0.023286
0.022751
0.021842
0.02257
0.021857
0.021885
0.023469
0.023237
0.024691
0.02516
0.025544
0.024658
0.025087
0.025081
0.02442
0.024501
0.026007
0.024502
0.02423
0.02431
0.023275
0.023479
0.022428
0.023271
0.023186
0.022633
0.022889
0.022658
0.022442
0.0232
0.021905
0.022906
0.023914
0.024238
0.023128
0.023149
0.024633
0.022454
0.02244
0.023175
0.023108
0.023153
0.023228
0.022204
0.022599
0.023342
0.024836
0.024125
0.023697
0.022913
0.023975
0.023985
0.023315
0.023708
0.022423
0.025409
0.023817
0.024851
0.025486
0.026093
0.025834
0.024462
0.024601
0.02476
0.02359
0.023458
0.023265
0.022693
0.023266
0.024709
0.024858
0.024926
0.026303
0.024998
0.023571
0.024715
0.026556
0.02514
0.025901
0.026574
0.025067
0.024392
0.024614
0.024799
0.025136
0.026017
0.026089
0.026187
0.025176
0.026051
0.025724
0.025633
0.026293
0.024392
0.026171
0.026124
0.024469
0.024455
0.025738
0.025463
0.024452
0.025956
0.025955
0.025969
0.023892
0.02497
0.025026
0.025972
0.024474
0.024467
0.024381
0.025868
0.026269
0.027035
0.027021
0.027027
0.026397
0.026266
0.024947
0.025109
0.025142
0.024135
0.02518
0.025506
0.025159
0.02524
0.026656
0.026443
0.025346
0.025195
0.025923
0.025194
0.025715
0.025919
0.026451
0.025295
0.025273
0.025216
0.025289
0.024061
0.025196
0.027461
0.027453
0.026263
0.025846
0.026633
0.026586
0.026622
0.026565
0.025336
0.025374
0.026567
0.026481
0.025464
0.025433
0.024803
0.026601
0.026605
0.024285
0.025489
0.024764
0.026671
0.025917
0.026772
0.027384
0.026247
0.025463
0.025502
0.025567
0.025486
0.024753
0.026653
0.026253
0.025984
0.0269
0.026377
0.026807
0.026658
0.027852
0.027849
0.027106
0.027216
0.027213
0.028299
0.027121
0.027898
0.027834
0.02843
0.027043
0.027135
0.027129
0.024636
0.02772
0.028954
0.028235
0.028326
0.028703
0.028428
0.030305
0.03046
0.027136
0.025356
0.027208
0.025396
0.028771
0.029599
0.02922
0.029426
0.027214
0.02772
0.027223
0.027266
0.028069
0.024606
0.024448
0.02698
0.027899
0.028983
0.028408
0.029554
0.026596
0.024991
0.025308
0.025069
0.027799
0.027328
0.025812
0.025191
0.024453
0.027907
0.026742
0.027359
0.026445
0.026729
0.026172
0.026906
0.026755
0.025112
0.027109
0.027726
0.02691
0.025229
0.027306
0.025887
0.026476
0.027397
0.025236
0.028387
0.027684
0.024967
0.024974
0.026691
0.026703
0.025916
0.027994
0.028
0.026602
0.026706
0.026706
0.027251
0.027996
0.027787
0.026991
0.026811
0.026657
0.026723
0.027005
0.02696
0.027021
0.026971
0.027023
0.026865
0.029197
0.02893
0.026019
0.025976
0.027139
0.025129
0.027038
0.025387
0.028572
0.029359
0.026636
0.026817
0.02706
0.028137
0.02474
0.024406
0.026683
0.027946
0.027105
0.027774
0.025174
0.02643
0.026719
0.025612
0.026939
0.027809
0.026766
0.025819
0.027379
0.027909
0.028433
0.025261
0.025847
0.026011
0.026948
0.026778
0.026092
0.026408
0.026152
0.025893
0.024293
0.026426
0.025828
0.023649
0.026918
0.027183
0.026365
0.027284
0.027087
0.027156
0.027659
0.02532
0.026057
0.025593
0.025865
0.025617
0.026761
0.026834
0.024836
0.025865
0.025785
0.024243
0.025265
0.025145
0.024455
0.024911
0.026517
0.024121
0.024679
0.025122
0.026232
0.024599
0.025016
0.025413
0.02513
0.024259
0.024409
0.023365
0.024234
0.024271
0.023451
0.026001
0.026302
0.025493
0.02564
0.025676
0.025453
0.026176
0.024678
0.025623
0.02315
0.02556
0.025091
0.024905
0.024085
0.024577
0.02551
0.024308
0.02581
0.025252
0.026812
0.02691
0.025419
0.02758
0.026639
0.026982
0.026115
0.025968
0.025548
0.026366
0.026471
0.023939
0.025464
0.026801
0.026684
0.026473
0.022721
0.025791
0.025072
0.026814
0.025503
0.026624
0.024973
0.025965
0.025068
0.024466
0.025945
0.025848
0.025159
0.024228
0.024297
0.023489
0.024218
0.023474
0.023012
0.023377
0.023112
0.02279
0.024063
0.0229
0.024857
0.025784
0.025509
0.025935
0.026263
0.02541
0.026047
0.026103
0.026071
0.024624
0.024645
0.024564
0.025629
0.025929
0.026094
0.025747
0.024691
0.026007
0.026372
0.025826
0.025802
0.027647
0.026468
0.026539
0.025189
0.026463
0.023955
0.026303
0.026512
0.025878
0.025774
0.025478
0.027139
0.028073
0.023855
0.023732
0.027102
0.025691
0.025023
0.024938
0.02396
0.027263
0.025936
0.026038
0.024651
0.027086
0.027212
0.026137
0.027339
0.027412
0.026144
0.027569
0.026158
0.02732
0.026711
0.0271
0.030196
0.030374
0.02938
0.029361
0.030883
0.030575
0.029411
0.028167
0.030052
0.03007
0.029148
0.030264
0.028823
0.030052
0.02971
0.028296
0.029111
0.028759
0.02789
0.026595
0.026476
0.027006
0.02525
0.026791
0.026607
0.02574
0.026643
0.026238
0.024658
0.025069
0.024536
0.026821
0.025586
0.026429
0.025794
0.027015
0.026086
0.026138
0.026258
0.025841
0.024941
0.026711
0.025173
0.026635
0.026557
0.025203
0.026711
0.02597
0.026893
0.024373
0.027149
0.02709
0.025181
0.024965
0.026823
0.024845
0.025515
0.025929
0.026361
0.024364
0.026292
0.025482
0.026028
0.026168
0.023733
0.025731
0.025575
0.026139
0.026507
0.025463
0.026334
0.024756
0.024902
0.023845
0.023172
