0.19397
0.21904
0.055435
0.028417
0.036235
0.031266
0.026072
0.021761
0.022123
0.021605
0.021673
0.021434
0.021615
0.020819
0.021145
0.020543
0.020635
0.020386
0.020614
0.020432
0.023294
0.020934
0.020593
0.020347
0.020592
0.020373
0.020531
0.020605
0.020736
0.020425
0.020565
0.020868
0.020971
0.020731
0.022461
0.021391
0.022167
0.022261
0.021345
0.021071
0.021916
0.021813
0.02242
0.021296
0.022423
0.021464
0.02129
0.021094
0.020362
0.02023
0.0204
0.020192
0.020395
0.020431
0.02048
0.020281
0.020326
0.020168
0.02035
0.020148
0.021227
0.020971
0.021262
0.021176
0.021206
0.021115
0.021234
0.020183
0.020465
0.021009
0.020327
0.020147
0.020294
0.020082
0.020459
0.020245
0.020551
0.020366
0.020273
0.020063
0.020229
0.019957
0.020191
0.019981
0.020375
0.020495
0.020302
0.020033
0.020234
0.020028
0.020301
0.020027
0.020487
0.020133
0.020605
0.020024
0.020238
0.020007
0.020177
0.020126
0.021043
0.020597
0.020636
0.020098
0.020262
0.020011
0.020293
0.02006
0.020207
0.020088
0.020357
0.02044
0.020783
0.020816
0.020521
0.020318
0.020501
0.020007
0.02021
0.020001
0.020272
0.020025
0.020297
0.020141
0.020195
0.020694
0.020856
0.020539
0.020687
0.020523
0.020775
0.020446
0.020679
0.020287
0.020426
0.020022
0.020355
0.020019
0.020167
0.020006
0.020246
0.020303
0.020569
0.020034
0.020414
0.02025
0.020309
0.020087
0.020178
0.020038
0.020193
0.020026
0.020402
0.020231
0.020271
0.019972
0.02102
0.020706
0.020868
0.020584
0.020743
0.020515
0.020837
0.020719
0.020946
0.020099
0.020171
0.020033
0.020801
0.02035
0.020224
0.020057
0.020224
0.019995
0.020253
0.019989
0.020224
0.020459
0.020322
0.02054
0.020381
0.020003
0.02171
0.021403
0.021823
0.020856
0.021126
0.020741
0.021471
0.020764
0.021018
0.021308
0.021661
0.021273
0.020903
0.020809
0.020917
0.020798
0.021487
0.020864
0.021915
0.021349
0.021098
0.020826
0.021124
0.021384
0.021655
0.02139
0.021685
0.021004
0.021675
0.023454
0.022544
0.022614
0.02268
0.022844
0.022911
0.021716
0.022508
0.022754
0.022987
0.022572
0.023084
0.021974
0.023119
0.022929
0.023085
0.022941
0.023045
0.022423
0.023129
0.022999
0.023089
0.022516
0.023118
0.022938
0.023294
0.023015
0.022748
0.022746
0.023186
0.022979
0.024116
0.024118
0.023695
0.024172
0.024269
0.023737
0.023438
0.023683
0.023839
