0.20984
0.23322
0.068927
0.03901
0.04898
0.046111
0.039279
0.035625
0.03537
0.036036
0.036866
0.035912
0.036327
0.036354
0.036934
0.035759
0.035692
0.035612
0.035345
0.035139
0.03521
0.035803
0.035288
0.035757
0.03577
0.033967
0.034051
0.034155
0.033882
0.033559
0.033534
0.033749
0.033512
0.033852
0.033607
0.033649
0.033617
0.03388
0.033454
0.032451
0.032999
0.032712
0.033069
0.032669
0.032884
0.032276
0.032092
0.032631
0.032164
0.03229
0.032295
0.032143
0.032195
0.032468
0.032171
0.032228
0.032266
0.032238
0.032111
0.032056
0.031928
0.032158
0.031977
0.032404
0.03193
0.032094
0.031714
0.032189
0.031972
0.032258
0.031899
0.032167
0.032064
0.032109
0.03203
0.032149
0.032094
0.031983
0.03202
0.031972
0.031894
0.031949
0.031796
0.031968
0.031993
0.032043
0.031913
0.032007
0.031905
0.032098
0.031954
0.031937
0.032068
0.032019
0.031993
0.032171
0.031794
0.032084
0.031899
0.032037
0.032576
0.032672
0.031863
0.032093
0.031913
0.032139
0.031919
0.032117
0.03199
0.032088
0.03189
0.032304
0.032513
0.03227
0.031934
0.032242
0.031946
0.032032
0.031937
0.032086
0.032018
0.032027
0.031906
0.03207
0.032416
0.0326
0.032367
0.032469
0.032494
0.032491
0.032197
0.03197
0.031814
0.031975
0.031865
0.031981
0.031839
0.031914
0.030682
0.031915
0.031766
0.031777
0.032526
0.032666
0.032473
0.032506
0.032489
