1
284.8827,251.7709,43.8299,43.4276
285.3980,252.9733,43.8299,43.4276
287.6309,254.1756,43.8299,43.4276
286.4286,254.0038,43.8299,43.4276
286.2568,257.2674,43.8299,43.4276
286.0850,257.4392,43.8299,43.4276
286.2568,260.3592,43.8299,43.4276
285.7415,262.5922,43.8299,43.4276
284.8827,264.1381,43.8299,43.4276
281.6191,266.0275,43.8299,43.4276
279.7297,264.1381,43.8299,43.4276
279.2144,266.7146,43.8299,43.4276
278.6991,268.2605,43.8299,43.4276
278.5273,269.1193,43.8299,43.4276
278.0120,269.9781,43.8299,43.4276
278.5273,270.8369,43.8299,43.4276
279.0426,271.0087,43.8299,43.4276
278.1838,271.1805,43.8299,43.4276
278.6991,274.4441,43.8299,43.4276
279.2144,274.6158,43.8299,43.4276
279.3861,273.4135,43.8299,43.4276
279.5579,272.2111,43.8299,43.4276
279.3861,272.7264,43.8299,43.4276
279.5579,272.8982,43.8299,43.4276
279.0426,270.6652,43.8299,43.4276
277.8402,273.2417,43.8299,43.4276
276.6379,273.0699,43.8299,43.4276
275.7657,273.5783,45.2307,44.8156
276.6520,273.0465,45.2307,44.8156
274.7022,273.2238,45.2307,44.8156
276.6520,278.3642,45.2307,44.8156
274.7022,279.2505,45.2307,44.8156
274.1704,277.6552,45.2307,44.8156
274.7022,279.9595,45.2307,44.8156
274.5249,278.7188,45.2307,44.8156
275.0567,279.6050,45.2307,44.8156
274.8794,281.2003,45.2307,44.8156
276.1202,276.7689,45.2307,44.8156
274.5249,277.3007,45.2307,44.8156
276.4747,277.1234,45.2307,44.8156
277.0065,276.9462,45.2307,44.8156
275.0567,274.6418,45.2307,44.8156
275.5885,273.0465,45.2307,44.8156
274.7022,271.0967,45.2307,44.8156
275.2339,271.6285,45.2307,44.8156
272.2206,269.6787,45.2307,44.8156
271.6888,269.8559,45.2307,44.8156
270.4480,269.6787,45.2307,44.8156
270.6253,270.9195,45.2307,44.8156
271.1570,272.1602,45.2307,44.8156
270.6253,270.9195,45.2307,44.8156
270.4480,271.4512,45.2307,44.8156
269.9163,271.2740,45.2307,44.8156
268.3210,271.4512,45.2307,44.8156
268.4982,271.2740,45.2307,44.8156
267.9665,270.7422,45.2307,44.8156
266.0166,271.6285,45.2307,44.8156
265.1303,271.8058,45.2307,44.8156
264.5986,271.6285,45.2307,44.8156
264.7758,271.4512,45.2307,44.8156
263.8896,271.6285,45.2307,44.8156
258.3946,271.8058,45.2307,44.8156
258.2174,272.3375,45.2307,44.8156
258.0401,272.1602,45.2307,44.8156
256.4448,272.3375,45.2307,44.8156
255.5585,273.5783,45.2307,44.8156
254.3177,273.0465,45.2307,44.8156
249.1773,273.5783,45.2307,44.8156
246.8592,271.2668,46.6763,46.2479
245.9446,271.8156,46.6763,46.2479
245.0300,270.5352,46.6763,46.2479
243.0179,269.9864,46.6763,46.2479
242.1033,270.5352,46.6763,46.2479
241.5545,269.9864,46.6763,46.2479
239.1765,269.0718,46.6763,46.2479
239.3595,270.7181,46.6763,46.2479
239.5424,269.4377,46.6763,46.2479
242.2862,271.8156,46.6763,46.2479
245.0300,274.1936,46.6763,46.2479
245.9446,272.9131,46.6763,46.2479
245.7617,271.6327,46.6763,46.2479
247.4080,272.1815,46.6763,46.2479
247.2251,272.3644,46.6763,46.2479
248.5055,274.0107,46.6763,46.2479
248.6884,273.8278,46.6763,46.2479
249.6030,274.0107,46.6763,46.2479
247.5909,273.0961,46.6763,46.2479
247.0421,274.3765,46.6763,46.2479
246.8592,273.0961,46.6763,46.2479
246.3105,273.2790,46.6763,46.2479
245.3958,273.4619,46.6763,46.2479
244.8471,273.2790,46.6763,46.2479
244.6642,273.0961,46.6763,46.2479
243.7496,273.2790,46.6763,46.2479
242.1033,271.9985,46.6763,46.2479
240.8228,270.3522,46.6763,46.2479
239.5424,268.7060,46.6763,46.2479
238.2619,265.5963,46.6763,46.2479
235.1523,269.8035,46.6763,46.2479
237.1644,271.0839,46.6763,46.2479
245.7424,289.5331,45.2515,44.8362
261.1708,309.5723,45.2515,44.8362
278.0178,317.9071,45.2515,44.8362
297.3289,329.0544,43.8702,43.4675
317.0868,338.8471,45.2723,44.8567
345.2964,339.7342,45.2723,44.8567
355.7642,332.1052,45.2723,44.8567
356.6512,334.4117,45.2723,44.8567
359.6674,334.2343,45.2723,44.8567
362.6835,328.3794,45.2723,44.8567
367.4738,319.3311,45.2723,44.8567
370.4899,320.9278,45.2723,44.8567
372.4415,322.5246,45.2723,44.8567
368.0060,319.1536,45.2723,44.8567
364.9899,322.1698,45.2723,44.8567
366.2318,324.1214,45.2723,44.8567
363.9254,326.0730,45.2723,44.8567
361.2641,326.9601,45.2723,44.8567
358.9577,328.2020,45.2723,44.8567
359.1351,328.0246,45.2723,44.8567
355.7504,329.6142,46.7192,46.2904
350.4408,329.7973,46.7192,46.2904
350.6046,330.3207,45.2931,44.8773
342.9533,327.9882,43.9105,43.5074
336.9305,323.3419,43.9105,43.5074
332.2843,319.7282,43.9105,43.5074
332.8005,322.3094,43.9105,43.5074
335.3817,324.5465,43.9105,43.5074
333.1447,324.0303,43.9105,43.5074
329.5309,322.4815,43.9105,43.5074
330.3914,321.9653,43.9105,43.5074
329.8751,322.1374,43.9105,43.5074
331.0797,321.6211,43.9105,43.5074
330.5634,318.6957,43.9105,43.5074
324.5406,311.6404,43.9105,43.5074
320.9268,310.0916,43.9105,43.5074
320.7548,312.6729,43.9105,43.5074
317.1411,318.3516,43.9105,43.5074
305.9424,322.3026,45.3139,44.8979
301.5028,323.5456,45.3139,44.8979
302.3907,323.3680,45.3139,44.8979
303.9890,323.5456,45.3139,44.8979
303.8114,323.7232,45.3139,44.8979
303.6338,321.7698,45.3139,44.8979
305.9424,318.0406,45.3139,44.8979
307.1854,312.5356,45.3139,44.8979
308.7837,309.1615,45.3139,44.8979
307.1716,305.0700,46.7621,46.3329
310.2870,299.0225,46.7621,46.3329
312.3028,297.0067,46.7621,46.3329
312.8526,296.0904,46.7621,46.3329
313.0359,296.6401,46.7621,46.3329
314.6852,297.5564,46.7621,46.3329
314.1354,298.4727,46.7621,46.3329
314.3187,294.6243,46.7621,46.3329
317.4198,292.2346,48.2566,47.8137
317.9872,289.3979,48.2566,47.8137
318.5545,288.4523,48.2566,47.8137
320.2565,285.6156,48.2566,47.8137
319.6892,283.9135,48.2566,47.8137
321.0130,279.1857,48.2566,47.8137
321.5803,277.8619,48.2566,47.8137
321.7694,276.9163,48.2566,47.8137
321.9586,277.1054,48.2566,47.8137
321.7694,276.5381,48.2566,47.8137
323.0932,274.4579,48.2566,47.8137
324.7953,273.5123,48.2566,47.8137
325.7408,271.8102,48.2566,47.8137
328.5775,270.8647,48.2566,47.8137
331.0360,271.4320,48.2566,47.8137
329.3340,272.3776,48.2566,47.8137
329.9014,272.9449,48.2566,47.8137
330.0905,273.5123,48.2566,47.8137
330.2796,271.8102,48.2566,47.8137
330.4687,270.4865,48.2566,47.8137
330.6578,268.4062,48.2566,47.8137
330.4687,267.0824,48.2566,47.8137
330.2796,261.9763,48.2566,47.8137
331.9816,256.4920,48.2566,47.8137
333.3054,253.2771,48.2566,47.8137
333.4945,251.5750,48.2566,47.8137
335.9530,248.7383,48.2566,47.8137
338.7897,246.2798,48.2566,47.8137
342.0047,246.8472,48.2566,47.8137
342.9502,247.4145,48.2566,47.8137
346.5434,247.6036,48.2566,47.8137
349.0019,247.0363,48.2566,47.8137
350.7039,247.2254,48.2566,47.8137
351.2713,247.0363,48.2566,47.8137
350.3257,248.3601,48.2566,47.8137
351.2713,245.9016,48.2566,47.8137
353.3515,245.7125,48.2566,47.8137
352.4059,247.0363,48.2566,47.8137
354.1080,246.4689,48.2566,47.8137
354.6606,245.8940,49.7989,49.3418
356.0116,244.5200,51.3905,50.9188
357.4001,243.4846,49.8217,49.3644
360.3289,243.6799,49.8217,49.3644
359.7431,244.2656,49.8217,49.3644
359.5479,243.6799,49.8217,49.3644
360.1336,244.2656,49.8217,49.3644
359.5479,241.7274,49.8217,49.3644
359.7279,239.9623,51.4140,50.9421
360.7354,238.5519,51.4140,50.9421
361.3398,237.5445,51.4140,50.9421
361.5201,240.1354,49.8446,49.3871
362.4968,243.8468,49.8446,49.3871
361.9108,244.4328,49.8446,49.3871
358.9807,246.9722,49.8446,49.3871
356.0507,250.2929,49.8446,49.3871
356.6367,250.0976,49.8446,49.3871
354.0767,253.7814,48.3231,47.8796
349.3423,253.5921,48.3231,47.8796
349.5317,250.7514,48.3231,47.8796
349.3423,248.2896,48.3231,47.8796
348.7742,244.6914,48.3231,47.8796
347.8273,244.5021,48.3231,47.8796
346.5017,245.0702,48.3231,47.8796
344.0398,246.3958,48.3231,47.8796
339.6842,245.4489,48.3231,47.8796
337.9798,243.7446,48.3231,47.8796
335.8767,243.5285,46.8480,46.4180
334.5916,242.9777,46.8480,46.4180
333.6736,241.6925,46.8480,46.4180
332.0213,242.2433,46.8480,46.4180
332.2049,240.5910,46.8480,46.4180
333.1228,241.5089,46.8480,46.4180
332.5721,240.9581,46.8480,46.4180
332.0070,238.5640,48.3453,47.9015
332.5754,236.1010,48.3453,47.9015
333.5227,232.8802,48.3453,47.9015
334.4700,232.3118,48.3453,47.9015
335.0384,230.6066,48.3453,47.9015
335.2279,229.6593,48.3453,47.9015
335.0237,228.3255,49.8904,49.4325
335.6102,228.5210,49.8904,49.4325
336.1762,229.0800,48.3675,47.9235
336.7448,228.8904,48.3675,47.9235
338.0517,230.5696,46.8910,46.4606
337.1186,230.0109,48.3897,47.9455
337.6875,227.1664,48.3897,47.9455
338.2564,223.9426,48.3897,47.9455
339.5839,222.6151,48.3897,47.9455
339.0150,220.5291,48.3897,47.9455
339.9631,220.3395,48.3897,47.9455
339.7735,220.1498,48.3897,47.9455
339.9631,219.5809,48.3897,47.9455
340.1328,218.2267,46.9126,46.4820
340.3167,217.6752,46.9126,46.4820
340.8682,217.1236,46.9126,46.4820
341.0520,216.9398,46.9126,46.4820
341.2359,216.0206,46.9126,46.4820
341.7874,215.4690,46.9126,46.4820
342.3390,215.6529,46.9126,46.4820
344.3613,215.4690,46.9126,46.4820
343.7955,217.4839,48.4119,47.9675
351.1946,218.4326,48.4119,47.9675
354.4199,219.7606,48.4119,47.9675
353.0919,224.8831,48.4119,47.9675
350.2460,233.4207,48.4119,47.9675
350.0563,233.6104,48.4119,47.9675
346.8310,236.4562,48.4119,47.9675
341.3291,239.3021,48.4119,47.9675
339.2421,239.1123,48.4119,47.9675
340.5702,238.5432,48.4119,47.9675
340.7452,237.5869,49.9591,49.5006
340.1426,239.7327,51.5558,51.0826
341.1528,240.3388,51.5558,51.0826
340.9508,241.7531,51.5558,51.0826
340.7487,239.9348,51.5558,51.0826
340.9508,240.1368,51.5558,51.0826
341.1528,241.1470,51.5558,51.0826
340.1269,241.3409,53.2036,52.7152
339.0844,241.5494,53.2036,52.7152
338.4427,239.6645,54.9039,54.4000
340.8095,237.7281,54.9039,54.4000
340.1473,235.7829,56.6587,56.1386
340.8134,235.1168,56.6587,56.1386
341.9237,234.0066,56.6587,56.1386
342.5898,233.3405,56.6587,56.1386
343.7000,233.5625,56.6587,56.1386
346.1425,233.3405,56.6587,56.1386
349.4497,233.9753,54.9292,54.4250
351.3870,234.1905,54.9292,54.4250
354.1628,234.8059,53.2524,52.7636
354.7668,235.8199,51.6269,51.1530
356.5877,236.0222,51.6269,51.1530
356.7901,237.0339,51.6269,51.1530
358.2063,237.2362,51.6269,51.1530
358.8133,238.2478,51.6269,51.1530
361.4435,238.8548,51.6269,51.1530
362.0504,239.0571,51.6269,51.1530
362.2314,239.6355,50.0510,49.5915
364.3738,241.0006,51.6506,51.1765
366.1798,242.4094,53.3013,52.8121
368.4776,240.9472,53.3013,52.8121
371.5888,237.3667,51.6743,51.2000
377.0352,238.7556,50.0969,49.6371
376.0536,238.5593,50.0969,49.6371
376.2499,237.5777,50.0969,49.6371
379.1741,237.7463,48.5677,48.1219
382.0090,237.9098,47.0852,46.6530
380.7173,238.0943,47.0852,46.6530
382.3781,238.2788,47.0852,46.6530
382.5626,236.9872,47.0852,46.6530
383.4658,236.7766,45.6479,45.2289
383.6447,235.1666,45.6479,45.2289
382.7313,235.3202,44.2544,43.8483
382.5579,236.1874,44.2544,43.8483
379.9565,235.6671,44.2544,43.8483
380.1164,234.7930,45.6688,45.2496
379.2027,237.8102,44.2748,43.8684
379.7232,237.9837,44.2748,43.8684
379.5497,238.1572,44.2748,43.8684
380.7460,236.5712,42.9233,42.5293
380.9142,237.0758,42.9233,42.5293
379.7367,237.5804,42.9233,42.5293
380.2413,239.0944,42.9233,42.5293
380.4095,238.2533,42.9233,42.5293
379.8918,238.7512,44.2951,43.8885
380.4126,236.1473,44.2951,43.8885
380.5728,235.9668,45.7108,45.2912
380.3936,233.6380,45.7108,45.2912
379.8423,233.8099,47.1717,46.7387
380.0077,233.2292,45.7317,45.3120
381.2622,229.8241,45.7317,45.3120
380.0077,229.6448,45.7317,45.3120
365.4909,236.9928,45.7317,45.3120
360.2935,238.9642,45.7317,45.3120
357.9637,238.7850,45.7317,45.3120
357.0487,238.2221,44.3358,43.9288
356.8749,238.0483,44.3358,43.9288
356.7012,238.2221,44.3358,43.9288
356.5274,239.0908,44.3358,43.9288
356.3537,239.2646,44.3358,43.9288
356.1616,238.0238,42.9824,42.5879
355.9932,238.5291,42.9824,42.5879
354.8141,237.6869,42.9824,42.5879
354.3087,236.5078,42.9824,42.5879
355.4878,236.3394,42.9824,42.5879
