0.19189
0.22153
0.056789
0.029757
0.035528
0.032485
0.026494
0.022908
0.023062
0.02194
0.021979
0.021876
0.021852
0.021673
0.02229
0.021848
0.022216
0.021475
0.021571
0.021475
0.021955
0.021716
0.021465
0.021544
0.021541
0.021403
0.021377
0.021686
0.021429
0.021472
0.021501
0.021918
0.021899
0.021801
0.02139
0.021396
0.021538
0.021808
0.021379
0.0214
0.022058
0.022008
0.022486
0.021536
0.022207
0.021473
0.021468
0.021334
0.021335
0.021341
0.021358
0.02135
0.021393
0.02144
0.021327
0.021286
0.02135
0.021317
0.021303
0.021357
0.021314
0.021329
0.021407
0.021712
0.021283
0.021376
0.021377
0.021295
0.021299
0.021262
0.021457
0.021564
0.021221
0.021298
0.021323
0.02148
0.021334
0.021253
0.02118
0.021053
0.021068
0.021053
0.021152
0.021294
0.021217
0.021769
0.021245
0.021162
0.02121
0.02124
0.021245
0.021256
0.021599
0.021207
0.02123
0.021174
0.021212
0.021404
0.021147
0.021039
0.021907
0.021841
0.02172
0.021085
0.021282
0.021926
0.021204
0.021123
0.021146
0.021103
0.021321
0.021626
0.022044
0.021858
0.021606
0.021779
0.021448
0.021253
0.021173
0.02127
0.021114
0.021191
0.021139
0.021107
0.021601
0.021842
0.022332
0.021906
0.02194
0.02191
0.021982
0.021899
0.021826
0.021307
0.021266
0.021047
0.021048
0.020879
0.020947
0.02103
0.020986
0.021082
0.021141
0.021112
0.021128
0.021055
0.021114
0.021035
0.020992
0.02126
0.020938
0.021013
0.021056
0.021072
0.021099
0.020961
0.021068
0.021289
0.021049
0.021077
0.021108
0.021115
0.021076
0.021061
0.020891
0.020985
0.020985
0.021115
0.022034
0.021715
0.021746
0.021577
0.021603
0.02159
0.021595
0.021462
0.02159
0.021457
0.021031
0.021354
0.02117
0.021092
0.021145
0.021049
0.021209
0.021237
0.02117
0.021119
0.021129
0.021106
0.021092
0.020909
0.021014
0.021102
0.021096
0.021194
0.021149
0.021388
0.021594
0.021112
0.021388
0.02108
0.021109
0.021128
0.021186
0.021108
0.021123
0.021058
0.02115
0.021105
0.021035
0.021143
0.021089
0.021159
0.021101
0.021168
0.021178
0.021126
0.021147
0.021083
0.021114
0.021107
0.021242
0.021133
0.02128
0.021111
0.021191
0.021063
0.021069
0.021026
0.021476
0.021013
0.021169
0.021076
0.019818
0.021156
0.021226
0.021183
0.021372
0.021323
0.021296
0.021471
0.021292
0.021253
0.021178
0.021225
0.021255
0.02121
0.021168
0.021258
0.02181
0.02191
0.021893
0.021846
0.021385
0.021151
0.021152
0.021254
0.02122
0.021277
0.021283
0.021387
0.021291
0.021338
0.021362
0.021421
0.021269
0.021412
0.021472
0.021396
0.021358
0.02147
0.021341
0.021394
0.021488
0.021436
0.021553
0.021448
0.021586
0.021553
0.021305
0.021244
0.021378
0.021182
0.021338
0.021278
0.021254
0.021347
0.021393
0.021407
0.021693
0.021438
0.021323
0.02131
0.021237
0.021434
0.021409
0.021422
0.021359
0.021407
0.021374
0.021303
0.02123
0.02137
0.021391
0.021348
0.021346
0.021367
0.021253
0.021313
0.021207
0.021244
0.021283
0.021178
0.021209
0.021285
0.021507
0.02132
0.021331
0.021443
0.021483
0.021323
0.02135
0.021188
0.021324
0.021245
0.021253
0.0211
0.021282
0.021294
0.021203
0.021236
0.021193
0.021389
0.021748
0.021949
0.02162
0.02164
0.021811
0.021326
0.021275
