0.20768
0.21914
0.060638
0.03236
0.042127
0.037581
0.03156
0.028232
0.026814
0.026632
0.026533
0.026051
0.025501
0.024489
0.025024
0.024387
0.024492
0.024307
0.023516
0.024684
0.02409
0.023182
0.022714
0.024286
0.022578
0.022712
0.022888
0.022827
0.022542
0.022438
0.022388
0.023154
0.02284
0.022797
0.022769
0.022779
0.022822
0.022964
0.022475
0.023532
0.023163
0.023036
0.023656
0.02261
0.023509
0.022496
0.023697
0.024063
0.024413
0.023295
0.024125
0.023958
0.023995
0.024207
0.023444
0.024159
0.024011
0.023884
0.025451
0.025441
0.025546
0.025435
0.025582
0.025661
0.024971
0.02485
0.024857
0.02484
0.024954
0.025824
0.025449
0.025399
0.024022
0.024901
0.024051
0.024223
0.025668
0.024679
0.023975
0.025078
0.024044
0.024714
0.024834
0.024704
0.02482
0.023812
0.024776
0.024295
0.024172
0.024218
0.02552
0.024469
0.025243
0.023671
0.024983
0.024335
0.024137
0.023592
0.023945
0.02463
0.024906
0.025162
0.025849
0.024656
0.024359
0.024567
0.024838
0.024402
0.024383
0.024858
0.02428
0.024392
0.026529
0.024203
0.023729
0.02525
0.023624
0.023752
0.024593
0.024022
0.024917
0.02516
0.024318
0.025169
0.02372
0.025212
0.025062
0.025007
0.024987
0.025122
0.025129
0.024387
0.024005
0.023688
0.022754
0.022646
0.022746
0.022706
0.022732
0.022678
0.022905
0.023489
0.022586
0.022602
0.021776
0.021729
0.022098
0.021862
0.021795
0.021746
0.021907
