0.19321
0.22242
0.05622
0.029004
0.038103
0.033134
0.026717
0.022996
0.023213
0.022619
0.022573
0.063705
0.023874
0.0224
0.022936
0.022351
0.022504
0.022275
0.022267
0.022255
0.022423
0.022447
0.02221
0.022424
0.022312
0.022239
0.022283
0.022353
0.022436
0.022265
0.02226
0.022694
0.022462
0.022507
0.022283
0.022262
0.022277
0.022409
0.022216
0.022362
0.022972
0.02267
0.023259
0.022322
0.022787
0.022781
0.027725
0.022226
0.02215
0.022268
0.022183
0.022145
0.022175
0.022271
0.022368
0.022171
0.022112
0.022267
0.022189
0.022137
0.022241
0.022171
0.022318
0.022399
0.022282
0.022179
0.022268
0.022241
0.02223
0.022293
0.022243
0.022211
0.022165
0.02224
0.022211
0.022367
0.02219
0.022145
0.022164
0.02219
0.022173
0.02242
0.022292
0.022135
0.02217
0.022315
0.022223
0.022152
0.022251
0.022656
0.02246
0.02223
0.022384
0.022347
0.03178
0.025713
0.02239
0.022241
0.022149
0.022198
0.022722
0.022781
0.022533
0.022326
0.022248
0.022377
0.022277
0.022232
0.022234
0.022225
0.022252
0.022654
0.022872
0.023137
0.022591
0.022662
0.022379
0.022254
0.022257
0.022233
0.022205
0.033439
0.024772
0.024673
0.022427
0.022806
0.023435
0.022773
0.023041
0.022782
0.022846
0.025058
0.024056
0.023974
0.023992
0.024058
0.024013
0.024045
0.025051
0.024549
0.024519
0.024498
0.025036
0.025322
0.025179
0.024767
0.024768
0.024775
0.024669
0.025327
0.024726
0.025301
0.024995
0.024664
0.024683
0.024627
0.024725
0.024523
