0.0149
0.0189
0.0189
0.0189
0.0189
0.0180
0.0189
0.0189
0.0190
0.0190
0.0189
0.0190
0.0189
0.0189
0.0189
0.0189
0.0190
0.0189
0.0190
0.0189
0.0189
0.0189
0.0179
0.0189
0.0189
0.0180
0.0189
0.0190
0.0259
0.0189
0.0189
0.0189
0.0190
0.0180
0.0189
0.0190
0.0180
0.0189
0.0189
0.0180
0.0180
0.0180
0.0190
0.0180
0.0179
0.0189
0.0189
0.0189
0.0189
0.0189
0.0180
0.0199
0.0209
0.0209
0.0210
0.0219
0.0209
0.0219
0.0219
0.0269
0.0219
0.0209
0.0210
0.0219
0.0219
0.0219
0.0209
0.0219
0.0219
0.0220
0.0250
0.0219
NaN
NaN
NaN
NaN
0.0160
0.0309
0.0299
0.0299
0.0309
0.0399
0.0309
0.0309
0.0309
0.0309
0.0309
0.0309
0.0309
0.0309
0.0299
0.0309
0.0309
0.0319
0.0309
0.0349
0.0299
0.0289
0.0369
0.0279
0.0279
0.0269
0.0279
0.0279
0.0259
0.0269
0.0269
0.0259
0.0269
0.0259
0.0249
0.0399
0.0249
0.0239
0.0249
0.0249
0.0249
0.0249
0.0259
0.0249
0.0259
0.0259
0.0259
0.0259
0.0259
0.0259
0.0260
0.0249
0.0259
NaN
NaN