1
445.3524,339.7935,38.9171,36.7889
443.1172,339.3465,38.9171,36.7889
442.6702,338.8994,38.9171,36.7889
442.5212,339.0485,38.9171,36.7889
441.7503,338.3116,40.1609,37.9647
441.9041,337.8502,40.1609,37.9647
442.0578,337.6964,40.1609,37.9647
440.3663,337.5427,40.1609,37.9647
439.8783,336.7822,41.4445,39.1780
437.4980,336.6235,41.4445,39.1780
435.4350,335.5127,41.4445,39.1780
435.2763,335.3540,41.4445,39.1780
432.8959,335.1953,41.4445,39.1780
429.5634,334.0845,41.4445,39.1780
428.1330,327.2240,40.1794,37.9821
425.5155,331.9576,38.9529,36.8227
425.0660,334.7568,37.7638,35.6987
426.3654,335.1571,36.6111,34.6089
427.0643,326.5734,35.4935,33.5525
425.2740,331.3375,36.6279,34.6248
422.0240,331.2050,37.7985,35.7314
419.8279,329.3314,39.0065,36.8734
416.9643,327.9954,40.2532,38.0519
416.7834,327.2332,41.5397,39.2680
415.3243,325.4923,42.8673,40.5230
415.1602,323.0302,42.8673,40.5230
417.6223,322.5378,42.8673,40.5230
421.3975,320.4040,42.8673,40.5230
424.5161,318.9268,42.8673,40.5230
424.6802,319.4192,42.8673,40.5230
428.0986,317.9509,44.2373,41.8181
432.3332,316.7653,44.2373,41.8181
436.2291,315.9183,44.2373,41.8181
439.1086,315.4102,44.2373,41.8181
441.6494,314.5633,44.2373,41.8181
441.4799,314.7326,44.2373,41.8181
444.0207,312.5307,44.2373,41.8181
446.8709,311.6930,45.6512,43.1547
447.0432,313.5753,44.2576,41.8373
448.9049,301.1653,42.9067,40.5602
452.0241,304.2487,41.5969,39.3221
452.4998,304.6895,40.3272,38.1218
466.5491,297.0876,39.0962,36.9581
464.5771,304.7304,40.3457,38.1393
464.7047,303.6574,41.6351,39.3582
467.0684,300.6372,42.9658,40.6161
469.1786,297.8495,44.3390,41.9142
468.9793,296.6703,45.7561,43.2538
471.2569,293.6920,45.7561,43.2538
472.4833,290.0128,45.7561,43.2538
474.0601,285.2824,45.7561,43.2538
474.5857,281.2528,45.7561,43.2538
476.1625,276.5225,45.7561,43.2538
475.6369,276.6977,45.7561,43.2538
474.3801,271.2761,47.2184,44.6362
472.3913,265.3098,47.2184,44.6362
469.6794,260.0666,47.2184,44.6362
468.0522,256.6314,47.2184,44.6362
466.7866,251.3883,47.2184,44.6362
467.3290,251.2075,47.2184,44.6362
466.0634,246.3259,47.2184,44.6362
465.8512,242.5391,48.7275,46.0628
467.5304,237.5015,48.7275,46.0628
468.4633,233.9566,48.7275,46.0628
468.6499,230.4116,48.7275,46.0628
469.2096,230.5982,48.7275,46.0628
466.7841,226.3069,48.7275,46.0628
463.6123,223.8814,48.7275,46.0628
460.8137,220.3365,48.7275,46.0628
458.3882,218.2841,48.7275,46.0628
455.9303,215.8689,50.2848,47.5349
455.3527,215.2912,50.2848,47.5349
454.7751,212.7882,50.2848,47.5349
455.7378,212.2106,50.2848,47.5349
457.4706,212.0181,50.2848,47.5349
461.1289,211.8255,50.2848,47.5349
469.0230,212.0181,50.2848,47.5349
468.4120,212.2211,51.8919,49.0542
479.7375,213.2146,51.8919,49.0542
492.6526,215.4002,51.8919,49.0542
504.7384,217.9941,53.5504,50.6219
520.5267,221.4799,53.5504,50.6219
536.3151,225.7858,53.5504,50.6219
536.1100,225.9908,53.5504,50.6219
547.7975,231.1169,53.5504,50.6219
556.2043,236.2430,53.5504,50.6219
561.3304,241.3691,53.5504,50.6219
563.1758,247.7254,53.5504,50.6219
566.2514,254.4919,53.5504,50.6219
566.4565,254.2868,53.5504,50.6219
573.2229,260.6432,53.5504,50.6219
581.6296,268.2298,53.5504,50.6219
590.0009,274.1873,55.2619,52.2398
596.9836,280.3236,55.2619,52.2398
601.8136,285.6251,57.0281,53.9094
602.0320,285.4067,57.0281,53.9094
605.7441,291.3024,57.0281,53.9094
612.0765,296.3247,57.0281,53.9094
616.2253,299.6001,57.0281,53.9094
619.9374,301.5653,57.0281,53.9094
620.5895,303.9166,55.2873,52.2638
619.9543,303.7049,55.2873,52.2638
635.4051,292.8595,53.5996,50.6684
634.7538,293.0759,55.3126,52.2878
629.8826,309.3838,55.3126,52.2878
630.9415,312.9843,55.3126,52.2878
632.8477,314.0432,55.3126,52.2878
632.6359,313.8315,55.3126,52.2878
631.9637,314.9020,57.0804,53.9589
632.1823,314.6834,57.0804,53.9589
633.2751,314.9020,57.0804,53.9589
634.3679,315.5577,57.0804,53.9589
635.8978,315.3391,57.0804,53.9589
636.1164,315.9948,57.0804,53.9589
638.0834,315.7762,57.0804,53.9589
639.1762,315.5577,57.0804,53.9589
639.3948,314.9020,57.0804,53.9589
636.9907,313.3721,57.0804,53.9589
633.7092,313.1028,55.3380,52.3118
633.4973,312.0434,55.3380,52.3118
630.3160,309.6635,53.6488,50.7150
632.1620,311.8755,52.0112,49.1669
628.3436,313.6787,53.6735,50.7382
626.4940,313.4732,53.6735,50.7382
624.2333,312.4456,53.6735,50.7382
624.0278,312.2401,53.6735,50.7382
622.5863,298.8340,52.0351,49.1894
614.8132,295.7992,50.4467,47.6879
618.4496,309.9104,52.0589,49.2120
618.6490,313.2991,52.0589,49.2120
617.6523,313.8971,52.0589,49.2120
617.4530,313.6978,52.0589,49.2120
617.2191,313.9080,53.7227,50.7848
614.9564,314.1137,53.7227,50.7848
613.9279,315.1422,53.7227,50.7848
611.2537,314.9365,53.7227,50.7848
607.3453,314.7308,53.7227,50.7848
607.1396,314.5251,53.7227,50.7848
603.2313,314.7308,53.7227,50.7848
598.5001,313.7023,53.7227,50.7848
593.3575,313.4966,53.7227,50.7848
587.8035,313.7023,53.7227,50.7848
584.7180,313.0852,53.7227,50.7848
584.5123,313.2909,53.7227,50.7848
581.0153,313.4966,53.7227,50.7848
577.1070,313.7023,53.7227,50.7848
573.1629,312.2737,55.4397,52.4079
568.2805,312.4859,55.4397,52.4079
565.5209,311.4245,55.4397,52.4079
565.7332,311.2122,55.4397,52.4079
563.3981,311.4245,55.4397,52.4079
562.3338,312.0121,53.7474,50.8082
559.2468,312.2179,53.7474,50.8082
556.9831,312.4237,53.7474,50.8082
557.1860,313.4050,52.1068,49.2572
556.9865,313.2055,52.1068,49.2572
553.1957,313.4050,52.1068,49.2572
549.8011,312.7602,50.5162,47.7536
545.7392,311.7931,50.5162,47.7536
542.0641,311.2128,50.5162,47.7536
538.7759,310.2457,50.5162,47.7536
538.5825,310.0522,50.5162,47.7536
535.2943,308.6982,50.5162,47.7536
531.2323,306.9574,50.5162,47.7536
528.3309,305.9903,50.5162,47.7536
523.1085,303.8626,50.5162,47.7536
518.6597,301.7349,50.5162,47.7536
518.4662,301.5415,50.5162,47.7536
512.4700,299.8007,50.5162,47.7536
506.4739,296.5125,50.5162,47.7536
499.7040,293.6111,50.5162,47.7536
492.5472,290.3228,50.5162,47.7536
485.0037,286.2609,50.5162,47.7536
485.1971,286.0675,50.5162,47.7536
478.4272,282.3924,50.5162,47.7536
470.4968,279.1042,50.5162,47.7536
463.3400,275.0422,50.5162,47.7536
455.7964,271.7540,50.5162,47.7536
448.6397,268.0789,50.5162,47.7536
448.4463,267.8855,50.5162,47.7536
439.7421,264.2104,50.5162,47.7536
431.0380,260.9222,50.5162,47.7536
423.1075,256.4734,50.5162,47.7536
414.7903,253.1852,50.5162,47.7536
406.0861,250.2838,50.5162,47.7536
406.2795,250.4772,50.5162,47.7536
397.1885,248.3495,50.5162,47.7536
388.8712,247.3824,50.5162,47.7536
380.5540,247.1890,50.5162,47.7536
374.9419,248.4981,48.9742,46.2959
368.3787,248.3106,48.9742,46.2959
361.4404,248.4981,48.9742,46.2959
362.3754,250.1423,47.4792,44.8827
354.9217,251.0513,47.4792,44.8827
351.1040,252.6875,47.4792,44.8827
346.1955,255.0508,47.4792,44.8827
342.7413,259.5957,47.4792,44.8827
340.0144,263.7771,47.4792,44.8827
340.1962,263.9589,47.4792,44.8827
339.2557,269.2409,48.9966,46.3172
337.1920,275.8072,48.9966,46.3172
337.7548,284.2495,48.9966,46.3172
337.5672,290.4406,48.9966,46.3172
338.8805,298.1324,48.9966,46.3172
339.0681,297.9448,48.9966,46.3172
339.6309,304.1359,48.9966,46.3172
339.8185,310.7021,48.9966,46.3172
341.1317,317.2684,48.9966,46.3172
344.6963,322.7090,48.9966,46.3172
347.1352,328.1496,48.9966,46.3172
347.3228,327.5868,48.9966,46.3172
350.1369,332.6521,48.9966,46.3172
354.0766,336.5919,48.9966,46.3172
356.5155,339.0308,48.9966,46.3172
358.2040,340.7192,48.9966,46.3172
359.8925,342.7829,48.9966,46.3172
360.8279,343.6775,47.5010,44.9033
363.1923,342.7681,47.5010,44.9033
365.1930,342.9499,47.5010,44.9033
366.1024,342.7681,47.5010,44.9033
366.6480,342.2224,47.5010,44.9033
367.5575,342.0405,47.5010,44.9033
367.3756,341.8586,47.5010,44.9033
367.9212,340.9492,47.5010,44.9033
369.1944,340.4036,47.5010,44.9033
371.1951,339.8580,47.5010,44.9033
371.7407,337.4935,47.5010,44.9033
371.9226,336.9479,47.5010,44.9033
372.1045,336.4023,47.5010,44.9033
373.7414,335.8566,47.5010,44.9033
374.6508,333.8559,47.5010,44.9033
374.8327,332.5828,47.5010,44.9033
375.0146,330.2183,47.5010,44.9033
376.2852,330.3580,46.0510,43.5326
375.7562,329.8290,46.0510,43.5326
375.2272,328.2421,46.0510,43.5326
373.6403,326.3025,46.0510,43.5326
373.1113,324.7155,46.0510,43.5326
371.5243,322.4232,46.0510,43.5326
370.2900,321.1889,46.0510,43.5326
369.7610,321.7179,46.0510,43.5326
369.9349,320.0901,44.6453,42.2038
366.3450,317.8678,44.6453,42.2038
363.4390,315.9874,44.6453,42.2038
360.1910,314.1070,44.6453,42.2038
356.6011,312.5685,44.6453,42.2038
356.4302,312.0556,44.6453,42.2038
353.8660,310.1752,44.6453,42.2038
350.6180,308.9786,44.6453,42.2038
348.0515,308.4261,43.2825,40.9155
343.9083,306.9346,43.2825,40.9155
341.0909,305.7745,43.2825,40.9155
341.2566,305.6087,43.2825,40.9155
340.0965,305.4430,43.2825,40.9155
338.9364,305.6087,43.2825,40.9155
338.1078,305.4430,43.2825,40.9155
337.2791,305.6087,43.2825,40.9155
336.1168,306.0675,41.9613,39.6666
335.6347,306.2281,41.9613,39.6666
333.8674,305.4248,41.9613,39.6666
333.7067,305.5855,41.9613,39.6666
331.6180,305.7462,41.9613,39.6666
330.4933,306.2281,41.9613,39.6666
329.0473,306.7102,41.9613,39.6666
328.5653,307.1922,41.9613,39.6666
328.4046,306.3888,41.9613,39.6666
328.2440,307.5135,41.9613,39.6666
327.4406,308.3169,41.9613,39.6666
326.9586,308.1562,41.9613,39.6666
325.8340,308.6382,41.9613,39.6666
325.6733,308.1562,41.9613,39.6666
326.1530,310.2076,40.6804,38.4557
324.1281,309.7403,40.6804,38.4557
324.2839,309.8961,40.6804,38.4557
324.4396,309.4288,40.6804,38.4557
325.8394,309.5485,39.4386,37.2819
325.6883,309.6995,39.4386,37.2819
327.9514,309.8155,38.2347,36.1438
326.6338,309.9619,38.2347,36.1438
327.9514,309.5226,38.2347,36.1438
327.8050,309.9619,38.2347,36.1438
329.4154,309.2299,38.2347,36.1438
328.9762,309.3763,38.2347,36.1438
329.1226,309.5226,38.2347,36.1438
329.8546,309.0834,38.2347,36.1438
331.1722,308.3514,38.2347,36.1438
331.6114,308.2050,38.2347,36.1438
332.9290,307.7658,38.2347,36.1438
332.1970,308.2050,38.2347,36.1438
332.3434,306.5946,38.2347,36.1438
330.7330,304.3987,38.2347,36.1438
330.0010,301.9099,38.2347,36.1438
330.1474,300.2994,38.2347,36.1438
330.0010,297.2250,38.2347,36.1438
329.8546,297.0786,38.2347,36.1438
329.4154,293.1259,38.2347,36.1438
326.3410,288.2946,38.2347,36.1438
323.5573,283.1367,37.0676,35.0405
320.2929,278.7368,37.0676,35.0405
317.0285,274.0531,37.0676,35.0405
316.6027,274.1950,37.0676,35.0405
312.2029,269.7952,37.0676,35.0405
308.0869,264.8276,37.0676,35.0405
304.2547,260.7116,37.0676,35.0405
299.8549,256.5956,37.0676,35.0405
296.3066,253.0473,37.0676,35.0405
296.7324,253.4731,37.0676,35.0405
292.6164,250.7764,37.0676,35.0405
288.5004,247.2281,37.0676,35.0405
284.6682,244.2476,37.0676,35.0405
280.8361,241.8347,37.0676,35.0405
276.4362,239.4219,37.0676,35.0405
276.8620,239.8477,37.0676,35.0405
272.1783,236.8672,37.0676,35.0405
267.2107,234.7382,37.0676,35.0405
261.6754,232.8931,37.0676,35.0405
255.2885,231.0480,37.0676,35.0405
250.3209,230.3383,37.0676,35.0405
250.1790,230.4803,37.0676,35.0405
245.7791,229.4867,37.0676,35.0405
242.2289,231.2989,35.9361,33.9709
238.2385,233.3629,35.9361,33.9709
234.5233,234.8765,35.9361,33.9709
232.1842,237.7661,35.9361,33.9709
231.7714,237.6285,35.9361,33.9709
229.9826,241.0684,35.9361,33.9709
229.5698,245.6092,35.9361,33.9709
229.7074,249.8747,35.9361,33.9709
230.6706,255.5163,35.9361,33.9709
232.4594,261.1578,35.9361,33.9709
233.1473,261.8458,35.9361,33.9709
235.4865,268.0378,35.9361,33.9709
238.9265,275.0553,35.9361,33.9709
243.1920,281.7976,35.9361,33.9709
248.8336,289.3655,35.9361,33.9709
254.1999,297.7591,35.9361,33.9709
254.8879,297.6215,35.9361,33.9709
259.9791,303.8134,35.9361,33.9709
264.2446,309.4550,35.9361,33.9709
266.3086,313.9957,35.9361,33.9709
268.0974,316.3349,35.9361,33.9709
269.6110,319.7748,35.9361,33.9709
269.4734,319.6372,35.9361,33.9709
270.9870,320.6004,35.9361,33.9709
268.0974,320.7380,35.9361,33.9709
263.5566,319.2245,35.9361,33.9709
257.6399,318.8116,35.9361,33.9709
251.1728,315.9221,35.9361,33.9709
251.0352,315.5093,35.9361,33.9709
245.6688,314.2709,35.9361,33.9709
238.3761,312.4821,35.9361,33.9709
232.1842,310.4181,35.9361,33.9709
226.5407,309.4230,34.8391,32.9339
220.8046,307.1553,34.8391,32.9339
219.8708,306.7551,34.8391,32.9339
214.1346,304.7541,34.8391,32.9339
208.3967,304.0562,33.7757,31.9286
201.5424,302.3749,33.7757,31.9286
194.1708,300.4350,33.7757,31.9286
184.1902,297.7263,34.8551,32.9490
183.7898,297.8597,34.8551,32.9490
176.9834,297.1924,34.8551,32.9490
170.1770,295.1905,34.8551,32.9490
162.5697,293.9894,34.8551,32.9490
155.7633,293.3221,34.8551,32.9490
149.4907,291.3202,34.8551,32.9490
149.0903,291.1867,34.8551,32.9490
142.2839,290.7864,34.8551,32.9490
135.7212,290.1264,35.9691,34.0021
129.7990,290.2641,35.9691,34.0021
126.3559,291.2282,35.9691,34.0021
127.5955,293.5695,35.9691,34.0021
126.9068,292.8809,35.9691,34.0021
133.1044,297.9767,35.9691,34.0021
142.3320,304.7252,35.9691,34.0021
155.6913,310.6474,35.9691,34.0021
173.4579,319.0486,35.9691,34.0021
190.6735,328.0007,35.9691,34.0021
190.5358,328.4139,35.9691,34.0021
203.3442,335.1624,35.9691,34.0021
216.9771,341.8790,34.8711,32.9642
227.2581,346.8193,34.8711,32.9642
232.9996,351.4925,34.8711,32.9642
237.9398,354.0294,34.8711,32.9642
238.0733,353.8959,34.8711,32.9642
240.6102,357.2339,34.8711,32.9642
244.7494,359.2368,34.8711,32.9642
247.8204,360.9725,34.8711,32.9642
253.2947,364.3105,34.8711,32.9642
259.3032,365.7793,34.8711,32.9642
267.1809,369.1173,34.8711,32.9642
267.3144,368.4497,34.8711,32.9642
277.8626,371.2536,34.8711,32.9642
288.6778,374.3246,34.8711,32.9642
298.9589,377.9297,34.8711,32.9642
308.7059,382.6029,34.8711,32.9642
317.1177,385.1398,34.8711,32.9642
316.9842,384.7392,34.8711,32.9642
326.1971,388.3443,34.8711,32.9642
333.0067,390.3471,34.8711,32.9642
339.2822,392.6170,34.8711,32.9642
343.1311,394.6271,35.9856,34.0177
351.2606,396.9695,35.9856,34.0177
351.6740,397.3829,35.9856,34.0177
357.0238,398.9061,37.1357,35.1049
365.4131,400.4702,37.1357,35.1049
374.6556,402.3187,37.1357,35.1049
383.3293,405.0203,37.1357,35.1049
393.1406,409.4283,37.1357,35.1049
393.2828,410.1393,37.1357,35.1049
401.6721,412.2721,37.1357,35.1049
409.4926,414.4050,37.1357,35.1049
419.8727,416.8223,37.1357,35.1049
430.2527,418.6707,37.1357,35.1049
440.6327,420.2349,37.1357,35.1049
440.4905,420.9458,37.1357,35.1049
450.3017,421.9412,37.1357,35.1049
461.5349,424.0740,37.1357,35.1049
468.7867,425.3538,37.1357,35.1049
476.0385,426.6335,37.1357,35.1049
482.1527,425.9225,37.1357,35.1049
482.8637,426.0647,37.1357,35.1049
485.2790,424.4677,36.0021,34.0333
498.9263,426.2597,36.0021,34.0333
508.1623,426.1219,36.0021,34.0333
519.6040,422.6756,36.0021,34.0333
531.8727,421.4349,36.0021,34.0333
532.8377,422.3999,36.0021,34.0333
544.2794,421.7106,36.0021,34.0333
558.2024,419.6429,36.0021,34.0333
570.7469,418.6779,36.0021,34.0333
583.0157,418.5400,36.0021,34.0333
594.7330,416.1966,36.0021,34.0333
594.8709,416.8858,36.0021,34.0333
605.4615,415.6527,37.1528,35.1210
615.2773,414.0879,37.1528,35.1210
621.9634,412.2385,37.1528,35.1210
624.6416,410.1125,38.3402,36.2435
625.3756,408.4977,38.3402,36.2435
624.9352,407.7636,38.3402,36.2435
624.2012,405.5616,38.3402,36.2435
623.7607,403.3595,38.3402,36.2435
621.2396,402.6335,39.5655,37.4018
618.9672,400.3611,39.5655,37.4018
616.9977,398.3917,39.5655,37.4018
617.1492,398.5432,39.5655,37.4018
613.3619,397.4827,39.5655,37.4018
608.6655,396.4222,39.5655,37.4018
604.2722,394.7558,39.5655,37.4018
598.9698,393.9983,39.5655,37.4018
594.8794,392.6348,39.5655,37.4018
594.7279,392.4833,39.5655,37.4018
589.7286,391.1199,39.5655,37.4018
585.3352,390.6654,39.5655,37.4018
579.4269,388.6959,39.5655,37.4018
574.7305,387.9384,39.5655,37.4018
570.3371,387.1810,39.5655,37.4018
569.8826,387.3325,39.5655,37.4018
567.9132,386.5750,39.5655,37.4018
565.3378,386.1205,39.5655,37.4018
561.2474,385.9690,39.5655,37.4018
557.7630,385.5145,39.5655,37.4018
555.1876,384.7570,39.5655,37.4018
555.3391,384.9085,39.5655,37.4018
551.2487,384.4541,39.5655,37.4018
548.9763,383.0906,39.5655,37.4018
547.0068,383.2421,39.5655,37.4018
544.7344,382.7876,39.5655,37.4018
542.1589,382.3331,39.5655,37.4018
542.6134,381.8786,39.5655,37.4018
539.7350,382.0301,39.5655,37.4018
539.5573,381.5840,40.8300,38.5972
536.2720,380.4533,39.5837,37.4190
535.8152,381.4791,38.3754,36.2768
534.1989,381.3322,38.3754,36.2768
534.6396,382.0669,38.3754,36.2768
532.4356,382.2138,38.3754,36.2768
532.2886,382.0669,38.3754,36.2768
534.1989,382.2138,38.3754,36.2768
535.5213,382.9485,38.3754,36.2768
536.2560,383.3893,38.3754,36.2768
536.3774,382.9566,39.6019,37.4362
537.1356,383.4115,39.6019,37.4362
539.7134,383.2599,39.6019,37.4362
542.2912,384.0180,39.6019,37.4362
544.5657,384.1696,39.6019,37.4362
548.9631,384.3213,39.6019,37.4362
549.4180,383.5631,39.6019,37.4362
552.9056,383.4115,39.6019,37.4362
559.1227,383.5631,39.6019,37.4362
565.0364,383.7148,39.6019,37.4362
572.1611,384.1345,38.3930,36.2934
577.6003,383.6935,38.3930,36.2934
577.1594,383.2524,38.3930,36.2934
584.3626,382.2234,38.3930,36.2934
590.6839,381.7824,38.3930,36.2934
599.0632,380.4594,38.3930,36.2934
607.1486,379.4303,38.3930,36.2934
615.2339,378.1072,38.3930,36.2934
615.3809,378.5482,38.3930,36.2934
622.2902,376.9312,38.3930,36.2934
630.3755,376.4902,38.3930,36.2934
635.2267,374.8731,38.3930,36.2934
640.3719,373.2560,38.3930,36.2934
642.5770,371.3450,38.3930,36.2934
642.7240,371.4920,38.3930,36.2934
646.3992,368.6989,38.3930,36.2934
648.8983,366.1998,38.3930,36.2934
652.8674,364.8767,38.3930,36.2934
655.3666,362.6716,38.3930,36.2934
657.2776,360.4665,38.3930,36.2934
658.0126,360.0255,38.3930,36.2934
660.2178,358.7025,38.3930,36.2934
661.5408,356.2033,38.3930,36.2934
660.8058,355.1743,38.3930,36.2934
660.9528,353.2632,38.3930,36.2934
659.0417,351.0581,38.3930,36.2934
659.1887,350.9111,38.3930,36.2934
657.8657,349.0001,38.3930,36.2934
654.7785,347.6770,38.3930,36.2934
651.6914,345.4719,38.3930,36.2934
648.8983,342.9728,38.3930,36.2934
645.2231,342.2378,38.3930,36.2934
645.6641,342.3848,38.3930,36.2934
640.8129,340.1797,38.3930,36.2934
636.8438,339.4446,38.3930,36.2934
633.4626,337.2396,38.3930,36.2934
628.6115,336.5045,38.3930,36.2934
625.2303,334.0054,38.3930,36.2934
625.6713,334.4464,38.3930,36.2934
622.2902,332.5354,38.3930,36.2934
621.2612,331.5063,38.3930,36.2934
619.6441,330.1833,38.3930,36.2934
618.9091,330.0363,38.3930,36.2934
618.7620,329.3012,38.3930,36.2934
618.6151,329.4482,38.3930,36.2934
618.4680,328.7132,38.3930,36.2934
618.6151,328.5662,38.3930,36.2934
620.2321,328.4192,38.3930,36.2934
622.4372,328.2722,38.3930,36.2934
623.4662,329.3012,38.3930,36.2934
623.6132,329.4482,38.3930,36.2934
625.8184,328.7132,38.3930,36.2934
628.3174,328.5662,38.3930,36.2934
630.2285,328.4192,38.3930,36.2934
632.7276,327.9782,38.3930,36.2934
633.4626,328.1252,38.3930,36.2934
633.3157,328.2722,38.3930,36.2934
633.4626,327.5372,38.3930,36.2934
634.4917,325.9201,38.3930,36.2934
634.9327,324.8911,38.3930,36.2934
634.7857,322.9800,38.3930,36.2934
634.3447,321.3629,38.3930,36.2934
633.9037,320.9219,38.3930,36.2934
633.7567,319.5988,38.3930,36.2934
632.1396,317.0997,38.3930,36.2934
631.9926,315.1887,38.3930,36.2934
