0.20037,0.19692,0.20514,0,0,0,0,0,0,0,0,0,0,0,0
0.22075,0.22053,0.22158,0,0,0,0,0,0,0,0,0,0,0,0
0.055736,0.055789,0.055667,0,0,0,0,0,0,0,0,0,0,0,0
0.029026,0.028766,0.026638,0,0,0,0,0,0,0,0,0,0,0,0
0.037286,0.037267,0.037062,0,0,0,0,0,0,0,0,0,0,0,0
0.031503,0.031496,0.031455,0,0,0,0,0,0,0,0,0,0,0,0
0.025747,0.025508,0.025412,0,0,0,0,0,0,0,0,0,0,0,0
0.022587,0.022052,0.02198,0,0,0,0,0,0,0,0,0,0,0,0
0.022291,0.022061,0.022083,0,0,0,0,0,0,0,0,0,0,0,0
0.022125,0.021776,0.021723,0,0,0,0,0,0,0,0,0,0,0,0
0.021909,0.021645,0.021643,0,0,0,0,0,0,0,0,0,0,0,0
0.022099,0.021647,0.021561,0,0,0,0,0,0,0,0,0,0,0,0
0.021802,0.021635,0.021483,0,0,0,0,0,0,0,0,0,0,0,0
0.021975,0.021648,0.021516,0,0,0,0,0,0,0,0,0,0,0,0
0.022136,0.021907,0.021851,0,0,0,0,0,0,0,0,0,0,0,0
0.021956,0.021538,0.021538,0,0,0,0,0,0,0,0,0,0,0,0
0.021765,0.021526,0.021508,0,0,0,0,0,0,0,0,0,0,0,0
0.021955,0.021462,0.021534,0,0,0,0,0,0,0,0,0,0,0,0
0.021746,0.021498,0.021474,0,0,0,0,0,0,0,0,0,0,0,0
0.022027,0.02138,0.021515,0,0,0,0,0,0,0,0,0,0,0,0
0.021982,0.021718,0.021806,0,0,0,0,0,0,0,0,0,0,0,0
0.022157,0.021713,0.02173,0,0,0,0,0,0,0,0,0,0,0,0
0.021759,0.021487,0.021489,0,0,0,0,0,0,0,0,0,0,0,0
0.02211,0.021777,0.021755,0,0,0,0,0,0,0,0,0,0,0,0
0.021946,0.021722,0.021697,0,0,0,0,0,0,0,0,0,0,0,0
0.02181,0.021379,0.021401,0,0,0,0,0,0,0,0,0,0,0,0
0.021593,0.021292,0.02129,0,0,0,0,0,0,0,0,0,0,0,0
0.022079,0.021507,0.021574,0,0,0,0,0,0,0,0,0,0,0,0
0.021608,0.021336,0.021376,0,0,0,0,0,0,0,0,0,0,0,0
0.021725,0.021289,0.021237,0,0,0,0,0,0,0,0,0,0,0,0
0.021494,0.021239,0.021412,0,0,0,0,0,0,0,0,0,0,0,0
NaN,NaN,NaN,0,0,0,0,0,0,0,0,0,0,0,0
NaN,NaN,NaN,0,0,0,0,0,0,0,0,0,0,0,0
NaN,NaN,NaN,0,0,0,0,0,0,0,0,0,0,0,0
NaN,NaN,NaN,0,0,0,0,0,0,0,0,0,0,0,0
0.19202,0.19711,0.19921,0,0,0,0,0,0,0,0,0,0,0,0
0.21952,0.22428,0.2232,0,0,0,0,0,0,0,0,0,0,0,0
0.056434,0.057245,0.056794,0,0,0,0,0,0,0,0,0,0,0,0
0.029242,0.029426,0.029449,0,0,0,0,0,0,0,0,0,0,0,0
0.037528,0.037857,0.037789,0,0,0,0,0,0,0,0,0,0,0,0
0.031601,0.031933,0.031823,0,0,0,0,0,0,0,0,0,0,0,0
0.025881,0.026215,0.026082,0,0,0,0,0,0,0,0,0,0,0,0
0.022832,0.022408,0.022741,0,0,0,0,0,0,0,0,0,0,0,0
0.022763,0.022652,0.022775,0,0,0,0,0,0,0,0,0,0,0,0
0.022504,0.022155,0.022489,0,0,0,0,0,0,0,0,0,0,0,0
0.022416,0.022371,0.022303,0,0,0,0,0,0,0,0,0,0,0,0
0.022262,0.021976,0.022284,0,0,0,0,0,0,0,0,0,0,0,0
0.022294,0.022171,0.022108,0,0,0,0,0,0,0,0,0,0,0,0
0.022212,0.021846,0.022218,0,0,0,0,0,0,0,0,0,0,0,0
0.022925,0.022493,0.022638,0,0,0,0,0,0,0,0,0,0,0,0
0.022389,0.021902,0.022262,0,0,0,0,0,0,0,0,0,0,0,0
0.022228,0.022086,0.022077,0,0,0,0,0,0,0,0,0,0,0,0
0.022263,0.021845,0.022083,0,0,0,0,0,0,0,0,0,0,0,0
0.022467,0.022404,0.022327,0,0,0,0,0,0,0,0,0,0,0,0
0.02229,0.02201,0.022314,0,0,0,0,0,0,0,0,0,0,0,0
0.022487,0.022316,0.022375,0,0,0,0,0,0,0,0,0,0,0,0
0.022302,0.021924,0.022244,0,0,0,0,0,0,0,0,0,0,0,0
0.022056,0.021922,0.021938,0,0,0,0,0,0,0,0,0,0,0,0
0.022062,0.021754,0.022032,0,0,0,0,0,0,0,0,0,0,0,0
0.022,0.022019,0.021848,0,0,0,0,0,0,0,0,0,0,0,0
0.022013,0.021699,0.022042,0,0,0,0,0,0,0,0,0,0,0,0
0.022147,0.022066,0.02214,0,0,0,0,0,0,0,0,0,0,0,0
0.022573,0.022029,0.022565,0,0,0,0,0,0,0,0,0,0,0,0
0.022167,0.022158,0.022154,0,0,0,0,0,0,0,0,0,0,0,0
0.02218,0.021869,0.022166,0,0,0,0,0,0,0,0,0,0,0,0
0.021978,0.021815,0.022,0,0,0,0,0,0,0,0,0,0,0,0
0.022761,0.022346,0.02269,0,0,0,0,0,0,0,0,0,0,0,0
0.022579,0.022409,0.022472,0,0,0,0,0,0,0,0,0,0,0,0
0.022441,0.021944,0.022377,0,0,0,0,0,0,0,0,0,0,0,0
0.024617,0.024478,0.024668,0,0,0,0,0,0,0,0,0,0,0,0
0.022111,0.02175,0.021973,0,0,0,0,0,0,0,0,0,0,0,0
0.021991,0.022339,0.022032,0,0,0,0,0,0,0,0,0,0,0,0
0.02223,0.021855,0.022204,0,0,0,0,0,0,0,0,0,0,0,0
0.022028,0.02193,0.021926,0,0,0,0,0,0,0,0,0,0,0,0
0.022187,0.021753,0.021953,0,0,0,0,0,0,0,0,0,0,0,0
0.022898,0.022723,0.02282,0,0,0,0,0,0,0,0,0,0,0,0
0.022565,0.022228,0.022528,0,0,0,0,0,0,0,0,0,0,0,0
0.023211,0.022934,0.022983,0,0,0,0,0,0,0,0,0,0,0,0
0.022324,0.02191,0.022157,0,0,0,0,0,0,0,0,0,0,0,0
0.022823,0.022661,0.022618,0,0,0,0,0,0,0,0,0,0,0,0
0.022392,0.022005,0.022237,0,0,0,0,0,0,0,0,0,0,0,0
0.022114,0.02208,0.022073,0,0,0,0,0,0,0,0,0,0,0,0
0.022194,0.021806,0.022013,0,0,0,0,0,0,0,0,0,0,0,0
0.022067,0.022005,0.022015,0,0,0,0,0,0,0,0,0,0,0,0
0.022122,0.021797,0.022004,0,0,0,0,0,0,0,0,0,0,0,0
0.02234,0.022417,0.022265,0,0,0,0,0,0,0,0,0,0,0,0
0.022328,0.021815,0.021961,0,0,0,0,0,0,0,0,0,0,0,0
0.022374,0.022345,0.022202,0,0,0,0,0,0,0,0,0,0,0,0
0.022567,0.022268,0.022423,0,0,0,0,0,0,0,0,0,0,0,0
0.023952,0.023725,0.02396,0,0,0,0,0,0,0,0,0,0,0,0
0.023994,0.023626,0.02394,0,0,0,0,0,0,0,0,0,0,0,0
0.023854,0.023752,0.023886,0,0,0,0,0,0,0,0,0,0,0,0
0.024497,0.024211,0.02444,0,0,0,0,0,0,0,0,0,0,0,0
0.023361,0.023393,0.023356,0,0,0,0,0,0,0,0,0,0,0,0
0.022825,0.022623,0.022729,0,0,0,0,0,0,0,0,0,0,0,0
0.022882,0.022851,0.022746,0,0,0,0,0,0,0,0,0,0,0,0
0.023354,0.0231,0.023369,0,0,0,0,0,0,0,0,0,0,0,0
0.023568,0.023498,0.023556,0,0,0,0,0,0,0,0,0,0,0,0
0.024248,0.02358,0.023875,0,0,0,0,0,0,0,0,0,0,0,0
0.023534,0.023419,0.023423,0,0,0,0,0,0,0,0,0,0,0,0
0.023555,0.023152,0.023387,0,0,0,0,0,0,0,0,0,0,0,0
0.023458,0.023456,0.023388,0,0,0,0,0,0,0,0,0,0,0,0
0.022926,0.022639,0.022773,0,0,0,0,0,0,0,0,0,0,0,0
0.023609,0.02345,0.023582,0,0,0,0,0,0,0,0,0,0,0,0
NaN,NaN,NaN,0,0,0,0,0,0,0,0,0,0,0,0
NaN,NaN,NaN,0,0,0,0,0,0,0,0,0,0,0,0
NaN,NaN,NaN,0,0,0,0,0,0,0,0,0,0,0,0
NaN,NaN,NaN,0,0,0,0,0,0,0,0,0,0,0,0
0.19927,0.19223,0.19106,0,0,0,0,0,0,0,0,0,0,0,0
0.22138,0.21883,0.21989,0,0,0,0,0,0,0,0,0,0,0,0
0.057133,0.055762,0.055892,0,0,0,0,0,0,0,0,0,0,0,0
0.03003,0.028846,0.028806,0,0,0,0,0,0,0,0,0,0,0,0
0.038746,0.037027,0.037196,0,0,0,0,0,0,0,0,0,0,0,0
0.032937,0.0315,0.031967,0,0,0,0,0,0,0,0,0,0,0,0
0.027177,0.025498,0.025888,0,0,0,0,0,0,0,0,0,0,0,0
0.024363,0.022862,0.023143,0,0,0,0,0,0,0,0,0,0,0,0
0.0239,0.02235,0.022815,0,0,0,0,0,0,0,0,0,0,0,0
0.023472,0.021908,0.022246,0,0,0,0,0,0,0,0,0,0,0,0
0.024115,0.022508,0.022994,0,0,0,0,0,0,0,0,0,0,0,0
0.023632,0.021964,0.022302,0,0,0,0,0,0,0,0,0,0,0,0
0.022694,0.021777,0.022051,0,0,0,0,0,0,0,0,0,0,0,0
0.022292,0.021634,0.022015,0,0,0,0,0,0,0,0,0,0,0,0
0.023155,0.022431,0.023156,0,0,0,0,0,0,0,0,0,0,0,0
0.02241,0.021759,0.022137,0,0,0,0,0,0,0,0,0,0,0,0
0.022482,0.021716,0.022141,0,0,0,0,0,0,0,0,0,0,0,0
0.022389,0.021681,0.02196,0,0,0,0,0,0,0,0,0,0,0,0
0.022357,0.021601,0.021795,0,0,0,0,0,0,0,0,0,0,0,0
0.022657,0.021576,0.022121,0,0,0,0,0,0,0,0,0,0,0,0
0.02251,0.021923,0.022309,0,0,0,0,0,0,0,0,0,0,0,0
0.022518,0.022062,0.022428,0,0,0,0,0,0,0,0,0,0,0,0
0.022358,0.021853,0.022254,0,0,0,0,0,0,0,0,0,0,0,0
0.022186,0.021702,0.022143,0,0,0,0,0,0,0,0,0,0,0,0
0.022126,0.021788,0.022079,0,0,0,0,0,0,0,0,0,0,0,0
0.022369,0.021774,0.022282,0,0,0,0,0,0,0,0,0,0,0,0
0.022108,0.021658,0.022017,0,0,0,0,0,0,0,0,0,0,0,0
0.022461,0.02213,0.022478,0,0,0,0,0,0,0,0,0,0,0,0
0.0221,0.021575,0.02205,0,0,0,0,0,0,0,0,0,0,0,0
0.022086,0.021628,0.022204,0,0,0,0,0,0,0,0,0,0,0,0
0.022223,0.021824,0.022179,0,0,0,0,0,0,0,0,0,0,0,0
0.022462,0.022062,0.022393,0,0,0,0,0,0,0,0,0,0,0,0
0.022284,0.021819,0.022154,0,0,0,0,0,0,0,0,0,0,0,0
0.022348,0.021728,0.022216,0,0,0,0,0,0,0,0,0,0,0,0
0.022052,0.021589,0.021992,0,0,0,0,0,0,0,0,0,0,0,0
0.022361,0.021803,0.022121,0,0,0,0,0,0,0,0,0,0,0,0
0.022329,0.021922,0.022244,0,0,0,0,0,0,0,0,0,0,0,0
0.022468,0.022221,0.022441,0,0,0,0,0,0,0,0,0,0,0,0
0.022407,0.021832,0.022158,0,0,0,0,0,0,0,0,0,0,0,0
0.022271,0.021676,0.022225,0,0,0,0,0,0,0,0,0,0,0,0
0.022845,0.022191,0.022722,0,0,0,0,0,0,0,0,0,0,0,0
0.022749,0.022169,0.022686,0,0,0,0,0,0,0,0,0,0,0,0
0.023162,0.02242,0.022744,0,0,0,0,0,0,0,0,0,0,0,0
0.022276,0.021685,0.022135,0,0,0,0,0,0,0,0,0,0,0,0
0.02277,0.022141,0.022566,0,0,0,0,0,0,0,0,0,0,0,0
0.022281,0.021624,0.022027,0,0,0,0,0,0,0,0,0,0,0,0
0.022125,0.021542,0.022,0,0,0,0,0,0,0,0,0,0,0,0
0.021998,0.021545,0.022018,0,0,0,0,0,0,0,0,0,0,0,0
0.022115,0.021698,0.022122,0,0,0,0,0,0,0,0,0,0,0,0
0.021932,0.021445,0.021874,0,0,0,0,0,0,0,0,0,0,0,0
0.021946,0.021391,0.021895,0,0,0,0,0,0,0,0,0,0,0,0
0.022052,0.021416,0.021845,0,0,0,0,0,0,0,0,0,0,0,0
0.022038,0.021538,0.021925,0,0,0,0,0,0,0,0,0,0,0,0
0.022115,0.021587,0.022074,0,0,0,0,0,0,0,0,0,0,0,0
0.02197,0.021471,0.022006,0,0,0,0,0,0,0,0,0,0,0,0
0.02198,0.021458,0.022142,0,0,0,0,0,0,0,0,0,0,0,0
0.02196,0.021509,0.022008,0,0,0,0,0,0,0,0,0,0,0,0
0.022292,0.021653,0.022243,0,0,0,0,0,0,0,0,0,0,0,0
0.022076,0.021525,0.022064,0,0,0,0,0,0,0,0,0,0,0,0
0.022321,0.021669,0.022125,0,0,0,0,0,0,0,0,0,0,0,0
0.022071,0.021523,0.022027,0,0,0,0,0,0,0,0,0,0,0,0
0.022189,0.021492,0.021981,0,0,0,0,0,0,0,0,0,0,0,0
0.022168,0.021484,0.022018,0,0,0,0,0,0,0,0,0,0,0,0
0.02247,0.021816,0.022152,0,0,0,0,0,0,0,0,0,0,0,0
0.022332,0.021654,0.022164,0,0,0,0,0,0,0,0,0,0,0,0
0.022107,0.021538,0.022059,0,0,0,0,0,0,0,0,0,0,0,0
0.022314,0.021771,0.022303,0,0,0,0,0,0,0,0,0,0,0,0
0.022064,0.021594,0.022008,0,0,0,0,0,0,0,0,0,0,0,0
0.022128,0.021542,0.021942,0,0,0,0,0,0,0,0,0,0,0,0
0.022328,0.021703,0.022249,0,0,0,0,0,0,0,0,0,0,0,0
0.023642,0.022965,0.023421,0,0,0,0,0,0,0,0,0,0,0,0
0.023444,0.022655,0.02325,0,0,0,0,0,0,0,0,0,0,0,0
0.023562,0.022896,0.023315,0,0,0,0,0,0,0,0,0,0,0,0
0.023609,0.022917,0.023437,0,0,0,0,0,0,0,0,0,0,0,0
0.02365,0.022955,0.023391,0,0,0,0,0,0,0,0,0,0,0,0
0.023954,0.023111,0.023531,0,0,0,0,0,0,0,0,0,0,0,0
0.023563,0.022935,0.023376,0,0,0,0,0,0,0,0,0,0,0,0
0.02205,0.021413,0.021861,0,0,0,0,0,0,0,0,0,0,0,0
0.021867,0.021351,0.021726,0,0,0,0,0,0,0,0,0,0,0,0
0.022252,0.021542,0.0221,0,0,0,0,0,0,0,0,0,0,0,0
NaN,NaN,NaN,0,0,0,0,0,0,0,0,0,0,0,0
NaN,NaN,NaN,0,0,0,0,0,0,0,0,0,0,0,0
NaN,NaN,NaN,0,0,0,0,0,0,0,0,0,0,0,0
NaN,NaN,NaN,0,0,0,0,0,0,0,0,0,0,0,0
0.19836,0.19879,0.19892,0,0,0,0,0,0,0,0,0,0,0,0
0.22181,0.22181,0.22324,0,0,0,0,0,0,0,0,0,0,0,0
0.056496,0.057597,0.056538,0,0,0,0,0,0,0,0,0,0,0,0
0.029126,0.030373,0.029106,0,0,0,0,0,0,0,0,0,0,0,0
0.037397,0.038846,0.037715,0,0,0,0,0,0,0,0,0,0,0,0
0.031665,0.033439,0.03203,0,0,0,0,0,0,0,0,0,0,0,0
0.026356,0.028009,0.026606,0,0,0,0,0,0,0,0,0,0,0,0
0.022415,0.02426,0.022611,0,0,0,0,0,0,0,0,0,0,0,0
0.02213,0.023861,0.022431,0,0,0,0,0,0,0,0,0,0,0,0
0.021682,0.023518,0.021803,0,0,0,0,0,0,0,0,0,0,0,0
0.021518,0.022344,0.021961,0,0,0,0,0,0,0,0,0,0,0,0
0.022983,0.023699,0.023043,0,0,0,0,0,0,0,0,0,0,0,0
0.022933,0.023792,0.02338,0,0,0,0,0,0,0,0,0,0,0,0
0.02301,0.023573,0.023035,0,0,0,0,0,0,0,0,0,0,0,0
0.023564,0.024088,0.023744,0,0,0,0,0,0,0,0,0,0,0,0
0.021596,0.022183,0.019407,0,0,0,0,0,0,0,0,0,0,0,0
0.019252,0.02211,0.021855,0,0,0,0,0,0,0,0,0,0,0,0
0.021501,0.022102,0.021542,0,0,0,0,0,0,0,0,0,0,0,0
0.022436,0.023288,0.022936,0,0,0,0,0,0,0,0,0,0,0,0
0.021548,0.022193,0.021693,0,0,0,0,0,0,0,0,0,0,0,0
0.023438,0.02389,0.023598,0,0,0,0,0,0,0,0,0,0,0,0
0.021944,0.022585,0.021857,0,0,0,0,0,0,0,0,0,0,0,0
0.021584,0.022304,0.021925,0,0,0,0,0,0,0,0,0,0,0,0
0.021856,0.022459,0.021923,0,0,0,0,0,0,0,0,0,0,0,0
0.021671,0.022498,0.022072,0,0,0,0,0,0,0,0,0,0,0,0
0.02154,0.022176,0.021762,0,0,0,0,0,0,0,0,0,0,0,0
0.021512,0.022308,0.021995,0,0,0,0,0,0,0,0,0,0,0,0
0.02188,0.022703,0.022029,0,0,0,0,0,0,0,0,0,0,0,0
0.021805,0.022634,0.022069,0,0,0,0,0,0,0,0,0,0,0,0
0.023075,0.02379,0.023152,0,0,0,0,0,0,0,0,0,0,0,0
0.023167,0.024025,0.023419,0,0,0,0,0,0,0,0,0,0,0,0
0.022935,0.023725,0.02298,0,0,0,0,0,0,0,0,0,0,0,0
0.022687,0.023428,0.023123,0,0,0,0,0,0,0,0,0,0,0,0
0.02297,0.023675,0.022957,0,0,0,0,0,0,0,0,0,0,0,0
0.021895,0.022666,0.022364,0,0,0,0,0,0,0,0,0,0,0,0
0.021634,0.022262,0.021718,0,0,0,0,0,0,0,0,0,0,0,0
0.021695,0.022421,0.02204,0,0,0,0,0,0,0,0,0,0,0,0
0.021852,0.022631,0.021968,0,0,0,0,0,0,0,0,0,0,0,0
0.021644,0.022613,0.022085,0,0,0,0,0,0,0,0,0,0,0,0
0.021661,0.022447,0.021791,0,0,0,0,0,0,0,0,0,0,0,0
0.022153,0.022997,0.022439,0,0,0,0,0,0,0,0,0,0,0,0
0.022125,0.022838,0.02228,0,0,0,0,0,0,0,0,0,0,0,0
0.02265,0.023511,0.022841,0,0,0,0,0,0,0,0,0,0,0,0
0.022034,0.020536,0.022024,0,0,0,0,0,0,0,0,0,0,0,0
0.022353,0.022932,0.022604,0,0,0,0,0,0,0,0,0,0,0,0
0.02153,0.022286,0.02176,0,0,0,0,0,0,0,0,0,0,0,0
0.021526,0.022192,0.021868,0,0,0,0,0,0,0,0,0,0,0,0
0.022473,0.023337,0.022663,0,0,0,0,0,0,0,0,0,0,0,0
0.022419,0.023379,0.022905,0,0,0,0,0,0,0,0,0,0,0,0
0.023105,0.023825,0.023227,0,0,0,0,0,0,0,0,0,0,0,0
0.022502,0.023237,0.02278,0,0,0,0,0,0,0,0,0,0,0,0
0.02285,0.023716,0.022885,0,0,0,0,0,0,0,0,0,0,0,0
0.023005,0.023799,0.023348,0,0,0,0,0,0,0,0,0,0,0,0
0.022482,0.023202,0.022512,0,0,0,0,0,0,0,0,0,0,0,0
0.022167,0.022873,0.022506,0,0,0,0,0,0,0,0,0,0,0,0
0.021446,0.022121,0.021522,0,0,0,0,0,0,0,0,0,0,0,0
0.021357,0.022026,0.021757,0,0,0,0,0,0,0,0,0,0,0,0
0.022131,0.022927,0.022335,0,0,0,0,0,0,0,0,0,0,0,0
0.021479,0.022166,0.021963,0,0,0,0,0,0,0,0,0,0,0,0
0.022558,0.023258,0.022722,0,0,0,0,0,0,0,0,0,0,0,0
0.021707,0.022426,0.022075,0,0,0,0,0,0,0,0,0,0,0,0
0.022402,0.023081,0.02244,0,0,0,0,0,0,0,0,0,0,0,0
0.021571,0.022361,0.021908,0,0,0,0,0,0,0,0,0,0,0,0
0.024788,0.025569,0.024787,0,0,0,0,0,0,0,0,0,0,0,0
0.024317,0.024969,0.024585,0,0,0,0,0,0,0,0,0,0,0,0
0.022839,0.023508,0.022865,0,0,0,0,0,0,0,0,0,0,0,0
0.024169,0.024903,0.024341,0,0,0,0,0,0,0,0,0,0,0,0
0.024474,0.025072,0.024483,0,0,0,0,0,0,0,0,0,0,0,0
0.02365,0.02434,0.023874,0,0,0,0,0,0,0,0,0,0,0,0
0.022498,0.023133,0.022652,0,0,0,0,0,0,0,0,0,0,0,0
0.023109,0.023795,0.023386,0,0,0,0,0,0,0,0,0,0,0,0
0.023338,0.0239,0.023259,0,0,0,0,0,0,0,0,0,0,0,0
0.02317,0.023656,0.023389,0,0,0,0,0,0,0,0,0,0,0,0
0.023039,0.023718,0.023159,0,0,0,0,0,0,0,0,0,0,0,0
0.022415,0.023048,0.022853,0,0,0,0,0,0,0,0,0,0,0,0
0.023342,0.023764,0.0232,0,0,0,0,0,0,0,0,0,0,0,0
0.022494,0.023093,0.022713,0,0,0,0,0,0,0,0,0,0,0,0
0.022629,0.023186,0.022662,0,0,0,0,0,0,0,0,0,0,0,0
0.021893,0.022302,0.022099,0,0,0,0,0,0,0,0,0,0,0,0
0.02172,0.022324,0.02182,0,0,0,0,0,0,0,0,0,0,0,0
0.021392,0.02204,0.021897,0,0,0,0,0,0,0,0,0,0,0,0
0.02145,0.022147,0.021548,0,0,0,0,0,0,0,0,0,0,0,0
0.021401,0.022108,0.021821,0,0,0,0,0,0,0,0,0,0,0,0
0.021381,0.022121,0.021508,0,0,0,0,0,0,0,0,0,0,0,0
0.021386,0.022015,0.021791,0,0,0,0,0,0,0,0,0,0,0,0
0.021363,0.022027,0.021493,0,0,0,0,0,0,0,0,0,0,0,0
0.021459,0.022025,0.021779,0,0,0,0,0,0,0,0,0,0,0,0
0.021418,0.022023,0.021562,0,0,0,0,0,0,0,0,0,0,0,0
0.02143,0.022046,0.021799,0,0,0,0,0,0,0,0,0,0,0,0
0.021362,0.02209,0.021566,0,0,0,0,0,0,0,0,0,0,0,0
0.02138,0.022067,0.021785,0,0,0,0,0,0,0,0,0,0,0,0
0.02218,0.022988,0.022308,0,0,0,0,0,0,0,0,0,0,0,0
0.0237,0.024327,0.023943,0,0,0,0,0,0,0,0,0,0,0,0
0.024684,0.025253,0.024608,0,0,0,0,0,0,0,0,0,0,0,0
0.023201,0.023869,0.023463,0,0,0,0,0,0,0,0,0,0,0,0
0.023117,0.023796,0.023173,0,0,0,0,0,0,0,0,0,0,0,0
0.024418,0.024858,0.024628,0,0,0,0,0,0,0,0,0,0,0,0
0.023271,0.023954,0.023349,0,0,0,0,0,0,0,0,0,0,0,0
0.023139,0.023775,0.023543,0,0,0,0,0,0,0,0,0,0,0,0
0.023908,0.024409,0.023873,0,0,0,0,0,0,0,0,0,0,0,0
0.024556,0.024994,0.024555,0,0,0,0,0,0,0,0,0,0,0,0
0.024736,0.024894,0.0243,0,0,0,0,0,0,0,0,0,0,0,0
0.02486,0.025066,0.024922,0,0,0,0,0,0,0,0,0,0,0,0
0.024592,0.025126,0.02452,0,0,0,0,0,0,0,0,0,0,0,0
0.024499,0.024909,0.024567,0,0,0,0,0,0,0,0,0,0,0,0
0.024463,0.024961,0.024413,0,0,0,0,0,0,0,0,0,0,0,0
0.023844,0.02445,0.024144,0,0,0,0,0,0,0,0,0,0,0,0
0.023431,0.023971,0.023422,0,0,0,0,0,0,0,0,0,0,0,0
0.023013,0.023745,0.023367,0,0,0,0,0,0,0,0,0,0,0,0
0.023029,0.023717,0.023141,0,0,0,0,0,0,0,0,0,0,0,0
0.023002,0.023686,0.023427,0,0,0,0,0,0,0,0,0,0,0,0
0.023577,0.024097,0.02349,0,0,0,0,0,0,0,0,0,0,0,0
0.023882,0.024317,0.024114,0,0,0,0,0,0,0,0,0,0,0,0
0.02462,0.024859,0.024212,0,0,0,0,0,0,0,0,0,0,0,0
0.023307,0.023907,0.023635,0,0,0,0,0,0,0,0,0,0,0,0
0.02437,0.02481,0.024197,0,0,0,0,0,0,0,0,0,0,0,0
0.022637,0.023209,0.023012,0,0,0,0,0,0,0,0,0,0,0,0
0.022463,0.023193,0.022623,0,0,0,0,0,0,0,0,0,0,0,0
