1
278.4288,126.9990,81.5618,66.0130
277.5585,127.2891,81.5618,66.0130
277.2684,129.3198,81.5618,66.0130
274.6576,129.6099,81.5618,66.0130
273.7873,131.0604,81.5618,66.0130
272.3368,130.1901,81.5618,66.0130
270.8863,130.4802,81.5618,66.0130
270.5962,130.1901,81.5618,66.0130
269.1457,129.3198,81.5618,66.0130
269.4358,129.6099,81.5618,66.0130
267.9853,130.4802,81.5618,66.0130
268.8556,130.7703,81.5618,66.0130
269.1457,131.6406,81.5618,66.0130
268.8556,131.3505,81.5618,66.0130
267.9853,131.0604,81.5618,66.0130
267.6952,131.3505,81.5618,66.0130
267.9853,131.0604,81.5618,66.0130
268.8556,130.7703,81.5618,66.0130
269.1457,131.6406,81.5618,66.0130
268.8556,131.3505,81.5618,66.0130
268.5655,131.0604,81.5618,66.0130
267.7797,132.3580,79.0721,63.9979
268.0609,132.0768,79.0721,63.9979
268.3421,131.7955,79.0721,63.9979
266.3734,132.0768,79.0721,63.9979
265.5297,132.3580,79.0721,63.9979
262.4360,132.6393,79.0721,63.9979
262.1548,131.7955,79.0721,63.9979
259.6236,130.3893,79.0721,63.9979
2
0
0
0
0
1
359.7471,149.5339,75.9870,58.9410
358.2678,147.2666,78.4155,60.8247
357.4471,145.8989,78.4155,60.8247
357.1736,144.5312,78.4155,60.8247
353.0703,143.1634,78.4155,60.8247
348.4200,141.7957,78.4155,60.8247
346.5052,139.8809,78.4155,60.8247
344.5904,140.1544,78.4155,60.8247
345.9581,141.5222,78.4155,60.8247
346.2317,142.8899,78.4155,60.8247
346.5052,142.0692,78.4155,60.8247
370.8510,154.3789,78.4155,60.8247
370.5774,155.1995,78.4155,60.8247
370.3039,155.4731,78.4155,60.8247
369.4832,156.8408,78.4155,60.8247
371.3980,157.1144,78.4155,60.8247
368.7772,156.9630,80.9217,62.7687
371.3178,160.0682,80.9217,62.7687
369.3418,158.6568,80.9217,62.7687
366.2366,156.6807,80.9217,62.7687
366.5189,155.8339,80.9217,62.7687
367.3658,156.1162,80.9217,62.7687
369.3418,156.9630,80.9217,62.7687
373.5762,160.6328,80.9217,62.7687
373.1299,159.9120,83.5079,64.7748
370.9215,158.5856,86.1769,66.8450
366.8388,156.6156,88.9311,68.9814
364.6672,154.4440,88.9311,68.9814
360.6342,151.6519,88.9311,68.9814
357.0415,148.9984,91.7733,71.1860
352.6936,145.6199,94.7064,73.4611
359.0948,152.3575,91.8154,71.2187
363.7131,150.8991,94.7499,73.4948
364.0436,148.5854,94.7499,73.4948
364.3741,148.2549,94.7499,73.4948
361.3994,147.2633,94.7499,73.4948
356.4415,146.2717,94.7499,73.4948
357.5571,146.4018,91.8576,71.2514
363.7657,146.5280,89.0536,69.0764
363.4550,147.4600,89.0536,69.0764
360.6591,147.7706,89.0536,69.0764
354.7566,146.8387,89.0536,69.0764
351.7802,146.0455,91.8998,71.2841
349.5361,144.4426,91.8998,71.2841
346.0096,144.1220,91.8998,71.2841
347.7328,148.0952,89.0945,69.1081
346.8004,147.7844,89.0945,69.1081
344.6248,147.4736,89.0945,69.1081
343.1875,146.9744,86.3749,66.9986
340.9033,145.6024,89.1354,69.1398
336.6804,146.0523,91.9842,71.3496
335.5314,145.8748,94.9240,73.6299
335.8625,148.1927,94.9240,73.6299
333.3522,147.3473,97.9577,75.9831
333.0105,148.3724,97.9577,75.9831
333.3522,149.3976,97.9577,75.9831
333.6939,151.1062,97.9577,75.9831
335.5307,155.3414,94.9676,73.6637
335.8620,155.0101,94.9676,73.6637
334.0132,156.8145,98.0027,76.0180
332.7889,157.3091,101.1349,78.4475
332.4362,160.4844,101.1349,78.4475
335.0381,162.7401,98.0477,76.0529
336.8766,166.9792,95.0548,73.7313
339.9854,171.0888,92.1532,71.4807
338.1913,169.6251,95.0984,73.7652
337.0034,170.7685,98.1378,76.1227
2
0
0
0
0
1
328.7348,129.2793,26.5903,41.5599
328.3347,129.9460,26.5903,41.5599
328.4681,131.1461,26.5903,41.5599
328.0681,132.3462,26.5903,41.5599
326.8680,131.9461,26.5903,41.5599
326.5764,133.2821,27.4401,42.8881
327.2644,132.8693,27.4401,42.8881
327.4020,133.0069,27.4401,42.8881
327.9268,131.9088,28.3171,44.2588
326.6487,130.3468,28.3171,44.2588
327.9268,131.3408,28.3171,44.2588
326.9327,131.7668,28.3171,44.2588
326.3382,133.7575,29.2221,45.6733
326.7779,135.6626,29.2221,45.6733
326.4574,135.9585,30.1561,47.1330
325.7013,135.5048,30.1561,47.1330
324.3403,137.4707,30.1561,47.1330
325.0964,139.7391,30.1561,47.1330
324.4633,140.9518,31.1199,48.6394
323.1857,139.0821,32.1145,50.1939
321.5452,136.8306,33.1408,51.7981
326.8706,127.8159,32.1292,50.2170
327.6762,127.9771,32.1292,50.2170
327.9684,127.3357,33.1561,51.8219
328.6024,127.3389,34.2157,53.4781
328.9135,127.6854,35.3093,55.1873
328.3823,128.5708,35.3093,55.1873
329.7658,128.2200,36.4377,56.9511
330.8280,126.7618,37.6023,58.7712
329.2843,125.6341,38.8041,60.6496
331.4248,123.1044,38.8041,60.6496
331.2303,121.7423,38.8041,60.6496
331.0356,119.2126,38.8041,60.6496
330.9993,118.0488,40.0442,62.5879
328.1505,116.4462,41.3240,64.5882
326.4540,114.7924,42.6448,66.6525
326.2402,114.1509,42.6448,66.6525
323.2064,113.7273,44.0077,68.7827
321.8411,111.5247,45.4142,70.9810
318.6102,109.2518,46.8656,73.2495
320.5006,112.9549,45.4350,71.0136
321.6398,113.1828,45.4350,71.0136
321.4120,112.0436,45.4350,71.0136
320.0024,111.1366,46.8871,73.2832
320.2375,110.9015,46.8871,73.2832
320.4726,109.2556,46.8871,73.2832
319.9585,110.6709,48.3856,75.6253
319.4838,112.0678,46.9087,73.3168
317.5580,111.1314,48.4079,75.6600
316.3443,112.8307,48.4079,75.6600
313.6740,113.5590,48.4079,75.6600
312.6577,112.5927,49.9550,78.0781
313.1696,114.5359,48.4301,75.6948
314.6374,117.3912,46.9517,73.3841
315.3438,118.0975,46.9517,73.3841
319.1212,118.5112,45.5185,71.1441
318.4364,118.2830,45.5185,71.1441
314.2851,112.3526,46.9733,73.4178
314.5207,111.6459,46.9733,73.4178
315.0020,113.9443,45.5394,71.1767
317.6998,111.6650,46.9949,73.4515
319.1241,112.5504,45.5603,71.2094
319.9953,110.2701,47.0164,73.4853
331.0767,103.9043,47.0164,73.4853
330.5611,102.4942,48.5191,75.8339
326.4249,102.2509,48.5191,75.8339
349.2505,102.2556,50.0697,78.2575
349.7057,103.7670,51.6700,80.7586
348.6210,102.2174,53.3214,83.3397
350.7102,104.3617,55.0255,86.0032
352.8662,106.0226,56.7841,88.7519
352.8130,104.8891,58.5989,91.5884
352.1705,103.7194,60.4718,94.5155
350.9009,103.1188,62.4044,97.5362
350.2886,109.3015,60.4995,94.5589
321.7835,124.3972,58.6528,91.6725
312.6656,124.1030,58.6528,91.6725
311.5020,125.7963,56.8624,88.8742
2
0
0
0
0
1
382.2245,102.4711,77.5894,27.8494
382.4262,101.8660,77.5894,27.8494
382.6279,101.2609,77.5894,27.8494
382.4262,101.4626,77.5894,27.8494
380.5812,101.2192,80.0691,28.7395
380.7626,101.4497,77.6250,27.8622
377.7357,101.2479,77.6250,27.8622
373.4683,100.1973,80.1059,28.7527
367.4293,99.9891,80.1059,28.7527
393.8454,96.8225,82.6661,29.6716
395.3181,97.4228,85.3081,30.6199
391.5154,98.9294,88.0345,31.5985
388.5403,101.9045,88.0345,31.5985
392.8591,105.3619,85.3473,30.6340
396.1871,104.6963,85.3473,30.6340
395.5215,104.4744,85.3473,30.6340
393.9358,104.6505,88.0750,31.6131
391.8457,107.6515,85.3864,30.6481
393.8107,107.3837,88.1154,31.6276
395.8723,109.9034,88.1154,31.6276
395.6432,111.5069,88.1154,31.6276
394.0061,111.2305,90.9316,32.6384
397.0486,112.9106,88.1558,31.6421
398.1650,113.6227,85.4649,30.6762
398.3545,115.1321,88.1963,31.6566
397.6329,116.6897,91.0151,32.6684
393.5759,117.8238,93.9239,33.7124
392.8074,117.0409,96.9257,34.7899
392.5184,119.2566,100.0235,35.9018
400.0590,119.5166,100.0235,35.9018
399.7990,120.8167,100.0235,35.9018
400.0207,122.5832,103.2202,37.0492
400.2545,123.4170,100.0694,35.9183
402.0419,123.1848,97.0147,34.8218
404.2792,123.9685,94.0533,33.7589
405.4658,125.1405,97.0593,34.8378
407.1995,125.4199,94.0965,33.7744
407.4441,126.1537,94.0965,33.7744
408.1779,125.9091,94.0965,33.7744
405.4872,125.1753,94.0965,33.7744
402.7964,124.9307,94.0965,33.7744
401.5374,124.6356,97.1038,34.8538
398.7607,124.3832,97.1038,34.8538
397.4614,125.0883,100.2073,35.9678
396.1206,126.3371,103.4099,37.1173
395.2745,128.1633,106.7149,38.3036
393.2918,132.8221,110.1255,39.5277
391.8183,134.1944,113.6451,40.7910
389.7068,137.3832,117.2772,42.0947
386.9181,138.2349,121.0254,43.4401
385.2987,137.2261,124.8933,44.8284
385.5816,140.8323,121.0809,43.4600
384.6373,144.2947,121.0809,43.4600
382.4340,147.7570,121.0809,43.4600
379.6011,149.9604,121.0809,43.4600
374.2039,150.8397,124.9507,44.8490
369.3316,154.4127,124.9507,44.8490
367.6597,154.0208,128.9441,46.2824
369.2925,157.7440,125.0081,44.8696
369.5697,156.0521,129.0033,46.3036
365.8808,158.3996,129.0033,46.3036
364.8254,160.0072,133.1263,47.7835
363.0441,162.3582,137.3810,49.3106
361.2584,167.0010,137.3810,49.3106
357.9917,168.7129,141.7717,50.8866
356.8860,169.8186,141.7717,50.8866
356.4700,173.1751,137.4440,49.3333
355.3981,172.8178,137.4440,49.3333
353.5656,172.4989,133.2485,47.8274
355.2529,171.4969,129.1811,46.3674
354.9171,171.8327,129.1811,46.3674
354.5813,170.8252,129.1811,46.3674
354.9171,170.4894,129.1811,46.3674
354.5813,169.4820,129.1811,46.3674
354.2455,168.4745,129.1811,46.3674
355.8813,168.8464,125.2378,44.9520
356.8161,169.2069,121.4149,43.5799
357.0910,169.5564,117.7086,42.2496
356.7851,168.0264,117.7086,42.2496
355.8671,167.7205,117.7086,42.2496
354.9491,167.4145,117.7086,42.2496
352.7621,165.8213,121.4706,43.5999
352.4464,165.5056,121.4706,43.5999
350.1895,164.4931,125.3528,44.9933
349.2119,162.8637,125.3528,44.9933
348.2343,161.8861,125.3528,44.9933
348.5182,162.8987,121.5264,43.6199
348.2022,161.9510,121.5264,43.6199
345.9443,161.5698,125.4103,45.0140
342.9622,160.5245,129.4185,46.4526
339.2119,160.1186,133.5547,47.9373
336.7306,160.3941,137.8231,49.4693
334.2226,160.0359,137.8231,49.4693
333.1477,158.9610,137.8231,49.4693
327.7208,159.2453,142.2279,51.0504
327.3510,158.8756,142.2279,51.0504
326.9813,158.5059,142.2279,51.0504
325.8177,158.7993,146.7735,52.6819
324.6730,159.1808,146.7735,52.6819
320.4760,160.3255,146.7735,52.6819
315.4597,160.6283,151.4644,54.3657
315.8027,161.8518,146.8409,52.7061
310.0207,162.9182,151.5339,54.3906
305.6295,164.8065,156.3770,56.1289
299.4720,169.1943,161.3748,57.9228
292.3404,169.6138,161.3748,57.9228
287.6717,171.7563,156.4487,56.1547
280.7054,173.0201,151.6731,54.4406
277.1568,171.8372,151.6731,54.4406
278.3397,170.6544,151.6731,54.4406
279.5226,169.4715,151.6731,54.4406
279.9168,168.2887,151.6731,54.4406
284.9918,166.3596,147.0432,52.7787
289.1473,168.3119,142.5547,51.1677
290.9525,168.7222,138.2032,49.6058
292.7026,168.4015,133.9845,48.0915
291.6064,167.9813,138.2666,49.6285
