1
527.5057,57.9691,20.0043,20.0043
526.3146,66.7015,19.3937,19.3937
522.7261,82.8120,19.3937,19.3937
523.4038,93.4156,18.8017,18.8017
520.5078,107.9889,18.2278,18.2278
519.8619,118.2510,18.2278,18.2278
518.4896,129.7960,17.6713,17.6713
513.5500,140.0231,17.6713,17.6713
512.2281,158.1814,17.6713,17.6713
521.8901,167.5651,17.1319,17.1319
532.2014,173.0201,16.6090,16.6090
541.5440,178.1778,16.1020,16.1020
555.0391,189.3907,15.6105,15.6105
562.8367,194.3612,15.1339,15.1339
560.7440,194.7710,14.6720,14.6720
2
0
0
0
0
1
612.9180,268.8613,13.6470,13.6470
615.5507,265.7988,13.6470,13.6470
620.6482,265.7385,13.2304,13.2304
624.2359,266.8259,12.8266,12.8266
628.1180,267.0721,12.4350,12.4350
630.2231,268.5898,12.4350,12.4350
634.7762,273.4365,12.4350,12.4350
636.4836,274.2628,12.0554,12.0554
640.1324,273.6399,11.6874,11.6874
642.1973,271.3796,11.3307,11.3307
642.6880,268.8369,11.3307,11.3307
645.3199,268.9707,11.3307,11.3307
645.0050,269.8156,11.6928,11.6928
646.2480,272.8999,11.6928,11.6928
646.1072,274.9688,12.0665,12.0665
646.7247,278.6268,12.0665,12.0665
650.7628,276.8690,12.0665,12.0665
651.0925,278.4339,12.4522,12.4522
653.0015,277.4996,12.8501,12.8501
