0.20366
0.21795
0.06017
0.032373
0.038152
0.036511
0.029651
0.026131
0.025667
0.025271
0.025377
0.024802
0.02588
0.025301
0.025193
0.025355
0.024718
0.024615
0.024539
0.024683
0.027035
0.025647
0.025195
0.024596
0.025089
0.025892
0.026145
0.025528
0.026453
0.026565
0.02519
0.026799
0.026336
0.026017
0.026242
0.026153
0.026336
0.026752
0.026513
0.02558
0.02568
0.025719
0.02546
0.026136
0.025907
0.026447
0.025495
0.025008
0.02447
0.02502
0.025235
0.024698
0.023931
0.024584
0.025241
0.024996
0.024079
0.024878
0.024107
0.024546
0.024971
0.024182
0.024504
0.025243
0.024881
0.025051
0.025211
0.025907
0.025394
0.025406
0.025378
0.024901
0.026487
0.027049
0.025877
0.024964
0.026425
0.025637
0.026477
0.025079
0.025329
0.02491
0.024902
0.02554
0.025463
0.024481
0.025312
0.024577
0.025596
0.024852
0.02555
0.025562
0.02519
0.024924
0.026036
0.025626
0.026571
0.02667
0.025903
0.025832
0.026205
0.027108
0.026742
0.026044
0.025665
0.027457
0.026988
0.028115
0.027165
0.027965
0.026828
0.027699
0.02839
0.028408
0.027475
0.02779
0.028361
0.027811
0.028255
0.028273
0.027877
0.028471
0.02846
0.027933
0.027915
0.028333
0.029731
0.028092
0.029547
0.028849
0.02966
0.029036
0.029001
0.027802
0.028181
0.028312
0.027103
0.026676
0.027698
0.02666
0.028028
0.027218
0.027057
0.025685
0.027137
0.028111
0.029137
0.027512
0.028382
0.027659
0.028057
0.028212
0.025918
0.02846
0.028188
0.028631
0.027937
0.030619
0.031537
0.030002
0.031838
0.030221
0.029758
0.031437
0.029994
0.03023
0.029475
0.028389
0.030006
0.02907
0.028144
0.028217
0.028274
0.026187
0.027799
0.027932
0.027796
0.027453
0.026655
0.029556
0.029573
0.027745
0.026573
0.027551
0.027653
0.027063
0.027854
0.026242
0.025967
0.028426
0.027765
0.027826
0.02772
0.027863
0.02733
0.027817
0.026829
0.027805
0.027939
0.027177
0.025458
0.026946
0.027277
0.027738
0.025182
0.027543
0.027406
0.026967
0.027314
0.027599
0.025565
0.027678
0.027021
0.028072
0.027592
0.026974
0.026821
0.027495
0.02844
0.025091
0.027603
0.026915
0.025143
0.025454
0.02515
0.026076
0.025251
0.026205
0.027826
0.026269
0.027627
0.024946
0.025921
0.027183
0.027958
0.027076
0.027098
0.028106
0.027986
0.027855
0.028643
0.026328
0.027655
0.027538
0.027991
0.026308
0.027084
0.025432
0.025098
0.027998
0.027916
0.028722
0.028059
0.027469
0.028016
0.027254
0.027162
0.027051
0.028191
0.028482
0.028155
0.029575
0.027805
0.028281
0.029274
0.028163
0.027819
0.028107
0.02773
0.028344
0.028072
0.027968
0.029246
0.028736
0.028185
0.028295
0.027355
0.029796
0.029255
0.029641
0.027863
0.031686
0.031269
0.031175
0.029661
0.030798
0.030719
0.030605
0.030717
0.030087
0.031703
0.029996
0.031049
0.029761
0.031345
0.030998
0.029402
0.032078
0.031298
0.031825
0.03047
0.030036
0.031306
0.030261
0.031475
0.031689
0.031913
0.031718
0.030749
0.030907
0.031617
0.031491
0.032175
0.03195
0.032293
0.031192
0.032744
0.032126
0.031532
0.032713
0.032534
0.032717
0.0321
0.032501
0.031292
0.032407
0.031877
0.031693
0.031686
0.030938
0.031055
0.031518
0.031118
0.031358
0.032571
0.032688
0.032446
0.031679
0.025636
0.031654
0.031644
0.030876
0.030898
0.030694
0.031033
0.031748
0.031051
0.031545
0.031598
0.030926
0.030491
0.030345
0.030828
0.031331
0.0306
0.029903
0.030311
0.030904
0.029943
0.030011
0.030559
0.02947
0.029153
0.028863
0.029073
0.02803
