1
290.1544,155.9147,88.7032,195.5963
287.4060,155.3650,88.7032,195.5963
285.7570,153.7160,88.7032,195.5963
283.7899,151.1401,91.5382,201.8475
283.2227,151.7073,91.5382,201.8475
281.5210,152.2745,91.5382,201.8475
279.8193,151.7073,91.5382,201.8475
278.1176,152.2745,91.5382,201.8475
276.4159,151.7073,91.5382,201.8475
274.7142,151.1401,91.5382,201.8475
274.1469,149.4384,91.5382,201.8475
272.4452,148.8711,91.5382,201.8475
269.6091,148.3039,91.5382,201.8475
266.7729,147.7367,91.5382,201.8475
261.9304,151.3846,88.7440,195.6861
260.2807,150.8347,88.7440,195.6861
256.4312,150.2848,88.7440,195.6861
254.7815,150.8347,88.7440,195.6861
251.1867,152.1716,86.0350,189.7127
249.5873,150.5723,86.0350,189.7127
246.9216,150.0391,86.0350,189.7127
245.3222,149.5060,86.0350,189.7127
244.7891,148.9729,86.0350,189.7127
242.1234,147.3735,86.0350,189.7127
239.4578,146.8403,86.0350,189.7127
229.5751,149.2027,83.4088,183.9216
226.1964,152.5267,80.8627,178.3074
221.9187,153.7449,78.3943,172.8645
221.4330,153.2591,78.3943,172.8645
219.9756,151.8018,78.3943,172.8645
218.5182,151.3160,78.3943,172.8645
217.0609,150.8302,78.3943,172.8645
215.6035,150.3444,78.3943,172.8645
214.1462,148.8871,78.3943,172.8645
212.6888,148.4013,78.3943,172.8645
212.4280,149.5823,76.0013,167.5877
212.8989,149.1113,76.0013,167.5877
211.4861,148.6404,76.0013,167.5877
211.0151,148.1694,76.0013,167.5877
204.8927,147.6985,76.0013,167.5877
205.3636,147.2275,76.0013,167.5877
203.9507,146.7565,76.0013,167.5877
201.5960,146.2856,76.0013,167.5877
200.1831,145.8146,76.0013,167.5877
198.7702,145.3437,76.0013,167.5877
198.2993,143.9308,76.0013,167.5877
197.8283,142.5179,76.0013,167.5877
197.5754,144.6048,73.6814,162.4721
194.3793,143.2351,73.6814,162.4721
193.9228,141.8653,73.6814,162.4721
193.4662,141.4088,73.6814,162.4721
190.0059,140.1822,76.0362,167.6647
191.6376,142.2700,73.7152,162.5467
189.3536,140.8996,73.7152,162.5467
185.8917,138.7589,76.0711,167.7417
185.4203,139.2303,76.0711,167.7417
184.9489,138.7589,76.0711,167.7417
177.8781,136.4020,76.0711,167.7417
182.1206,137.8162,76.0711,167.7417
181.6492,137.3448,76.0711,167.7417
181.1778,137.8162,76.0711,167.7417
178.5480,135.6070,78.5024,173.1027
178.0616,135.1206,78.5024,173.1027
175.6293,134.6341,78.5024,173.1027
174.8613,134.3002,81.0113,178.6350
174.3593,132.7942,81.0113,178.6350
174.8613,131.2882,81.0113,178.6350
174.3593,131.7902,81.0113,178.6350
173.8573,131.2882,81.0113,178.6350
173.3553,130.7862,81.0113,178.6350
173.5667,128.4336,83.6004,184.3442
174.0847,128.9517,83.6004,184.3442
173.5667,129.4697,83.6004,184.3442
174.0847,128.9517,83.6004,184.3442
172.5306,129.4697,83.6004,184.3442
172.0126,128.9517,83.6004,184.3442
171.4945,128.4336,83.6004,184.3442
170.9765,127.9156,83.6004,184.3442
170.4584,127.3975,83.6004,184.3442
170.9765,125.8434,83.6004,184.3442
170.4584,126.3614,83.6004,184.3442
168.6044,121.8615,86.2723,190.2359
166.1790,119.9536,83.6388,184.4288
166.3973,119.5978,86.3119,190.3232
168.2495,123.0375,83.6772,184.5135
165.3568,119.5704,86.3515,190.4106
163.7515,119.0354,86.3515,190.4106
157.8654,114.2195,86.3515,190.4106
160.5409,119.0354,86.3515,190.4106
160.0058,118.5003,86.3515,190.4106
159.4707,117.9652,86.3515,190.4106
157.8654,118.5003,86.3515,190.4106
156.2602,117.9652,86.3515,190.4106
152.2048,114.3873,89.1113,196.4961
148.0198,110.6951,91.9593,202.7761
145.1706,110.1253,91.9593,202.7761
140.8519,106.3151,94.8983,209.2568
139.0877,105.7270,94.8983,209.2568
134.6310,102.9711,97.9313,215.9447
131.5967,102.3643,97.9313,215.9447
125.7838,99.5203,101.0612,222.8463
122.6526,98.8941,101.0612,222.8463
119.5214,98.2679,101.0612,222.8463
113.5227,95.3330,104.2911,229.9684
111.5839,94.6868,104.2911,229.9684
102.8085,91.6581,107.6242,237.3182
99.4739,90.9912,107.6242,237.3182
94.8055,90.3243,107.6242,237.3182
87.4695,85.6559,107.6242,237.3182
90.8041,90.3243,107.6242,237.3182
88.8033,90.9912,107.6242,237.3182
83.7489,86.5320,111.0639,244.9029
78.9313,84.4673,111.0639,244.9029
76.8666,83.7790,111.0639,244.9029
71.6507,81.9302,114.6135,252.7300
69.5200,81.2199,114.6135,252.7300
65.9689,81.9302,114.6135,252.7300
62.4178,81.2199,114.6135,252.7300
57.0351,77.8915,118.2766,260.8073
53.3705,77.1586,118.2766,260.8073
51.1717,76.4257,118.2766,260.8073
47.0829,72.9909,122.0567,269.1427
44.8139,72.2346,122.0567,269.1427
42.5448,72.9909,122.0567,269.1427
41.7885,72.2346,122.0567,269.1427
41.0321,72.9909,122.0567,269.1427
38.7631,72.2346,122.0567,269.1427
37.5690,68.6900,125.9576,277.7445
35.2274,67.9095,125.9576,277.7445
38.6782,72.0569,129.9832,286.6212
36.6348,69.1823,126.0154,277.8720
35.8539,68.4014,126.0154,277.8720
36.6348,67.6205,126.0154,277.8720
39.3390,74.2042,122.1688,269.3899
38.5820,74.9613,122.1688,269.3899
39.3390,74.2042,122.1688,269.3899
38.5820,76.4753,122.1688,269.3899
39.3390,75.7183,122.1688,269.3899
40.0961,74.9613,122.1688,269.3899
40.8531,75.7183,122.1688,269.3899
41.6101,74.9613,122.1688,269.3899
42.3672,75.7183,122.1688,269.3899
44.6383,74.9613,122.1688,269.3899
45.3954,75.7183,122.1688,269.3899
46.1524,76.4753,122.1688,269.3899
46.9094,77.2324,122.1688,269.3899
49.1806,79.5035,122.1688,269.3899
47.9853,74.4416,126.0733,277.9995
48.7666,75.2229,126.0733,277.9995
51.1103,76.0041,126.0733,277.9995
51.8915,76.7853,126.0733,277.9995
52.6728,80.6915,126.0733,277.9995
55.0165,81.4728,126.0733,277.9995
57.3602,82.2540,126.0733,277.9995
58.1414,83.0352,126.0733,277.9995
66.7350,83.8165,126.0733,277.9995
78.8153,88.8407,122.2249,269.5135
85.9825,90.6820,118.4939,261.2865
91.4624,93.9357,114.8769,253.3107
96.4454,94.6475,114.8769,253.3107
101.7580,97.8019,111.3702,245.5783
111.0492,100.8599,107.9706,238.0820
117.3805,105.1628,104.6748,230.8144
118.0292,104.5141,104.6748,230.8144
126.7618,107.3883,101.4795,223.7687
131.4548,110.1748,98.3818,216.9381
138.4432,114.0955,95.3787,210.3160
141.3983,113.5045,95.3787,210.3160
146.9913,117.3055,92.4672,203.8961
146.4183,116.7325,92.4672,203.8961
152.9865,120.4175,89.6446,197.6721
153.5420,120.9730,89.6446,197.6721
156.3195,120.4175,89.6446,197.6721
157.9860,120.9730,89.6446,197.6721
160.7635,121.5285,89.6446,197.6721
162.4300,122.0840,89.6446,197.6721
166.3185,122.6395,89.6446,197.6721
166.8740,123.1950,89.6446,197.6721
165.4647,122.3235,86.9082,191.6381
174.6199,129.3245,86.9082,191.6381
177.3127,129.8631,86.9082,191.6381
178.9283,130.4016,86.9082,191.6381
181.6210,130.9402,86.9082,191.6381
181.0825,128.2474,86.9082,191.6381
189.4100,132.7880,84.2553,185.7883
188.8879,134.3543,84.2553,185.7883
189.1078,131.9075,86.9481,191.7261
191.8017,132.4463,86.9481,191.7261
194.4957,132.9851,86.9481,191.7261
196.1121,133.5239,86.9481,191.7261
197.7284,134.0627,86.9481,191.7261
200.4224,133.5239,86.9481,191.7261
203.1163,134.0627,86.9481,191.7261
204.7327,133.5239,86.9481,191.7261
206.3491,134.0627,86.9481,191.7261
207.9654,133.5239,86.9481,191.7261
209.5818,134.0627,86.9481,191.7261
211.1982,133.5239,86.9481,191.7261
211.7370,132.9851,86.9481,191.7261
216.8356,135.3725,84.2940,185.8736
217.3579,133.8055,84.2940,185.8736
217.8802,134.3279,84.2940,185.8736
218.4026,133.8055,84.2940,185.8736
222.0590,133.2832,84.2940,185.8736
223.6260,132.7608,84.2940,185.8736
225.1931,132.2385,84.2940,185.8736
226.7601,131.7161,84.2940,185.8736
228.3271,132.2385,84.2940,185.8736
228.8495,131.7161,84.2940,185.8736
231.4612,131.1938,84.2940,185.8736
233.0282,130.6714,84.2940,185.8736
232.2035,128.2235,86.9880,191.8141
236.2264,129.5340,84.3327,185.9589
235.4013,127.0850,87.0280,191.9021
240.5046,128.3960,84.3714,186.0443
242.3152,131.7584,81.7959,180.3652
243.5424,129.3830,84.4101,186.1297
244.0655,128.8600,84.4101,186.1297
244.2858,125.3625,87.1079,192.0784
246.9847,125.9023,87.1079,192.0784
247.5245,125.3625,87.1079,192.0784
248.0642,124.8228,87.1079,192.0784
249.6836,124.2830,87.1079,192.0784
250.2234,123.7432,87.1079,192.0784
251.8427,123.2034,87.1079,192.0784
253.4620,122.6636,87.1079,192.0784
255.3313,125.0555,84.4489,186.2151
255.8546,125.5788,84.4489,186.2151
255.0284,122.0798,87.1479,192.1666
254.4884,121.5397,87.1479,192.1666
255.0284,119.9197,87.1479,192.1666
250.9357,110.9085,89.9331,198.3082
246.7121,110.5260,92.8074,204.6461
244.9868,109.9509,92.8074,204.6461
244.4117,108.2256,92.8074,204.6461
240.0531,105.5305,95.7735,211.1866
250.4171,116.4689,92.8500,204.7401
246.0565,116.0740,95.8175,211.2836
244.2753,115.4803,95.8175,211.2836
246.0565,113.6990,95.8175,211.2836
247.8378,113.1053,95.8175,211.2836
251.0815,116.9238,92.8926,204.8341
251.9236,121.7770,90.0571,198.5815
251.3656,122.3350,90.0571,198.5815
254.4142,127.0401,87.3080,192.5197
248.4630,126.4990,87.3080,192.5197
246.8400,125.9580,87.3080,192.5197
245.2169,125.4170,87.3080,192.5197
243.5938,125.9580,87.3080,192.5197
237.3295,122.3405,90.0984,198.6726
238.1463,125.9311,87.3481,192.6081
236.7731,129.4121,84.6818,186.7287
233.8457,125.9034,87.3882,192.6965
228.6586,122.2826,90.1811,198.8551
222.1881,118.5461,93.0633,205.2105
221.6114,117.9694,93.0633,205.2105
214.9341,115.2668,96.0376,211.7690
213.1487,114.6717,96.0376,211.7690
207.4482,111.8828,99.1070,218.5372
203.1493,110.0403,99.1070,218.5372
204.0478,113.9899,96.0817,211.8663
201.0708,114.5853,96.0817,211.8663
198.0939,113.9899,96.0817,211.8663
195.1170,114.5853,96.0817,211.8663
192.1400,115.1807,96.0817,211.8663
186.4369,111.1997,99.1525,218.6375
183.3648,113.0430,99.1525,218.6375
181.5216,113.6574,99.1525,218.6375
174.7630,113.0430,99.1525,218.6375
172.9197,112.4285,99.1525,218.6375
167.0344,108.3203,102.3214,225.6252
163.8641,107.6862,102.3214,225.6252
159.4257,108.3203,102.3214,225.6252
154.9873,107.6862,102.3214,225.6252
148.0127,108.3203,102.3214,225.6252
144.4755,102.8126,105.5916,232.8361
136.8993,98.4376,108.9663,240.2776
133.5231,97.7624,108.9663,240.2776
126.0956,98.4376,108.9663,240.2776
121.3690,97.7624,108.9663,240.2776
113.9414,95.7367,108.9663,240.2776
110.5653,96.4119,108.9663,240.2776
105.8387,97.0871,108.9663,240.2776
101.1121,97.7624,108.9663,240.2776
95.0350,97.0871,108.9663,240.2776
88.5671,92.5723,112.4489,247.9568
83.6894,93.2691,112.4489,247.9568
75.6212,88.6099,116.0427,255.8816
70.5876,89.3290,116.0427,255.8816
64.1159,88.6099,116.0427,255.8816
59.0823,89.3290,116.0427,255.8816
54.0488,90.0481,116.0427,255.8816
47.5770,90.7672,116.0427,255.8816
40.6891,85.9591,119.7515,264.0595
30.6128,80.9974,123.5787,272.4989
23.7208,78.7000,123.5787,272.4989
19.8919,77.9342,123.5787,272.4989
14.5315,77.1685,123.5787,272.4989
6.1079,71.8080,123.5787,272.4989
5.3421,74.1054,123.5787,272.4989
1.5132,74.8711,123.5787,272.4989
-2.3157,75.6369,123.5787,272.4989
-6.1446,76.4027,123.5787,272.4989
-6.5558,81.3275,119.8064,264.1808
-8.7830,82.0699,119.8064,264.1808
-17.3791,78.5907,123.6355,272.6240
-22.7420,76.2923,123.6355,272.6240
-29.6372,77.0585,123.6355,272.6240
-31.9356,77.8246,123.6355,272.6240
-36.2097,74.2342,127.5869,281.3370
-43.3252,73.4436,127.5869,281.3370
-45.6971,72.6530,127.5869,281.3370
-48.0689,71.8623,127.5869,281.3370
-52.0220,71.0717,127.5869,281.3370
-59.5951,65.7853,131.6645,290.3286
-60.4110,64.9695,131.6645,290.3286
-68.2262,59.5141,135.8725,299.6075
-72.4360,58.6722,135.8725,299.6075
-77.1331,53.0425,140.2150,309.1829
-79.7397,52.1736,140.2150,309.1829
-80.6086,51.3047,140.2150,309.1829
-81.4775,50.4359,140.2150,309.1829
37.9598,45.5973,135.9349,299.7450
-80.8110,59.9172,135.9349,299.7450
-81.6533,60.7595,135.9349,299.7450
-82.4957,59.9172,135.9349,299.7450
-83.3380,59.0748,135.9349,299.7450
-88.0373,55.1272,140.2794,309.3249
-90.2426,57.2406,135.9973,299.8826
-84.3435,58.0833,135.9973,299.8826
-85.6740,50.7630,140.3438,309.4669
-84.8043,49.8933,140.3438,309.4669
-83.9346,50.7630,140.3438,309.4669
-83.0650,53.3720,140.3438,309.4669
-82.1953,54.2416,140.3438,309.4669
-79.5863,53.3720,140.3438,309.4669
-78.7166,52.5023,140.3438,309.4669
-76.1076,53.3720,140.3438,309.4669
-71.7593,54.2416,140.3438,309.4669
-67.4110,56.8506,140.3438,309.4669
-61.3233,57.7203,140.3438,309.4669
-53.4963,58.5900,140.3438,309.4669
-40.0486,65.9222,136.0598,300.0203
-30.7743,65.0791,136.0598,300.0203
-16.0509,70.5014,131.9065,290.8621
-1.7769,75.7581,127.8800,281.9834
6.9399,78.1354,127.8800,281.9834
9.6841,78.4770,123.9764,273.3758
24.2807,85.3912,123.9764,273.3758
32.7314,86.1594,123.9764,273.3758
42.7186,86.9277,123.9764,273.3758
54.5979,91.8684,120.1920,265.0309
62.7906,94.1028,120.1920,265.0309
74.3074,98.8926,116.5231,256.9408
79.3618,98.1706,116.5231,256.9408
91.9711,102.8142,112.9662,249.0976
104.1955,107.3161,109.5179,241.4938
110.3034,107.9948,109.5179,241.4938
119.1258,108.6734,109.5179,241.4938
130.9770,113.0379,106.1748,234.1221
138.2143,113.6958,106.1748,234.1221
145.4515,114.3538,106.1748,234.1221
155.6252,118.5850,102.9338,226.9755
162.6415,120.4986,102.9338,226.9755
171.2289,123.3250,99.7917,220.0470
