1
624.5382,664.8511,57.6797,27.2759
619.1085,659.7505,57.6797,27.2759
606.5048,655.8594,59.5232,28.1476
578.4886,654.6708,59.5232,28.1476
557.6714,653.3721,61.4255,29.0472
538.2916,646.0742,63.3887,29.9756
523.6450,643.3619,63.3887,29.9756
507.5519,637.3948,63.3887,29.9756
481.3328,633.9592,63.3887,29.9756
463.4315,630.8852,63.3887,29.9756
437.9356,619.1318,63.3887,29.9756
409.1850,595.0826,63.3887,29.9756
388.4625,578.5104,65.4146,30.9336
373.7210,570.1134,65.4146,30.9336
353.0826,555.6240,67.5052,31.9222
330.2441,525.6516,69.6627,32.9425
315.4193,509.4264,71.8891,33.9953
309.3391,508.0996,69.6947,32.9576
290.3230,506.4157,67.5672,31.9515
274.5858,504.7832,65.5047,30.9762
254.5920,509.0809,65.5047,30.9762
230.1137,523.8427,65.5047,30.9762
203.0193,547.5737,65.5047,30.9762
193.1158,562.3354,65.5047,30.9762
188.0707,574.1074,65.5047,30.9762
169.9455,584.0109,65.5047,30.9762
167.5907,596.0353,67.5983,31.9662
172.1025,609.6011,69.7587,32.9878
171.9828,629.5702,71.9882,34.0421
180.4839,662.0880,74.2889,35.1301
189.2568,708.3599,76.6632,36.2529
199.9725,737.8828,76.6632,36.2529
200.2783,740.1464,79.1133,37.4115
223.8279,754.0323,76.6984,36.2695
244.6128,773.9421,76.6984,36.2695
262.1925,793.0927,74.3572,35.1624
280.6461,806.0314,74.3572,35.1624
288.4942,811.3342,74.3572,35.1624
295.4938,814.9401,74.3572,35.1624
308.8568,821.5155,74.3572,35.1624
329.7179,829.4760,72.0874,34.0890
350.1576,838.1849,74.3913,35.1785
366.0732,857.0713,74.3913,35.1785
371.8028,861.5276,74.3913,35.1785
374.5615,863.4376,74.3913,35.1785
371.8028,859.4056,74.3913,35.1785
369.8929,860.4666,74.3913,35.1785
359.5792,860.5411,76.7688,36.3028
365.7877,861.7521,74.4254,35.1947
367.1359,862.5016,72.1536,34.1203
370.9129,866.1097,69.9511,33.0788
372.3097,866.7084,69.9511,33.0788
376.1010,869.7015,69.9511,33.0788
381.8876,878.2818,69.9511,33.0788
383.1548,876.1926,67.8158,32.0691
381.4138,877.5468,67.8158,32.0691
378.1251,878.1271,67.8158,32.0691
373.2889,879.4813,67.8158,32.0691
381.4816,882.4856,65.7457,31.0902
379.7937,881.9229,65.7457,31.0902
374.3549,883.2358,65.7457,31.0902
372.2919,884.1735,65.7457,31.0902
373.4828,884.4604,63.7388,30.1411
375.8465,883.5513,63.7388,30.1411
373.8465,884.8241,63.7388,30.1411
376.5738,886.8241,63.7388,30.1411
377.3648,886.7387,61.7931,29.2211
376.4835,886.5624,61.7931,29.2211
376.6597,886.3862,61.7931,29.2211
377.8936,886.9150,61.7931,29.2211
379.8326,886.0336,61.7931,29.2211
381.4190,885.5048,61.7931,29.2211
383.7105,882.1556,61.7931,29.2211
386.3546,881.9794,61.7931,29.2211
388.0112,880.9836,63.7681,30.1550
386.3741,877.8912,63.7681,30.1550
385.1007,882.4388,63.7681,30.1550
386.0103,882.2570,63.7681,30.1550
389.4664,887.5322,63.7681,30.1550
396.1968,892.0798,63.7681,30.1550
402.8091,895.2686,61.8215,29.2345
407.9233,894.3868,61.8215,29.2345
412.3321,892.4470,61.8215,29.2345
411.4503,896.5030,61.8215,29.2345
412.5703,893.9512,59.9344,28.3421
412.7412,893.4384,59.9344,28.3421
409.8348,896.6867,59.9344,28.3421
410.5786,896.6064,58.1049,27.4769
410.0813,894.4517,58.1049,27.4769
408.9211,892.6284,58.1049,27.4769
407.6532,891.8876,56.3312,26.6382
402.9932,892.3696,56.3312,26.6382
401.5470,894.7800,56.3312,26.6382
400.4861,898.6929,58.1315,27.4895
400.9836,896.5372,58.1315,27.4895
402.1443,894.3815,58.1315,27.4895
401.9785,894.8789,58.1315,27.4895
403.5370,894.2738,59.9894,28.3681
401.3805,893.3071,61.9067,29.2748
400.8507,892.7773,61.9067,29.2748
392.1976,888.3625,61.9067,29.2748
389.5486,888.5391,61.9067,29.2748
390.7848,887.6561,61.9067,29.2748
392.0912,889.4840,63.8852,30.2104
393.7314,891.1241,63.8852,30.2104
392.0912,890.9419,63.8852,30.2104
392.6380,890.7597,63.8852,30.2104
392.8202,889.1196,63.8852,30.2104
394.5329,889.9125,65.9270,31.1759
399.3093,889.6023,68.0340,32.1723
405.7137,889.4083,68.0340,32.1723
409.0130,889.9905,68.0340,32.1723
410.0606,889.2823,70.2084,33.2005
410.2609,889.8831,70.2084,33.2005
413.2650,886.0779,70.2084,33.2005
417.1499,887.7504,72.4523,34.2616
415.7032,883.8235,72.4523,34.2616
414.6698,883.2035,72.4523,34.2616
409.7820,881.8663,70.2406,33.2157
410.3831,882.0667,70.2406,33.2157
409.3813,879.8627,70.2406,33.2157
410.3831,880.4637,70.2406,33.2157
416.2735,877.3282,72.4855,34.2773
431.7814,874.6401,72.4855,34.2773
448.9434,870.7115,72.4855,34.2773
458.6616,866.7828,72.4855,34.2773
470.4476,860.7865,72.4855,34.2773
489.2637,853.9631,72.4855,34.2773
515.1101,852.5157,72.4855,34.2773
538.0617,849.4141,72.4855,34.2773
553.1560,850.0344,72.4855,34.2773
559.1523,851.8953,72.4855,34.2773
561.4268,854.5834,72.4855,34.2773
561.4993,855.3133,70.2729,33.2310
563.3034,858.7211,70.2729,33.2310
562.3011,856.1151,70.2729,33.2310
560.8979,854.7119,70.2729,33.2310
560.6974,854.1105,70.2729,33.2310
562.5016,844.2880,70.2729,33.2310
563.1030,844.4885,70.2729,33.2310
565.7888,840.9506,72.5188,34.2931
566.8231,840.3300,72.5188,34.2931
578.6968,839.1614,74.8365,35.3891
581.5569,840.5172,77.2283,36.5201
586.7115,839.2726,79.6965,37.6873
589.7575,834.8056,82.2436,38.8918
599.0005,830.6650,84.8721,40.1348
601.1795,827.0334,84.8721,40.1348
600.4532,825.8229,84.8721,40.1348
604.0847,821.7072,84.8721,40.1348
604.4232,821.7921,87.5846,41.4175
606.6718,821.5423,87.5846,41.4175
609.0198,819.6312,90.3838,42.7412
610.3090,818.8577,90.3838,42.7412
615.3103,816.3699,93.2725,44.1072
623.1322,812.2062,96.2535,45.5168
645.7432,810.9789,93.3153,44.1274
644.4123,806.9861,93.3153,44.1274
650.5347,805.1227,93.3153,44.1274
655.0599,800.5975,93.3153,44.1274
667.9303,798.8753,90.4668,42.7804
675.7626,798.2380,87.7053,41.4745
682.0173,788.4807,87.7053,41.4745
685.7701,779.7241,87.7053,41.4745
693.3634,764.5954,85.0281,40.2085
704.7632,750.2849,85.0281,40.2085
716.6482,735.9745,85.0281,40.2085
733.8692,710.9919,85.0281,40.2085
746.0817,695.8398,82.4326,38.9811
759.9553,677.2633,82.4326,38.9811
763.4825,671.3847,82.4326,38.9811
764.6582,671.1495,82.4326,38.9811
768.1854,672.7955,82.4326,38.9811
768.4206,673.0307,82.4326,38.9811
768.1854,673.7361,82.4326,38.9811
770.3018,675.8524,82.4326,38.9811
770.5369,676.0876,82.4326,38.9811
770.6193,681.1503,79.9163,37.7912
769.4794,685.9376,79.9163,37.7912
771.8391,691.3018,77.4768,36.6376
771.9165,698.2702,75.1118,35.5193
776.2769,699.4551,72.8190,34.4350
771.3643,704.3428,70.5962,33.3839
769.0183,713.9146,68.4412,32.3648
767.6517,716.4526,68.4412,32.3648
767.0659,718.9907,68.4412,32.3648
766.8707,721.5287,68.4412,32.3648
766.2850,722.1144,68.4412,32.3648
763.3565,722.7001,68.4412,32.3648
758.4756,725.6286,68.4412,32.3648
754.4534,726.8685,70.6286,33.3992
748.6909,728.1481,72.8859,34.4666
735.6751,732.7951,75.2153,35.5682
720.8706,737.3008,75.2153,35.5682
701.7750,743.5230,75.2153,35.5682
687.3996,752.7490,75.2153,35.5682
671.3077,758.9712,75.2153,35.5682
665.5146,759.1858,75.2153,35.5682
665.3001,759.8295,75.2153,35.5682
665.0856,759.1858,75.2153,35.5682
664.8710,752.5345,75.2153,35.5682
665.9438,752.3199,75.2153,35.5682
666.0190,753.9355,72.9193,34.4825
665.8110,753.3115,72.9193,34.4825
659.3627,753.1035,72.9193,34.4825
665.8110,757.8877,72.9193,34.4825
664.3549,757.6797,72.9193,34.4825
665.6758,764.2383,70.6935,33.4299
663.3266,767.7734,68.5355,32.4094
661.9581,768.3599,68.5355,32.4094
661.3716,767.7734,68.5355,32.4094
661.9581,767.9689,68.5355,32.4094
662.9356,768.5554,68.5355,32.4094
661.5671,762.1038,68.5355,32.4094
659.0256,759.9532,68.5355,32.4094
660.3940,758.9757,68.5355,32.4094
661.4494,756.3073,70.7259,33.4452
655.5986,754.4915,70.7259,33.4452
658.6249,749.4478,70.7259,33.4452
656.8894,743.0625,72.9863,34.5141
658.3468,732.8607,72.9863,34.5141
655.2238,726.4065,72.9863,34.5141
652.7984,716.3151,70.7584,33.4606
642.5847,700.6421,73.0198,34.5300
636.9608,694.1849,73.0198,34.5300
634.2529,685.6448,73.0198,34.5300
621.5469,678.7711,73.0198,34.5300
607.5911,664.3987,73.0198,34.5300
588.6362,649.1932,73.0198,34.5300
564.2657,638.1536,73.0198,34.5300
530.3965,630.7280,75.3535,35.6336
486.7612,630.5131,75.3535,35.6336
467.2861,631.8782,77.7618,36.7724
451.5367,638.3110,77.7618,36.7724
418.4852,645.6312,77.7618,36.7724
387.6519,652.5077,77.7618,36.7724
359.0369,662.0460,77.7618,36.7724
339.2947,672.9153,77.7618,36.7724
317.3344,695.3193,77.7618,36.7724
302.9159,722.6035,77.7618,36.7724
289.3847,751.2185,77.7618,36.7724
286.5011,771.8480,77.7618,36.7724
279.7129,800.7627,80.2471,37.9477
281.3152,815.6420,80.2471,37.9477
285.2068,812.2083,80.2471,37.9477
301.9173,811.9794,80.2471,37.9477
313.5918,815.8708,80.2471,37.9477
324.3506,820.2202,80.2471,37.9477
340.1455,826.8586,80.2471,37.9477
360.0609,837.6175,80.2471,37.9477
381.8074,838.7620,80.2471,37.9477
390.2772,842.6535,80.2471,37.9477
401.4938,849.2920,80.2471,37.9477
421.8670,858.6774,80.2471,37.9477
421.9472,859.4854,77.7975,36.7893
418.1745,856.6004,77.7975,36.7893
417.5087,853.7154,77.7975,36.7893
415.0675,853.4935,77.7975,36.7893
410.0516,851.3521,80.2839,37.9651
392.4174,850.2070,80.2839,37.9651
371.5768,849.0620,80.2839,37.9651
353.9425,843.7946,80.2839,37.9651
339.0565,833.4888,80.2839,37.9651
320.9641,826.3893,80.2839,37.9651
299.6656,813.7934,80.2839,37.9651
277.4510,798.9073,80.2839,37.9651
252.0301,779.4409,80.2839,37.9651
221.5709,754.4781,80.2839,37.9651
198.4402,733.1795,80.2839,37.9651
176.6836,705.9265,80.2839,37.9651
153.5529,681.4218,80.2839,37.9651
144.1633,671.5740,80.2839,37.9651
137.0638,667.6807,80.2839,37.9651
138.2088,666.9937,80.2839,37.9651
138.4379,667.6807,80.2839,37.9651
137.7508,669.7419,80.2839,37.9651
137.0638,669.9709,80.2839,37.9651
136.3767,670.6580,80.2839,37.9651
135.6897,669.5129,80.2839,37.9651
135.0026,667.9098,80.2839,37.9651
135.5409,667.3441,77.8332,36.8062
133.9867,663.5697,77.8332,36.8062
131.5444,659.3512,77.8332,36.8062
129.5462,656.0208,77.8332,36.8062
125.7718,643.3654,77.8332,36.8062
120.3095,634.1182,80.3208,37.9825
120.0804,621.0582,80.3208,37.9825
111.1446,607.9983,80.3208,37.9825
100.3759,586.2317,80.3208,37.9825
100.2380,564.3164,82.8878,39.1964
100.0015,559.3511,82.8878,39.1964
107.3313,543.9822,82.8878,39.1964
111.3509,521.5200,82.8878,39.1964
112.5331,496.6933,82.8878,39.1964
116.5527,470.4479,82.8878,39.1964
129.5571,437.1093,82.8878,39.1964
131.2122,405.1892,82.8878,39.1964
138.5420,382.2541,82.8878,39.1964
154.4779,362.9486,85.5369,40.4491
166.9220,351.9686,85.5369,40.4491
175.5591,350.5902,88.2707,41.7419
174.4004,352.6929,91.0918,43.0760
169.5667,352.2644,94.0031,44.4527
161.7903,357.3593,94.0031,44.4527
155.1933,361.2076,97.0075,45.8734
144.4011,367.0187,97.0075,45.8734
140.6240,370.7628,94.0463,44.4731
139.6449,372.2464,91.1755,43.1155
135.5747,375.2452,88.3923,41.7994
131.6287,378.6568,85.6941,40.5235
130.7366,380.9865,83.0783,39.2865
131.2936,383.7190,80.5423,38.0872
126.9283,384.4082,80.5423,38.0872
128.3873,386.5978,78.0837,36.9246
126.8281,388.1570,78.0837,36.9246
124.8235,391.9436,78.0837,36.9246
122.9075,395.5856,80.5793,38.1047
122.2179,400.8723,80.5793,38.1047
119.2297,406.1591,80.5793,38.1047
118.0804,416.9625,80.5793,38.1047
115.5520,430.9839,80.5793,38.1047
115.3221,441.7873,80.5793,38.1047
113.1041,455.0111,78.1196,36.9416
112.4356,465.0390,78.1196,36.9416
110.4300,475.5126,78.1196,36.9416
106.6417,488.2147,78.1196,36.9416
105.0818,497.3512,78.1196,36.9416
103.9675,505.1507,78.1196,36.9416
104.1904,512.9502,78.1196,36.9416
108.8701,522.0867,78.1196,36.9416
112.6584,529.4406,78.1196,36.9416
112.8812,533.6746,78.1196,36.9416
115.7782,537.0172,78.1196,36.9416
115.5554,536.3487,78.1196,36.9416
115.7782,535.6802,78.1196,36.9416
116.8924,534.5659,78.1196,36.9416
118.4523,533.8974,78.1196,36.9416
117.3381,532.3375,78.1196,36.9416
118.4523,532.5604,78.1196,36.9416
120.3132,532.4557,75.7349,35.8139
122.2575,533.9680,75.7349,35.8139
121.6094,533.3198,75.7349,35.8139
122.2575,533.1038,75.7349,35.8139
121.1773,532.8878,75.7349,35.8139
120.5292,532.6717,75.7349,35.8139
122.3332,532.5702,73.4231,34.7207
121.7049,533.6174,73.4231,34.7207
121.4954,535.0836,73.4231,34.7207
119.1915,534.8741,73.4231,34.7207
117.3065,535.5024,73.4231,34.7207
117.0971,536.1308,73.4231,34.7207
116.8876,535.9213,73.4231,34.7207
115.0026,535.2930,73.4231,34.7207
113.1176,536.7591,73.4231,34.7207
112.9082,536.1308,73.4231,34.7207
112.6987,536.3402,73.4231,34.7207
113.6099,536.2418,71.1818,33.6608
113.4069,536.8510,71.1818,33.6608
114.8282,537.8662,71.1818,33.6608
116.6557,538.0693,71.1818,33.6608
118.8893,537.4601,71.1818,33.6608
118.6862,537.6631,71.1818,33.6608
118.8893,537.4601,71.1818,33.6608
118.6862,537.6631,71.1818,33.6608
118.0771,538.2723,71.1818,33.6608
117.1426,538.3436,73.4568,34.7366
116.5140,538.5531,73.4568,34.7366
116.7235,539.1818,73.4568,34.7366
117.3522,538.9722,73.4568,34.7366
115.8854,538.7627,73.4568,34.7366
116.0949,538.5531,73.4568,34.7366
117.1426,539.6008,73.4568,34.7366
117.7713,539.8104,73.4568,34.7366
117.1426,538.3436,73.4568,34.7366
117.3522,538.5531,73.4568,34.7366
115.0472,538.7627,73.4568,34.7366
112.8257,534.6454,75.8045,35.8468
112.6955,541.6409,78.2272,36.9925
116.0428,538.7399,78.2272,36.9925
116.5673,536.8499,75.8393,35.8633
119.6718,537.1809,73.5243,34.7685
120.5843,537.0824,71.2799,33.7072
121.1942,536.8791,71.2799,33.7072
120.5843,536.2690,71.2799,33.7072
120.7876,536.4724,71.2799,33.7072
120.9909,537.0824,71.2799,33.7072
119.1609,536.8791,71.2799,33.7072
118.2252,536.5438,73.5580,34.7845
118.0154,536.3339,73.5580,34.7845
118.6449,536.5438,73.5580,34.7845
118.8547,536.3339,73.5580,34.7845
117.3859,536.5438,73.5580,34.7845
116.7564,537.1732,73.5580,34.7845
115.3711,538.0862,75.9090,35.8962
115.5876,538.3027,75.9090,35.8962
116.2373,538.0862,75.9090,35.8962
116.4538,538.7358,75.9090,35.8962
117.8289,538.6341,73.5918,34.8005
115.5197,538.8440,73.5918,34.8005
115.3098,539.8936,73.5918,34.8005
115.0998,540.1036,73.5918,34.8005
116.5693,539.4738,73.5918,34.8005
115.9396,538.8440,73.5918,34.8005
115.8132,537.6581,75.9438,35.9127
117.3296,537.4415,75.9438,35.9127
117.1130,537.2249,75.9438,35.9127
116.8964,536.1417,75.9438,35.9127
119.7126,535.4918,75.9438,35.9127
120.4488,535.5677,78.3710,37.0605
120.2252,534.0029,78.3710,37.0605
120.8959,532.8851,78.3710,37.0605
120.2252,534.0029,78.3710,37.0605
120.8959,533.3322,78.3710,37.0605
121.4214,533.6743,75.9787,35.9292
121.6381,534.7579,75.9787,35.9292
121.4214,534.9747,75.9787,35.9292
122.0716,534.7579,75.9787,35.9292
122.7218,534.1077,75.9787,35.9292
123.3720,534.7579,75.9787,35.9292
123.5887,534.5412,75.9787,35.9292
122.9385,534.3245,75.9787,35.9292
122.5810,535.5230,73.6594,34.8324
123.6316,535.7332,73.6594,34.8324
123.4215,536.3635,73.6594,34.8324
122.3709,537.4141,73.6594,34.8324
121.4039,538.3283,76.0135,35.9457
120.7534,537.2441,76.0135,35.9457
121.8376,537.4610,76.0135,35.9457
121.6208,537.2441,76.0135,35.9457
121.8376,536.5936,76.0135,35.9457
122.0544,536.8105,76.0135,35.9457
120.9703,537.4610,76.0135,35.9457
121.6208,537.6779,76.0135,35.9457
120.9703,537.8947,76.0135,35.9457
121.6208,538.5452,76.0135,35.9457
121.4039,538.3283,76.0135,35.9457
121.1871,538.1115,76.0135,35.9457
120.5366,537.8947,76.0135,35.9457
120.3198,538.5452,76.0135,35.9457
119.6693,538.7620,76.0135,35.9457
119.8861,539.4125,76.0135,35.9457
119.6693,538.7620,76.0135,35.9457
119.4524,538.9788,76.0135,35.9457
119.6693,538.7620,76.0135,35.9457
119.4524,538.5452,76.0135,35.9457
119.2356,538.3283,76.0135,35.9457
118.5851,538.1115,76.0135,35.9457
117.9346,537.4610,76.0135,35.9457
118.1514,538.5452,76.0135,35.9457
116.6336,539.1957,76.0135,35.9457
117.2841,539.4125,76.0135,35.9457
117.5009,539.6293,76.0135,35.9457
116.8504,540.2798,76.0135,35.9457
117.3601,538.8770,73.6932,34.8484
117.0133,540.4599,71.4437,33.7847
119.1227,541.1794,69.2629,32.7534
118.9251,540.9818,69.2629,32.7534
117.9372,541.9697,69.2629,32.7534
119.3203,542.1672,69.2629,32.7534
118.0159,541.8414,71.4765,33.8002
118.6276,542.0453,71.4765,33.8002
119.2393,542.6570,71.4765,33.8002
119.8509,540.8220,71.4765,33.8002
120.4626,540.6181,71.4765,33.8002
118.6276,542.0453,71.4765,33.8002
118.4237,543.4726,71.4765,33.8002
119.0354,544.0842,71.4765,33.8002
120.4626,544.6959,71.4765,33.8002
119.8509,544.4921,71.4765,33.8002
121.6860,540.6181,71.4765,33.8002
120.6665,545.3076,71.4765,33.8002
120.4626,541.8414,71.4765,33.8002
120.7477,541.5052,73.7609,34.8804
121.3789,541.2948,73.7609,34.8804
122.0101,541.9260,73.7609,34.8804
122.2205,542.5573,73.7609,34.8804
123.2726,542.3469,73.7609,34.8804
123.9038,542.5573,73.7609,34.8804
124.5350,543.1885,73.7609,34.8804
124.7454,541.7156,73.7609,34.8804
125.3767,541.5052,73.7609,34.8804
127.2703,540.4531,73.7609,34.8804
128.3224,541.5052,73.7609,34.8804
128.5328,545.0822,73.7609,34.8804
128.3224,545.2925,73.7609,34.8804
127.7749,548.3121,76.1183,35.9952
128.4263,548.9635,76.1183,35.9952
129.5120,550.0492,76.1183,35.9952
134.0718,551.1349,76.1183,35.9952
136.0260,552.2205,76.1183,35.9952
140.1516,553.3062,76.1183,35.9952
139.0659,555.2604,76.1183,35.9952
142.3229,553.7405,76.1183,35.9952
146.4484,552.6548,76.1183,35.9952
150.1397,550.7006,76.1183,35.9952
153.8310,552.2205,76.1183,35.9952
158.8251,552.0034,76.1183,35.9952
160.7793,552.6548,76.1183,35.9952
159.6936,552.8719,76.1183,35.9952
159.1286,551.6453,78.5510,37.1456
158.9046,552.7657,78.5510,37.1456
158.6805,551.6453,78.5510,37.1456
156.2157,550.9731,78.5510,37.1456
157.7842,550.3009,78.5510,37.1456
157.1120,550.9731,78.5510,37.1456
157.3360,551.1972,78.5510,37.1456
158.0083,551.8694,78.5510,37.1456
160.4731,554.3342,78.5510,37.1456
161.1453,555.4546,78.5510,37.1456
163.6101,553.8860,78.5510,37.1456
164.2823,550.9731,78.5510,37.1456
166.2990,547.1639,78.5510,37.1456
167.8675,544.2509,78.5510,37.1456
168.9879,542.6824,78.5510,37.1456
172.3490,542.4583,78.5510,37.1456
174.3656,542.2343,78.5510,37.1456
177.2786,542.4583,78.5510,37.1456
179.2952,544.0269,78.5510,37.1456
179.9675,544.6990,78.5510,37.1456
182.4323,546.7157,78.5510,37.1456
183.1045,549.6287,78.5510,37.1456
186.0174,552.5416,78.5510,37.1456
187.5860,554.1102,78.5510,37.1456
190.0508,557.0231,78.5510,37.1456
191.6193,559.0397,78.5510,37.1456
190.9471,565.5379,78.5510,37.1456
190.2748,569.3471,78.5510,37.1456
188.7063,571.8120,78.5510,37.1456
189.3785,572.4842,78.5510,37.1456
190.9471,573.1564,78.5510,37.1456
193.8600,574.2767,78.5510,37.1456
196.7730,579.8786,78.5510,37.1456
201.0304,585.4804,78.5510,37.1456
202.1507,588.8416,78.5510,37.1456
203.7192,589.9619,78.5510,37.1456
204.3915,590.6341,78.5510,37.1456
205.0637,590.8582,78.5510,37.1456
206.7214,591.8331,81.0615,38.3328
203.7153,589.7520,81.0615,38.3328
204.4090,589.0583,81.0615,38.3328
203.2529,588.3646,81.0615,38.3328
203.9466,586.2835,81.0615,38.3328
206.0277,588.8271,81.0615,38.3328
205.7964,589.0583,81.0615,38.3328
209.2650,591.6019,81.0615,38.3328
211.8086,592.2956,81.0615,38.3328
215.7395,595.7641,81.0615,38.3328
220.9078,597.0428,78.5871,37.1627
223.8221,598.6121,78.5871,37.1627
225.8396,604.2165,78.5871,37.1627
228.7539,608.0275,78.5871,37.1627
231.6682,612.7352,78.5871,37.1627
238.1693,616.5462,78.5871,37.1627
242.8770,621.2539,78.5871,37.1627
247.5847,631.3419,78.5871,37.1627
247.8089,638.2913,78.5871,37.1627
247.5847,641.2056,78.5871,37.1627
253.1891,645.9133,78.5871,37.1627
257.8969,651.5177,78.5871,37.1627
261.2595,657.1221,78.5871,37.1627
264.6221,664.5200,78.5871,37.1627
272.4683,671.4694,78.5871,37.1627
279.8661,677.9705,78.5871,37.1627
284.1255,685.3683,78.5871,37.1627
289.7299,691.4211,78.5871,37.1627
293.0925,698.8189,78.5871,37.1627
302.2838,708.0101,78.5871,37.1627
307.4398,721.2366,78.5871,37.1627
312.1475,729.9794,78.5871,37.1627
319.0970,731.1003,78.5871,37.1627
323.8047,735.3597,78.5871,37.1627
331.2025,745.8959,78.5871,37.1627
341.2904,753.2938,78.5871,37.1627
347.7916,757.5531,78.5871,37.1627
356.5344,765.3993,78.5871,37.1627
362.5872,769.6586,78.5871,37.1627
370.4333,770.3312,78.5871,37.1627
372.4510,766.9685,78.5871,37.1627
