0.20938
0.23643
0.070719
0.043741
0.052633
0.047197
0.041091
0.037516
0.037361
0.03706
0.036937
0.036936
0.036822
0.036981
0.037254
0.037034
0.036891
0.036998
0.036925
0.036911
0.037078
0.037284
0.03686
0.036756
0.03704
0.036903
0.036795
0.034716
0.036664
0.036992
0.036663
0.037374
0.037007
0.037084
0.036988
0.036854
0.036992
0.037207
0.036791
0.03668
0.037193
0.037153
0.037684
0.037067
0.03723
0.036867
0.036747
0.036834
0.03667
0.036827
0.036665
0.036701
0.036646
0.037003
0.036773
0.036828
0.036638
0.036757
0.03661
0.036673
0.036584
0.036686
0.036716
0.036998
0.036752
0.036692
0.036785
0.036784
0.036782
0.036911
0.036535
0.036722
0.036605
0.036768
0.036712
0.036866
0.036567
0.036526
0.036509
0.036671
0.03649
0.036494
0.036482
0.03661
0.036497
0.036862
0.036711
0.03661
0.036411
0.036711
0.036681
0.036484
0.036939
0.036483
0.036721
0.036513
0.036528
0.036526
0.036511
0.036558
0.037205
0.036844
0.036413
0.036522
0.036439
0.036664
0.036617
0.036417
0.036412
0.036509
0.03667
0.036928
0.037021
0.036682
0.037107
0.036832
0.03647
0.036676
0.036524
0.036553
0.036736
0.03652
0.036582
0.036608
0.036387
0.037168
0.037269
0.036998
0.03702
0.036875
0.036468
0.036725
0.036848
0.036531
0.036604
0.036633
0.03644
0.036604
0.036526
0.036499
0.036508
0.036577
0.036613
0.036692
0.036741
0.036896
0.036681
0.036961
0.036715
0.036705
0.036565
0.036667
0.036687
0.036445
0.036662
0.036681
0.036597
0.036702
0.036765
0.03651
0.036436
0.036516
0.036738
0.076045
0.04278
0.045396
0.036841
0.036863
0.037927
0.037562
0.037835
0.037596
0.037442
0.037104
0.03684
0.036817
0.036925
0.036996
0.036869
0.037081
0.036923
0.037019
0.037072
0.037021
0.037036
0.037007
0.03685
0.036944
0.036793
0.036835
0.036788
0.036834
0.037032
0.03686
0.036861
0.036849
0.036816
0.036858
0.036826
0.036905
0.036936
0.03687
0.036907
0.0369
0.036789
0.036855
0.036868
0.036868
0.037003
0.03676
0.036858
0.036946
0.03689
0.036823
0.036865
0.036911
0.037052
0.036896
0.037154
0.036856
0.036888
0.036788
0.036823
0.037068
0.037073
0.0369
0.036981
0.036739
0.03722
0.036857
0.036984
0.036864
0.037033
0.036968
0.037138
0.036814
0.0368
0.036885
0.036892
0.036942
0.036895
0.036768
0.036831
0.036757
0.037077
0.036881
0.036937
0.037019
0.037088
0.036846
0.037373
0.037599
0.037186
0.037116
0.036842
0.036959
0.036916
0.036863
0.036968
0.037097
0.037138
0.037017
0.036808
0.036971
0.036977
0.037221
0.036917
0.037248
0.036887
0.03693
0.03697
0.036732
0.036846
0.036915
0.03691
0.036944
0.036897
0.036918
0.036784
0.036881
0.037044
0.036916
0.036931
0.036912
0.036881
0.036818
0.036868
0.036829
0.037052
0.037175
0.036871
0.037305
0.036988
0.036845
0.036908
0.036874
0.035312
0.036801
0.036799
0.036942
0.036983
0.036957
0.03703
0.036915
0.037172
0.036854
0.03711
0.0369
0.037111
0.036926
0.036942
0.036823
0.036958
0.036943
0.036778
0.037148
0.036962
0.036887
0.036935
0.036941
0.036792
0.036896
0.036775
0.036986
0.036941
0.037234
0.037031
0.036899
0.036842
0.036817
0.036833
0.036935
0.036888
0.036949
0.037202
0.037408
0.037434
0.037264
0.036822
0.036806
0.03691
0.03713
0.036983
0.036902
0.036822
0.036851
0.036947
0.037128
0.036821
0.037081
0.036781
0.036905
0.036982
0.037059
0.036926
0.036992
0.03689
0.036849
0.037125
0.036951
0.0371
0.036871
0.036946
0.036908
0.036902
0.036862
0.036894
0.036902
0.036995
0.036956
0.036846
0.036869
0.03699
0.037196
0.036991
0.036891
0.03695
0.036856
0.036768
0.036889
0.036968
0.036898
0.037005
0.036821
0.03681
0.036882
0.036894
0.036907
0.036827
0.036827
0.036927
0.036979
0.036793
0.036861
0.036882
0.036909
0.036768
0.036829
0.036953
0.03679
0.037031
0.036751
0.036892
0.036754
0.036867
0.036937
0.03685
0.036821
0.03691
0.036884
0.03716
0.036899
0.036854
0.037221
0.036932
0.036958
0.037004
0.037019
0.036835
0.036856
0.036808
0.036783
0.03708
0.036852
0.036906
0.036859
0.036916
0.037078
0.036934
0.036938
0.03678
0.035707
0.036879
0.036829
0.03684
0.036847
0.036933
0.036867
0.036895
0.036876
0.036792
0.036904
0.036867
0.036775
0.036785
0.036978
0.036862
0.036913
0.036843
0.036922
0.036838
0.036806
0.036805
0.0369
0.036817
0.036896
0.03722
0.037038
0.036945
0.036804
0.036861
0.036962
0.036826
0.036864
0.036891
0.0371
0.037042
0.03689
0.036959
0.03678
0.036903
0.03695
0.036826
0.036992
0.037051
0.036913
0.036941
0.036929
0.036871
0.036716
0.036873
0.036821
0.036891
0.036797
0.036888
0.036897
0.037017
0.036901
0.037042
0.036858
0.036792
0.036788
0.036884
0.036871
0.03691
0.03697
0.036876
0.037181
0.037155
0.036992
0.037257
0.037312
0.037882
0.037583
0.037806
0.037136
0.037046
0.036834
0.03698
0.036855
0.037013
0.037007
0.036784
0.036809
0.036831
0.036955
0.036744
0.036804
0.036835
0.036915
0.036947
0.036845
0.0369
0.036776
0.03687
0.036937
0.036765
0.036768
0.03688
0.036834
0.036883
0.036896
0.036711
0.036764
0.036757
0.03672
0.036827
0.036713
0.036774
0.037057
0.036926
0.036723
0.036871
0.036899
0.036801
0.036745
0.036819
0.036827
0.036804
0.036821
0.036787
0.036827
0.036921
0.036833
0.036912
0.036948
0.036904
0.036883
0.036861
0.036794
0.036857
0.036842
0.036769
0.036963
0.036856
0.03701
0.035714
0.03692
0.036814
0.036864
0.036835
0.036779
0.036784
0.036824
0.036835
0.036933
0.036768
0.036856
0.036944
