1
334.2974,119.2965,18.8707,25.8713
328.6398,117.9172,19.4738,26.6982
324.5623,119.0951,19.4738,26.6982
319.2675,117.3093,20.0962,27.5515
317.7975,115.9532,19.4827,26.7104
314.7408,116.4515,18.8880,25.8951
312.4803,116.7589,18.3114,25.1046
306.1383,115.5909,18.8967,25.9070
302.1817,115.8547,18.8967,25.9070
299.1043,114.3599,18.8967,25.9070
296.0269,113.9203,18.8967,25.9070
292.9495,113.1290,18.8967,25.9070
290.3996,112.8652,18.8967,25.9070
287.9623,112.8210,18.3199,25.1162
285.7699,114.9944,17.7606,24.3495
283.3139,113.9611,17.2185,23.6062
280.0291,115.8038,17.2185,23.6062
277.3275,115.7635,16.6929,22.8856
274.7644,116.7733,16.6929,22.8856
270.4924,116.2296,16.6929,22.8856
267.0411,116.2522,17.2264,23.6170
263.3192,115.4740,17.7769,24.3718
258.6512,115.1673,18.3451,25.1508
253.3219,113.4850,18.9314,25.9546
249.9363,114.3916,19.5365,26.7841
244.9366,113.2098,19.5365,26.7841
239.7552,113.3007,19.5365,26.7841
234.3265,112.7096,18.9401,25.9665
231.3548,114.6041,18.3619,25.1739
225.1179,113.8351,18.3619,25.1739
221.1506,114.3727,18.9488,25.9784
216.5276,113.6930,19.5544,26.8087
211.7568,113.9015,20.1794,27.6655
206.3372,114.2299,19.5634,26.8210
203.3848,114.6205,20.1886,27.6782
202.2839,114.7612,19.5724,26.8333
197.8214,115.5808,19.5724,26.8333
193.1113,115.7171,18.9749,26.0142
186.7161,116.6258,19.5813,26.8456
179.7521,116.1057,20.2072,27.7036
178.1537,116.7638,20.2072,27.7036
171.4103,115.7763,19.5903,26.8580
169.6784,115.1382,19.5903,26.8580
164.9640,115.6393,18.9923,26.0381
159.4466,117.6092,19.5993,26.8703
155.3428,119.5243,19.5993,26.8703
152.5673,118.8214,20.2257,27.7291
152.1500,120.5428,20.8721,28.6153
150.4291,123.4075,20.2350,27.7418
148.6935,123.8115,20.8817,28.6284
146.5137,124.2285,21.5491,29.5434
145.8685,123.2551,22.2378,30.4876
145.3512,125.4280,22.2378,30.4876
146.9032,124.2898,22.2378,30.4876
149.2086,126.3072,21.5590,29.5569
141.3406,126.9383,22.2480,30.5016
141.5027,127.3826,22.9591,31.4764
137.8241,125.7045,23.6928,32.4824
135.5090,126.6967,23.6928,32.4824
137.0833,126.6412,22.9696,31.4909
138.1820,127.4425,22.2684,30.5296
139.2472,127.8048,21.5887,29.5977
139.5486,128.9098,21.5887,29.5977
141.3848,130.2656,20.9297,28.6942
144.2090,131.5316,20.9297,28.6942
145.6698,132.9924,20.9297,28.6942
139.2001,133.7999,21.5986,29.6113
137.5484,131.2162,22.2889,30.5576
140.6147,132.2836,23.0012,31.5343
145.0027,132.1765,23.0012,31.5343
149.4512,134.1342,23.7364,32.5421
153.2373,134.5204,23.0118,31.5487
157.4737,135.1941,23.7473,32.5570
161.1826,134.7843,24.5062,33.5976
166.9159,137.0075,23.7582,32.5720
171.3687,137.6152,23.0329,31.5777
174.9054,138.1510,23.0329,31.5777
179.7281,139.7586,23.0329,31.5777
186.2656,140.0801,23.0329,31.5777
189.5879,141.0447,23.0329,31.5777
195.1143,141.2903,23.7691,32.5869
200.0912,140.5161,23.7691,32.5869
205.7316,141.9539,23.7691,32.5869
208.4965,142.2857,23.7691,32.5869
213.0936,143.8663,24.5287,33.6284
219.8273,145.5782,24.5287,33.6284
223.4300,146.0680,25.3127,34.7032
228.8808,146.4799,24.5400,33.6439
232.0284,146.9700,25.3243,34.7191
235.6812,146.1451,25.3243,34.7191
237.5154,146.6508,26.1337,35.8287
240.1377,146.1999,26.9689,36.9738
241.0161,145.5724,26.9689,36.9738
242.7184,145.6090,27.8308,38.1555
243.4392,145.9058,28.7203,39.3750
243.1138,145.4102,29.6382,40.6334
243.0540,145.1746,30.5854,41.9320
248.6847,151.1932,31.5629,43.2722
249.7958,152.1172,32.5717,44.6552
249.8382,151.7379,31.5774,43.2920
250.5729,151.8848,31.5774,43.2920
249.9213,150.4584,32.5866,44.6757
250.0730,151.2165,32.5866,44.6757
250.8311,149.5486,32.5866,44.6757
249.5522,148.9863,33.6281,46.1035
249.7087,149.4557,33.6281,46.1035
249.8652,148.0475,33.6281,46.1035
250.2220,148.2818,32.6016,44.6962
251.6730,148.0226,33.6436,46.1247
253.3950,147.2399,33.6436,46.1247
253.5515,148.0226,33.6436,46.1247
254.1097,146.8159,34.7188,47.5988
254.8012,148.0270,33.6590,46.1458
254.4199,145.8801,34.7347,47.6206
254.5815,146.3649,34.7347,47.6206
254.0967,145.8801,34.7347,47.6206
254.9962,145.2807,35.8449,49.1426
255.8301,145.1139,35.8449,49.1426
256.0912,144.4954,36.9905,50.7132
255.5749,143.9791,36.9905,50.7132
258.1566,143.8070,36.9905,50.7132
259.8030,141.4475,38.1727,52.3340
256.8840,141.8545,39.3927,54.0066
255.4690,142.4955,38.1902,52.3580
255.7472,141.8365,39.4108,54.0314
255.1971,142.3867,39.4108,54.0314
255.3805,141.4698,39.4108,54.0314
255.5638,142.0199,39.4108,54.0314
256.2177,141.3399,40.6703,55.7582
256.1355,140.6381,41.9701,57.5403
255.1591,140.8334,41.9701,57.5403
254.5732,140.2475,41.9701,57.5403
254.3779,140.0522,41.9701,57.5403
257.9478,140.3446,40.6890,55.7838
258.7581,138.7348,39.4470,54.0810
258.9417,140.0196,39.4470,54.0810
258.0240,138.3677,39.4470,54.0810
259.3088,138.1841,39.4470,54.0810
258.3911,137.6335,39.4470,54.0810
258.2075,137.8170,39.4470,54.0810
257.5247,137.7247,38.2428,52.4302
254.7275,144.0412,37.0755,50.8297
256.3777,142.3664,38.2604,52.4542
257.7246,140.2820,39.4832,54.1307
257.2773,139.6007,40.7451,55.8607
258.0888,140.2637,39.5013,54.1555
258.6402,138.9771,39.5013,54.1555
258.5604,138.2955,40.7638,55.8863
259.5087,136.9678,40.7638,55.8863
260.1851,136.6437,42.0666,57.6725
260.3808,137.2309,42.0666,57.6725
261.4702,136.8965,43.4110,59.5157
262.3347,136.7950,42.0859,57.6989
262.6413,136.0688,43.4310,59.5430
263.9104,135.9671,42.1052,57.7254
263.8253,135.6324,43.4509,59.5703
265.0951,134.7220,42.1245,57.7519
265.9340,135.4075,40.8387,55.9890
266.9916,134.7028,42.1439,57.7785
266.7955,134.1145,42.1439,57.7785
266.9916,133.9184,42.1439,57.7785
267.1877,133.7223,42.1439,57.7785
268.0270,132.4471,40.8574,56.0147
268.2171,133.0175,40.8574,56.0147
269.0308,133.3021,39.6102,54.3049
269.2151,134.2236,39.6102,54.3049
269.8723,133.5401,40.8762,56.0405
270.6864,133.4445,39.6284,54.3298
270.5020,133.2601,39.6284,54.3298
271.1594,134.0514,40.8950,56.0662
270.5886,133.4805,40.8950,56.0662
272.9253,134.1460,39.6466,54.3548
272.7408,134.3304,39.6466,54.3548
273.5304,135.3445,38.4364,52.6956
273.7093,135.1657,38.4364,52.6956
274.6035,134.9868,38.4364,52.6956
273.8104,134.3236,39.6648,54.3797
274.9695,134.2308,38.4540,52.7197
274.5339,133.2094,39.6830,54.4047
276.8014,134.2244,38.4717,52.7440
276.2644,132.2553,38.4717,52.7440
275.9565,132.5233,37.2973,51.1339
277.3935,133.1302,36.1588,49.5730
277.5617,132.2890,36.1588,49.5730
278.7394,130.7747,36.1588,49.5730
278.5712,130.6065,36.1588,49.5730
278.7394,130.7747,36.1588,49.5730
278.6664,129.4778,37.3145,51.1574
280.5762,129.9987,37.3145,51.1574
281.3194,129.2169,36.1754,49.5958
281.4877,129.0486,36.1754,49.5958
283.2181,129.3006,35.0712,48.0819
284.7791,129.0218,36.1920,49.6186
284.7059,128.0605,37.3487,51.2044
284.6304,127.7636,38.5424,52.8409
285.1685,125.7908,38.5424,52.8409
284.9891,126.6875,38.5424,52.8409
284.8098,125.0735,38.5424,52.8409
284.3732,124.7671,39.7742,54.5297
284.2928,123.7107,41.0454,56.2724
284.4838,124.2836,41.0454,56.2724
285.3012,124.1876,39.7925,54.5547
285.8567,124.3727,39.7925,54.5547
286.7825,124.1876,39.7925,54.5547
287.7083,124.0024,39.7925,54.5547
287.2575,123.3158,41.0642,56.2983
288.4575,123.9840,39.8107,54.5798
288.2722,123.0578,39.8107,54.5798
287.8213,122.3708,41.0831,56.3241
288.0125,121.7974,41.0831,56.3241
288.2036,121.9885,41.0831,56.3241
288.7771,121.0327,41.0831,56.3241
288.8307,122.0835,39.8290,54.6048
289.3866,121.5276,39.8290,54.6048
288.8307,121.7129,39.8290,54.6048
289.1208,120.2843,41.1020,56.3500
288.6552,120.3401,42.4156,58.1509
288.0632,119.7480,42.4156,58.1509
288.6552,119.5507,42.4156,58.1509
288.8526,118.9586,42.4156,58.1509
288.9079,120.0435,41.1208,56.3759
288.7166,119.0868,41.1208,56.3759
287.3772,119.2781,41.1208,56.3759
287.5685,119.4695,41.1208,56.3759
286.4742,120.1386,39.8656,54.6550
286.2887,119.9531,39.8656,54.6550
285.7322,120.1386,39.8656,54.6550
284.9096,119.4507,41.1397,56.4017
283.0490,120.5030,39.8839,54.6801
282.8635,120.3174,39.8839,54.6801
281.1933,120.8741,39.8839,54.6801
279.6280,119.8147,41.1586,56.4276
279.0535,120.0063,41.1586,56.4276
277.7129,120.1978,41.1586,56.4276
277.5214,120.7723,41.1586,56.4276
276.9469,120.1978,41.1586,56.4276
275.6063,121.1553,41.1586,56.4276
276.0430,121.0590,39.9022,54.7052
275.1147,121.2447,39.9022,54.7052
273.4437,121.4303,39.9022,54.7052
273.2580,122.3587,39.9022,54.7052
272.7010,121.8017,39.9022,54.7052
271.7727,121.2447,39.9022,54.7052
270.9494,120.9275,41.1775,56.4535
269.4703,121.9807,39.9205,54.7303
270.6368,122.2588,38.7019,53.0596
270.0966,122.7990,38.7019,53.0596
269.1962,122.6189,38.7019,53.0596
267.4459,123.6088,37.5206,51.4400
267.2713,123.4343,37.5206,51.4400
265.3509,123.6088,37.5206,51.4400
264.8271,123.0851,37.5206,51.4400
263.0055,122.4377,38.7197,53.0840
261.3840,122.2575,38.7197,53.0840
260.9455,121.9497,39.9572,54.7805
259.5102,121.4844,38.7375,53.1083
259.0714,120.8159,39.9755,54.8057
257.7694,120.2579,39.9755,54.8057
256.4673,120.4439,39.9755,54.8057
255.5373,120.6299,39.9755,54.8057
254.6073,120.8159,39.9755,54.8057
254.0493,120.6299,39.9755,54.8057
253.8633,120.4439,39.9755,54.8057
251.3113,120.3504,38.7553,53.1327
250.1510,120.0423,39.9939,54.8308
249.9649,120.2284,39.9939,54.8308
248.9005,120.5070,38.7731,53.1571
248.3593,120.3266,38.7731,53.1571
247.0964,120.5070,38.7731,53.1571
246.6572,119.8380,40.0123,54.8560
245.3540,120.3965,40.0123,54.8560
244.5284,118.5890,41.2910,56.6092
243.2922,117.8765,42.6107,58.4184
242.3009,117.2817,42.6107,58.4184
241.7061,117.8765,42.6107,58.4184
242.1582,118.1733,41.3100,56.6352
241.9659,120.2877,41.3100,56.6352
242.2669,118.4216,42.6303,58.4453
242.0685,118.6199,42.6303,58.4453
241.8702,118.4216,42.6303,58.4453
240.0849,118.6199,42.6303,58.4453
239.6021,117.8843,43.9927,60.3132
239.3974,118.0890,43.9927,60.3132
241.5017,119.2143,42.6498,58.4721
239.7157,119.0158,42.6498,58.4721
237.5327,118.4205,42.6498,58.4721
237.3343,119.0158,42.6498,58.4721
236.3420,118.0236,42.6498,58.4721
234.5560,118.2220,42.6498,58.4721
233.1669,118.4205,42.6498,58.4721
232.9684,118.6189,42.6498,58.4721
232.3731,118.4205,42.6498,58.4721
232.9684,118.6189,42.6498,58.4721
231.9762,118.8174,42.6498,58.4721
230.9839,119.0158,42.6498,58.4721
229.5948,118.0236,42.6498,58.4721
230.1901,117.8251,42.6498,58.4721
227.3256,115.8985,44.0129,60.3409
227.5304,115.6937,44.0129,60.3409
224.8681,115.8985,44.0129,60.3409
222.2059,117.3321,44.0129,60.3409
221.0345,117.6386,42.6694,58.4989
220.1541,117.6965,44.0331,60.3686
218.0163,115.7074,45.4404,62.2980
217.3819,115.9188,45.4404,62.2980
213.3647,115.2845,45.4404,62.2980
212.5782,116.4468,44.0534,60.3963
211.1434,115.4219,44.0534,60.3963
211.6107,117.3686,42.7086,58.5527
211.0146,117.5673,42.7086,58.5527
208.1462,118.0227,44.0736,60.4240
206.0063,116.8521,45.4822,62.3552
202.8319,116.6404,45.4822,62.3552
200.6237,116.7021,46.9358,64.3480
197.3479,116.9205,46.9358,64.3480
194.5088,117.1389,46.9358,64.3480
192.3861,118.7762,45.5030,62.3838
188.7867,118.9880,45.5030,62.3838
186.0343,118.7762,45.5030,62.3838
182.8584,118.9880,45.5030,62.3838
179.6826,118.7762,45.5030,62.3838
175.0840,119.0932,44.1141,60.4795
171.5945,119.7090,44.1141,60.4795
168.1051,118.6827,44.1141,60.4795
165.4366,118.8879,44.1141,60.4795
162.3577,118.6827,44.1141,60.4795
160.0998,118.8879,44.1141,60.4795
157.2837,119.6058,42.7675,58.6334
154.2988,119.8047,42.7675,58.6334
151.4264,119.0668,44.1343,60.5073
150.3996,120.0936,44.1343,60.5073
148.1407,119.8882,44.1343,60.5073
146.7032,120.0936,44.1343,60.5073
143.3283,119.3320,45.5448,62.4411
141.4210,119.1201,45.5448,62.4411
138.6661,118.4843,45.5448,62.4411
136.3349,118.2724,45.5448,62.4411
134.2751,119.4373,44.1546,60.5351
132.5423,118.6755,45.5658,62.4698
129.7861,119.3115,45.5658,62.4698
127.8779,119.0995,45.5658,62.4698
124.6977,119.3115,45.5658,62.4698
122.3655,119.0995,45.5658,62.4698
119.6093,118.8875,45.5658,62.4698
117.9726,118.3568,44.1748,60.5628
115.3005,118.9734,44.1748,60.5628
111.9225,117.8001,45.5867,62.4984
108.7408,118.0122,45.5867,62.4984
105.5591,117.8001,45.5867,62.4984
101.9531,118.0122,45.5867,62.4984
96.2261,117.8001,45.5867,62.4984
92.0432,118.1177,44.1951,60.5907
87.3135,117.9120,44.1951,60.5907
83.8177,117.7064,44.1951,60.5907
80.7331,117.5007,44.1951,60.5907
77.2372,118.9402,44.1951,60.5907
72.6238,118.1776,45.6076,62.5271
69.4407,119.2387,45.6076,62.5271
64.9842,118.6020,45.6076,62.5271
60.9522,119.2387,45.6076,62.5271
55.3425,118.0273,47.0652,64.5255
51.1817,118.2463,47.0652,64.5255
46.5828,118.4653,47.0652,64.5255
41.6698,118.9671,48.5694,66.5877
37.3760,118.2891,48.5694,66.5877
31.2742,118.0631,48.5694,66.5877
27.7216,119.3054,47.0868,64.5551
24.4352,119.0863,47.0868,64.5551
19.8342,118.4290,47.0868,64.5551
14.1992,120.5098,45.6495,62.5846
8.8890,119.8726,45.6495,62.5846
3.5789,120.0850,45.6495,62.5846
-0.7615,121.8462,47.1084,64.5848
-3.9254,121.9101,48.6140,66.6489
-8.5477,121.0712,50.1677,68.7790
-13.9166,122.2384,50.1677,68.7790
