0.19438
0.22065
0.054695
0.025491
0.03451
0.029487
0.024134
0.020015
0.020243
0.019903
0.019901
0.019688
0.019611
0.019666
0.020132
0.019872
0.020267
0.019891
0.019807
0.020123
0.020368
0.019888
0.019616
0.019692
0.019616
0.019622
0.019626
0.01985
0.019774
0.019673
0.019691
0.020085
0.019943
0.02013
0.062175
0.021015
0.019544
0.01956
0.01941
0.019473
0.019813
0.019933
0.020311
0.019514
0.019996
0.019468
0.019465
0.019293
0.019435
0.019452
0.019582
0.019449
0.019477
0.019481
0.019334
0.019377
0.01947
0.019402
0.019373
0.019368
0.019403
0.019382
0.019426
0.019589
0.019353
0.019303
0.019353
0.019402
0.019368
0.01936
0.019458
0.019336
0.01933
0.019278
0.019258
0.019445
0.019293
0.019198
0.019187
0.019162
0.019133
0.019119
0.019162
0.019101
0.019245
0.019193
0.01927
0.019138
0.019454
0.019143
0.019135
0.019247
0.019437
0.019208
0.019202
0.019169
0.019224
0.019216
0.019376
0.019261
0.019719
0.019711
0.019718
0.019307
0.019225
0.019228
0.01926
0.019206
0.019201
0.019302
0.019159
0.019584
0.019732
0.020001
0.019453
0.019507
0.019389
0.019271
0.019411
0.019249
0.019442
0.019233
0.019213
0.019329
0.019374
0.01962
0.01998
0.019743
0.019669
0.019697
0.019602
0.019866
0.019544
0.01928
0.019198
0.019102
0.01913
0.019192
0.019116
0.019088
0.019162
0.01916
0.019126
0.019187
0.019202
0.019194
0.019132
0.019206
0.019257
0.019147
0.019165
0.019155
0.019141
0.021079
0.021435
0.02042
0.020593
0.020582
0.020108
0.020599
0.02063
0.020273
0.020877
0.02064
0.020615
0.02063
0.020762
0.020648
0.020606
0.02045
0.020958
0.020178
0.020048
0.019947
0.01994
0.020132
0.019951
0.020315
0.019969
0.020257
0.020176
0.019967
0.019903
0.019951
0.019346
0.01911
0.01993
0.019986
0.019907
0.019972
0.019977
0.019954
0.019998
0.020034
0.01997
0.020473
0.020432
0.020593
0.019967
0.019967
0.020895
0.020445
0.020385
0.020509
0.02012
0.020386
0.020025
0.020386
0.020003
0.020039
0.020404
0.020115
0.020052
0.020426
0.020073
0.020429
0.020027
0.020003
0.02053
0.020475
0.019996
0.020147
0.020067
0.020124
0.020032
0.020067
0.020136
0.019945
0.020074
0.019966
0.020408
0.020099
0.020054
0.020616
0.02001
0.020085
0.020033
0.02
0.020406
0.020717
0.020067
0.020065
0.020068
0.020155
0.019989
0.02001
0.020039
0.019251
0.019194
0.01795
0.019778
0.01987
0.019795
0.019711
0.019341
0.019198
0.019268
0.019214
0.019272
0.01925
0.019233
0.019231
0.019204
0.019239
0.0192
0.019202
0.019314
0.019279
0.019164
0.019135
0.019236
0.019254
0.019196
0.019207
0.019527
0.019228
0.019298
0.019212
0.019197
0.019222
0.01943
0.019282
0.019265
0.019446
0.019348
0.019401
0.019176
0.019242
0.019209
0.019205
0.019192
0.019268
0.019284
0.019272
0.019168
0.019205
0.019229
0.019258
0.0193
0.019315
0.019209
0.019201
0.019281
0.019203
0.019151
0.019491
0.019304
0.019272
0.019175
0.019276
0.019206
0.01921
0.019189
0.019298
0.019288
0.019436
0.019293
0.019289
0.019202
0.019276
0.019256
0.019223
0.019118
0.019269
0.019214
0.019377
0.0192
0.019281
0.019241
0.019461
0.019196
0.019138
0.019247
0.019291
0.019771
0.019916
0.019632
0.019547
0.019732
0.019298
0.019192
0.019198
0.019166
0.019215
0.019125
0.019315
0.019379
0.019182
0.019516
0.019166
0.019506
0.019235
0.019144
0.019246
0.019985
0.019963
0.020124
0.020022
0.020055
0.019993
0.02038
0.020475
0.020688
0.020413
0.020501
0.02063
0.020551
0.021195
0.021808
0.021466
0.021478
0.021478
0.021512
0.021787
0.02172
0.021528
0.021782
