0.19355
0.22351
0.059347
0.032731
0.041707
0.034397
0.028914
0.025904
0.025575
0.025369
0.025308
0.025211
0.025529
0.025409
0.025897
0.02537
0.024964
0.025272
0.02512
0.025307
0.025537
0.025394
0.025262
0.025264
0.025158
0.025279
0.025034
0.025391
0.024561
0.02515
0.02514
0.025603
0.025438
0.025413
0.025191
0.025173
0.024686
0.025256
0.024983
0.025207
0.025322
0.025482
0.025571
0.025098
0.025276
0.025287
0.024966
0.025231
0.024472
0.024966
0.024679
0.024915
0.024547
0.025059
0.024609
0.024851
0.024291
0.024746
0.024571
0.024683
0.024133
0.024606
0.024156
0.024885
0.024347
0.024739
0.024138
0.024609
0.024063
0.024448
0.023957
0.024385
0.024004
0.024191
0.023831
0.024354
0.024097
0.024357
0.023707
0.024024
0.023979
0.024042
0.023635
0.024025
0.023966
0.024416
0.023649
0.023876
0.023536
0.023768
0.023551
0.023808
0.023869
0.023811
0.023472
0.023809
0.023549
0.023748
0.023548
0.064917
0.0308
0.02407
0.023496
0.02361
0.023236
0.023466
0.032496
0.02356
0.023401
0.023516
0.026324
0.024195
0.023853
0.02391
0.023991
0.023858
0.02365
0.023595
0.023429
0.023674
0.02339
0.023658
0.023525
0.023579
0.023507
0.02448
0.024162
0.024274
0.024071
0.024203
0.024054
0.023907
0.023597
0.023656
0.023428
0.023771
0.023506
0.023683
0.023468
0.023738
0.023426
0.023751
0.023404
0.023659
0.02342
0.02356
0.023501
0.02352
0.023324
0.023668
0.023345
0.023657
0.023406
0.023555
0.0235
0.023782
0.023476
0.023611
0.023439
0.02361
0.023636
0.023544
0.023353
0.023512
0.023385
0.023487
0.023331
0.023667
0.024535
0.024375
0.024315
0.024373
0.024193
0.024383
0.023981
0.024122
0.02368
0.023809
0.023426
0.023918
0.023441
0.023716
0.023491
0.023697
0.022045
0.023393
0.023081
0.023449
0.023199
0.023355
0.023203
0.023152
0.023076
0.023234
0.023007
0.023283
0.023145
0.023274
0.023065
0.02324
0.023673
0.023894
0.02304
0.023321
0.022935
0.023043
0.022537
0.023213
0.022856
0.023359
0.023021
0.023452
0.023219
0.023529
0.023193
0.023511
0.023038
0.023403
0.022986
0.023503
0.022732
0.023377
0.022981
0.023379
0.023239
0.023822
0.022885
0.023562
0.023067
0.023807
0.023273
0.023739
0.023434
0.023915
0.02349
0.023972
0.023636
0.024202
0.023797
0.024126
0.02376
0.024288
0.024278
0.023783
0.02442
0.024161
0.024295
0.023548
0.024088
0.023929
0.025074
0.024563
0.024791
0.023939
0.024428
0.023905
0.024513
0.024077
0.02443
0.023897
0.024511
0.023969
0.024252
0.023846
0.035256
0.026364
0.026634
0.023839
0.02408
0.023704
0.024137
0.023522
0.024102
0.023753
0.024136
0.023737
0.024385
0.0238
0.024303
0.023989
0.024279
0.023853
0.024191
0.023781
0.02435
0.023508
0.024217
0.024159
0.026423
0.023699
0.024184
0.026933
0.023823
0.024159
0.023854
0.024309
0.023617
0.024035
0.023962
0.023273
0.0241
0.024008
0.023434
0.023999
0.023459
0.024044
0.023877
0.023275
0.023955
0.023826
0.024311
0.02422
0.023903
0.024648
0.024397
0.024187
0.024598
0.024267
0.024489
0.024535
0.024332
0.024704
0.024556
0.024412
0.024579
0.024459
0.02454
0.026659
0.026413
0.026617
0.024442
0.024651
0.024429
0.024612
0.027258
0.025454
0.025308
0.025464
0.025114
0.024724
0.024686
0.024623
0.026735
0.026663
0.026704
0.026612
0.026679
0.024891
0.02673
0.025195
