1
334.7639,168.9211,28.3980,37.5786
333.9214,167.6728,29.3056,38.7796
330.0441,166.7369,29.3056,38.7796
326.4342,166.6032,29.3056,38.7796
332.3632,172.1420,28.4111,37.5959
330.8525,171.8085,27.5438,36.4483
328.2136,171.9342,27.5438,36.4483
325.0720,171.8085,27.5438,36.4483
322.1818,166.9076,27.5438,36.4483
330.6012,167.2846,27.5438,36.4483
329.1367,167.4639,26.7030,35.3357
328.9351,168.1251,25.8879,34.2570
325.9050,167.8212,25.0977,33.2113
324.8745,169.3097,25.0977,33.2113
327.2041,170.3891,24.3315,32.1975
330.7947,168.9934,23.5888,31.2147
331.3864,168.3870,24.3427,32.2123
329.8699,168.9897,23.5996,31.2290
328.3084,166.8756,24.3539,32.2271
328.6970,166.6939,25.1322,33.2571
327.0341,165.3599,25.9355,34.3200
325.4959,163.8216,25.9355,34.3200
328.2762,163.1549,26.7644,35.4169
326.0169,164.1763,27.6198,36.5488
322.5322,161.5839,26.7767,35.4331
326.9722,162.7355,25.9593,34.3515
327.8013,162.3802,25.9593,34.3515
331.7685,160.5285,26.7889,35.4494
329.9352,159.6730,26.7889,35.4494
328.8352,159.7952,26.7889,35.4494
327.4108,158.7474,25.9712,34.3673
329.0101,158.5536,26.8012,35.4657
331.1496,156.6419,27.6578,36.5991
330.8338,155.6785,28.5418,37.7688
329.4015,156.5900,28.5418,37.7688
330.2277,158.0780,27.6705,36.6159
331.5337,159.5205,26.8259,35.4982
334.8991,157.3622,27.6832,36.6328
335.0882,155.6401,28.5680,37.8035
336.2612,153.6851,28.5680,37.8035
332.1355,154.1317,27.6959,36.6496
330.7456,154.7635,27.6959,36.6496
330.9348,154.5569,28.5811,37.8209
330.8692,155.6477,29.4945,39.0296
330.5325,155.1586,30.4372,40.2770
331.0181,154.3761,31.4100,41.5643
328.8686,155.9524,31.4100,41.5643
330.8028,155.1449,32.4138,42.8927
334.7956,149.6733,32.4138,42.8927
335.1425,149.8843,31.4244,41.5834
330.1246,154.0419,31.4244,41.5834
331.0343,155.3934,30.4651,40.3140
331.3603,156.1477,29.5352,39.0834
332.9095,158.0834,30.4791,40.3325
334.5083,157.2998,31.4532,41.6216
334.4362,156.2042,32.4585,42.9518
334.0656,155.3698,33.4959,44.3245
332.2845,155.2822,32.4734,42.9715
336.1877,156.3825,31.4821,41.6598
335.9501,157.4492,30.5211,40.3881
335.1627,156.8125,29.5895,39.1552
330.9778,156.4075,29.5895,39.1552
329.4044,157.4101,28.6862,37.9600
329.9732,157.0733,27.8106,36.8013
327.6255,154.8358,28.6994,37.9775
326.9709,157.5854,28.6994,37.9775
324.2863,156.8476,29.6166,39.1912
320.5497,157.8511,28.7126,37.9949
322.1668,158.5620,27.8361,36.8351
324.4966,158.2352,26.9864,35.7107
325.2779,156.9335,26.1626,34.6206
324.2036,157.0528,26.1626,34.6206
321.9951,157.8126,26.9988,35.7271
322.1796,159.3357,27.8617,36.8689
321.8615,156.8398,28.7521,38.0472
321.2708,156.3630,29.6711,39.2632
320.5053,156.0147,28.7653,38.0647
321.0756,157.5143,27.8873,36.9028
321.1196,157.9503,27.0360,35.7763
323.8758,156.3994,26.2107,34.6842
323.8157,156.9214,27.0484,35.7927
322.6243,155.8635,26.2228,34.7001
321.3083,157.1795,26.2228,34.7001
320.2910,158.1802,27.0608,35.8092
320.9084,157.8099,27.0608,35.8092
321.8340,156.8672,27.9257,36.9536
322.4710,156.9947,27.9257,36.9536
322.0888,157.1221,27.9257,36.9536
321.8780,157.5587,27.0733,35.8256
323.8969,158.9701,26.2468,34.7320
328.0096,160.0989,25.4456,33.6718
330.1394,160.7289,24.6689,32.6440
330.9832,158.7442,25.4573,33.6873
332.0862,158.0897,26.2709,34.7639
331.9664,157.7301,26.2709,34.7639
333.5841,157.2944,27.1106,35.8750
333.8742,156.7288,26.2830,34.7799
335.1148,157.8592,25.4807,33.7182
335.2310,158.2080,25.4807,33.7182
335.5037,158.3738,24.7029,32.6889
339.3745,162.5919,23.9488,31.6911
339.9208,160.0789,23.9488,31.6911
340.0300,158.6585,23.9488,31.6911
339.3195,157.8243,24.7142,32.7040
338.1353,157.6399,25.5041,33.7492
340.7354,158.2714,24.7256,32.7190
340.3970,158.3842,24.7256,32.7190
341.1866,157.8202,24.7256,32.7190
342.9348,158.7638,25.5158,33.7647
344.3719,159.1627,24.7369,32.7340
348.2481,159.3238,23.9818,31.7348
351.6943,160.2390,24.7483,32.7490
354.1216,160.7319,25.5392,33.7957
356.1603,159.3762,26.3555,34.8758
357.3023,158.4581,27.1978,35.9904
357.7363,159.4961,28.0670,37.1407
361.0012,160.3112,28.9641,38.3277
363.2477,159.3862,28.9641,38.3277
362.3884,158.9058,29.8898,39.5526
362.9810,159.1004,28.9774,38.3453
364.6996,160.5547,28.9774,38.3453
359.6094,157.9588,29.9035,39.5708
361.2937,159.5178,28.9907,38.3629
361.0748,160.2356,28.1057,37.1918
368.8967,160.1074,28.1057,37.1918
363.1265,157.6710,28.1057,37.1918
367.6144,162.1590,28.1057,37.1918
367.0370,161.9493,29.0040,38.3805
368.8231,162.2623,29.9309,39.6071
371.3282,161.9109,29.0173,38.3981
371.9035,162.6294,28.1315,37.2260
372.0957,164.2164,29.0306,38.4157
376.5323,166.3839,29.9584,39.6435
376.6690,165.4271,29.9584,39.6435
377.9671,164.6569,30.9159,40.9105
379.5888,163.8621,31.9040,42.2180
379.1521,164.2988,31.9040,42.2180
383.8602,166.2531,30.9301,40.9293
384.4734,167.0190,29.9860,39.6799
385.7046,168.2502,29.9860,39.6799
388.0303,168.3870,29.9860,39.6799
386.9831,167.7614,29.0706,38.4687
390.2988,172.1381,29.0706,38.4687
393.9458,172.7171,29.9997,39.6981
400.5627,174.5548,29.0840,38.4863
400.8739,175.5403,28.1962,37.3115
402.4620,175.7238,27.3355,36.1726
404.5822,175.8485,27.3355,36.1726
408.2609,174.8963,28.2091,37.3287
408.4536,172.8842,29.1107,38.5217
408.1212,172.1358,30.0411,39.7528
408.3264,171.0893,31.0012,41.0233
409.3165,170.6650,31.0012,41.0233
410.0940,170.4338,31.9920,42.3344
409.9481,169.7040,31.9920,42.3344
409.9985,169.6204,31.0154,41.0422
408.4420,169.4789,31.0154,41.0422
410.1888,170.2468,30.0686,39.7894
409.2286,171.2070,30.0686,39.7894
412.1094,172.4417,30.0686,39.7894
410.9430,171.6687,31.0296,41.0610
412.0044,170.5878,32.0213,42.3733
409.5935,169.1802,33.0448,43.7276
414.7714,171.8075,32.0360,42.3928
419.0100,171.9537,32.0360,42.3928
423.1529,173.3315,31.0581,41.0987
427.0492,172.5330,32.0508,42.4122
438.7978,173.6190,31.0724,41.1176
440.9947,173.6708,32.0655,42.4317
443.1891,173.5245,32.0655,42.4317
448.8945,173.3782,32.0655,42.4317
453.4296,172.0616,32.0655,42.4317
453.7727,170.5148,31.0867,41.1365
454.8360,169.7156,32.0802,42.4512
458.6919,169.9245,31.1009,41.1554
460.5365,167.7961,31.1009,41.1554
462.3811,165.6677,31.1009,41.1554
464.2257,164.9582,31.1009,41.1554
465.9774,165.1607,30.1516,39.8991
466.5752,165.6321,29.2312,38.6811
465.8210,167.4227,28.3389,37.5004
467.3076,165.1427,29.2446,38.6989
467.9747,166.6104,29.2446,38.6989
467.3076,168.3448,29.2446,38.6989
469.4884,170.4032,28.3519,37.5176
470.1352,171.0499,28.3519,37.5176
468.1949,172.9901,28.3519,37.5176
470.0505,174.7269,27.4865,36.3724
470.0938,175.4075,26.6474,35.2621
469.7896,174.7224,27.4991,36.3891
465.9003,176.8552,27.4991,36.3891
463.7675,176.4788,27.4991,36.3891
461.9480,176.0228,28.3779,37.5521
459.2292,176.1523,28.3779,37.5521
455.9077,176.5959,27.5117,36.4058
455.2801,176.9725,27.5117,36.4058
454.4015,176.0939,27.5117,36.4058
453.0832,175.3866,28.3910,37.5693
453.6461,174.7942,27.5243,36.4225
455.2786,173.4129,27.5243,36.4225
455.1530,173.7896,27.5243,36.4225
457.7078,172.4619,26.6841,35.3107
456.4292,171.2890,27.5370,36.4392
456.3661,169.8272,28.4170,37.6038
456.2365,168.6604,28.4170,37.6038
455.5033,167.2896,27.5496,36.4559
455.2954,166.2121,26.7086,35.3431
454.8500,166.8734,25.8934,34.2643
452.8418,165.8102,25.8934,34.2643
451.8373,166.0896,26.7209,35.3593
450.0693,165.4026,27.5749,36.4894
451.6224,165.8337,26.7332,35.3756
451.1767,166.4956,25.9171,34.2957
450.4078,165.8293,26.7454,35.3918
450.2858,164.2430,26.7454,35.3918
450.7126,163.3114,27.6002,36.5229
450.3348,162.6818,27.6002,36.5229
450.2089,162.8077,27.6002,36.5229
449.3274,161.9263,27.6002,36.5229
449.1191,162.3578,26.7577,35.4081
450.6262,163.5086,25.9409,34.3272
452.1647,163.6270,25.9409,34.3272
452.8153,162.9601,26.7700,35.4243
451.7162,162.5937,26.7700,35.4243
452.7354,162.7679,25.9528,34.3430
454.2747,162.6495,25.9528,34.3430
454.3931,160.1630,25.9528,34.3430
456.0916,159.1479,25.1606,33.2947
455.5177,158.5740,25.1606,33.2947
455.4029,158.2296,25.1606,33.2947
456.6656,156.7373,25.1606,33.2947
458.1579,158.4592,25.1606,33.2947
461.3143,155.7461,25.9648,34.3587
463.8609,154.6048,26.7946,35.4569
467.6505,153.7491,26.7946,35.4569
474.6184,152.4043,26.7946,35.4569
479.7950,151.8453,25.9767,34.3745
485.0505,150.8293,25.1837,33.3252
496.2526,147.1945,25.9886,34.3903
505.7790,144.5181,25.1953,33.3405
509.3424,143.0238,25.1953,33.3405
516.2790,140.6589,24.4262,32.3228
522.9094,139.5852,25.2069,33.3558
526.7617,138.2471,26.0125,34.4219
529.0756,135.4422,26.8438,35.5220
532.8721,134.0951,26.8438,35.5220
536.8334,132.3103,26.0244,34.4377
535.0525,130.5293,26.0244,34.4377
535.4086,129.9357,26.0244,34.4377
535.7648,124.5927,26.0244,34.4377
536.1210,121.8619,26.0244,34.4377
533.1528,121.2683,26.0244,34.4377
534.1436,119.7754,25.2300,33.3865
530.4999,120.6303,24.4599,32.3673
531.5043,132.7940,24.4599,32.3673
530.2767,133.1288,24.4599,32.3673
527.7656,132.5000,25.2416,33.4018
526.7292,131.9242,25.2416,33.4018
523.3895,130.1968,25.2416,33.4018
520.9712,130.0816,25.2416,33.4018
518.3225,130.4271,25.2416,33.4018
515.0402,127.2447,26.0483,34.4693
511.9913,125.5128,25.2532,33.4171
510.0327,124.4759,25.2532,33.4171
507.8437,123.6694,25.2532,33.4171
508.3443,127.7510,24.4823,32.3971
505.4788,126.3466,23.7350,31.4081
505.5162,125.6349,23.0105,30.4494
503.9415,123.4303,23.0105,30.4494
500.7393,118.0096,23.7459,31.4226
497.3809,114.8678,23.7459,31.4226
496.6225,113.0261,23.7459,31.4226
490.0679,109.3822,24.5048,32.4268
487.7201,107.0345,24.5048,32.4268
487.9823,107.4176,23.7568,31.4370
493.0055,106.9219,23.0316,30.4774
492.2700,105.7661,23.0316,30.4774
489.2750,102.8623,23.7677,31.4514
488.9497,103.6213,23.7677,31.4514
490.1964,102.7934,24.5273,32.4566
490.0845,100.4435,24.5273,32.4566
489.9726,99.2126,24.5273,32.4566
490.9065,98.0294,23.7786,31.4659
491.8118,98.4012,23.0528,30.5053
493.7413,100.0237,22.3491,29.5742
494.3883,100.3731,21.6669,28.6714
495.0155,100.5142,21.0055,27.7962
496.8840,98.4408,21.6768,28.6846
496.9829,95.9684,21.6768,28.6846
496.4237,93.1426,21.0151,27.8090
497.0321,91.9371,20.3736,26.9601
498.1796,96.7173,19.7517,26.1371
498.6302,99.6911,19.7517,26.1371
499.9818,99.6009,19.7517,26.1371
498.9906,99.5108,19.7517,26.1371
496.1971,99.0603,19.7517,26.1371
494.1693,98.9129,20.3830,26.9725
491.7836,99.4176,19.7608,26.1491
488.3124,100.7127,20.3923,26.9848
484.7303,99.2581,21.0441,27.8473
481.7540,98.3940,21.0441,27.8473
477.0495,97.3379,21.0441,27.8473
470.2328,97.2419,21.0441,27.8473
467.1937,98.5310,20.4017,26.9972
464.4334,102.5731,19.7789,26.1731
460.7786,104.9522,20.4111,27.0096
456.4482,105.3587,21.0634,27.8729
450.1389,105.6880,20.4204,27.0220
448.4941,106.7526,19.7971,26.1972
446.9587,107.0236,19.7971,26.1972
445.7254,108.2363,19.1928,25.3975
442.7785,109.2368,18.6069,24.6222
442.2985,108.3393,18.0389,23.8706
440.2410,107.9278,18.0389,23.8706
438.0189,108.1747,18.0389,23.8706
437.1545,107.0526,18.6155,24.6335
437.9189,108.4964,18.6155,24.6335
437.4943,108.7511,18.6155,24.6335
437.2395,110.1949,18.6155,24.6335
436.9847,109.7703,18.6155,24.6335
436.7299,109.5155,18.6155,24.6335
437.4387,109.2970,18.0472,23.8816
437.1378,110.7318,17.4963,23.1526
436.1001,112.0889,17.4963,23.1526
434.5834,108.4968,17.4963,23.1526
433.8127,107.6528,16.9622,22.4459
432.9615,107.5754,16.9622,22.4459
431.3364,107.1885,16.9622,22.4459
428.5115,109.2288,17.5043,23.1632
427.3533,109.2579,18.0638,23.9035
422.6558,107.0328,18.0638,23.9035
421.2009,107.1504,17.5124,23.1739
420.2697,106.3056,16.9778,22.4665
417.7521,107.4183,17.5204,23.1845
415.2742,108.1377,17.5204,23.1845
415.5537,106.8880,18.0804,23.9255
413.8215,105.4857,18.0804,23.9255
409.2306,104.4485,17.5285,23.1951
407.4989,105.5223,16.9934,22.4871
405.0955,107.4605,16.9934,22.4871
402.6413,107.2610,16.4747,21.8007
401.2132,105.9833,16.4747,21.8007
398.8832,106.5094,16.4747,21.8007
393.5466,106.7349,16.4747,21.8007
388.8114,107.5617,16.4747,21.8007
384.1136,105.9355,17.0012,22.4974
380.4172,104.8052,16.4822,21.8107
380.7440,105.0629,15.9791,21.1449
380.6234,105.1669,15.4913,20.4995
