0.20586
0.22998
0.063942
0.03718
0.046038
0.040891
0.034431
0.031198
0.030565
0.030588
0.030539
0.030967
0.030321
0.030495
0.030621
0.030861
0.03039
0.03044
0.030746
0.030911
0.030734
0.032516
0.031921
0.031998
0.031942
0.032157
0.031919
0.032228
0.034293
0.03366
0.033244
0.034107
0.03407
0.033737
0.032948
0.033323
0.03324
0.033548
0.032352
0.033215
0.033083
0.033576
0.033898
0.03241
0.03254
0.032027
0.031985
0.032336
0.032039
0.032297
0.031862
0.032227
0.031872
0.032573
0.030154
0.030777
0.030167
0.030502
0.030535
0.030886
0.030671
0.030973
0.032738
0.03275
0.032222
0.032376
0.031392
0.032167
0.031621
0.032556
0.031186
0.031456
0.031819
0.031577
0.031758
0.032363
