1
193.7133,23.6761,75.7552,79.6848
193.4074,23.9821,75.7552,79.6848
194.3253,23.6761,75.7552,79.6848
193.4074,23.9821,75.7552,79.6848
193.1014,24.2880,75.7552,79.6848
192.7955,25.2059,75.7552,79.6848
191.8776,25.5119,75.7552,79.6848
191.5717,25.8178,75.7552,79.6848
191.8776,26.1238,75.7552,79.6848
190.3478,27.0417,75.7552,79.6848
190.6538,27.9596,75.7552,79.6848
189.1240,28.8774,75.7552,79.6848
188.2061,29.1834,75.7552,79.6848
187.2882,29.4894,75.7552,79.6848
187.5942,29.7953,75.7552,79.6848
186.6763,29.4894,75.7552,79.6848
185.1465,30.4072,75.7552,79.6848
184.8405,31.3251,75.7552,79.6848
184.5346,31.0192,75.7552,79.6848
184.8405,31.9370,75.7552,79.6848
183.9226,32.8549,75.7552,79.6848
183.6167,34.3847,75.7552,79.6848
184.5346,35.9145,75.7552,79.6848
183.0048,36.8324,75.7552,79.6848
184.5346,34.6907,75.7552,79.6848
183.6167,35.6086,75.7552,79.6848
185.7584,34.0788,75.7552,79.6848
186.0644,31.9370,75.7552,79.6848
186.9823,29.7953,75.7552,79.6848
186.0644,30.7132,75.7552,79.6848
187.5942,28.5715,75.7552,79.6848
187.9001,29.4894,75.7552,79.6848
186.9823,29.7953,75.7552,79.6848
188.5121,27.0417,75.7552,79.6848
191.2657,26.1238,75.7552,79.6848
192.7955,27.6536,75.7552,79.6848
192.4895,28.5715,75.7552,79.6848
193.4074,29.4894,75.7552,79.6848
194.3253,27.9596,75.7552,79.6848
195.2432,26.4298,75.7552,79.6848
195.5491,25.5119,75.7552,79.6848
195.8551,23.9821,75.7552,79.6848
196.1610,22.4523,75.7552,79.6848
197.0789,20.9225,75.7552,79.6848
197.9968,20.6165,75.7552,79.6848
198.3027,20.9225,75.7552,79.6848
199.2206,20.0046,75.7552,79.6848
198.3027,20.9225,75.7552,79.6848
199.2206,20.0046,75.7552,79.6848
198.3027,20.9225,75.7552,79.6848
198.6087,20.6165,75.7552,79.6848
198.3027,22.1463,75.7552,79.6848
197.3849,20.6165,75.7552,79.6848
196.4670,21.5344,75.7552,79.6848
194.9372,23.0642,75.7552,79.6848
192.7955,24.5940,75.7552,79.6848
191.2657,26.1238,75.7552,79.6848
192.1835,27.0417,75.7552,79.6848
191.2657,27.3476,75.7552,79.6848
191.5716,27.6536,75.7552,79.6848
191.2657,28.5715,75.7552,79.6848
189.7359,29.4893,75.7552,79.6848
188.8180,29.7953,75.7552,79.6848
187.2882,28.8774,75.7552,79.6848
184.5345,29.7953,75.7552,79.6848
181.7809,30.7132,75.7552,79.6848
179.6392,32.8549,75.7552,79.6848
179.9451,35.6085,75.7552,79.6848
181.4749,35.9145,75.7552,79.6848
184.2286,31.3251,75.7552,79.6848
185.7584,25.5119,75.7552,79.6848
189.1239,21.5344,75.7552,79.6848
191.8776,18.1688,75.7552,79.6848
193.4074,16.0271,75.7552,79.6848
193.7133,15.1092,75.7552,79.6848
192.7955,16.0271,75.7552,79.6848
193.1014,15.7211,75.7552,79.6848
192.7955,15.4152,75.7552,79.6848
193.1014,15.7211,75.7552,79.6848
193.4074,14.8033,75.7552,79.6848
193.7133,15.1092,75.7552,79.6848
192.7954,16.0271,75.7552,79.6848
2
0
0
0
0
1
94.1116,85.2349,90.0048,85.5191
92.3842,87.6533,90.0048,85.5191
90.6567,90.0717,90.0048,85.5191
89.6202,91.7992,90.0048,85.5191
88.5838,93.5267,90.0048,85.5191
86.8563,95.9451,90.0048,85.5191
85.8198,97.6726,90.0048,85.5191
84.7834,100.0910,90.0048,85.5191
83.7469,102.5095,90.0048,85.5191
82.0194,105.6189,90.0048,85.5191
80.9830,108.0373,90.0048,85.5191
79.9465,109.7648,90.0048,85.5191
79.6010,109.4193,90.0048,85.5191
77.8735,112.5287,90.0048,85.5191
78.2190,115.6381,90.0048,85.5191
79.9465,120.8205,90.0048,85.5191
80.9830,123.9299,90.0048,85.5191
83.4014,124.2754,90.0048,85.5191
86.5108,125.3119,90.0048,85.5191
88.9293,125.6574,90.0048,85.5191
92.0387,125.3119,90.0048,85.5191
95.1481,122.8934,90.0048,85.5191
97.5666,119.7840,90.0048,85.5191
100.6760,117.3656,90.0048,85.5191
103.7854,115.6381,90.0048,85.5191
105.5129,113.2197,90.0048,85.5191
107.2403,110.8012,90.0048,85.5191
108.9678,108.3828,90.0048,85.5191
110.0043,106.6553,90.0048,85.5191
112.4227,104.2369,90.0048,85.5191
117.6051,99.7455,90.0048,85.5191
121.4055,93.8721,90.0048,85.5191
128.6608,87.9988,90.0048,85.5191
137.2981,86.2713,90.0048,85.5191
143.8624,85.2349,90.0048,85.5191
148.3538,82.1254,90.0048,85.5191
152.3105,80.0403,88.0854,83.6954
156.0299,77.6734,88.0854,83.6954
161.8577,76.2845,86.2070,81.9106
164.1740,73.3063,86.2070,81.9106
167.3259,70.6712,84.3686,80.1638
170.2406,69.0519,84.3686,80.1638
176.3939,71.9666,84.3686,80.1638
183.8486,76.8793,82.5694,78.4543
191.1385,80.3658,82.5694,78.4543
196.5266,84.4861,82.5694,78.4543
202.5487,89.2404,82.5694,78.4543
206.6690,92.0929,82.5694,78.4543
209.5216,94.9455,82.5694,78.4543
210.4724,96.5302,82.5694,78.4543
210.7894,98.1150,82.5694,78.4543
211.7402,97.7980,82.5694,78.4543
212.6911,96.8472,82.5694,78.4543
213.6419,97.1641,82.5694,78.4543
213.9589,97.4811,82.5694,78.4543
212.3742,99.0658,82.5694,78.4543
212.6911,100.0167,82.5694,78.4543
213.0081,102.2353,82.5694,78.4543
212.6911,104.4540,82.5694,78.4543
213.6420,107.9404,82.5694,78.4543
213.9589,109.5252,82.5694,78.4543
213.0081,111.1099,82.5694,78.4543
212.0572,112.6947,82.5694,78.4543
212.3742,114.9133,82.5694,78.4543
212.6911,116.4981,82.5694,78.4543
212.3742,118.0828,82.5694,78.4543
212.6911,118.3998,82.5694,78.4543
213.0081,119.3506,82.5694,78.4543
212.6911,119.6676,82.5694,78.4543
213.6420,120.6184,82.5694,78.4543
213.9589,120.9354,82.5694,78.4543
213.0081,121.2523,82.5694,78.4543
213.3250,120.9354,82.5694,78.4543
213.6420,120.6184,82.5694,78.4543
214.5928,120.9354,82.5694,78.4543
214.9098,121.2523,82.5694,78.4543
213.9589,121.5693,82.5694,78.4543
213.6420,121.8862,82.5694,78.4543
214.5928,121.5693,82.5694,78.4543
214.9098,122.5201,82.5694,78.4543
213.9589,122.2032,82.5694,78.4543
213.6420,121.8862,82.5694,78.4543
213.9589,121.5693,82.5694,78.4543
214.2759,121.8862,82.5694,78.4543
214.5929,121.5693,82.5694,78.4543
214.9098,121.8862,82.5694,78.4543
215.2268,120.9354,82.5694,78.4543
214.9098,121.2523,82.5694,78.4543
212.6912,122.2032,82.5694,78.4543
210.4725,121.8862,82.5694,78.4543
207.6200,121.5693,82.5694,78.4543
204.1335,121.8862,82.5694,78.4543
200.0132,120.3015,82.5694,78.4543
195.2589,119.3506,82.5694,78.4543
190.5047,119.6676,82.5694,78.4543
185.1165,121.2523,82.5694,78.4543
179.7284,124.1049,82.5694,78.4543
175.8554,122.9081,84.3962,80.1901
172.9398,121.9362,84.3962,80.1901
171.3200,120.3164,84.3962,80.1901
169.7002,118.6966,84.3962,80.1901
168.0803,116.4289,84.3962,80.1901
167.4190,115.0982,82.5965,78.4800
165.8337,112.8788,82.5965,78.4800
164.2484,110.6594,82.5965,78.4800
162.0291,107.1718,82.5965,78.4800
161.7120,103.0501,82.5965,78.4800
160.1267,98.9284,82.5965,78.4800
156.0050,95.4408,82.5965,78.4800
150.8151,91.6121,84.4239,80.2164
138.8245,88.6955,84.4239,80.2164
127.4821,85.7789,84.4239,80.2164
103.8251,81.5660,84.4239,80.2164
97.0197,80.5938,84.4239,80.2164
93.4549,81.5660,84.4239,80.2164
91.8346,79.9456,84.4239,80.2164
88.9179,77.6772,84.4239,80.2164
88.5939,78.0012,84.4239,80.2164
88.9179,75.7328,84.4239,80.2164
89.2420,76.7050,84.4239,80.2164
88.9179,75.7328,84.4239,80.2164
87.9457,75.4087,84.4239,80.2164
87.6217,74.4365,84.4239,80.2164
88.5939,74.1124,84.4239,80.2164
88.2698,73.7884,84.4239,80.2164
87.9457,76.0568,84.4239,80.2164
87.6217,75.7328,84.4239,80.2164
87.9457,78.0012,84.4239,80.2164
86.9735,77.6772,84.4239,80.2164
87.2976,79.9457,84.4239,80.2164
86.3254,79.6216,84.4239,80.2164
86.6495,81.2419,84.4239,80.2164
85.6773,81.5660,84.4239,80.2164
84.7051,82.5382,84.4239,80.2164
84.3810,83.5104,84.4239,80.2164
84.0569,83.1863,84.4239,80.2164
83.7329,82.8623,84.4239,80.2164
83.4088,83.1863,84.4239,80.2164
83.7329,82.2141,84.4239,80.2164
84.7051,82.5382,84.4239,80.2164
85.0291,82.2141,84.4239,80.2164
84.7051,81.8901,84.4239,80.2164
85.0291,82.2141,84.4239,80.2164
85.3532,80.5938,84.4239,80.2164
86.3254,78.9734,84.4239,80.2164
87.2976,77.3531,84.4239,80.2164
88.2698,78.3253,84.4239,80.2164
87.9457,76.7050,84.4239,80.2164
87.6217,77.0290,84.4239,80.2164
89.2420,76.0568,84.4239,80.2164
89.5661,75.7328,84.4239,80.2164
90.5383,76.0568,84.4239,80.2164
91.5105,75.0846,84.4239,80.2164
92.4827,75.4087,84.4239,80.2164
92.8068,76.3809,84.4239,80.2164
92.4827,76.7050,84.4239,80.2164
94.1030,78.9734,84.4239,80.2164
94.4271,78.6494,84.4239,80.2164
96.0474,80.2697,84.4239,80.2164
97.0196,80.5938,84.4239,80.2164
97.9918,81.5660,84.4239,80.2164
99.6122,81.8901,84.4239,80.2164
101.0318,82.0113,86.2918,81.9912
103.3505,82.3426,86.2918,81.9912
105.6691,83.3363,86.2918,81.9912
109.3128,83.0050,86.2918,81.9912
116.9312,82.6738,86.2918,81.9912
127.1101,85.1444,84.4516,80.2427
131.9727,86.1169,84.4516,80.2427
134.2419,87.0894,84.4516,80.2427
135.2144,87.4136,84.4516,80.2427
136.1869,89.6828,84.4516,80.2427
136.5111,91.9520,84.4516,80.2427
138.7803,94.2213,84.4516,80.2427
141.6979,95.8422,84.4516,80.2427
145.9122,98.1114,84.4516,80.2427
148.8298,97.7872,84.4516,80.2427
151.7473,99.4081,84.4516,80.2427
154.6649,99.7323,84.4516,80.2427
158.2308,100.7048,84.4516,80.2427
162.4451,102.9740,84.4516,80.2427
165.3627,104.5949,84.4516,80.2427
169.5770,107.5125,84.4516,80.2427
175.7363,110.4300,84.4516,80.2427
182.5439,113.3476,84.4516,80.2427
188.0549,116.2652,84.4516,80.2427
192.9175,119.8311,84.4516,80.2427
197.1318,123.3970,84.4516,80.2427
201.3461,126.3146,84.4516,80.2427
206.2087,129.8805,84.4516,80.2427
211.7197,134.7431,84.4516,80.2427
216.5823,140.9024,84.4516,80.2427
219.4999,143.8200,84.4516,80.2427
220.4724,143.4958,84.4516,80.2427
221.4450,141.2266,84.4516,80.2427
220.4724,138.3090,84.4516,80.2427
219.4999,134.7431,84.4516,80.2427
219.8241,131.1772,84.4516,80.2427
218.8515,128.2596,84.4516,80.2427
217.8790,124.0454,84.4516,80.2427
216.9065,119.8311,84.4516,80.2427
216.5823,115.6168,84.4516,80.2427
215.6097,110.7542,84.4516,80.2427
214.6372,106.5399,84.4516,80.2427
213.6647,103.6223,84.4516,80.2427
212.6922,101.3531,84.4516,80.2427
212.3680,100.3806,84.4516,80.2427
212.6922,98.7597,84.4516,80.2427
213.0164,95.8421,84.4516,80.2427
211.3955,94.2212,84.4516,80.2427
209.7746,91.9520,84.4516,80.2427
208.1537,89.6828,84.4516,80.2427
206.5328,87.4136,84.4516,80.2427
204.2636,85.1443,84.4516,80.2427
200.0493,82.8751,84.4516,80.2427
195.1867,82.5509,84.4516,80.2427
190.9724,82.8751,84.4516,80.2427
186.1098,83.1993,84.4516,80.2427
179.9505,82.8751,84.4516,80.2427
167.3077,79.9575,84.4516,80.2427
156.6099,76.3916,84.4516,80.2427
149.8022,74.7707,84.4516,80.2427
144.2912,73.1499,84.4516,80.2427
140.0770,70.8806,84.4516,80.2427
137.8077,67.9631,84.4516,80.2427
135.5385,64.3971,84.4516,80.2427
135.2143,61.4796,84.4516,80.2427
134.2418,59.2103,84.4516,80.2427
133.2693,60.1829,84.4516,80.2427
132.2968,62.4521,84.4516,80.2427
130.0276,63.4246,84.4516,80.2427
103.1211,71.5290,84.4516,80.2427
96.3134,75.0949,84.4516,80.2427
94.6925,74.1224,84.4516,80.2427
95.9054,74.6655,82.6506,78.5315
95.5882,75.6173,82.6506,78.5315
95.2709,74.6655,82.6506,78.5315