0.0060
0.0130
0.0130
0.0120
0.0130
0.0130
0.0120
0.0130
0.0130
0.0130
0.0120
0.0130
0.0130
0.0130
0.0140
0.0130
0.0120
0.0120
0.0120
0.0130
0.0120
0.0130
0.0120
0.0130
0.0130
0.0120
0.0130
0.0120
0.0130
0.0120
0.0120
0.0130
0.0120
0.0130
0.0120
0.0130
0.0130
0.0120
0.0120
0.0130
0.0120
0.0130
0.0120
0.0260
0.0130
0.0130
0.0120
0.0130
0.0130
0.0120
0.0130
0.0120
0.0130
0.0120
0.0130
0.0130
0.0130
0.0120
0.0120
0.0130
0.0130
0.0130
0.0130
0.0130
0.0130
0.0120
0.0130
0.0130
0.0120
0.0120
0.0130
0.0130
0.0120
0.0130
0.0120
0.0130
0.0130
0.0120
0.0130
0.0130
0.0120
0.0130
0.0120
0.0120
NaN
NaN
NaN
NaN
0.0060
0.0130
0.0130
0.0130
0.0130
0.0130
0.0120
0.0130
0.0130
0.0130
0.0130
0.0120
0.0130
0.0130
0.0130
0.0120
0.0120
0.0130
0.0140
0.0130
0.0130
0.0130
0.0130
0.0120
0.0120
0.0130
0.0130
0.0130
0.0120
0.0130
0.0130
0.0120
0.0120
0.0130
0.0130
0.0120
0.0120
0.0120
0.0120
0.0130
0.0120
0.0130
0.0130
0.0129
0.0130
0.0120
0.0130
0.0130
0.0120
0.0120
0.0130
0.0130
0.0130
0.0120
0.0130
0.0130
0.0120
0.0130
0.0130
0.0120
0.0130
0.0130
0.0120
0.0130
0.0120
0.0130
0.0130
0.0130
0.0173
0.0130
0.0130
0.0120
0.0130
0.0130
0.0120
0.0130
0.0140
0.0130
0.0120
0.0120
0.0130
0.0120
0.0130
0.0120
0.0120
0.0130
0.0130
0.0120
0.0130
0.0130
0.0120
0.0130
0.0120
0.0120
0.0130
0.0140
0.0130
0.0130
0.0120
0.0130
0.0130
0.0120
0.0130
0.0120
0.0120
0.0130
0.0120
0.0120
0.0120
0.0120
0.0120
0.0130
0.0130
0.0120
0.0130
0.0120
0.0120
0.0140
0.0130
0.0130
0.0120
0.0130
0.0130
0.0130
0.0130
0.0120
0.0130
0.0120
0.0130
0.0130
0.0120
0.0130
0.0120
0.0130
0.0130
0.0120
0.0130
0.0130
0.0120
0.0130
0.0120
0.0130
0.0120
0.0130
0.0130
0.0220
0.0120
0.0130
0.0120
0.0120
0.0130
0.0130
0.0130
0.0120
0.0130
0.0130
0.0120
0.0130
0.0130
0.0120
0.0130
0.0130
0.0130
0.0120
0.0130
0.0130
0.0120
0.0130
0.0130
0.0130
0.0140
0.0120
0.0130
0.0130
0.0120
0.0130
0.0130
0.0130
0.0120
0.0130
0.0120
0.0130
0.0130
0.0120
0.0173
0.0130
0.0129
0.0130
0.0130
0.0130
0.0130
0.0130
0.0120
0.0130
0.0130
0.0199
0.0130
0.0130
0.0120
0.0130
0.0130
0.0140
0.0130
0.0130
0.0130
0.0130
0.0120
0.0120
0.0120
0.0120
0.0130
0.0130
0.0130
0.0130
0.0130
0.0130
0.0130
0.0120
0.0130
0.0130
0.0130
0.0130
0.0130
0.0130
0.0130
0.0130
0.0120
0.0120
0.0120
0.0120
0.0120
0.0160
0.0120
0.0120
0.0120
0.0120
0.0120
0.0260