1
527.4055,59.3323,19.8137,19.8137
525.9234,65.8068,19.8137,19.8137
522.7251,81.9542,19.8137,19.8137
522.0230,92.4851,19.8137,19.8137
518.0447,107.2283,19.8137,19.8137
517.2590,116.3163,20.2520,20.2520
516.0148,126.5997,19.8202,19.8202
514.0450,121.6214,19.3975,19.3975
2
0
0
0
0
1
568.9063,199.9164,17.2019,17.2019
576.4659,209.1732,16.8350,16.8350
582.3648,221.0372,16.8350,16.8350
591.5777,234.0943,16.8350,16.8350
597.3440,240.7886,16.8350,16.8350
606.6588,258.0251,16.4760,16.4760
607.5021,262.2414,16.4760,16.4760
609.9911,266.7311,16.1246,16.1246
613.2287,265.2710,16.1246,16.1246
616.8472,264.5727,16.1246,16.1246
621.1006,264.6361,16.1246,16.1246
624.2112,266.0962,16.1246,16.1246
626.8140,266.5406,16.1246,16.1246
631.9422,270.3226,15.7808,15.7808
633.4878,271.6287,15.4443,15.4443
637.6833,272.2976,15.4443,15.4443
640.1336,269.9422,15.1149,15.1149
639.5980,267.7404,15.1149,15.1149
642.0378,268.1569,15.1149,15.1149
641.3832,268.5735,15.1149,15.1149
644.2991,271.8464,15.1149,15.1149
643.6445,273.5721,15.1149,15.1149
644.6660,277.6909,14.7926,14.7926
649.2669,276.9338,14.7926,14.7926
649.9298,277.8213,14.4771,14.4771
652.4946,277.5363,14.4771,14.4771