1
341.7279,113.8533,75.5223,15.2992
335.2923,115.1269,77.9360,15.7881
326.9104,115.7449,80.4268,16.2927
327.9603,117.4604,82.9972,16.8134
321.2584,117.7478,85.6498,17.3508
316.0936,117.9391,85.6498,17.3508
306.4974,120.3081,83.0353,16.8211
303.4994,127.7974,80.5007,16.3077
300.2333,134.3389,78.0434,15.8099
301.9474,141.0293,75.6611,15.3273
298.2017,144.4739,73.3515,14.8594
295.5533,145.1921,71.1124,14.4058
291.7152,132.8651,68.9417,13.9661
290.9454,132.0953,68.9417,13.9661
2
0
0
0
0
1
280.8029,22.3791,20.1649,66.6809
281.2971,18.9201,20.1649,66.6809
278.8264,21.3908,20.1649,66.6809
274.7086,27.1557,20.1649,66.6809
270.2397,36.5737,19.5494,64.6454
266.2267,42.5106,18.9526,62.6721
264.8130,43.6219,18.3741,60.7590
264.9434,40.1968,17.8132,58.9043
302.6349,1.2794,18.3825,60.7869
302.1844,13.7421,18.3825,60.7869
303.8163,26.2316,17.8214,58.9314
307.7276,39.5045,17.2774,57.1325
313.7774,49.8319,16.7500,55.3885
316.0853,56.5604,16.2387,53.6977
316.9964,59.1043,15.7430,52.0586
317.3653,61.0562,15.2625,50.4695
313.2349,59.4578,14.7966,48.9289
312.8564,57.1831,14.3449,47.4353
316.2390,46.0727,13.9070,45.9874
2
0
0
0
0
1
262.1400,66.7170,30.8574,43.7079
262.2862,68.9106,30.8574,43.7079
261.5551,71.1041,30.8574,43.7079
259.3615,75.3450,30.8574,43.7079
256.5830,78.4159,30.8574,43.7079
252.3422,83.2417,30.8574,43.7079
252.1959,83.0955,30.8574,43.7079
252.3422,89.3836,30.8574,43.7079
255.8841,96.3389,29.9155,42.3737
260.7356,99.6793,29.0023,41.0802
266.9206,100.0916,29.0023,41.0802
272.9985,103.6049,28.1170,39.8262
237.7712,120.4241,29.0156,41.0991
229.9333,124.6869,29.0156,41.0991
229.7958,125.0994,29.0156,41.0991
229.9333,123.0368,29.0156,41.0991
230.3458,122.8993,29.0156,41.0991
229.2761,128.6143,28.1299,39.8445
229.3055,136.0213,27.2712,38.6282
229.4347,142.8711,27.2712,38.6282
228.6112,146.7772,28.1428,39.8628
229.0951,149.7412,29.0423,41.1368
221.8869,185.0063,29.9705,42.4515
223.4493,184.8643,29.9705,42.4515
223.3072,180.1772,29.9705,42.4515
222.3130,174.0698,29.9705,42.4515
221.2081,172.0191,29.0556,41.1557
220.6877,176.9159,28.1687,39.8994
223.2240,187.9958,28.1687,39.8994
227.5253,198.3499,27.3088,38.6815
228.8480,206.3171,26.4752,37.5007
229.8795,212.2846,25.6670,36.3560
231.9473,217.7584,25.6670,36.3560
232.0690,222.2590,25.6670,36.3560
229.7578,224.5701,25.6670,36.3560
229.1496,231.0170,25.6670,36.3560
230.8073,235.1799,26.4874,37.5179
229.9286,237.0628,26.4874,37.5179
229.8819,239.0993,27.3339,38.7170
250.3007,259.8543,28.2075,39.9544
253.9100,262.9289,28.2075,39.9544
254.5784,263.5973,28.2075,39.9544
255.5142,265.3351,28.2075,39.9544
255.6479,265.2014,28.2075,39.9544
256.3163,267.7413,28.2075,39.9544
257.2520,270.0139,28.2075,39.9544
257.9204,275.4946,28.2075,39.9544
258.0540,279.3713,28.2075,39.9544
257.6530,289.1298,28.2075,39.9544
274.8975,311.4540,28.2075,39.9544
276.6353,315.5980,28.2075,39.9544
274.8975,323.2176,28.2075,39.9544
272.0902,329.7679,28.2075,39.9544
270.0851,332.3077,28.2075,39.9544
271.6395,338.7542,29.1090,41.2313
269.2943,354.6184,29.1090,41.2313
263.6384,364.9647,29.1090,41.2313
259.9137,371.7243,29.1090,41.2313
257.2927,376.0007,29.1090,41.2313
254.6716,378.6218,29.1090,41.2313
253.7059,381.5187,29.1090,41.2313
252.1885,384.6916,29.1090,41.2313
251.2228,386.4849,29.1090,41.2313
251.0849,388.0024,29.1090,41.2313
250.9469,389.7957,29.1090,41.2313
250.2572,393.5204,29.1090,41.2313
249.8433,398.6245,29.1090,41.2313
249.1536,404.0046,29.1090,41.2313
247.3602,405.7980,29.1090,41.2313
247.4982,406.2118,29.1090,41.2313
246.8084,412.4196,29.1090,41.2313
242.2561,417.5237,29.1090,41.2313
238.5314,417.1099,29.1090,41.2313
238.9453,420.0068,29.1090,41.2313
240.7386,425.9387,29.1090,41.2313
242.5320,431.8705,29.1090,41.2313
240.7386,444.4240,29.1090,41.2313
239.2212,448.7005,29.1090,41.2313
238.5314,457.1154,29.1090,41.2313
238.5619,460.9176,28.2204,39.9727
238.4281,462.6562,28.2204,39.9727
241.5041,464.6623,28.2204,39.9727
248.3248,470.1456,28.2204,39.9727
254.6106,475.0939,28.2204,39.9727
268.3857,497.6959,28.2204,39.9727
270.1243,503.4467,28.2204,39.9727
269.7231,508.3950,28.2204,39.9727
268.2520,513.3433,28.2204,39.9727
268.1182,516.9543,28.2204,39.9727
267.4495,519.7628,28.2204,39.9727
265.9784,523.3738,28.2204,39.9727
265.5772,527.5197,28.2204,39.9727
261.7827,535.3065,29.1224,41.2503
253.0879,540.9651,29.1224,41.2503
249.0855,542.4832,29.1224,41.2503
251.4317,550.6260,29.1224,41.2503
244.9451,584.4393,29.1224,41.2503
280.5013,596.8914,30.0531,42.5686
282.3528,596.1793,30.0531,42.5686
286.5725,588.8051,31.0136,43.9291
324.9333,564.5540,31.0136,43.9291
331.6396,558.4139,32.0048,45.3331
336.4367,554.8077,33.0277,46.7819
347.0219,547.0167,34.0832,48.2771
388.6349,513.4559,35.1725,49.8200
388.2396,512.1597,36.2967,51.4123
392.9919,508.0699,37.4567,53.0554
403.2216,499.5891,38.6538,54.7510
408.0247,489.2505,37.4739,53.0798
413.2864,477.2140,38.6716,54.7762
430.0789,463.6932,39.9075,56.5268
440.8591,460.4781,39.9075,56.5268
475.5878,487.7545,41.1829,58.3334
480.4670,484.8269,41.1829,58.3334
482.6139,481.8994,41.1829,58.3334
485.1511,480.1428,41.1829,58.3334
488.0786,485.8028,41.1829,58.3334
490.6158,490.2917,41.1829,58.3334
493.1531,493.9999,41.1829,58.3334
492.5676,502.3922,41.1829,58.3334
488.0786,511.1748,41.1829,58.3334
485.1511,517.2251,41.1829,58.3334
483.7849,520.5430,41.1829,58.3334
474.2216,530.1063,41.1829,58.3334
467.6289,529.6304,39.9258,56.5528
464.7907,533.9823,39.9258,56.5528
465.3583,540.2263,39.9258,56.5528
468.9534,548.3624,39.9258,56.5528
472.1700,554.2280,39.9258,56.5528
475.3866,563.1210,39.9258,56.5528
482.7658,573.5276,39.9258,56.5528
491.8898,596.9070,38.7071,54.8265
534.1206,602.6966,37.5255,53.1529
533.2314,588.2918,37.5255,53.1529
535.5433,584.5573,37.5255,53.1529
542.8346,565.8843,37.5255,53.1529
549.4146,545.4331,37.5255,53.1529
554.9275,528.1829,37.5255,53.1529
561.2635,512.9288,38.7248,54.8517
561.1953,501.2245,39.9625,56.6047
575.5181,483.4646,41.2397,58.4138
593.8167,485.4627,42.5577,60.2807
588.3712,473.9667,42.5577,60.2807
588.2961,476.0287,43.9179,62.2073
610.1498,489.1409,43.9179,62.2073
624.9271,496.8418,43.9179,62.2073
635.3796,508.4059,42.5773,60.3084
644.8632,517.8894,42.5773,60.3084
657.9787,527.3730,42.5773,60.3084
667.8658,535.2423,42.5773,60.3084
676.7885,544.8392,41.2776,58.4674
684.8088,552.4683,41.2776,58.4674
696.0819,559.5543,42.5968,60.3361
703.1474,566.2161,42.5968,60.3361
709.0016,572.0703,42.5968,60.3361
718.8932,579.1357,42.5968,60.3361
730.2425,590.3520,41.2965,58.4943
731.4599,602.0087,40.0359,56.7087
730.6304,611.9174,41.3155,58.5211
735.6483,618.2267,42.6359,60.3915
784.0665,611.8062,43.9986,62.3216
789.8273,608.0995,45.4048,64.3134
793.1901,603.8442,46.8559,66.3689
796.6604,599.0087,48.3534,68.4900
801.1581,593.5604,49.8988,70.6789
805.3268,588.8838,51.4935,72.9378
808.9872,587.6636,51.4935,72.9378
805.4800,584.3018,53.1393,75.2689
815.4597,574.7885,54.8376,77.6745
829.3965,569.1293,56.5902,80.1570
840.5606,568.6530,58.3988,82.7188
849.8674,567.6078,60.2653,85.3625
854.7227,569.6071,60.2653,85.3625
856.3300,569.6710,62.1914,88.0907
864.2877,568.7868,62.1914,88.0907
887.3417,571.0155,60.2929,85.4017
892.7707,573.0156,60.2929,85.4017
893.6279,573.3014,60.2929,85.4017
901.5222,568.7936,62.2199,88.1311
918.9193,565.5500,62.2199,88.1311
927.4703,564.6655,62.2199,88.1311
934.8420,563.1911,62.2199,88.1311
942.8033,561.1271,62.2199,88.1311
948.9955,559.0630,62.2199,88.1311
955.7775,556.9990,62.2199,88.1311
961.3799,555.5246,62.2199,88.1311
966.3926,554.0503,62.2199,88.1311
969.6362,554.9349,62.2199,88.1311
979.3667,552.2811,62.2199,88.1311
984.9692,551.9862,62.2199,88.1311
997.0587,554.0503,62.2199,88.1311
1006.1995,555.5246,62.2199,88.1311
1010.2180,555.5906,64.2085,90.9478
1018.4338,558.3292,64.2085,90.9478
1024.2152,559.8506,64.2085,90.9478
1029.9968,561.9807,64.2085,90.9478
1034.5612,563.5021,64.2085,90.9478
1038.5168,564.4150,64.2085,90.9478
1054.4071,567.9332,62.2485,88.1716
1064.7321,569.4081,62.2485,88.1716
1073.8772,569.1132,62.2485,88.1716
1081.2522,568.2281,62.2485,88.1716
1095.4773,562.1989,60.3483,85.4801
1096.5149,558.2589,62.2771,88.2121
1093.4537,556.5541,64.2674,91.0313
1110.8142,553.2039,64.2674,91.0313
1124.2825,552.4613,62.3056,88.2526
1136.7490,550.5602,60.4037,85.5586
1143.3330,549.7015,60.4037,85.5586
1153.3521,544.8351,60.4037,85.5586
1162.2261,537.1061,60.4037,85.5586
1168.8099,560.2930,60.4037,85.5586
1174.8214,574.3198,60.4037,85.5586
1189.6005,617.3226,62.3342,88.2931
1193.6262,633.3408,64.3264,91.1149
1198.1990,650.7172,64.3264,91.1149
1202.1620,664.4354,64.3264,91.1149
1202.4668,669.6178,64.3264,91.1149
1219.8433,692.4814,64.3264,91.1149
1252.4620,692.7863,64.3264,91.1149
1292.1597,696.3109,62.3629,88.3336
1321.4185,698.3797,62.3629,88.3336
1368.4098,677.3961,62.3629,88.3336
1383.4825,643.9998,62.3629,88.3336
1405.6483,608.2390,62.3629,88.3336
1425.4497,581.3445,62.3629,88.3336
1444.6600,559.1788,62.3629,88.3336
1466.2346,537.0131,62.3629,88.3336
1485.4449,517.8027,62.3629,88.3336
1504.0642,500.3657,62.3629,88.3336
1519.1370,482.9286,62.3629,88.3336
1534.5703,453.2448,60.4592,85.6372
1533.1377,439.2052,60.4592,85.6372
1520.2443,417.1431,60.4592,85.6372
1507.3508,401.9574,60.4592,85.6372
1493.3113,382.1874,60.4592,85.6372
1479.8447,365.8557,60.4592,85.6372
1468.0973,352.3892,60.4592,85.6372
1458.8220,336.9811,62.3915,88.3742
1449.0647,322.4928,62.3915,88.3742
1441.0813,310.9614,62.3915,88.3742
1433.6893,298.8385,62.3915,88.3742
1427.4801,288.4897,62.3915,88.3742
1420.6794,279.3237,62.3915,88.3742
1396.3239,272.2936,64.3855,91.1986
1409.8168,281.9240,62.4201,88.4148
2
0
0
0
0
1
1132.9706,353.7478,73.2941,14.6406
1128.0460,353.6771,75.6366,15.1085
1112.1860,353.6040,78.0540,15.5914
1093.0387,353.5287,80.5486,16.0897
1075.4314,353.8096,83.1229,16.6039
1058.0018,353.3592,85.7795,17.1346
1043.6776,354.3141,85.7795,17.1346
1029.7355,354.5051,85.7795,17.1346
1018.4672,354.3141,85.7795,17.1346
1006.8169,354.8871,85.7795,17.1346
992.1108,353.5502,85.7795,17.1346
979.4779,342.1614,83.1611,16.6115
2
0
0
0
0
1
1009.4194,380.4945,42.0756,26.2587
1015.2725,369.8054,40.7913,25.4572
1025.8693,370.5826,39.5461,24.6801
1028.8588,377.6150,38.3389,23.9267
1004.2621,409.0085,39.5643,24.6914
1000.3673,406.1188,39.5643,24.6914
999.8607,401.8295,40.8287,25.4806
989.0995,395.9951,40.8287,25.4806
958.7356,371.6203,39.5824,24.7028
959.9682,369.3577,38.3742,23.9487
927.5499,368.6094,39.6006,24.7141
922.8971,371.5017,39.6006,24.7141
2
0
0
0
0
1
789.9019,321.0240,41.3169,30.1398
801.8913,318.5391,40.0557,29.2198
2
0
0
0
0
1
632.1974,301.0385,50.2674,24.3960
629.1576,301.1832,50.2674,24.3960
624.6702,299.3015,50.2674,24.3960
616.4194,294.8141,50.2674,24.3960
609.6160,291.1953,50.2674,24.3960
601.0756,289.8925,50.2674,24.3960
593.6932,288.0107,50.2674,24.3960
583.7705,286.3181,51.8740,25.1757
575.5547,284.9737,51.8740,25.1757
566.4426,282.7330,51.8740,25.1757
556.7330,281.3886,51.8740,25.1757
552.8939,266.6856,50.2905,24.4072
2
0
0
0
0
1
351.6859,309.5044,57.2671,19.6806
348.8878,320.2336,55.5190,19.0798
346.1751,328.0721,53.8243,18.4974
2
0
0
0
0
1
273.0824,200.9580,24.4021,48.4472
270.6779,196.8563,24.4021,48.4472
268.5564,192.7546,24.4021,48.4472
266.4348,187.8043,24.4021,48.4472
264.0304,182.5711,24.4021,48.4472
250.9662,169.3082,23.6572,46.9683
241.5917,168.2424,22.9351,45.5346
234.8962,164.2847,22.2350,44.1446
232.5292,161.2210,21.5563,42.7971
2
0
0
0
0
1
322.8001,115.4928,50.7166,22.2653
322.3774,115.3519,50.7166,22.2653
325.6183,113.8019,50.7166,22.2653
328.2956,113.3792,50.7166,22.2653
329.5638,112.9564,50.7166,22.2653
342.5970,102.4462,49.1685,21.5856
343.5532,98.4846,49.1685,21.5856
343.3474,94.8524,47.6676,20.9267
344.0096,93.6605,47.6676,20.9267
2
0
0
0
0
1
440.1005,125.6741,49.5022,25.4028
