0.22104,0.21361,0.22022,0,0,0,0,0,0,0,0,0,0,0,0
0.25075,0.29515,0.247,0,0,0,0,0,0,0,0,0,0,0,0
0.081279,0.088771,0.082451,0,0,0,0,0,0,0,0,0,0,0,0
0.054902,0.060469,0.057723,0,0,0,0,0,0,0,0,0,0,0,0
0.062675,0.067348,0.064653,0,0,0,0,0,0,0,0,0,0,0,0
0.056107,0.059098,0.059343,0,0,0,0,0,0,0,0,0,0,0,0
0.051838,0.053021,0.053345,0,0,0,0,0,0,0,0,0,0,0,0
0.04727,0.049976,0.050586,0,0,0,0,0,0,0,0,0,0,0,0
0.048697,0.049774,0.05038,0,0,0,0,0,0,0,0,0,0,0,0
0.046007,0.048651,0.049383,0,0,0,0,0,0,0,0,0,0,0,0
0.045967,0.048417,0.049278,0,0,0,0,0,0,0,0,0,0,0,0
0.046353,0.048977,0.049604,0,0,0,0,0,0,0,0,0,0,0,0
0.044485,0.047214,0.047776,0,0,0,0,0,0,0,0,0,0,0,0
0.045779,0.048237,0.049297,0,0,0,0,0,0,0,0,0,0,0,0
0.045964,0.048605,0.04943,0,0,0,0,0,0,0,0,0,0,0,0
0.046012,0.048752,0.04943,0,0,0,0,0,0,0,0,0,0,0,0
NaN,NaN,NaN,0,0,0,0,0,0,0,0,0,0,0,0
NaN,NaN,NaN,0,0,0,0,0,0,0,0,0,0,0,0
NaN,NaN,NaN,0,0,0,0,0,0,0,0,0,0,0,0
NaN,NaN,NaN,0,0,0,0,0,0,0,0,0,0,0,0
0.21653,0.2183,0.21334,0,0,0,0,0,0,0,0,0,0,0,0
0.24661,0.24685,0.2479,0,0,0,0,0,0,0,0,0,0,0,0
0.082404,0.083564,0.084213,0,0,0,0,0,0,0,0,0,0,0,0
0.05289,0.053649,0.054217,0,0,0,0,0,0,0,0,0,0,0,0
0.06218,0.062357,0.062822,0,0,0,0,0,0,0,0,0,0,0,0
0.058008,0.058365,0.058314,0,0,0,0,0,0,0,0,0,0,0,0
0.052673,0.052885,0.053043,0,0,0,0,0,0,0,0,0,0,0,0
0.05037,0.050704,0.050889,0,0,0,0,0,0,0,0,0,0,0,0
0.049767,0.050132,0.049834,0,0,0,0,0,0,0,0,0,0,0,0
0.049232,0.049413,0.049493,0,0,0,0,0,0,0,0,0,0,0,0
0.050312,0.050532,0.050288,0,0,0,0,0,0,0,0,0,0,0,0
0.048295,0.048594,0.04835,0,0,0,0,0,0,0,0,0,0,0,0
0.049846,0.049665,0.049549,0,0,0,0,0,0,0,0,0,0,0,0
0.048462,0.048854,0.048624,0,0,0,0,0,0,0,0,0,0,0,0
0.047866,0.04814,0.04792,0,0,0,0,0,0,0,0,0,0,0,0
0.047329,0.047444,0.047524,0,0,0,0,0,0,0,0,0,0,0,0
0.046242,0.046201,0.046401,0,0,0,0,0,0,0,0,0,0,0,0
0.047421,0.047672,0.047383,0,0,0,0,0,0,0,0,0,0,0,0
0.04745,0.04771,0.047553,0,0,0,0,0,0,0,0,0,0,0,0
0.047861,0.047222,0.047145,0,0,0,0,0,0,0,0,0,0,0,0
0.047575,0.0476,0.0473,0,0,0,0,0,0,0,0,0,0,0,0
NaN,NaN,NaN,0,0,0,0,0,0,0,0,0,0,0,0
NaN,NaN,NaN,0,0,0,0,0,0,0,0,0,0,0,0
NaN,NaN,NaN,0,0,0,0,0,0,0,0,0,0,0,0
NaN,NaN,NaN,0,0,0,0,0,0,0,0,0,0,0,0
0.21935,0.21355,0.22095,0,0,0,0,0,0,0,0,0,0,0,0
0.24848,0.24749,0.24898,0,0,0,0,0,0,0,0,0,0,0,0
0.082253,0.081807,0.082422,0,0,0,0,0,0,0,0,0,0,0,0
0.05332,0.052757,0.053749,0,0,0,0,0,0,0,0,0,0,0,0
0.063956,0.062001,0.063666,0,0,0,0,0,0,0,0,0,0,0,0
0.058926,0.057227,0.058194,0,0,0,0,0,0,0,0,0,0,0,0
0.05347,0.051373,0.05303,0,0,0,0,0,0,0,0,0,0,0,0
0.05001,0.04809,0.048901,0,0,0,0,0,0,0,0,0,0,0,0
0.049506,0.047521,0.049152,0,0,0,0,0,0,0,0,0,0,0,0
0.049073,0.047401,0.048027,0,0,0,0,0,0,0,0,0,0,0,0
0.049674,0.04742,0.049262,0,0,0,0,0,0,0,0,0,0,0,0
0.050689,0.048547,0.049377,0,0,0,0,0,0,0,0,0,0,0,0
0.049874,0.048097,0.049565,0,0,0,0,0,0,0,0,0,0,0,0
0.049324,0.047485,0.048127,0,0,0,0,0,0,0,0,0,0,0,0
0.049155,0.047232,0.048841,0,0,0,0,0,0,0,0,0,0,0,0
0.047855,0.045724,0.046531,0,0,0,0,0,0,0,0,0,0,0,0
0.04888,0.046775,0.04852,0,0,0,0,0,0,0,0,0,0,0,0
0.049407,0.047131,0.048068,0,0,0,0,0,0,0,0,0,0,0,0
0.049155,0.046901,0.048441,0,0,0,0,0,0,0,0,0,0,0,0
0.048863,0.047028,0.047981,0,0,0,0,0,0,0,0,0,0,0,0
0.049277,0.047213,0.048903,0,0,0,0,0,0,0,0,0,0,0,0
0.049649,0.048724,0.04859,0,0,0,0,0,0,0,0,0,0,0,0
0.049156,0.048346,0.046471,0,0,0,0,0,0,0,0,0,0,0,0
0.048779,0.047732,0.047228,0,0,0,0,0,0,0,0,0,0,0,0
0.048896,0.04796,0.048632,0,0,0,0,0,0,0,0,0,0,0,0
0.048506,0.047543,0.047618,0,0,0,0,0,0,0,0,0,0,0,0
0.049165,0.048282,0.049032,0,0,0,0,0,0,0,0,0,0,0,0
0.047444,0.046361,0.046223,0,0,0,0,0,0,0,0,0,0,0,0
0.048395,0.047245,0.047885,0,0,0,0,0,0,0,0,0,0,0,0
0.04849,0.047562,0.047484,0,0,0,0,0,0,0,0,0,0,0,0
0.048548,0.047831,0.048401,0,0,0,0,0,0,0,0,0,0,0,0
0.049719,0.048745,0.048683,0,0,0,0,0,0,0,0,0,0,0,0
0.048921,0.047876,0.048448,0,0,0,0,0,0,0,0,0,0,0,0
0.048723,0.047095,0.047393,0,0,0,0,0,0,0,0,0,0,0,0
0.048451,0.046873,0.048132,0,0,0,0,0,0,0,0,0,0,0,0
0.048594,0.04706,0.047419,0,0,0,0,0,0,0,0,0,0,0,0
0.049455,0.047867,0.049158,0,0,0,0,0,0,0,0,0,0,0,0
0.048816,0.047372,0.04775,0,0,0,0,0,0,0,0,0,0,0,0
0.04832,0.047102,0.04825,0,0,0,0,0,0,0,0,0,0,0,0
0.047117,0.045753,0.046214,0,0,0,0,0,0,0,0,0,0,0,0
0.048837,0.047268,0.048716,0,0,0,0,0,0,0,0,0,0,0,0
0.049309,0.047897,0.048431,0,0,0,0,0,0,0,0,0,0,0,0
0.049463,0.047878,0.049226,0,0,0,0,0,0,0,0,0,0,0,0
0.048522,0.047123,0.047483,0,0,0,0,0,0,0,0,0,0,0,0
0.048958,0.047332,0.04871,0,0,0,0,0,0,0,0,0,0,0,0
0.048747,0.047318,0.047602,0,0,0,0,0,0,0,0,0,0,0,0
0.049141,0.047976,0.048964,0,0,0,0,0,0,0,0,0,0,0,0
0.04838,0.046938,0.047452,0,0,0,0,0,0,0,0,0,0,0,0
0.0483,0.046938,0.048194,0,0,0,0,0,0,0,0,0,0,0,0
0.048512,0.047075,0.04733,0,0,0,0,0,0,0,0,0,0,0,0
0.048695,0.047235,0.048629,0,0,0,0,0,0,0,0,0,0,0,0
0.047116,0.045648,0.046007,0,0,0,0,0,0,0,0,0,0,0,0
0.048158,0.046787,0.04805,0,0,0,0,0,0,0,0,0,0,0,0
0.048321,0.046784,0.047395,0,0,0,0,0,0,0,0,0,0,0,0
0.04844,0.046678,0.048104,0,0,0,0,0,0,0,0,0,0,0,0
0.04861,0.047281,0.047861,0,0,0,0,0,0,0,0,0,0,0,0
0.049253,0.047699,0.049226,0,0,0,0,0,0,0,0,0,0,0,0
0.048386,0.047161,0.04737,0,0,0,0,0,0,0,0,0,0,0,0
0.048215,0.046695,0.048186,0,0,0,0,0,0,0,0,0,0,0,0
0.048565,0.047029,0.047497,0,0,0,0,0,0,0,0,0,0,0,0
0.049163,0.047753,0.049004,0,0,0,0,0,0,0,0,0,0,0,0
0.049104,0.047672,0.048161,0,0,0,0,0,0,0,0,0,0,0,0
0.04843,0.047016,0.048171,0,0,0,0,0,0,0,0,0,0,0,0
0.047228,0.045646,0.046179,0,0,0,0,0,0,0,0,0,0,0,0
0.048147,0.046644,0.048037,0,0,0,0,0,0,0,0,0,0,0,0
0.048843,0.047225,0.04781,0,0,0,0,0,0,0,0,0,0,0,0
0.049044,0.047522,0.048838,0,0,0,0,0,0,0,0,0,0,0,0
0.048248,0.046932,0.047729,0,0,0,0,0,0,0,0,0,0,0,0
0.048358,0.04683,0.048527,0,0,0,0,0,0,0,0,0,0,0,0
0.048439,0.047015,0.047992,0,0,0,0,0,0,0,0,0,0,0,0
0.049091,0.047907,0.049478,0,0,0,0,0,0,0,0,0,0,0,0
0.04913,0.047617,0.04867,0,0,0,0,0,0,0,0,0,0,0,0
0.048282,0.046944,0.048516,0,0,0,0,0,0,0,0,0,0,0,0
0.048055,0.046583,0.047533,0,0,0,0,0,0,0,0,0,0,0,0
0.048652,0.04676,0.048521,0,0,0,0,0,0,0,0,0,0,0,0
0.047164,0.045583,0.046412,0,0,0,0,0,0,0,0,0,0,0,0
0.048294,0.046745,0.048419,0,0,0,0,0,0,0,0,0,0,0,0
0.048241,0.046635,0.047427,0,0,0,0,0,0,0,0,0,0,0,0
0.048434,0.046713,0.048584,0,0,0,0,0,0,0,0,0,0,0,0
0.048463,0.046835,0.047762,0,0,0,0,0,0,0,0,0,0,0,0
0.049358,0.047659,0.04937,0,0,0,0,0,0,0,0,0,0,0,0
0.049047,0.047365,0.048315,0,0,0,0,0,0,0,0,0,0,0,0
0.048273,0.046621,0.04843,0,0,0,0,0,0,0,0,0,0,0,0
0.04819,0.046615,0.04748,0,0,0,0,0,0,0,0,0,0,0,0
0.04836,0.046663,0.048517,0,0,0,0,0,0,0,0,0,0,0,0
0.049597,0.047935,0.04875,0,0,0,0,0,0,0,0,0,0,0,0
0.048722,0.047072,0.048682,0,0,0,0,0,0,0,0,0,0,0,0
0.046986,0.045393,0.046339,0,0,0,0,0,0,0,0,0,0,0,0
0.048256,0.046676,0.04824,0,0,0,0,0,0,0,0,0,0,0,0
0.04843,0.046958,0.047785,0,0,0,0,0,0,0,0,0,0,0,0
0.049158,0.047674,0.049416,0,0,0,0,0,0,0,0,0,0,0,0
0.04844,0.046819,0.047775,0,0,0,0,0,0,0,0,0,0,0,0
0.048427,0.046797,0.04844,0,0,0,0,0,0,0,0,0,0,0,0
0.04709,0.046667,0.047648,0,0,0,0,0,0,0,0,0,0,0,0
0.048485,0.046735,0.048552,0,0,0,0,0,0,0,0,0,0,0,0
0.04917,0.047534,0.048412,0,0,0,0,0,0,0,0,0,0,0,0
0.048311,0.046928,0.048661,0,0,0,0,0,0,0,0,0,0,0,0
0.048121,0.045545,0.047608,0,0,0,0,0,0,0,0,0,0,0,0
0.048278,0.046628,0.048487,0,0,0,0,0,0,0,0,0,0,0,0
0.046845,0.045432,0.046395,0,0,0,0,0,0,0,0,0,0,0,0
0.049513,0.047292,0.049124,0,0,0,0,0,0,0,0,0,0,0,0
0.048664,0.047022,0.047998,0,0,0,0,0,0,0,0,0,0,0,0
0.048097,0.046472,0.048318,0,0,0,0,0,0,0,0,0,0,0,0
0.048254,0.046498,0.047487,0,0,0,0,0,0,0,0,0,0,0,0
0.048699,0.047035,0.048706,0,0,0,0,0,0,0,0,0,0,0,0
0.049183,0.047544,0.0485,0,0,0,0,0,0,0,0,0,0,0,0
0.048496,0.046857,0.048641,0,0,0,0,0,0,0,0,0,0,0,0
0.048232,0.046714,0.047579,0,0,0,0,0,0,0,0,0,0,0,0
0.048516,0.046876,0.048643,0,0,0,0,0,0,0,0,0,0,0,0
0.048663,0.047224,0.047956,0,0,0,0,0,0,0,0,0,0,0,0
0.04931,0.047625,0.04921,0,0,0,0,0,0,0,0,0,0,0,0
0.047432,0.045736,0.046927,0,0,0,0,0,0,0,0,0,0,0,0
0.048826,0.047113,0.048806,0,0,0,0,0,0,0,0,0,0,0,0
0.04862,0.04694,0.04778,0,0,0,0,0,0,0,0,0,0,0,0
0.048763,0.047162,0.048888,0,0,0,0,0,0,0,0,0,0,0,0
0.049269,0.047625,0.048727,0,0,0,0,0,0,0,0,0,0,0,0
0.048227,0.046504,0.048435,0,0,0,0,0,0,0,0,0,0,0,0
0.048293,0.046746,0.047488,0,0,0,0,0,0,0,0,0,0,0,0
0.048378,0.046631,0.04838,0,0,0,0,0,0,0,0,0,0,0,0
0.049131,0.047424,0.04852,0,0,0,0,0,0,0,0,0,0,0,0
0.049309,0.048462,0.049089,0,0,0,0,0,0,0,0,0,0,0,0
0.048467,0.047114,0.047651,0,0,0,0,0,0,0,0,0,0,0,0
0.048248,0.046545,0.04831,0,0,0,0,0,0,0,0,0,0,0,0
0.046894,0.04543,0.046219,0,0,0,0,0,0,0,0,0,0,0,0
0.048173,0.046839,0.04815,0,0,0,0,0,0,0,0,0,0,0,0
0.049202,0.047472,0.048595,0,0,0,0,0,0,0,0,0,0,0,0
0.048969,0.04732,0.048131,0,0,0,0,0,0,0,0,0,0,0,0
0.048808,0.047355,0.048434,0,0,0,0,0,0,0,0,0,0,0,0
0.048688,0.047119,0.048735,0,0,0,0,0,0,0,0,0,0,0,0
0.049331,0.047437,0.048448,0,0,0,0,0,0,0,0,0,0,0,0
0.048794,0.047162,0.048766,0,0,0,0,0,0,0,0,0,0,0,0
0.048289,0.046647,0.047433,0,0,0,0,0,0,0,0,0,0,0,0
0.048046,0.04669,0.048205,0,0,0,0,0,0,0,0,0,0,0,0
0.048261,0.046674,0.047464,0,0,0,0,0,0,0,0,0,0,0,0
0.048951,0.047361,0.049083,0,0,0,0,0,0,0,0,0,0,0,0
0.046912,0.045279,0.04617,0,0,0,0,0,0,0,0,0,0,0,0
0.048112,0.046501,0.048154,0,0,0,0,0,0,0,0,0,0,0,0
0.048136,0.046535,0.047359,0,0,0,0,0,0,0,0,0,0,0,0
0.048368,0.046913,0.048568,0,0,0,0,0,0,0,0,0,0,0,0
0.049039,0.047529,0.04852,0,0,0,0,0,0,0,0,0,0,0,0
0.048451,0.047017,0.048657,0,0,0,0,0,0,0,0,0,0,0,0
0.048803,0.046934,0.047931,0,0,0,0,0,0,0,0,0,0,0,0
0.048464,0.046896,0.048451,0,0,0,0,0,0,0,0,0,0,0,0
0.048581,0.046848,0.04792,0,0,0,0,0,0,0,0,0,0,0,0
0.04907,0.047421,0.049174,0,0,0,0,0,0,0,0,0,0,0,0
0.048628,0.047093,0.047846,0,0,0,0,0,0,0,0,0,0,0,0
0.048289,0.046747,0.048235,0,0,0,0,0,0,0,0,0,0,0,0
0.047109,0.045277,0.046258,0,0,0,0,0,0,0,0,0,0,0,0
0.048369,0.046584,0.048439,0,0,0,0,0,0,0,0,0,0,0,0
0.048975,0.047305,0.048381,0,0,0,0,0,0,0,0,0,0,0,0
0.048349,0.046731,0.048363,0,0,0,0,0,0,0,0,0,0,0,0
0.048132,0.046733,0.047399,0,0,0,0,0,0,0,0,0,0,0,0
0.048318,0.046731,0.048128,0,0,0,0,0,0,0,0,0,0,0,0
0.048532,0.047077,0.047713,0,0,0,0,0,0,0,0,0,0,0,0
0.049199,0.047793,0.049362,0,0,0,0,0,0,0,0,0,0,0,0
0.048299,0.046821,0.047751,0,0,0,0,0,0,0,0,0,0,0,0
0.048275,0.046718,0.048369,0,0,0,0,0,0,0,0,0,0,0,0
0.048364,0.046698,0.047588,0,0,0,0,0,0,0,0,0,0,0,0
0.048931,0.047402,0.049022,0,0,0,0,0,0,0,0,0,0,0,0
0.047206,0.045551,0.046247,0,0,0,0,0,0,0,0,0,0,0,0
0.048325,0.04667,0.048349,0,0,0,0,0,0,0,0,0,0,0,0
0.048141,0.046579,0.047387,0,0,0,0,0,0,0,0,0,0,0,0
0.048413,0.046765,0.048532,0,0,0,0,0,0,0,0,0,0,0,0
0.048958,0.047283,0.048192,0,0,0,0,0,0,0,0,0,0,0,0
0.049263,0.04768,0.049408,0,0,0,0,0,0,0,0,0,0,0,0
0.048482,0.047159,0.047877,0,0,0,0,0,0,0,0,0,0,0,0
0.048436,0.04684,0.048589,0,0,0,0,0,0,0,0,0,0,0,0
0.048869,0.047162,0.048045,0,0,0,0,0,0,0,0,0,0,0,0
0.050448,0.048457,0.050395,0,0,0,0,0,0,0,0,0,0,0,0
0.050391,0.048469,0.049633,0,0,0,0,0,0,0,0,0,0,0,0
0.049276,0.047293,0.049223,0,0,0,0,0,0,0,0,0,0,0,0
0.04816,0.046131,0.047328,0,0,0,0,0,0,0,0,0,0,0,0
0.048574,0.046703,0.048538,0,0,0,0,0,0,0,0,0,0,0,0
0.048761,0.047073,0.048106,0,0,0,0,0,0,0,0,0,0,0,0
0.048887,0.047342,0.049088,0,0,0,0,0,0,0,0,0,0,0,0
0.048462,0.046844,0.047771,0,0,0,0,0,0,0,0,0,0,0,0
0.04819,0.046509,0.04826,0,0,0,0,0,0,0,0,0,0,0,0
0.048645,0.046909,0.04789,0,0,0,0,0,0,0,0,0,0,0,0
0.049195,0.04751,0.049138,0,0,0,0,0,0,0,0,0,0,0,0
0.049286,0.04752,0.048483,0,0,0,0,0,0,0,0,0,0,0,0
0.048336,0.046558,0.048351,0,0,0,0,0,0,0,0,0,0,0,0
0.048159,0.04662,0.047408,0,0,0,0,0,0,0,0,0,0,0,0
0.048201,0.04666,0.048287,0,0,0,0,0,0,0,0,0,0,0,0
0.047046,0.045092,0.046145,0,0,0,0,0,0,0,0,0,0,0,0
0.048317,0.046541,0.048222,0,0,0,0,0,0,0,0,0,0,0,0
0.048159,0.046419,0.047536,0,0,0,0,0,0,0,0,0,0,0,0
0.048264,0.046542,0.048326,0,0,0,0,0,0,0,0,0,0,0,0
0.048414,0.046766,0.047602,0,0,0,0,0,0,0,0,0,0,0,0
0.049339,0.047439,0.049295,0,0,0,0,0,0,0,0,0,0,0,0
0.048898,0.047254,0.048181,0,0,0,0,0,0,0,0,0,0,0,0
0.048367,0.046515,0.048253,0,0,0,0,0,0,0,0,0,0,0,0
0.048214,0.046544,0.047454,0,0,0,0,0,0,0,0,0,0,0,0
0.04844,0.046619,0.04843,0,0,0,0,0,0,0,0,0,0,0,0
0.049057,0.047362,0.048237,0,0,0,0,0,0,0,0,0,0,0,0
0.04894,0.047095,0.048848,0,0,0,0,0,0,0,0,0,0,0,0
0.046927,0.045349,0.046321,0,0,0,0,0,0,0,0,0,0,0,0
0.046411,0.046408,0.048162,0,0,0,0,0,0,0,0,0,0,0,0
0.048732,0.046793,0.047787,0,0,0,0,0,0,0,0,0,0,0,0
0.049197,0.047527,0.049119,0,0,0,0,0,0,0,0,0,0,0,0
0.04864,0.04688,0.047956,0,0,0,0,0,0,0,0,0,0,0,0
0.048219,0.046859,0.048384,0,0,0,0,0,0,0,0,0,0,0,0
0.048223,0.046456,0.047512,0,0,0,0,0,0,0,0,0,0,0,0
0.048302,0.046829,0.048154,0,0,0,0,0,0,0,0,0,0,0,0
0.049314,0.04751,0.04793,0,0,0,0,0,0,0,0,0,0,0,0
0.04836,0.045498,0.048104,0,0,0,0,0,0,0,0,0,0,0,0
0.048184,0.046506,0.047265,0,0,0,0,0,0,0,0,0,0,0,0
0.048104,0.046555,0.047866,0,0,0,0,0,0,0,0,0,0,0,0
0.046935,0.045338,0.045951,0,0,0,0,0,0,0,0,0,0,0,0
0.04839,0.046545,0.047747,0,0,0,0,0,0,0,0,0,0,0,0
0.048704,0.046676,0.047543,0,0,0,0,0,0,0,0,0,0,0,0
0.048131,0.046577,0.047956,0,0,0,0,0,0,0,0,0,0,0,0
0.04822,0.046554,0.047087,0,0,0,0,0,0,0,0,0,0,0,0
0.048674,0.046908,0.048109,0,0,0,0,0,0,0,0,0,0,0,0
0.049183,0.047416,0.047888,0,0,0,0,0,0,0,0,0,0,0,0
0.048566,0.046776,0.047988,0,0,0,0,0,0,0,0,0,0,0,0
0.048371,0.04649,0.047021,0,0,0,0,0,0,0,0,0,0,0,0
0.048556,0.046843,0.048101,0,0,0,0,0,0,0,0,0,0,0,0
0.048975,0.047238,0.047546,0,0,0,0,0,0,0,0,0,0,0,0
0.049131,0.047512,0.048858,0,0,0,0,0,0,0,0,0,0,0,0
0.046945,0.045581,0.045902,0,0,0,0,0,0,0,0,0,0,0,0
0.048262,0.046373,0.04765,0,0,0,0,0,0,0,0,0,0,0,0
0.048416,0.046817,0.047048,0,0,0,0,0,0,0,0,0,0,0,0
0.048981,0.04703,0.048565,0,0,0,0,0,0,0,0,0,0,0,0
0.049234,0.04752,0.047901,0,0,0,0,0,0,0,0,0,0,0,0
0.04834,0.046497,0.048075,0,0,0,0,0,0,0,0,0,0,0,0
0.048448,0.046462,0.047062,0,0,0,0,0,0,0,0,0,0,0,0
0.048465,0.04661,0.048028,0,0,0,0,0,0,0,0,0,0,0,0
0.048952,0.047216,0.047889,0,0,0,0,0,0,0,0,0,0,0,0
0.048908,0.047272,0.048772,0,0,0,0,0,0,0,0,0,0,0,0
0.048595,0.046703,0.04719,0,0,0,0,0,0,0,0,0,0,0,0
0.048156,0.046442,0.046777,0,0,0,0,0,0,0,0,0,0,0,0
0.047042,0.045344,0.045884,0,0,0,0,0,0,0,0,0,0,0,0
0.048183,0.046595,0.047751,0,0,0,0,0,0,0,0,0,0,0,0
0.049166,0.046979,0.047516,0,0,0,0,0,0,0,0,0,0,0,0
0.048825,0.046541,0.047801,0,0,0,0,0,0,0,0,0,0,0,0
0.048963,0.046593,0.047065,0,0,0,0,0,0,0,0,0,0,0,0
0.048846,0.046599,0.048005,0,0,0,0,0,0,0,0,0,0,0,0
0.049624,0.047356,0.047867,0,0,0,0,0,0,0,0,0,0,0,0
0.04936,0.047257,0.048682,0,0,0,0,0,0,0,0,0,0,0,0
0.048851,0.046637,0.04724,0,0,0,0,0,0,0,0,0,0,0,0
0.048742,0.046564,0.047832,0,0,0,0,0,0,0,0,0,0,0,0
0.048984,0.046842,0.047244,0,0,0,0,0,0,0,0,0,0,0,0
0.049567,0.047245,0.048565,0,0,0,0,0,0,0,0,0,0,0,0
0.04753,0.045384,0.045843,0,0,0,0,0,0,0,0,0,0,0,0
0.048593,0.046352,0.047753,0,0,0,0,0,0,0,0,0,0,0,0
0.048764,0.046627,0.047057,0,0,0,0,0,0,0,0,0,0,0,0
0.048948,0.046778,0.048048,0,0,0,0,0,0,0,0,0,0,0,0
0.049727,0.047447,0.048054,0,0,0,0,0,0,0,0,0,0,0,0
NaN,NaN,NaN,0,0,0,0,0,0,0,0,0,0,0,0
NaN,NaN,NaN,0,0,0,0,0,0,0,0,0,0,0,0
NaN,NaN,NaN,0,0,0,0,0,0,0,0,0,0,0,0
NaN,NaN,NaN,0,0,0,0,0,0,0,0,0,0,0,0
0.21907,0.21784,0.25773,0,0,0,0,0,0,0,0,0,0,0,0
0.24438,0.2466,0.2517,0,0,0,0,0,0,0,0,0,0,0,0
0.081395,0.081525,0.081636,0,0,0,0,0,0,0,0,0,0,0,0
0.050906,0.053108,0.052913,0,0,0,0,0,0,0,0,0,0,0,0
0.063821,0.063614,0.062805,0,0,0,0,0,0,0,0,0,0,0,0
0.059478,0.059253,0.058551,0,0,0,0,0,0,0,0,0,0,0,0
0.052507,0.052797,0.051667,0,0,0,0,0,0,0,0,0,0,0,0
0.049173,0.049027,0.048095,0,0,0,0,0,0,0,0,0,0,0,0
0.048764,0.049055,0.047802,0,0,0,0,0,0,0,0,0,0,0,0
0.048903,0.048618,0.04773,0,0,0,0,0,0,0,0,0,0,0,0
0.049183,0.049476,0.048206,0,0,0,0,0,0,0,0,0,0,0,0
0.048462,0.048487,0.047551,0,0,0,0,0,0,0,0,0,0,0,0
0.048354,0.048556,0.047119,0,0,0,0,0,0,0,0,0,0,0,0
0.04841,0.04823,0.047218,0,0,0,0,0,0,0,0,0,0,0,0
NaN,NaN,NaN,0,0,0,0,0,0,0,0,0,0,0,0
NaN,NaN,NaN,0,0,0,0,0,0,0,0,0,0,0,0
NaN,NaN,NaN,0,0,0,0,0,0,0,0,0,0,0,0
NaN,NaN,NaN,0,0,0,0,0,0,0,0,0,0,0,0
0.21327,0.21986,0.21582,0,0,0,0,0,0,0,0,0,0,0,0
0.24763,0.24825,0.2467,0,0,0,0,0,0,0,0,0,0,0,0
0.080895,0.081916,0.081574,0,0,0,0,0,0,0,0,0,0,0,0
0.054228,0.054171,0.05376,0,0,0,0,0,0,0,0,0,0,0,0
0.063153,0.064028,0.062978,0,0,0,0,0,0,0,0,0,0,0,0
0.058337,0.058675,0.056757,0,0,0,0,0,0,0,0,0,0,0,0
0.052392,0.053201,0.052134,0,0,0,0,0,0,0,0,0,0,0,0
0.049012,0.049332,0.047349,0,0,0,0,0,0,0,0,0,0,0,0
0.048123,0.048817,0.04802,0,0,0,0,0,0,0,0,0,0,0,0
0.046547,0.047079,0.044823,0,0,0,0,0,0,0,0,0,0,0,0
0.047496,0.04817,0.047163,0,0,0,0,0,0,0,0,0,0,0,0
0.048239,0.048661,0.046809,0,0,0,0,0,0,0,0,0,0,0,0
0.048899,0.04964,0.048323,0,0,0,0,0,0,0,0,0,0,0,0
0.047719,0.048164,0.046178,0,0,0,0,0,0,0,0,0,0,0,0
NaN,NaN,NaN,0,0,0,0,0,0,0,0,0,0,0,0
NaN,NaN,NaN,0,0,0,0,0,0,0,0,0,0,0,0
NaN,NaN,NaN,0,0,0,0,0,0,0,0,0,0,0,0
NaN,NaN,NaN,0,0,0,0,0,0,0,0,0,0,0,0
0.22333,0.21427,0.21929,0,0,0,0,0,0,0,0,0,0,0,0
0.24404,0.24695,0.24572,0,0,0,0,0,0,0,0,0,0,0,0
0.0804,0.081411,0.096424,0,0,0,0,0,0,0,0,0,0,0,0
0.094717,0.09457,0.096111,0,0,0,0,0,0,0,0,0,0,0,0
NaN,NaN,NaN,0,0,0,0,0,0,0,0,0,0,0,0
NaN,NaN,NaN,0,0,0,0,0,0,0,0,0,0,0,0
NaN,NaN,NaN,0,0,0,0,0,0,0,0,0,0,0,0
NaN,NaN,NaN,0,0,0,0,0,0,0,0,0,0,0,0
0.21868,0.2182,0.22305,0,0,0,0,0,0,0,0,0,0,0,0
0.24477,0.25056,0.25452,0,0,0,0,0,0,0,0,0,0,0,0
0.082323,0.082013,0.082878,0,0,0,0,0,0,0,0,0,0,0,0
0.054756,0.054252,0.053641,0,0,0,0,0,0,0,0,0,0,0,0
0.063829,0.06388,0.063096,0,0,0,0,0,0,0,0,0,0,0,0
0.058414,0.059138,0.057284,0,0,0,0,0,0,0,0,0,0,0,0
0.053013,0.05255,0.051218,0,0,0,0,0,0,0,0,0,0,0,0
0.046566,0.047173,0.046088,0,0,0,0,0,0,0,0,0,0,0,0
0.049073,0.048498,0.047077,0,0,0,0,0,0,0,0,0,0,0,0
0.048075,0.048688,0.047098,0,0,0,0,0,0,0,0,0,0,0,0
0.05007,0.049359,0.048043,0,0,0,0,0,0,0,0,0,0,0,0
0.047723,0.048351,0.046958,0,0,0,0,0,0,0,0,0,0,0,0
0.047226,0.048108,0.046638,0,0,0,0,0,0,0,0,0,0,0,0
0.04728,0.048006,0.046799,0,0,0,0,0,0,0,0,0,0,0,0
NaN,NaN,NaN,0,0,0,0,0,0,0,0,0,0,0,0
NaN,NaN,NaN,0,0,0,0,0,0,0,0,0,0,0,0
NaN,NaN,NaN,0,0,0,0,0,0,0,0,0,0,0,0
NaN,NaN,NaN,0,0,0,0,0,0,0,0,0,0,0,0
0.2158,0.22091,0.21938,0,0,0,0,0,0,0,0,0,0,0,0
0.24429,0.24354,0.24466,0,0,0,0,0,0,0,0,0,0,0,0
0.081111,0.08072,0.080197,0,0,0,0,0,0,0,0,0,0,0,0
0.055433,0.055756,0.054256,0,0,0,0,0,0,0,0,0,0,0,0
0.063652,0.063953,0.063219,0,0,0,0,0,0,0,0,0,0,0,0
NaN,NaN,NaN,0,0,0,0,0,0,0,0,0,0,0,0
NaN,NaN,NaN,0,0,0,0,0,0,0,0,0,0,0,0
NaN,NaN,NaN,0,0,0,0,0,0,0,0,0,0,0,0
NaN,NaN,NaN,0,0,0,0,0,0,0,0,0,0,0,0
0.215,0.2164,0.22039,0,0,0,0,0,0,0,0,0,0,0,0
0.24495,0.24529,0.24492,0,0,0,0,0,0,0,0,0,0,0,0
0.082052,0.082126,0.08189,0,0,0,0,0,0,0,0,0,0,0,0
0.055294,0.055631,0.056592,0,0,0,0,0,0,0,0,0,0,0,0
0.06191,0.061691,0.062419,0,0,0,0,0,0,0,0,0,0,0,0
0.058479,0.057369,0.058375,0,0,0,0,0,0,0,0,0,0,0,0
0.052333,0.051423,0.052451,0,0,0,0,0,0,0,0,0,0,0,0
0.049676,0.048682,0.04983,0,0,0,0,0,0,0,0,0,0,0,0
0.050239,0.049342,0.050199,0,0,0,0,0,0,0,0,0,0,0,0
0.049231,0.048293,0.049482,0,0,0,0,0,0,0,0,0,0,0,0
0.088992,0.088104,0.089304,0,0,0,0,0,0,0,0,0,0,0,0
NaN,NaN,NaN,0,0,0,0,0,0,0,0,0,0,0,0
NaN,NaN,NaN,0,0,0,0,0,0,0,0,0,0,0,0
NaN,NaN,NaN,0,0,0,0,0,0,0,0,0,0,0,0
NaN,NaN,NaN,0,0,0,0,0,0,0,0,0,0,0,0
0.21773,0.22111,0.21824,0,0,0,0,0,0,0,0,0,0,0,0
0.24295,0.24404,0.24601,0,0,0,0,0,0,0,0,0,0,0,0
0.081613,0.08077,0.081813,0,0,0,0,0,0,0,0,0,0,0,0
0.05612,0.05606,0.056256,0,0,0,0,0,0,0,0,0,0,0,0
0.063537,0.063456,0.063382,0,0,0,0,0,0,0,0,0,0,0,0
0.058715,0.05856,0.058489,0,0,0,0,0,0,0,0,0,0,0,0
0.052662,0.052548,0.052393,0,0,0,0,0,0,0,0,0,0,0,0
0.050538,0.050014,0.050052,0,0,0,0,0,0,0,0,0,0,0,0
0.050131,0.04994,0.049821,0,0,0,0,0,0,0,0,0,0,0,0
0.04902,0.048638,0.048479,0,0,0,0,0,0,0,0,0,0,0,0
0.04896,0.048815,0.048519,0,0,0,0,0,0,0,0,0,0,0,0
NaN,NaN,NaN,0,0,0,0,0,0,0,0,0,0,0,0
NaN,NaN,NaN,0,0,0,0,0,0,0,0,0,0,0,0
NaN,NaN,NaN,0,0,0,0,0,0,0,0,0,0,0,0
NaN,NaN,NaN,0,0,0,0,0,0,0,0,0,0,0,0
0.21984,0.21789,0.21512,0,0,0,0,0,0,0,0,0,0,0,0
0.24635,0.24469,0.24601,0,0,0,0,0,0,0,0,0,0,0,0
