0.19475
0.21976
0.05426
0.024718
0.03553
0.030518
0.024574
0.021596
0.021385
0.021142
0.064684
0.022071
0.02063
0.020646
0.020719
0.020633
0.020397
0.02028
0.020319
0.020253
0.020708
0.020465
0.020463
0.020298
0.020336
0.020276
0.020483
0.020533
0.020369
0.020283
0.020245
0.020656
0.020617
0.020513
0.020372
0.020239
0.020224
0.020546
0.021462
0.021346
0.021689
0.021583
0.022008
0.021096
0.020863
0.020202
0.0202
0.021042
0.020071
0.020179
0.020367
0.020147
0.020131
0.020219
0.020126
0.020034
0.020098
0.020132
0.020193
0.020174
0.020144
0.020151
0.020186
0.02034
0.020215
0.020132
0.025242
0.020256
0.020208
0.020193
0.020537
0.020103
0.020038
0.02007
0.02014
0.020323
0.020095
0.020101
0.019975
0.01999
0.020043
0.020192
0.019927
0.019931
0.019995
0.019959
0.019931
0.019887
0.020032
0.019974
0.020373
0.019958
0.020271
0.019938
0.01996
0.019948
0.019981
0.01998
0.019958
0.019963
0.020571
0.020494
0.020419
0.019938
0.020102
0.02005
0.019961
0.02003
0.020278
0.019973
0.020005
0.020302
0.020555
0.020545
0.020335
0.020325
0.020159
0.020008
0.019985
0.019962
0.019958
0.019972
0.020008
0.019934
0.019929
0.020536
0.020552
0.020478
0.020643
0.020701
0.020889
0.020739
0.020427
0.019983
0.02032
0.020321
0.020346
0.020228
0.019962
0.019943
0.019951
0.019998
0.019965
0.02935
0.019976
0.019951
0.019966
0.020013
0.020271
0.019995
0.019976
0.019974
0.019936
0.019952
0.020065
0.019966
0.020062
0.020072
0.020073
0.019987
0.019963
0.020058
0.020047
0.019997
0.02074
0.02065
0.020618
0.024099
0.020668
0.020514
0.020542
0.020669
0.020616
0.020395
0.020016
0.020072
0.020241
0.02156
0.021451
0.021183
0.020985
0.020819
0.021249
0.020848
0.019956
0.01998
0.019986
0.019979
0.02004
0.020042
0.019946
0.019936
0.019954
0.020038
0.031084
0.022583
0.022462
0.019935
NaN
NaN
NaN
NaN
0.19117
0.21842
0.05392
0.026734
0.035077
0.029396
0.023924
0.020234
0.020622
0.020429
0.020311
0.020293
0.020204
0.020112
0.020552
0.020301
0.020209
0.020638
0.020333
0.020422
0.020499
0.020434
0.020112
0.020192
0.020053
0.020232
0.020187
NaN
NaN
NaN
NaN
0.1937
0.22101
0.055282
0.028054
0.03656
0.031815
0.02508
0.021828
0.021481
0.021724
0.020933
0.020474
0.061144
0.022173
0.02077
0.020914
0.020326
0.020456
0.020185
0.020194
0.020467
0.020324
0.020196
0.020157
0.020148
0.020096
0.020456
0.020558
0.020241
0.020163
0.020788
0.020956
0.020554
0.02051
0.020281
0.021439
0.021474
0.021572
0.021387
0.021492
0.021585
0.021505
0.022028
0.021531
0.022177
0.021528
0.021475
0.020914
0.02103
0.021213
0.020972
0.020899
0.02098
0.02112
0.02099
0.020981
0.020927
0.021007
0.020978
0.02097
0.021003
0.020971
0.021096
0.021259
0.020992
0.021005
0.020983
0.021379
0.021478
0.021032
0.020971
0.020955
0.021005
0.020907
0.020949
0.02115
0.021548
0.020851
0.018416
0.020657
0.020737
0.021045
0.020765
0.02063
0.020731
0.020747
0.020776
0.02066
0.020776
0.020651
0.020672
0.020817
0.021101
0.020691
0.020748
0.020701
0.020793
0.020779
0.020747
0.021002
0.021282
0.021323
0.021569
0.019889
0.020817
0.020725
0.019902
0.019857
0.019978
0.01991
0.020477
0.025215
0.021144
0.02071
0.020238
0.020244
0.020146
0.019932
0.019926
0.01991
0.019986
0.019978
0.019895
0.019883
0.019948
0.020646
0.020479
0.020593
0.02041
0.020517
0.020459
0.020428
0.020273
