0.19667
0.2216
0.058556
0.031941
0.040017
0.034092
0.028108
0.024649
0.024722
0.024452
0.024394
0.024544
0.023766
0.023328
0.023943
0.023429
0.023393
0.023348
0.023413
0.023924
0.02373
0.023483
0.023138
0.023759
0.02363
0.023306
0.023326
0.023452
0.023414
0.023478
0.023355
0.023822
0.024912
0.02507
0.024684
0.024712
0.024822
0.024945
0.026088
0.025583
0.027151
0.023662
0.027012
0.025965
0.025176
0.024496
0.024544
0.024737
0.023878
0.02537
0.026038
0.025938
0.024758
0.026466
0.025951
0.026044
0.026022
0.025474
0.024726
0.024794
0.026168
0.026848
0.026295
0.025819
0.025698
0.026082
0.026309
0.026169
0.026299
0.026282
0.02571
0.025779
0.025686
0.024736
0.026727
0.025859
0.024832
0.025606
0.023795
0.024639
0.025513
0.02621
0.02624
0.025731
0.025059
0.025358
0.024617
0.024751
0.025537
0.025548
0.024946
0.023979
0.024263
0.023882
0.023797
0.02473
0.024724
0.022973
0.022982
0.023103
0.023686
0.023813
0.023325
0.022944
0.023036
0.023088
0.022896
0.022981
0.023011
0.023242
0.023136
0.023675
0.024007
0.024343
0.024041
0.024124
0.024139
0.024108
0.024141
0.023989
0.024094
0.023576
0.023298
0.023445
0.02344
0.023931
0.024221
0.023947
0.023946
0.023807
0.023895
