0.20384,0.20548,0.20155,0,0,0,0,0,0,0,0,0,0,0,0
0.23027,0.2539,0.22955,0,0,0,0,0,0,0,0,0,0,0,0
0.065176,0.065682,0.06578,0,0,0,0,0,0,0,0,0,0,0,0
0.038557,0.038247,0.0388,0,0,0,0,0,0,0,0,0,0,0,0
0.046246,0.046262,0.047164,0,0,0,0,0,0,0,0,0,0,0,0
0.041811,0.042011,0.042605,0,0,0,0,0,0,0,0,0,0,0,0
0.035333,0.035619,0.036596,0,0,0,0,0,0,0,0,0,0,0,0
0.031754,0.031984,0.032585,0,0,0,0,0,0,0,0,0,0,0,0
0.031773,0.032002,0.033006,0,0,0,0,0,0,0,0,0,0,0,0
0.031534,0.031683,0.032511,0,0,0,0,0,0,0,0,0,0,0,0
0.031803,0.03193,0.032868,0,0,0,0,0,0,0,0,0,0,0,0
0.031474,0.031644,0.032087,0,0,0,0,0,0,0,0,0,0,0,0
0.031361,0.031537,0.031806,0,0,0,0,0,0,0,0,0,0,0,0
0.031381,0.031667,0.031588,0,0,0,0,0,0,0,0,0,0,0,0
0.031693,0.031914,0.03209,0,0,0,0,0,0,0,0,0,0,0,0
0.031425,0.031825,0.031832,0,0,0,0,0,0,0,0,0,0,0,0
0.031242,0.031593,0.031837,0,0,0,0,0,0,0,0,0,0,0,0
0.031239,0.03166,0.031579,0,0,0,0,0,0,0,0,0,0,0,0
0.031174,0.031493,0.03163,0,0,0,0,0,0,0,0,0,0,0,0
0.031062,0.031234,0.031227,0,0,0,0,0,0,0,0,0,0,0,0
0.031149,0.031421,0.031616,0,0,0,0,0,0,0,0,0,0,0,0
0.031207,0.03144,0.031464,0,0,0,0,0,0,0,0,0,0,0,0
0.0311,0.031377,0.031225,0,0,0,0,0,0,0,0,0,0,0,0
0.031283,0.03146,0.031139,0,0,0,0,0,0,0,0,0,0,0,0
0.03124,0.031487,0.031368,0,0,0,0,0,0,0,0,0,0,0,0
0.031071,0.031532,0.031065,0,0,0,0,0,0,0,0,0,0,0,0
0.031106,0.031447,0.031383,0,0,0,0,0,0,0,0,0,0,0,0
0.030992,0.031429,0.030801,0,0,0,0,0,0,0,0,0,0,0,0
0.030965,0.031504,0.031021,0,0,0,0,0,0,0,0,0,0,0,0
0.031077,0.031463,0.030944,0,0,0,0,0,0,0,0,0,0,0,0
0.030999,0.031457,0.031277,0,0,0,0,0,0,0,0,0,0,0,0
0.033688,0.033986,0.033658,0,0,0,0,0,0,0,0,0,0,0,0
0.032533,0.033146,0.032729,0,0,0,0,0,0,0,0,0,0,0,0
0.032583,0.032929,0.032527,0,0,0,0,0,0,0,0,0,0,0,0
0.032855,0.032898,0.03268,0,0,0,0,0,0,0,0,0,0,0,0
0.032992,0.033312,0.032917,0,0,0,0,0,0,0,0,0,0,0,0
0.032294,0.032625,0.032375,0,0,0,0,0,0,0,0,0,0,0,0
0.032557,0.032892,0.032486,0,0,0,0,0,0,0,0,0,0,0,0
0.032301,0.032728,0.032509,0,0,0,0,0,0,0,0,0,0,0,0
0.032001,0.032399,0.032034,0,0,0,0,0,0,0,0,0,0,0,0
0.032691,0.033107,0.032885,0,0,0,0,0,0,0,0,0,0,0,0
NaN,NaN,NaN,0,0,0,0,0,0,0,0,0,0,0,0
NaN,NaN,NaN,0,0,0,0,0,0,0,0,0,0,0,0
NaN,NaN,NaN,0,0,0,0,0,0,0,0,0,0,0,0
NaN,NaN,NaN,0,0,0,0,0,0,0,0,0,0,0,0
0.20284,0.20443,0.20116,0,0,0,0,0,0,0,0,0,0,0,0
0.23127,0.23048,0.23337,0,0,0,0,0,0,0,0,0,0,0,0
0.067623,0.066327,0.066786,0,0,0,0,0,0,0,0,0,0,0,0
0.039052,0.038025,0.038099,0,0,0,0,0,0,0,0,0,0,0,0
0.047611,0.046521,0.046777,0,0,0,0,0,0,0,0,0,0,0,0
0.042813,0.041817,0.041757,0,0,0,0,0,0,0,0,0,0,0,0
0.037623,0.036394,0.036515,0,0,0,0,0,0,0,0,0,0,0,0
0.0325,0.031279,0.031651,0,0,0,0,0,0,0,0,0,0,0,0
0.033244,0.031969,0.032139,0,0,0,0,0,0,0,0,0,0,0,0
0.032526,0.031354,0.031453,0,0,0,0,0,0,0,0,0,0,0,0
0.032286,0.031125,0.031289,0,0,0,0,0,0,0,0,0,0,0,0
0.032753,0.031517,0.031619,0,0,0,0,0,0,0,0,0,0,0,0
0.032547,0.03141,0.031506,0,0,0,0,0,0,0,0,0,0,0,0
0.032274,0.031387,0.031496,0,0,0,0,0,0,0,0,0,0,0,0
0.032209,0.031892,0.032059,0,0,0,0,0,0,0,0,0,0,0,0
0.031685,0.031502,0.031567,0,0,0,0,0,0,0,0,0,0,0,0
0.031724,0.031481,0.031436,0,0,0,0,0,0,0,0,0,0,0,0
0.031731,0.031338,0.031533,0,0,0,0,0,0,0,0,0,0,0,0
0.032061,0.031675,0.03173,0,0,0,0,0,0,0,0,0,0,0,0
0.031538,0.031424,0.031644,0,0,0,0,0,0,0,0,0,0,0,0
0.0335,0.033299,0.033477,0,0,0,0,0,0,0,0,0,0,0,0
0.033226,0.033103,0.033221,0,0,0,0,0,0,0,0,0,0,0,0
0.033223,0.03327,0.033183,0,0,0,0,0,0,0,0,0,0,0,0
0.033064,0.033335,0.033074,0,0,0,0,0,0,0,0,0,0,0,0
0.032884,0.033386,0.032964,0,0,0,0,0,0,0,0,0,0,0,0
0.031741,0.031994,0.031731,0,0,0,0,0,0,0,0,0,0,0,0
0.033181,0.033565,0.033048,0,0,0,0,0,0,0,0,0,0,0,0
NaN,NaN,NaN,0,0,0,0,0,0,0,0,0,0,0,0
NaN,NaN,NaN,0,0,0,0,0,0,0,0,0,0,0,0
NaN,NaN,NaN,0,0,0,0,0,0,0,0,0,0,0,0
NaN,NaN,NaN,0,0,0,0,0,0,0,0,0,0,0,0
0.20696,0.20471,0.20237,0,0,0,0,0,0,0,0,0,0,0,0
0.23436,0.23564,0.23393,0,0,0,0,0,0,0,0,0,0,0,0
0.06788,0.067269,0.067836,0,0,0,0,0,0,0,0,0,0,0,0
0.04086,0.040041,0.04092,0,0,0,0,0,0,0,0,0,0,0,0
0.048639,0.048498,0.048889,0,0,0,0,0,0,0,0,0,0,0,0
0.044677,0.044535,0.044752,0,0,0,0,0,0,0,0,0,0,0,0
0.038033,0.038272,0.038552,0,0,0,0,0,0,0,0,0,0,0,0
0.034023,0.033953,0.034223,0,0,0,0,0,0,0,0,0,0,0,0
0.033987,0.034081,0.034443,0,0,0,0,0,0,0,0,0,0,0,0
0.033959,0.033836,0.034137,0,0,0,0,0,0,0,0,0,0,0,0
0.033498,0.03356,0.03399,0,0,0,0,0,0,0,0,0,0,0,0
0.033294,0.033053,0.033546,0,0,0,0,0,0,0,0,0,0,0,0
0.033657,0.033497,0.034128,0,0,0,0,0,0,0,0,0,0,0,0
0.033793,0.033641,0.033972,0,0,0,0,0,0,0,0,0,0,0,0
0.033664,0.03368,0.034135,0,0,0,0,0,0,0,0,0,0,0,0
0.033511,0.033405,0.033953,0,0,0,0,0,0,0,0,0,0,0,0
0.032958,0.032987,0.033475,0,0,0,0,0,0,0,0,0,0,0,0
0.03345,0.033394,0.03376,0,0,0,0,0,0,0,0,0,0,0,0
0.03351,0.03339,0.033885,0,0,0,0,0,0,0,0,0,0,0,0
0.032931,0.032894,0.033274,0,0,0,0,0,0,0,0,0,0,0,0
0.033403,0.033129,0.033552,0,0,0,0,0,0,0,0,0,0,0,0
0.033777,0.033691,0.033985,0,0,0,0,0,0,0,0,0,0,0,0
0.033499,0.033401,0.033977,0,0,0,0,0,0,0,0,0,0,0,0
0.033502,0.033916,0.034062,0,0,0,0,0,0,0,0,0,0,0,0
0.033671,0.033889,0.034032,0,0,0,0,0,0,0,0,0,0,0,0
0.033268,0.033478,0.033371,0,0,0,0,0,0,0,0,0,0,0,0
0.033497,0.033673,0.033932,0,0,0,0,0,0,0,0,0,0,0,0
0.033066,0.032974,0.033363,0,0,0,0,0,0,0,0,0,0,0,0
0.033131,0.032971,0.033489,0,0,0,0,0,0,0,0,0,0,0,0
0.033304,0.03305,0.033707,0,0,0,0,0,0,0,0,0,0,0,0
0.033833,0.033797,0.034248,0,0,0,0,0,0,0,0,0,0,0,0
0.033796,0.033589,0.033824,0,0,0,0,0,0,0,0,0,0,0,0
0.033556,0.033482,0.034094,0,0,0,0,0,0,0,0,0,0,0,0
0.033141,0.03298,0.033569,0,0,0,0,0,0,0,0,0,0,0,0
0.033063,0.033118,0.033538,0,0,0,0,0,0,0,0,0,0,0,0
0.033032,0.033046,0.033507,0,0,0,0,0,0,0,0,0,0,0,0
0.033069,0.032888,0.033445,0,0,0,0,0,0,0,0,0,0,0,0
0.033773,0.033599,0.034044,0,0,0,0,0,0,0,0,0,0,0,0
0.033561,0.033469,0.033986,0,0,0,0,0,0,0,0,0,0,0,0
0.033611,0.033515,0.033818,0,0,0,0,0,0,0,0,0,0,0,0
0.033635,0.033403,0.033931,0,0,0,0,0,0,0,0,0,0,0,0
0.033637,0.033627,0.034121,0,0,0,0,0,0,0,0,0,0,0,0
