1
187.9071,351.8814,51.7458,104.3578
196.0853,354.0017,51.7458,104.3578
201.8403,354.3046,51.7458,104.3578
214.4430,359.8350,50.1663,101.1722
224.7208,360.1286,50.1663,101.1722
234.1969,360.5674,51.7696,104.4057
243.9758,359.8082,53.4242,107.7425
254.0673,360.9009,55.1316,111.1859
264.4813,360.0923,56.8936,114.7394
278.5584,360.5900,58.7119,118.4065
293.3363,362.3083,58.7119,118.4065
306.4887,361.4472,60.5883,122.1908
320.7707,361.9772,62.5248,126.0960
335.5091,362.5241,64.5230,130.1260
352.2294,361.5778,66.5852,134.2849
369.7685,365.0856,66.5852,134.2849
386.7649,368.3044,64.5527,130.1858
402.2572,370.1937,64.5527,130.1858
412.1836,372.2698,66.6158,134.3465
414.1333,374.2195,66.6158,134.3465
454.0122,376.3620,68.7448,138.6402
459.7545,371.3297,70.9419,143.0712
457.3751,362.8145,73.2092,147.6437
461.7761,354.8842,75.5490,152.3624
475.1624,352.0073,77.9635,157.2319
511.2149,366.1545,77.9635,157.2319
518.6400,364.0983,80.4552,162.2570
523.4766,361.9763,83.0266,167.4428
523.6078,358.8146,85.6801,172.7942
518.7280,357.5580,88.4184,178.3167
487.1568,364.2863,88.4184,178.3167
487.2965,359.8841,91.2443,184.0157
626.6970,372.1684,91.2443,184.0157
635.7767,383.3845,91.2443,184.0157
617.7615,374.5688,94.1605,189.8969
622.3197,376.4948,97.1698,195.9660
614.9255,385.0266,97.1698,195.9660
597.6385,388.5864,94.2037,189.9841
585.2908,395.3460,91.3281,184.1848
2
0
0
0
0
1
621.1385,168.4062,125.4299,146.0557
632.3532,149.7149,125.4299,146.0557
644.6360,149.1809,125.4299,146.0557
655.6290,162.6248,121.6011,141.5973
663.1801,184.9776,117.8892,137.2750
655.6511,208.5683,117.8892,137.2750
654.2692,214.9074,121.6569,141.6623
642.4836,220.4132,125.5451,146.1898
642.7962,238.1457,121.7128,141.7274
637.0959,255.2466,121.7128,141.7274
618.7435,257.9279,117.9975,137.4011
613.0085,230.3840,114.3956,133.2069
608.4228,239.7229,110.9036,129.1407
612.7890,226.7989,114.4481,133.2680
619.2438,225.1566,118.1058,137.5273
629.8038,224.6537,118.1058,137.5273
583.8354,221.2214,114.5006,133.3292
568.8432,215.6783,118.1601,137.5904
599.6553,205.9333,121.9365,141.9878
593.0344,161.6123,125.8335,146.5257
628.7073,131.1678,121.9924,142.0530
691.3390,150.4760,118.2686,137.7168
730.1119,193.2773,118.2686,137.7168
749.8744,248.9842,122.0485,142.1182
803.5253,211.8974,125.9491,146.6603
2
0
0
0
0
1
698.2046,475.0956,135.0361,145.6195
700.9664,471.2290,135.0361,145.6195
702.6235,469.5719,135.0361,145.6195
702.1228,465.5878,139.3519,150.2735
701.6060,461.4763,143.8056,155.0762
702.1943,459.7116,143.8056,155.0762
694.6021,456.6453,148.4016,160.0324
691.5668,457.2523,148.4016,160.0324
693.2248,457.8737,143.8716,155.1474
687.9832,455.9829,148.4697,160.1059
686.2179,452.8171,153.2148,165.2229
686.8447,453.4438,153.2148,165.2229
688.7249,451.5637,153.2148,165.2229
688.0981,449.6834,153.2148,165.2229
687.4714,449.0567,153.2148,165.2229
689.1831,449.6982,148.5379,160.1794
688.5755,447.8754,148.5379,160.1794
687.9679,447.2678,148.5379,160.1794
687.3603,446.6602,148.5379,160.1794
686.7527,446.0526,148.5379,160.1794
687.3603,444.2298,148.5379,160.1794
685.5943,442.2778,153.2852,165.2988
683.7718,440.2633,158.1842,170.5817
685.5391,442.2198,153.3555,165.3746
692.2708,445.3711,148.6743,160.3265
692.8790,444.7630,148.6743,160.3265
698.3524,444.1548,148.6743,160.3265
702.4461,447.2100,144.1360,155.4325
709.9524,448.9927,139.7362,150.6879
710.5240,449.5643,139.7362,150.6879
709.9524,450.1359,139.7362,150.6879
709.3807,449.5643,139.7362,150.6879
709.9524,448.9927,139.7362,150.6879
708.2910,444.8699,144.2022,155.5039
706.5214,444.2801,144.2022,155.5039
705.9315,442.5104,144.2022,155.5039
704.1619,440.7408,144.2022,155.5039
702.3923,438.9712,144.2022,155.5039
700.6227,437.2016,144.2022,155.5039
698.8531,435.4320,144.2022,155.5039
702.8236,437.2156,139.8004,150.7571
