0.0259
0.0269
0.0259
0.0259
0.0269
0.0259
0.0269
0.0259
0.0259
0.0269
0.0269
0.0259
0.0269
0.0269
0.0259
0.0259
0.0259
0.0389
0.0269
0.0269
0.0309
0.0259
0.0269
0.0259
0.0259
0.0259
0.0269
0.0259
0.0259
0.0259
0.0279
0.0259
0.0259
0.0259
0.0259
0.0259
NaN
NaN
NaN
NaN
0.0259
0.0259
0.0259
0.0269
0.0259
0.0259
0.0259
0.0269
0.0269
0.0269
0.0259
0.0269
0.0259
0.0269
0.0269
0.0269
0.0269
0.0269
0.0269
0.0269
0.0259
0.0259
0.0259
0.0259
0.0269
0.0269
0.0269
0.0269
0.0259
0.0269
0.0259
0.0259
0.0259
0.0259
0.0269
0.0259
0.0269
0.0259
0.0259
0.0259
0.0259
0.0259
0.0259
0.0269
0.0269
0.0259
0.0269
0.0259
0.0259
0.0269
0.0259
0.0269
0.0259
0.0269
0.0259
0.0259
0.0259
0.0269
0.0269
0.0269
0.0259
0.0269
0.0269
0.0269
0.0269
0.0259
0.0269
0.0269
0.0269
0.0269
0.0269
0.0259
0.0269
0.0269
0.0269
0.0259
0.0269
0.0259
0.0259
0.0279
0.0389
0.0259
0.0259
0.0259
0.0269
0.0259
0.0269
0.0259
0.0259