1
140.0009,26.7487,31.2234,124.4354
139.1239,25.8716,31.2234,124.4354
138.8315,25.5793,31.2234,124.4354
139.7086,25.2869,31.2234,124.4354
138.8315,25.5793,31.2234,124.4354
138.5391,26.4563,31.2234,124.4354
137.6621,26.7487,31.2234,124.4354
136.7850,27.6258,31.2234,124.4354
136.4926,27.9181,31.2234,124.4354
135.6156,28.2105,31.2234,124.4354
135.9079,29.6723,31.2234,124.4354
134.4461,29.3799,31.2234,124.4354
134.7385,29.6723,31.2234,124.4354
134.4461,30.5494,31.2234,124.4354
133.5691,30.8417,31.2234,124.4354
132.6920,31.7188,31.2234,124.4354
132.9843,31.4264,31.2234,124.4354
132.1073,31.1341,31.2234,124.4354
132.3996,30.8417,31.2234,124.4354
133.2767,29.9646,31.2234,124.4354
132.9843,29.6723,31.2234,124.4354
133.2767,28.7952,31.2234,124.4354
134.7385,28.5029,31.2234,124.4354
134.7896,30.6750,30.5576,121.7818
135.6480,29.8167,30.5576,121.7818
135.9341,30.1028,30.5576,121.7818
136.7925,30.3889,30.5576,121.7818
136.5064,30.6750,30.5576,121.7818
137.3647,30.3889,30.5576,121.7818
137.6508,31.8195,30.5576,121.7818
137.9370,31.5334,30.5576,121.7818
138.2231,32.9640,30.5576,121.7818
137.9370,32.6779,30.5576,121.7818
138.2231,32.9640,30.5576,121.7818
136.7925,33.8224,30.5576,121.7818
137.0786,33.5363,30.5576,121.7818
136.7925,34.9669,30.5576,121.7818
135.3618,34.6808,30.5576,121.7818
134.5035,34.3946,30.5576,121.7818
134.2174,35.2530,30.5576,121.7818
134.5035,34.9669,30.5576,121.7818
133.6451,34.6808,30.5576,121.7818
133.3590,33.8224,30.5576,121.7818
133.0729,34.6808,30.5576,121.7818
133.9312,34.3946,30.5576,121.7818
134.2174,35.8253,30.5576,121.7818
132.9888,34.1812,31.2336,124.4762
132.6963,35.0586,31.2336,124.4762
134.1586,35.3510,31.2336,124.4762
133.2812,35.0586,31.2336,124.4762
133.5737,35.9359,31.2336,124.4762
133.2812,35.6435,31.2336,124.4762
132.4038,35.3510,31.2336,124.4762
132.6963,35.6435,31.2336,124.4762
132.4038,35.3510,31.2336,124.4762
132.1114,35.0586,31.2336,124.4762
131.8189,35.3510,31.2336,124.4762
133.2812,35.0586,31.2336,124.4762
132.9888,34.7661,31.2336,124.4762
132.6963,34.4737,31.2336,124.4762
134.7435,33.5963,31.2336,124.4762
135.0359,33.3039,31.2336,124.4762
134.1586,33.0114,31.2336,124.4762
135.0359,33.8888,31.2336,124.4762
135.3284,34.1812,31.2336,124.4762
136.2058,34.4737,31.2336,124.4762
135.9133,33.5963,31.2336,124.4762
135.6209,33.3039,31.2336,124.4762
136.4982,33.0114,31.2336,124.4762
136.2058,34.4737,31.2336,124.4762
135.9133,34.1812,31.2336,124.4762
135.6209,35.0586,31.2336,124.4762
135.9133,35.9359,31.2336,124.4762
133.2812,36.2284,31.2336,124.4762
132.4039,35.9359,31.2336,124.4762
129.1869,35.6435,31.2336,124.4762
124.8001,33.0114,31.2336,124.4762
122.1680,32.7190,31.2336,124.4762
116.6114,30.0869,31.2336,124.4762
111.0547,28.6246,31.2336,124.4762
107.2528,27.1623,31.2336,124.4762
101.6962,25.7001,31.2336,124.4762
96.7245,22.4831,31.2336,124.4762
93.5075,22.1906,31.2336,124.4762
90.8755,19.5586,31.2336,124.4762
88.4060,14.8439,31.9247,127.2302
86.9114,11.5557,31.9247,127.2302
83.0253,9.4633,31.9247,127.2302
82.1286,7.9687,31.9247,127.2302
79.4383,7.6697,31.9247,127.2302
2
0
0
0
0
1
120.3625,47.9157,49.5820,74.3878
114.2922,46.2160,49.5820,74.3878
110.1644,45.4876,49.5820,74.3878
106.5223,43.7879,49.5820,74.3878
105.3082,46.4588,49.5820,74.3878
103.6085,45.2447,49.5820,74.3878
108.5839,50.9526,48.5246,72.8015
117.1178,54.7065,47.4898,71.2489
116.5034,54.7937,46.4771,69.7295
119.4121,58.3891,45.4859,68.2425
122.6882,60.1902,44.5159,66.7872
125.0540,61.1125,43.5666,65.3630
126.1354,59.9587,42.6375,63.9691
128.0147,58.9147,42.6375,63.9691
133.3921,54.5242,43.5809,65.3844
134.8860,55.1645,43.5809,65.3844
132.6765,56.4788,42.6515,63.9901
131.7220,60.1809,41.7420,62.6255
129.8823,55.8882,41.7420,62.6255
127.6337,53.2308,41.7420,62.6255
125.2632,50.6292,42.6655,64.0111
126.7258,52.9276,42.6655,64.0111
128.9932,56.2281,41.7557,62.6460
127.2704,59.0641,40.8652,61.3101
129.4421,60.2965,39.9937,60.0026
131.5965,63.6261,39.9937,60.0026
131.4566,67.0975,39.1409,58.7230
135.3842,70.4949,38.3062,57.4708
138.1432,71.2885,37.4893,56.2452
139.7955,70.0034,37.4893,56.2452
138.6027,69.0105,36.6898,55.0457
138.7824,68.1121,36.6898,55.0457
136.8059,69.0105,36.6898,55.0457
135.2921,70.1170,35.9074,53.8719
134.0612,67.8310,35.9074,53.8719
135.2921,69.4136,35.9074,53.8719
135.8197,71.3479,35.9074,53.8719
138.4059,73.1087,35.1417,52.7230
141.2687,72.8415,34.3923,51.5987
143.0964,74.2034,33.6588,50.4983
141.0722,74.9007,32.9410,49.4214
138.7802,74.0283,32.2386,48.3675
134.5175,70.3971,32.2386,48.3675
135.9264,63.1521,31.5511,47.3361
136.1139,61.1251,30.8782,46.3266
142.4189,60.0158,30.2197,45.3387
147.7336,61.7830,29.5753,44.3718
150.4222,63.2333,28.9446,43.4256
148.2960,61.6741,28.9446,43.4256
146.5552,62.8203,28.3273,42.4995
146.4562,65.5465,27.7233,41.5932
147.1355,69.7346,28.3366,42.5134
152.5475,71.2611,28.3366,42.5134
157.2730,72.9504,28.9636,43.4541
162.8048,76.4963,28.9636,43.4541
161.1599,81.7548,29.6044,44.4155
166.0969,84.1213,30.2594,45.3982
165.6524,89.6042,30.2594,45.3982
158.6877,86.7886,30.2594,45.3982
156.3543,85.2102,30.9289,46.4026
159.5350,83.2412,30.9289,46.4026
161.8070,77.9400,30.9289,46.4026
161.9363,74.7552,31.6132,47.4293
156.4538,69.1430,30.9390,46.4178
145.9994,65.9612,30.9390,46.4178
139.1813,63.0824,30.9390,46.4178
137.8177,57.1734,30.9390,46.4178
140.9223,55.4778,30.2792,45.4279
142.8500,55.0330,30.2792,45.4279
147.7433,54.2915,30.2792,45.4279
150.2100,54.0613,29.6335,44.4592
155.1418,55.7942,29.0016,43.5111
156.6831,58.8591,28.3831,42.5832
158.4594,62.3945,27.7778,41.6751
160.4601,62.7078,27.1855,40.7864
159.2619,60.4446,27.1855,40.7864
157.7181,61.5127,27.7869,41.6888
156.1400,59.7809,28.4017,42.6111
157.9904,54.2589,29.0301,43.5539
167.5155,50.9891,29.0301,43.5539
173.3442,48.8566,29.0301,43.5539
164.4730,58.2278,28.4110,42.6251
169.4696,60.4256,27.8052,41.7161
168.3224,61.2641,27.2122,40.8265
165.4014,59.0021,26.6319,39.9559
164.3026,58.5482,26.0640,39.1038
166.9180,62.5329,25.5082,38.2699
173.2888,67.1548,25.5082,38.2699
172.1645,68.5289,25.5082,38.2699
173.7609,69.5390,24.9642,37.4538
175.5590,70.9989,24.4318,36.6551
174.5509,68.7373,23.9108,35.8734
172.9501,65.3033,24.4398,36.6671
172.1724,63.2717,23.9186,35.8851
171.1856,62.4125,23.4086,35.1199
172.4296,63.1184,22.9094,34.3709
171.5942,60.9922,23.4162,35.1314
171.7333,61.9194,22.9169,34.3822
171.3634,60.4912,23.4239,35.1429
173.4927,65.6201,22.9244,34.3935
177.9572,70.2069,22.4355,33.6600
179.8250,72.0747,22.4355,33.6600
181.9125,73.5030,22.4355,33.6600
184.1639,77.5684,21.9571,32.9422
185.9918,82.1921,21.9571,32.9422
186.3296,84.0979,21.4888,32.2397
185.4430,85.7603,21.0306,31.5522
185.3694,87.1887,20.5821,30.8793
184.1316,88.1980,20.1432,30.2208
182.6519,87.5075,20.1432,30.2208
180.6893,86.4567,20.5889,30.8895
178.7736,86.7592,20.5889,30.8895
176.3490,85.2668,21.0444,31.5729
175.4215,83.9271,21.0444,31.5729
174.9062,82.7934,21.0444,31.5729
174.3526,80.8403,21.5100,32.2714
174.8866,79.8645,21.0513,31.5832
176.2041,78.9095,20.6024,30.9097
176.1320,80.3088,20.1630,30.2506
175.6383,82.1849,20.1630,30.2506
177.0905,85.8385,19.7330,29.6055
179.4432,89.9730,19.3122,28.9741
181.1988,92.5609,18.9004,28.3562
183.6307,94.0230,18.4973,27.7515
185.3122,94.2316,18.1029,27.1597
186.6160,94.6066,17.7168,26.5805
187.7248,95.6427,17.3390,26.0137
188.6588,96.5767,17.3390,26.0137
189.4230,97.5107,17.3390,26.0137
190.2003,98.3682,17.7226,26.5892
190.9814,98.9757,17.7226,26.5892
191.5958,99.1318,18.1147,27.1775
192.3942,99.9302,18.1147,27.1775
193.3700,101.2609,18.1147,27.1775
194.1820,101.6045,18.5155,27.7788
194.9980,102.0578,18.5155,27.7788
195.6399,101.2802,18.9252,28.3934
196.2959,101.0622,19.3439,29.0216
197.5562,101.4292,19.7719,29.6637
199.3535,102.7720,19.3502,29.0312
201.2952,103.9036,18.9376,28.4121
203.0167,104.8323,18.5337,27.8062
204.1767,106.0911,18.1385,27.2132
204.6208,106.5352,18.1385,27.2132
205.5848,106.3973,17.7517,26.6329
206.0194,107.0058,17.7517,26.6329
206.2802,106.7450,17.7517,26.6329
206.2181,106.9452,17.3731,26.0649
205.9377,107.0982,17.7575,26.6416
206.5464,107.3591,17.7575,26.6416
206.2597,107.1546,18.1504,27.2310
205.9931,107.5990,18.1504,27.2310
205.5156,107.2056,18.5520,27.8335
206.1513,107.2396,18.1564,27.2400
205.4892,106.4770,18.5581,27.8427
205.7747,107.0367,18.1623,27.2489
205.8636,107.3035,18.1623,27.2489
205.4572,107.1654,17.7750,26.6678
205.0219,107.2525,17.7750,26.6678
204.0125,106.6865,18.1683,27.2578
203.4344,107.2344,17.7808,26.6766
202.4766,106.9732,17.7808,26.6766
202.1895,106.9491,18.1742,27.2668
201.5665,106.6821,18.1742,27.2668
201.1215,106.0591,18.1742,27.2668
200.5432,105.9209,17.7866,26.6853
200.3131,106.2894,17.4073,26.1162
199.5459,106.2042,17.4073,26.1162
198.9492,105.9484,17.4073,26.1162
198.3524,105.8632,17.4073,26.1162
197.8945,106.0165,17.7925,26.6940
197.3284,106.7210,17.4131,26.1248
196.5165,105.9897,17.7983,26.7028
196.2291,106.1464,18.1921,27.2936
196.1655,106.3516,17.8041,26.7116
195.7296,106.7875,17.8041,26.7116
196.1655,106.8747,17.8041,26.7116
195.9039,107.3107,17.8041,26.7116
196.3402,107.8293,18.1981,27.3026
196.6012,108.5443,18.6007,27.9066
196.5101,109.1820,18.6007,27.9066
196.2694,109.9185,18.2040,27.3115
195.9755,109.7089,18.6068,27.9158
195.9105,109.9187,18.2100,27.3205
195.6749,109.9521,17.8217,26.7378
196.2858,110.0394,17.8217,26.7378
196.0240,110.3012,17.8217,26.7378
196.1299,110.3340,17.4416,26.1676
196.3861,110.2486,17.4416,26.1676
196.8132,110.6756,17.4416,26.1676
197.0633,110.4748,17.8275,26.7466
197.6745,110.9113,17.8275,26.7466
197.9364,110.4748,17.8275,26.7466
198.5475,110.5621,17.8275,26.7466
198.9840,110.6494,17.8275,26.7466
199.9444,109.6890,17.8275,26.7466
200.5555,109.2525,17.8275,26.7466
200.1190,108.9906,17.8275,26.7466
200.5555,108.5541,17.8275,26.7466
201.5159,109.1652,17.8275,26.7466
202.1338,108.7787,18.2219,27.3384
202.9302,109.6723,17.8334,26.7554
202.6995,109.2000,17.4531,26.1848
202.6384,109.0673,17.0809,25.6264
202.2562,108.4537,16.7166,25.0799
201.5665,108.0110,16.3601,24.5451
201.2004,107.8866,16.0112,24.0217
200.5398,108.0671,15.6698,23.5094
200.7700,107.8369,15.6698,23.5094
201.3132,107.8157,16.0165,24.0295
201.5485,108.0510,16.0165,24.0295
201.0388,107.9292,15.6749,23.5171
200.5401,107.9580,15.3407,23.0156
200.0520,107.6966,15.0135,22.5248
199.5743,107.0155,14.6933,22.0444
199.9390,106.3489,14.3800,21.5743
199.4814,106.1038,14.0734,21.1142
199.1665,105.7311,13.7732,20.6640
198.8292,105.1241,13.7732,20.6640
199.4363,106.0009,13.7732,20.6640
200.3131,106.7428,13.7732,20.6640
199.8109,106.3043,14.0780,21.1212
199.4662,106.3732,14.0780,21.1212
198.8457,106.9937,14.0780,21.1212
199.1906,107.6899,14.3894,21.5885
197.9348,108.2553,14.7078,22.0661
197.2490,107.3387,15.0332,22.5543
196.3953,106.2490,15.3658,23.0533
195.3665,105.1352,15.7058,23.5634
193.6766,104.6351,16.0533,24.0847
192.2756,103.6346,16.4085,24.6176
189.6764,102.2785,16.7715,25.1623
186.6788,103.1079,17.1426,25.7190
185.5311,102.7363,17.5219,26.2880
184.1799,103.0686,17.9095,26.8696
182.0709,101.7704,18.3058,27.4641
180.2788,102.3225,17.9154,26.8785
179.0322,103.3702,17.5333,26.3053
175.8985,101.5647,17.9213,26.8873
174.1523,99.1731,18.3178,27.4822
172.3675,96.7284,18.7231,28.0902
170.2587,92.6024,18.7231,28.0902
168.1498,89.3933,18.7231,28.0902
166.1353,87.0848,19.1373,28.7117
164.6595,82.1973,19.5607,29.3469
164.1806,80.7604,19.5607,29.3469
164.8511,81.8141,19.5607,29.3469
163.9890,82.6762,19.5607,29.3469
163.0769,83.0473,19.9935,29.9962
163.0070,82.7065,19.5671,29.3566
163.8621,83.6660,19.1499,28.7305
164.8937,83.9474,19.1499,28.7305
150.3793,57.6514,19.5735,29.3662
151.8171,56.2136,19.5735,29.3662
153.2549,56.8846,19.5735,29.3662
157.7601,57.9390,19.5735,29.3662
162.4570,59.3768,19.5735,29.3662
165.6202,61.3897,19.5735,29.3662
169.5502,62.8275,19.5735,29.3662
173.7317,64.1570,19.1561,28.7400
175.5141,64.6260,19.1561,28.7400
177.2965,64.7198,19.1561,28.7400
180.6857,65.2778,19.5800,29.3758
182.3158,66.5244,19.5800,29.3758
184.4654,68.4087,19.1624,28.7494
186.2073,70.4338,18.7538,28.1363
187.5581,72.0616,18.3538,27.5363
187.3206,73.8280,17.9624,26.9491
186.4099,77.0828,17.5794,26.3744
185.6351,78.3742,17.5794,26.3744
184.2796,81.5658,17.9683,26.9579
185.4502,82.6369,18.3659,27.5543
186.4395,84.1659,18.3659,27.5543
189.7673,85.8748,18.3659,27.5543
193.5766,86.5964,18.7722,28.1640
194.7515,86.4537,18.3719,27.5634
196.7684,89.7827,17.9801,26.9756
200.1003,91.5131,17.5967,26.4003
200.5312,91.7716,17.5967,26.4003
201.3067,92.2025,17.5967,26.4003
201.0790,91.9026,17.2214,25.8373
201.5065,91.4465,16.8542,25.2863
200.1034,85.4213,16.8542,25.2863
201.0302,81.2881,17.2271,25.8458
202.2956,78.3353,17.2271,25.8458
202.2113,74.2015,17.2271,25.8458
196.2964,72.7695,16.8597,25.2946
195.6008,72.3230,16.5002,24.7552
196.8128,71.4342,16.5002,24.7552
196.7551,70.3741,16.1483,24.2273
198.2231,69.9464,15.8039,23.7106
199.2292,69.4047,15.8039,23.7106
200.3901,69.0177,15.8039,23.7106
201.9760,70.3895,15.4669,23.2050
203.9266,70.9972,15.8091,23.7184
205.8621,72.6230,15.8091,23.7184
205.8068,74.5922,15.4720,23.2126
2
0
0
0
0
1
180.4353,34.2870,25.9694,25.2924
178.1589,36.4151,26.5440,25.8520
174.5649,38.5796,25.9779,25.3007
172.4452,37.8730,25.9779,25.3007
171.3348,36.1570,25.9779,25.3007
173.2658,37.1078,25.4239,24.7611
157.4453,57.2721,24.8817,24.2331
157.9287,56.0153,24.8817,24.2331
158.0253,57.2721,24.8817,24.2331
158.8955,55.0485,24.8817,24.2331
160.1523,56.3053,24.8817,24.2331
161.4092,57.3688,24.8817,24.2331
163.8262,58.6257,24.8817,24.2331
164.5574,59.9091,24.3511,23.7163
165.8203,61.8948,23.8318,23.2106
165.3573,65.5062,23.8318,23.2106
173.4136,64.8580,23.8318,23.2106
174.2470,66.2470,23.8318,23.2106
177.8584,65.2284,23.8318,23.2106
179.2280,64.2991,24.3591,23.7241
180.6478,63.8259,24.3591,23.7241
182.6354,64.6777,24.3591,23.7241
185.3803,63.4473,24.3591,23.7241
186.4214,62.0275,24.3591,23.7241
188.0305,60.7971,24.3591,23.7241
189.0716,60.8917,24.3591,23.7241
189.9235,61.5543,24.3591,23.7241
2
0
0
0
0
1
150.0948,66.9035,21.9249,28.2373
151.7701,66.0166,21.9249,28.2373
155.4164,66.5093,21.9249,28.2373
156.3034,66.6079,21.9249,28.2373
155.4164,66.1152,21.9249,28.2373
155.9092,65.2282,21.9249,28.2373
157.1903,64.5384,21.9249,28.2373
158.2744,64.2427,21.9249,28.2373
158.9642,63.7500,21.9249,28.2373
159.2599,63.2572,21.9249,28.2373
159.5286,62.4336,22.4100,28.8621
160.4351,62.1315,22.4100,28.8621
162.1475,61.4263,22.4100,28.8621
163.8853,61.6296,22.9058,29.5006
165.0205,61.1964,23.4126,30.1533
166.8095,61.7226,23.4126,30.1533
167.7515,62.8084,23.9306,30.8205
168.2893,63.3462,23.9306,30.8205
169.4726,63.4538,23.9306,30.8205
170.4406,64.4219,23.9306,30.8205
170.9785,64.3143,23.9306,30.8205
171.3012,64.6370,23.9306,30.8205
171.8390,65.3899,23.9306,30.8205
171.3012,65.2824,23.9306,30.8205
172.0541,65.1748,23.9306,30.8205
172.3768,65.2824,23.9306,30.8205
172.9146,65.6051,23.9306,30.8205
2
0
0
0
0
1
154.4656,69.3512,17.5156,44.0708
155.0575,68.7593,17.5156,44.0708
155.8862,69.1144,17.5156,44.0708
155.7678,68.5225,17.5156,44.0708
155.8862,69.1144,17.5156,44.0708
156.2413,68.7593,17.5156,44.0708
156.5965,69.8247,17.5156,44.0708
156.2413,70.4166,17.5156,44.0708
157.3068,70.0615,17.5156,44.0708
156.4781,70.4166,17.5156,44.0708
157.0700,71.2453,17.5156,44.0708
157.8987,70.8902,17.5156,44.0708
157.7803,72.4291,17.5156,44.0708
158.3722,72.5475,17.5156,44.0708
158.0170,72.9027,17.5156,44.0708
159.0825,73.9681,17.5156,44.0708
158.9641,73.3762,17.5156,44.0708
158.8457,74.4416,17.5156,44.0708
159.4376,75.0335,17.5156,44.0708
158.6090,75.3887,17.5156,44.0708
159.2009,76.4541,17.5156,44.0708
160.0295,77.5196,17.5156,44.0708
159.4376,78.3482,17.5156,44.0708
158.8457,78.4666,17.5156,44.0708
159.4376,79.7688,17.5156,44.0708
158.6090,80.8342,17.5156,44.0708
158.7273,80.7159,17.5156,44.0708
158.8457,81.0710,17.5156,44.0708
159.0204,80.2150,17.9031,45.0459
159.3834,81.3040,17.9031,45.0459
158.5577,80.1780,18.2992,46.0425
158.4835,79.2837,18.7041,47.0612
157.8832,79.4189,19.1179,48.1024
158.7876,80.3234,19.1179,48.1024
157.6378,78.8528,19.5409,49.1667
157.5057,79.2490,19.5409,49.1667
157.9019,80.1735,19.5409,49.1667
158.2981,79.7773,19.5409,49.1667
157.9449,79.6445,19.9732,50.2545
158.0799,79.7795,19.9732,50.2545
158.4849,80.9944,19.9732,50.2545
159.1598,81.1294,19.9732,50.2545
159.8348,82.3443,19.9732,50.2545
160.5098,82.7493,19.9732,50.2545
161.7247,82.0744,19.9732,50.2545
162.6696,82.4793,19.9732,50.2545
163.8846,81.2644,19.9732,50.2545
2
0
0
0
0
1
139.3253,70.3939,31.3318,56.1291
141.2000,71.9278,31.3318,56.1291
141.7113,70.7348,31.3318,56.1291
142.9043,69.8826,31.3318,56.1291
143.0747,70.0531,31.3318,56.1291
143.5860,69.8826,31.3318,56.1291
144.4382,69.3714,31.3318,56.1291
144.9494,70.5644,31.3318,56.1291
143.3651,69.0593,32.0250,57.3710
144.2361,70.6271,32.0250,57.3710
144.0619,71.1497,32.0250,57.3710
143.1654,69.6114,32.7336,58.6403
142.6313,70.8578,32.7336,58.6403
142.8093,70.6797,32.7336,58.6403
142.2752,70.5017,32.7336,58.6403
141.7410,70.3236,32.7336,58.6403
141.5630,71.5700,32.7336,58.6403
141.7410,72.1042,32.7336,58.6403
141.9191,72.9944,32.7336,58.6403
141.3849,72.1042,32.7336,58.6403
141.9191,72.2822,32.7336,58.6403
141.7417,70.7099,33.4578,59.9377
142.6516,70.1639,33.4578,59.9377
143.1976,70.3459,33.4578,59.9377
143.3796,70.1639,33.4578,59.9377
143.1983,68.5567,34.1981,61.2639
143.0130,67.6860,34.9547,62.6193
143.9636,68.6367,34.9547,62.6193
144.9143,67.6860,34.9547,62.6193
145.1044,67.4959,34.9547,62.6193
144.1538,66.5452,34.9547,62.6193
144.7242,66.3551,34.9547,62.6193
145.2946,65.7847,34.9547,62.6193
145.1044,65.9748,34.9547,62.6193
144.5205,65.0848,35.7281,64.0048
145.1035,66.0565,35.7281,64.0048
144.9092,66.6395,35.7281,64.0048
144.3261,66.8339,35.7281,64.0048
144.1318,67.8056,35.7281,64.0048
143.5488,67.2226,35.7281,64.0048
143.7431,68.5830,35.7281,64.0048
142.3827,67.2226,35.7281,64.0048
142.1884,68.5830,35.7281,64.0048
141.9941,67.6112,35.7281,64.0048
141.4110,68.1943,35.7281,64.0048
141.6054,68.7773,35.7281,64.0048
141.4110,68.5829,35.7281,64.0048
141.2167,68.7773,35.7281,64.0048