0.19336
0.22309
0.058125
0.0289
0.037912
0.033565
0.027467
0.023228
0.02424
0.023043
0.02384
0.024328
0.023947
0.023462
0.024589
0.023592
0.023558
0.023272
0.023187
0.023654
0.024321
0.023436
0.023775
0.025102
0.024172
0.024174
0.024214
0.024295
0.024416
0.023793
0.023958
0.023928
0.023301
0.023749
0.023733
0.024014
0.02392
0.02389
0.024247
0.023452
0.023584
0.023781
0.023935
0.023537
0.024379
0.023333
0.023705
0.023264
0.022921
0.023437
0.023701
0.023478
0.023896
0.022777
0.023159
0.024143
0.023596
0.022856
0.02369
0.023901
0.023644
0.023582
0.023933
0.023807
0.022966
0.023322
0.024152
0.02339
0.023001
0.023383
0.024292
0.022667
0.023602
0.022683
0.022869
0.022852
0.023012
0.022635
0.023515
0.022868
0.024065
0.02415
0.024227
0.023776
0.023697
0.024447
0.023493
0.023818
0.023071
0.023221
0.02306
0.023626
0.022673
0.023824
0.023231
0.023844
0.06599
0.023711
0.022922
0.023076
0.023726
0.023531
0.02315
0.022911
0.022855
0.022876
0.02291
0.022939
0.023433
0.023879
0.022914
0.023747
0.023645
0.023483
0.024044
0.024972
0.024654
0.024695
0.024264
0.024241
0.024241
0.024393
0.024336
0.024526
0.023988
0.024498
0.024386
0.024503
0.023793
0.024227
0.025374
0.02462
NaN
NaN
NaN
NaN
0.19343
0.22762
0.059536
0.030112
0.039681
0.035392
0.028062
0.025683
0.025284
0.024164
0.023183
0.023042
0.023591
0.023926
0.023438
0.023602
0.023524
0.023539
0.023001
0.023503
0.023829
0.023826
0.023631
0.023616
0.023736
0.023648
0.023646
0.023243
0.023605
0.023614
0.023327
0.023486
0.023791
0.02395
0.023815
0.023104
0.023254
0.02322
0.023825
0.022668
NaN
NaN
NaN
NaN
0.19001
0.22725
0.058675
0.029898
0.039479
0.035104
0.027861
0.02433
0.02394
0.023406
0.024009
0.023886
0.023998
0.023862
0.024956
0.023919
0.024036
0.023896
0.023869
0.023285
0.024317
0.024545
0.024456
0.024015
0.024458
0.023388
0.023076
0.023563
0.024496
0.024721
0.02464
0.024135
0.024239
0.024378
0.024905
0.024534
0.023685
0.023372
0.023111
0.023803
0.024863
0.024403
0.022458
0.024381
0.023757
0.023847
0.024526
0.024482
0.02485
0.024705
0.023149
0.024479
0.024048
0.024172
0.02391
0.023879
0.024039
0.024266
0.023596
0.023935
0.02409
0.024736
0.024355
0.02427
0.024043
0.02399
0.02398
0.024049
0.023258
0.024248
0.024058
0.023245
0.023123
0.024305
0.023506
0.023827
0.023158
0.024916
0.024601
0.023087
0.023045
0.023225
0.02306
0.023094
0.023516
0.024161
0.024047
0.024924
0.023796
0.024
0.023635
0.023402
0.023373
0.024382
0.024265
0.024275
0.024324
0.024268
0.024384
0.023135
0.023635
0.024967
0.024533
0.023837
0.023153
0.023106
0.023164
0.023078
0.023027
0.024514
0.023981
0.023776
0.0244
0.023693
0.023258
0.023722
0.024297
0.023109
0.02312
0.023141
0.023643
0.023096
0.023046
0.023767
0.023794
0.024384
0.023799
0.024229
0.024206
0.025104
0.024147
0.023942
0.02341
0.023054
0.022955
0.02301
0.022954
0.023014
0.023623
0.023066
0.023239
0.023779
0.022943
0.022972
0.022897
0.023251
0.023215
0.022963
0.023856
0.023816
0.023029
0.023769
0.024612
0.024171
0.024351
0.023991
0.023373
0.023664
0.022963
0.023179
0.02342
0.02367
0.023436
0.024222
0.022703
0.024345
0.022681
0.02385
0.024089
0.023324
0.022663
0.022942
0.022791
0.022994
0.02355
0.024529
0.024123
0.023986
0.024097
0.023866
0.023607
0.025134
0.023543
0.02368
0.022812
0.022846
0.02276
0.022773
0.022701
0.023595
0.023631
0.023117
0.02364
0.022815
0.022805
0.023529
0.022809
0.022795
0.022816
0.023437
0.023603
0.023178
0.02364
0.023433
0.02319
0.022839
0.023127
0.024028
0.023093
0.023174
0.02284
0.0235
0.024002
0.02274
0.022821
0.022851
0.023615
0.022797
0.023615
0.022808
0.023627
0.022795
0.023553
0.022782
0.023584
0.023665
0.022848
0.022839
0.023796
0.023799
0.022941
0.022832
0.023647
0.022827
0.022947
0.023674
0.024085
0.023633
0.022886
0.022804
0.022843
0.022852
0.022844
0.022758
0.022807
0.022814
0.022874
0.022847
0.022886
0.022997
0.024258
0.025151
0.02315
0.024268
0.023575
0.024391
0.023236
0.022989
0.022966
0.022937
0.022907
0.022934
0.023836
0.023533
0.023275
0.023703
0.022884
0.022895
0.023
0.022916
0.023835
0.02323
0.023303
0.023702
0.022956
0.022959
0.02294
0.023803
0.023769
0.023872
0.024579
0.023838
0.023896
0.066561
0.023731
0.023204
0.024253
0.023112
0.023421
0.024137
0.023322
0.02365
0.023265
0.023418
0.023276
0.023305
0.023283
0.02421
0.023388
0.023444
0.023322
0.023394
0.02344
0.023463
0.023466
0.023372
0.023419
0.025005
0.023501
0.02425
0.024474
0.023717
0.02345
0.02449
0.023831
0.023421
0.024562
0.023832
0.023639
0.023477
0.023543
0.023398
0.023551
0.023377
0.02348
0.023473
0.02435
0.023481
0.023487
0.023384
0.023374
0.023851
0.0248
0.024172
0.02422
0.023781
0.02374
0.023471
0.023017
0.02307
0.022619
0.022649
0.022463
0.022601
0.022391
0.022481
0.022513
0.022445
0.022901
0.022799
0.022861
0.022453
0.022469
0.022357
0.022653
0.022888
0.022499
0.022421
0.022432
0.022344
0.022383
0.022381
0.022437
0.024165
0.024309
0.024332
0.024959
0.02539
0.024153
0.025095
0.024056
0.024072
0.024931
0.024221
0.023947
0.024458
0.023243
0.023362
0.023252
0.02404
0.023293
0.023432
0.023294
0.023759
0.023325
0.023672
0.023335
0.023293
0.023268
0.023211
0.023289
0.023161
0.023985
0.02527
0.02403
0.025699
0.024119
0.024996
0.024083
0.02504
0.024116
0.023986
0.024988
0.024089
0.02405
0.025007
0.024122
0.025087
0.024577
0.024571
0.023261
0.02449
0.023692
0.022784
0.023292
0.022797
0.022402
0.023327
0.023708
NaN
NaN
NaN
NaN
0.19475
0.22599
0.058844
0.030214
0.039379
0.035075
0.028248
0.024411
0.02424
0.024204
0.024243
0.024454
0.024206
0.024418
0.024521
0.024196
0.024187
0.024268
0.023816
0.023674
0.024409
0.023238
0.024128
0.023172
0.023678
0.023066
0.024165
0.023868
0.024198
0.023792
0.0237
0.024223
0.023339
0.02338
0.023681
0.02375
0.023889
0.024065
0.023208
0.023718
0.023693
0.023679
0.024053
0.023956
0.023732
0.02429
0.023793
0.023788
0.024217
0.023749
0.023716
0.023721
0.023855
0.023953
0.023673
0.023184
0.023168
0.023268
0.023909
0.023135
0.022979
0.023751
0.023827
0.024559
0.024499
0.023942
0.023104
0.023884
0.023843
0.024432
0.023329
0.023856
0.023754
0.023255
0.023963
0.024251
0.023845
0.023154
0.02305
0.023714
0.023459
0.023793
0.023008
0.023709
0.024824
0.024056
0.02438
0.024528
0.025216
0.024846
0.024397
0.024213
0.024126
0.023257
0.023139
0.023824
0.023075
0.023892
0.023761
0.023901
0.02426
0.023572
0.023302
0.023794
