0.20158
0.23009
0.064077
0.036999
0.045142
0.0401
0.034252
0.03054
0.030348
0.030255
0.030481
0.030291
0.029954
0.030206
0.030145
0.030191
0.029855
0.030094
0.030103
0.03055
0.071607
0.031634
0.030445
0.030325
0.030801
0.030198
0.030161
0.030408
0.030076
0.030031
0.030007
0.030475
0.030376
0.030189
0.030123
0.030142
0.030163
0.03028
0.030027
0.030128
0.030618
0.030475
0.030742
0.035211
0.030663
0.039522
0.030291
0.030281
0.030071
0.030152
0.030208
0.030073
0.030218
0.030494
0.030129
0.029401
0.03018
0.030172
0.030123
0.030087
0.030155
0.030176
0.030168
0.030595
0.030228
0.030196
0.030236
0.030205
0.030146
0.030107
0.030072
0.030199
0.030058
0.030152
0.030028
0.030203
0.030225
0.03013
0.030088
0.030205
0.030066
0.030047
0.030263
0.030159
0.030108
0.030046
0.030071
0.030048
0.029978
0.030036
0.030067
0.030032
0.030358
0.030096
0.03022
0.030107
0.030112
0.030139
0.030101
0.029986
0.030507
0.030565
0.030043
0.030013
0.030102
0.029924
0.029942
0.029997
0.029968
0.030039
0.03006
0.03041
0.030609
0.030146
0.030125
0.030282
0.030114
0.030075
0.030128
0.030019
0.030126
0.030099
0.030032
0.030309
0.030111
0.0306
0.030575
0.030496
0.030472
0.030458
0.030276
0.030133
0.029995
0.029988
0.030286
0.029932
0.029948
0.030053
0.029898
0.02993
0.030025
0.029965
0.030043
0.030018
0.030008
0.030226
0.030236
0.030012
0.030234
0.030045
0.029988
0.030008
0.030073
0.030037
0.030117
0.029971
0.03004
0.030083
0.030082
0.030251
0.030089
0.030177
0.030048
0.030036
0.030027
0.030033
0.029979
0.030183
0.031071
0.030593
0.030508
0.030568
0.030509
0.030452
0.030113
0.029922
0.029887
0.030092
0.029963
0.030116
0.029967
0.029936
0.029839
0.029853
0.029868
0.0301
0.03001
0.030095
0.030037
0.030024
0.030008
0.030147
0.030168
0.030094
0.030041
0.029967
0.030025
0.030037
0.029956
0.029978
0.030178
0.030052
0.029927
0.030012
0.030089
0.030023
0.0301
0.030027
0.030187
0.030079
0.030141
0.030241
0.03007
0.030135
0.030145
0.029994
0.030082
0.030126
0.030059
0.030149
0.029006
0.030049
0.030017
0.030139
0.030119
0.030097
0.030124
0.029969
0.030122
0.030129
0.030166
0.030074
0.029958
0.030026
0.030011
0.030022
0.030081
0.029923
0.029992
0.030057
0.030085
0.030066
0.029977
0.030077
0.029983
0.029968
0.029882
0.02994
0.029936
0.030116
0.030319
0.030462
0.030358
0.029994
0.030112
0.03002
0.030159
0.030229
0.029928
0.030047
0.029941
0.029933
0.030102
0.030102
0.030073
0.029981
0.030001
0.030022
0.030076
0.030128
0.030124
0.030184
0.029938
0.030095
0.030059
0.030132
0.030112
0.030044
0.030056
0.02997
0.029974
0.03001
0.029951
0.029956
0.030056
0.03002
0.030076
0.0301
0.030088
0.030081
0.030065
0.030023
0.030029
0.030111
0.030104
0.03005
0.030097
0.030016
0.029967
0.030306
0.030021
0.030043
0.029963
0.029869
0.03002
0.029913
0.030037
0.030124
0.030073
0.030076
0.030008
0.030027
0.030045
0.030058
0.030022
0.030035
0.030043
0.03018
0.030027
0.029985
0.029894
0.030018
0.030289
0.030039
0.030025
0.030021
0.030039
0.030126
0.03005
0.029957
0.030031
0.029966
0.030138
0.030164
0.030356
0.030529
0.030409
0.030379
0.030078
0.030099
0.030184
0.030142
0.030071
0.030021
0.030167
0.029993
0.02999
0.029954
0.030089
0.03004
0.02999
0.030039
0.030131
0.029929
0.030109
0.030052
0.030055
0.030052
0.029818
0.029897
0.029878
0.0299
0.02986
0.029981
0.029889
0.029897
0.029902
0.029836
0.030015
0.02958
0.029496
0.029719
0.029608
0.029662
0.029601
0.029727
0.029628
0.029628
0.029792
0.029637
0.029591
0.029621
0.029675
0.029741
0.029672
0.029651
0.029647
0.029551
0.0296
0.029606
0.029643
0.029627
0.029669
0.029604
0.029609
0.029636
0.029586
0.029569
0.029715
0.029703
0.029591
0.029645
0.029354
0.029426
0.029414
0.029398
0.0294
0.029407
0.029506
0.029526
0.029417
0.029418
0.029534
0.029518
0.029569
0.029497
0.0295
0.029408
0.029405
0.029408
0.029403
0.029395
0.029533
0.029394
0.029474
0.029522
0.029438
0.029508
0.029462
0.0296
0.02948
0.029518
0.029443
0.029597
0.029498
0.029487
0.029546
0.029444
0.029471
0.029458
0.029546
0.029428
0.029346
0.029328
0.029401
0.029353
0.029407
0.029452
0.029388
0.02937
0.029395
0.029636
0.029443
0.029452
0.0294
0.029374
0.029331
0.02942
0.029326
0.029433
0.029421
0.029467
0.029397
0.029396
0.029402
0.029394
0.029341
0.029381
0.029376
0.029381
0.029376
0.029475
0.029346
0.029318
0.029345
0.029371
0.029407
0.029251
0.029309
0.029451
0.029414
0.029349
0.029436
0.029332
0.029338
0.029405
0.029221
0.029286
0.029248
0.029334
0.029375
0.029321
0.029369
0.029401
0.02932
0.029543
0.029305
0.029401
0.029398
0.029651
0.029745
0.029738
0.030216
0.029986
0.029969
0.030054
0.029526
0.029395
0.029471
0.029457
0.029526
0.029432
0.029548
0.029506
0.029471
0.029458
0.029491
0.029599
0.029489
0.029485
0.029637
0.029591
0.029459
0.029577
0.029482
0.029445
0.029542
0.029646
0.029542
0.029496
0.02952
0.029512
0.029516
0.029544
0.029535
0.029481
0.029516
0.029623
0.02946
0.029418
0.029381
0.029462
0.029502
0.029528
0.029474
0.029498
0.029399
0.029426
0.02953
0.029488
0.029715
0.029421
0.029311
0.029558
0.029541
0.029484
0.029409
0.029356
