1
301.3952,139.9790,71.5089,84.7889
299.2435,145.8195,71.5089,84.7889
299.5509,150.4304,71.5089,84.7889
301.0878,153.1970,71.5089,84.7889
302.0100,152.8896,71.5089,84.7889
304.1618,150.1230,71.5089,84.7889
307.5431,147.9713,71.5089,84.7889
309.6949,150.1230,71.5089,84.7889
311.2319,152.2748,71.5089,84.7889
312.1541,153.1970,71.5089,84.7889
314.9206,149.8156,71.5089,84.7889
323.2203,147.0491,71.5089,84.7889
329.0608,141.8233,71.5089,84.7889
333.6718,137.8272,71.5089,84.7889
338.2827,134.4459,71.5089,84.7889
338.5901,132.9089,71.5089,84.7889
338.2827,136.2902,71.5089,84.7889
337.9753,133.5237,71.5089,84.7889
340.7419,130.1423,71.5089,84.7889
345.3528,123.6870,71.5089,84.7889
349.9637,117.8465,71.5089,84.7889
354.5747,113.8504,71.5089,84.7889
361.0300,115.3874,71.5089,84.7889
371.1740,122.4574,71.5089,84.7889
382.1831,133.3196,73.0911,86.6649
386.9161,135.9466,74.7082,88.5823
382.7412,129.8448,74.7082,88.5823
372.1433,116.0355,74.7082,88.5823
360.2608,100.2992,74.7082,88.5823
350.3053,91.6282,74.7082,88.5823
344.2034,86.8110,74.7082,88.5823
342.5977,84.5630,74.7082,88.5823
343.5611,88.0956,74.7082,88.5823
344.5246,93.5551,74.7082,88.5823
346.7726,97.7300,74.7082,88.5823
342.9474,93.7514,76.3611,90.5422
370.8490,121.6529,76.3611,90.5422
376.4293,123.9507,76.3611,90.5422
372.8185,109.8358,76.3611,90.5422
360.6731,93.7514,76.3611,90.5422
358.3753,88.8276,76.3611,90.5422
358.7036,85.8733,76.3611,90.5422
361.0013,82.2625,76.3611,90.5422
361.4992,81.6460,74.7327,88.6114
364.3904,87.1073,74.7327,88.6114
371.1368,102.8487,74.7327,88.6114
382.3806,126.3002,74.7327,88.6114
387.8419,142.0416,74.7327,88.6114
390.7332,146.8604,74.7327,88.6114
419.3247,111.2013,74.7327,88.6114
412.5784,98.6724,74.7327,88.6114
371.1368,100.2787,74.7327,88.6114
373.4818,96.5789,73.1390,86.7217
361.8489,81.8020,73.1390,86.7217
362.1633,98.4653,73.1390,86.7217
360.2158,113.0267,71.5793,84.8723
356.8312,136.1040,71.5793,84.8723
353.1662,155.9155,73.1630,86.7501
311.9660,196.4867,73.1630,86.7501
306.6194,210.0104,73.1630,86.7501
313.3149,176.7471,74.7817,88.6695
306.5641,193.7847,74.7817,88.6695
299.8134,184.4622,74.7817,88.6695
324.5661,191.2130,74.7817,88.6695
319.7442,192.8203,74.7817,88.6695
313.2471,194.8411,76.4363,90.6313
316.1514,199.6337,78.1274,92.6365
297.0081,236.2409,78.1274,92.6365
293.9855,251.3540,78.1274,92.6365
291.9052,263.6715,76.4613,90.6610
292.7644,267.7837,78.1531,92.6669
293.7723,260.0567,78.1531,92.6669
2
0
0
0
0
1
261.9187,134.1767,68.6582,92.1613
260.3401,144.5957,68.6582,92.1613
2
0
0
0
0
1
244.1814,178.9832,66.3759,87.4067
242.0673,180.4933,66.3759,87.4067
241.1613,184.4195,66.3759,87.4067
236.3536,190.6593,67.8445,89.3405
232.7206,194.4751,69.3456,91.3172
238.7156,208.0427,69.3456,91.3172
244.0795,220.9792,69.3456,91.3172
245.0261,221.9257,69.3456,91.3172
247.8943,223.2035,67.8668,89.3698
253.1439,227.2179,67.8668,89.3698
251.4320,221.4236,69.3683,91.3472
254.9039,219.2142,69.3683,91.3472
257.7446,218.8985,69.3683,91.3472
260.5852,218.5829,69.3683,91.3472
247.6445,221.4236,69.3683,91.3472
232.1412,221.3954,70.9031,93.3682
231.8186,224.2989,70.9031,93.3682
226.6830,219.5842,72.4718,95.4340
228.9603,213.3968,74.0752,97.5455
229.9714,209.0152,74.0752,97.5455
227.6121,195.8704,74.0752,97.5455
227.9492,188.7925,74.0752,97.5455
224.6819,195.7561,75.7142,99.7037
221.3424,182.1434,77.3893,101.9096
223.0436,174.8054,79.1016,104.1644
212.8332,169.5456,80.8517,106.4690
199.9575,165.4989,80.8517,106.4690
195.1750,157.0377,80.8517,106.4690
188.1854,143.4262,80.8517,106.4690
203.2684,127.6075,80.8517,106.4690
187.4496,143.4262,80.8517,106.4690
181.9314,146.7371,80.8517,106.4690
168.3199,142.6905,80.8517,106.4690
185.3642,144.1844,82.6405,108.8246
2
0
0
0
0
1
235.8870,139.2268,87.1669,85.5927
241.6683,139.5669,87.1669,85.5927
248.8099,137.8665,87.1669,85.5927
2
0
0
0
0
1
262.8300,150.7207,93.2555,93.0895
266.8651,151.0875,93.2555,93.0895
267.9655,153.6553,93.2555,93.0895
266.1314,155.4894,93.2555,93.0895
264.2973,157.3235,93.2555,93.0895
260.2623,159.1576,93.2555,93.0895
258.4282,160.9917,93.2555,93.0895
259.5286,156.2231,93.2555,93.0895
258.4282,158.0572,93.2555,93.0895
252.9259,156.9567,93.2555,93.0895
249.6245,149.2535,93.2555,93.0895
240.4539,146.6857,93.2555,93.0895
234.2180,143.3843,93.2555,93.0895
228.7157,140.8166,93.2555,93.0895
220.2788,142.6507,93.2555,93.0895
211.1082,146.6857,93.2555,93.0895
205.6059,147.7862,93.2555,93.0895
200.8373,149.6203,93.2555,93.0895
198.2695,145.5853,93.2555,93.0895
197.1691,143.7512,93.2555,93.0895
190.1995,139.7161,93.2555,93.0895
187.6317,145.9521,93.2555,93.0895
187.9985,141.9170,93.2555,93.0895
184.6971,146.6857,93.2555,93.0895
186.5312,155.8562,93.2555,93.0895
192.0336,140.8166,93.2555,93.0895
197.5359,144.1180,93.2555,93.0895
204.5054,150.3539,93.2555,93.0895
210.0078,155.8562,93.2555,93.0895
216.2437,162.8258,93.2555,93.0895
220.2787,163.9263,93.2555,93.0895
223.5801,173.0968,93.2555,93.0895
236.4188,169.7954,93.2555,93.0895
248.5239,169.4286,93.2555,93.0895
254.7599,173.4636,93.2555,93.0895
258.0613,178.9659,93.2555,93.0895
262.8299,182.2673,93.2555,93.0895
266.8650,179.6995,93.2555,93.0895
270.9000,182.2673,93.2555,93.0895
269.0659,181.1668,93.2555,93.0895
275.3019,185.2019,93.2555,93.0895
280.8042,181.9005,93.2555,93.0895
284.8392,186.6691,93.2555,93.0895
288.8743,190.7042,93.2555,93.0895
298.7077,180.0292,91.2668,91.1043
303.3746,168.1823,91.2668,91.1043
314.5036,167.1053,91.2668,91.1043
314.8626,166.7463,91.2668,91.1043
325.3992,141.5285,93.2860,93.1200
327.9678,149.2343,93.2860,93.1200
340.8107,152.5367,93.2860,93.1200
334.5727,158.0409,93.2860,93.1200
340.0126,161.9598,95.3500,95.1803
341.8879,170.5862,95.3500,95.1803
338.5124,170.9613,95.3500,95.1803
336.6371,172.8366,95.3500,95.1803
328.0107,176.9622,95.3500,95.1803
323.4538,170.8507,97.4596,97.2861
261.7332,151.2994,97.4596,97.2861
260.9249,154.9233,95.3813,95.2115
259.0490,159.8006,95.3813,95.2115
250.3022,120.6758,93.3472,93.1811
247.7319,107.8245,93.3472,93.1811
250.3022,104.5198,93.3472,93.1811
251.6514,101.6204,91.3566,91.1940
256.3230,106.2920,91.3566,91.1940
257.4011,109.5261,91.3566,91.1940
261.9828,117.0923,93.3778,93.2116
274.8384,118.9288,93.3778,93.2116
274.4711,116.3577,93.3778,93.2116
269.6962,119.6634,93.3778,93.2116
266.3904,118.5615,93.3778,93.2116
258.6771,98.3599,93.3778,93.2116
253.9021,84.7697,93.3778,93.2116
251.0035,73.3727,91.3865,91.2239
2
0
0
0
0
1
289.8472,191.7541,67.7892,68.8788
293.9410,196.3781,66.3435,67.4099
295.7840,193.4819,66.3435,67.4099
298.1537,188.4794,66.3435,67.4099
299.9967,181.8971,66.3435,67.4099
302.8929,176.3679,66.3435,67.4099
302.1030,173.4717,66.3435,67.4099
299.7334,175.8414,66.3435,67.4099
299.9967,180.8439,66.3435,67.4099
300.2600,186.8996,66.3435,67.4099
296.8372,190.3224,66.3435,67.4099
292.3613,186.3730,66.3435,67.4099
289.7696,179.2248,64.9287,65.9724
287.9659,170.7214,64.9287,65.9724
288.7389,166.3409,64.9287,65.9724
287.9659,163.5064,64.9287,65.9724
286.1621,166.3409,64.9287,65.9724
282.1355,170.2731,63.5441,64.5655
279.3615,179.0995,63.5441,64.5655
282.7128,184.8923,62.1890,63.1886
284.9341,187.1135,62.1890,63.1886
287.6489,176.9946,62.1890,63.1886
287.4021,177.2414,62.1890,63.1886
279.2635,170.0650,60.8628,61.8411
296.3828,188.6770,62.2094,63.2093
298.1110,190.8990,62.2094,63.2093
299.3454,186.7019,62.2094,63.2093
294.5356,182.3787,60.8828,61.8614
291.8778,176.8214,60.8828,61.8614
290.4310,167.9327,59.5844,60.5422
290.0171,156.7135,60.9027,61.8817
292.6758,154.0548,60.9027,61.8817
290.5005,156.2301,60.9027,61.8817
2
0
0
0
0
1
312.1946,133.9753,36.5473,44.2691
312.3536,131.9095,36.5473,44.2691
310.2878,133.3397,36.5473,44.2691
308.8576,138.9014,36.5473,44.2691
307.4275,144.1453,36.5473,44.2691
305.9974,148.1179,36.5473,44.2691
303.2960,146.3699,36.5473,44.2691
298.0521,140.4904,36.5473,44.2691
299.1644,133.6575,36.5473,44.2691
298.0521,130.3204,36.5473,44.2691
296.7570,131.2520,35.7679,43.3251
295.4895,133.6626,35.0051,42.4012
295.3373,139.2940,35.0051,42.4012
293.3587,146.7518,35.0051,42.4012
333.9963,110.6803,35.0051,42.4012
2
0
0
0
0
1
291.8353,155.3248,38.6124,42.2111
293.5850,158.0288,38.6124,42.2111
296.9253,159.7785,38.6124,42.2111
297.7207,168.5269,38.6124,42.2111
295.3347,166.1410,38.6124,42.2111
293.9032,159.9376,38.6124,42.2111
292.1535,154.0523,38.6124,42.2111
291.2313,151.7700,39.4667,43.1450
289.1177,155.1842,39.4667,43.1450
289.2803,155.6720,39.4667,43.1450
292.6945,153.8836,39.4667,43.1450
294.4829,160.8746,39.4667,43.1450
296.2713,163.3133,39.4667,43.1450
294.1577,161.1997,39.4667,43.1450
294.9706,154.2087,39.4667,43.1450
292.6785,148.1651,40.3399,44.0996
296.1683,145.3401,40.3399,44.0996
299.6580,142.5150,40.3399,44.0996
301.4860,144.3430,40.3399,44.0996
304.6434,147.8327,40.3399,44.0996
306.1390,150.9901,40.3399,44.0996
309.2964,162.7888,40.3399,44.0996
305.1419,174.9198,40.3399,44.0996
303.3139,172.4271,40.3399,44.0996
303.5839,141.3435,39.4796,43.1592
306.3487,134.0249,39.4796,43.1592
307.1619,135.4886,39.4796,43.1592
306.6739,139.2292,39.4796,43.1592
304.5597,155.9806,39.4796,43.1592
303.0960,171.7562,39.4796,43.1592
303.5839,180.3758,39.4796,43.1592
303.7465,183.7911,39.4796,43.1592
306.8366,181.6769,39.4796,43.1592
309.2761,178.2615,39.4796,43.1592
317.5705,183.6285,39.4796,43.1592
321.9616,181.8395,39.4796,43.1592
2
0
0
0
0
1
319.4007,131.3017,40.1905,46.3181
319.9112,123.3030,40.1905,46.3181
317.8793,116.0873,39.3334,45.3303
317.8171,111.9151,38.4946,44.3636
317.6541,111.4260,38.4946,44.3636
316.1870,113.2191,38.4946,44.3636
315.0460,119.2502,38.4946,44.3636
312.6009,126.9114,38.4946,44.3636
309.8298,130.9866,38.4946,44.3636
308.6888,130.8236,38.4946,44.3636
307.2218,126.4224,38.4946,44.3636
307.0588,121.0433,38.4946,44.3636
306.5698,118.2722,38.4946,44.3636
305.7547,116.4792,38.4946,44.3636
305.5917,116.9682,38.4946,44.3636
305.7547,120.3913,38.4946,44.3636
306.5698,126.0964,38.4946,44.3636
307.4516,134.5822,37.6737,43.4176
307.9301,138.8895,37.6737,43.4176
309.0468,137.4537,37.6737,43.4176
311.4398,130.9131,37.6737,43.4176
312.8755,127.8820,37.6737,43.4176
314.9494,122.2985,37.6737,43.4176
316.7042,120.2247,37.6737,43.4176
318.1400,121.0223,37.6737,43.4176
320.2331,124.7143,36.8703,42.4917
319.1402,128.3052,36.8703,42.4917
319.9847,131.9184,36.0840,41.5855
320.1375,134.8215,36.0840,41.5855
319.6791,134.0575,36.0840,41.5855
318.9152,132.0712,36.0840,41.5855
318.9916,131.7697,36.8824,42.5056
320.0848,133.4876,36.8824,42.5056
322.7554,135.7720,37.6984,43.4460
328.3426,134.6545,37.6984,43.4460
327.4287,133.6771,38.5325,44.4073
324.9812,133.8402,38.5325,44.4073
322.5337,134.6561,38.5325,44.4073
320.0863,136.7772,38.5325,44.4073
318.2915,139.5510,38.5325,44.4073
320.7430,136.1819,39.3850,45.3898
322.5567,127.8935,40.2564,46.3940
323.1502,126.9095,39.3979,45.4047
325.3190,133.7495,39.3979,45.4047
325.7486,136.5358,40.2696,46.4092
329.0183,137.6146,41.1606,47.4361
330.9356,138.8347,41.1606,47.4361
329.5761,139.2141,42.0713,48.4856
331.1794,141.1737,42.0713,48.4856
332.0702,140.2830,42.0713,48.4856
332.6046,139.0359,42.0713,48.4856
334.2080,131.3755,42.0713,48.4856
340.2116,133.2419,43.0021,49.5583
2
0
0
0
0
1
321.6836,137.0890,35.0727,46.2170
325.3554,140.4415,35.0727,46.2170
332.2200,145.0711,35.0727,46.2170
334.2954,145.8693,35.0727,46.2170
337.3286,146.3483,35.0727,46.2170
344.5125,148.4236,35.0727,46.2170
345.9636,146.6083,34.3248,45.2314
345.8074,147.7020,34.3248,45.2314
339.7141,150.6705,34.3248,45.2314
332.3709,156.4514,34.3248,45.2314
331.0804,160.0961,33.5928,44.2668
333.0884,161.9860,34.3360,45.2462
331.3692,167.7687,34.3360,45.2462
330.5877,173.5514,34.3360,45.2462