0.0090
0.0140
0.0140
0.0140
0.0140
0.0140
0.0140
0.0150
0.0140
0.0140
0.0130
0.0140
0.0130
0.0130
0.0140
0.0140
0.0140
0.0140
0.0140
0.0140
0.0140
0.0140
0.0140
0.0140
0.0140
0.0140
0.0140
0.0169
0.0140
0.0150
0.0140
0.0140
0.0150
0.0140
0.0140
0.0140
0.0140
0.0150
0.0140
0.0140
0.0140
0.0140
0.0150
0.0140
0.0190
0.0140
0.0150
0.0140
0.0150
0.0140
0.0150
0.0150
0.0150
0.0150
0.0140
0.0140
0.0150
0.0140
0.0140
0.0334
0.0140
0.0150
0.0140
0.0150
0.0140
0.0150
0.0150
0.0159
0.0150
0.0170
0.0160
0.0160
0.0229
0.0199
NaN
NaN
NaN
NaN
0.0090
0.0150
0.0150
0.0139
NaN
NaN
NaN
NaN
0.0100
0.0150
0.0140
0.0140
0.0150
0.0140
0.0150
0.0150
0.0160
0.0160
0.0160
0.0150
0.0160
0.0160
0.0160
0.0160
0.0150
0.0160
0.0160
0.0239
0.0359
0.0160
0.0150
0.0140
0.0160
0.0150
0.0140
0.0150
0.0150
0.0149
0.0140
0.0140
0.0140
0.0140
0.0150
0.0140
NaN
NaN
NaN
NaN
0.0090
0.0140
0.0140
0.0140
0.0140
NaN
NaN
NaN
NaN
0.0090
0.0150
0.0140
0.0140
0.0140
0.0150
0.0140
0.0140
0.0150
0.0140
0.0150
0.0140
0.0150
0.0140
0.0150
0.0160
0.0160
0.0150
0.0140
0.0140
0.0140
0.0150
0.0140
0.0150
0.0140
0.0150
0.0140
0.0150
0.0140
0.0140
0.0140
0.0140
0.0140
0.0140
0.0140
0.0140
0.0140
0.0140
0.0160
0.0150
0.0150
0.0160
0.0150
0.0249
0.0150
0.0160
0.0140
0.0140
0.0150
0.0140
0.0140
0.0150
0.0140
0.0150
0.0140
0.0150
0.0150
0.0150
0.0160
0.0239
0.0180
0.0140
0.0150
0.0150
0.0150
0.0150
0.0140
0.0150
0.0140
0.0150
0.0140
0.0150
0.0140
0.0140
0.0150
0.0150
0.0160
NaN
NaN
NaN
NaN
0.0100
0.0140
0.0140
0.0150
0.0140
0.0140
0.0150
0.0140
0.0140
0.0150
0.0140
0.0140
0.0150
0.0140
0.0140
0.0150
0.0140
0.0140
0.0150
0.0140
0.0140
0.0269
0.0140
0.0140
0.0140
0.0150
0.0180
0.0150
0.0150
0.0140
0.0140
0.0140
0.0140
0.0140
0.0130
NaN
NaN
NaN
NaN
0.0090
0.0140
0.0140
0.0139
0.0160
0.0140
0.0140
0.0139
0.0140
0.0140
0.0140
0.0140
0.0140
0.0140
0.0140
0.0140
0.0140
NaN
NaN
NaN
NaN
0.0090
0.0140
0.0140
0.0150
0.0140
0.0140
0.0140
0.0140
0.0140
0.0140
0.0140
0.0140
0.0140
0.0140
0.0189
0.0140
0.0130
0.0140
0.0140
0.0160
0.0140
0.0150
0.0130
0.0140
0.0140
0.0139
0.0140
0.0140
0.0140
0.0140
0.0140
0.0140
0.0140
0.0140
0.0140
0.0140
0.0140
0.0140
NaN
NaN
NaN
NaN
0.0100
0.0130
0.0140
0.0140
0.0170
0.0152
0.0140
0.0140
0.0140
0.0140
0.0140
0.0140
0.0140
0.0130
0.0130
0.0139
0.0139
0.0140
0.0140
0.0140
0.0140
0.0140
0.0140
0.0140
0.0140
0.0140
0.0140
0.0140
0.0140
0.0140
0.0140
0.0140
0.0140
0.0140
0.0140
0.0140
0.0140
0.0140
0.0140
0.0170
0.0139
0.0140
0.0140
0.0140
0.0130
0.0180
0.0140
0.0140
0.0140
0.0140
0.0140
0.0286
0.0140
0.0140
0.0140
NaN
NaN
NaN
NaN
0.0090
0.0140
0.0140
0.0140
0.0140
0.0130
0.0180
0.0130
0.0140
0.0140
0.0130
0.0140
0.0130
0.0140
0.0130