1
298.9360,139.3642,71.5089,84.7889
295.0268,142.6202,73.7944,87.4988
294.0751,147.3785,73.7944,87.4988
295.1164,146.9319,76.1528,90.2952
296.7532,147.2593,76.1528,90.2952
301.0089,146.2772,76.1528,90.2952
303.3004,145.9498,76.1528,90.2952
303.6277,146.2772,76.1528,90.2952
303.9551,148.5687,76.1528,90.2952
303.0655,148.7626,78.5867,93.1811
306.2014,147.6113,81.0983,96.1591
310.8319,140.8455,83.6902,99.2324
319.1064,134.7296,83.6902,99.2324
323.0637,130.0527,83.6902,99.2324
327.0211,127.5344,83.6902,99.2324
328.1003,126.4551,83.6902,99.2324
326.4032,125.2291,86.3650,102.4038
326.1368,121.7365,89.1252,105.6767
327.2862,115.9896,89.1252,105.6767
337.4583,111.0894,86.4046,102.4509
340.8011,107.7466,86.4046,102.4509
344.8868,105.1466,86.4046,102.4509
349.0775,105.3666,89.1661,105.7252
354.0604,111.1161,89.1661,105.7252
362.2180,119.7756,92.0159,109.1042
367.4719,120.8010,94.9567,112.5911
362.2808,107.9806,97.9915,116.1896
349.2224,96.6073,97.9915,116.1896
339.5340,83.5490,97.9915,116.1896
333.8686,76.4764,95.0003,112.6428
330.0097,76.1537,92.1004,109.2044
328.8220,75.7578,92.1004,109.2044
328.4260,78.5292,92.1004,109.2044
328.1420,85.8901,95.0439,112.6945
336.0202,95.9376,98.0815,116.2963
347.5232,108.8360,101.2162,120.0131
358.5236,120.4062,104.4510,123.8487
355.1787,117.3574,101.2626,120.0682
349.5198,103.8632,101.2626,120.0682
348.2140,92.9808,101.2626,120.0682
348.6493,82.0983,101.2626,120.0682
349.7595,79.1426,98.1716,116.4031
349.1478,78.8092,95.1749,112.8498
350.3752,85.7644,95.1749,112.8498
350.7843,83.7187,95.1749,112.8498
352.8300,89.8556,95.1749,112.8498
360.6034,105.8116,95.1749,112.8498
368.3768,120.9493,95.1749,112.8498
367.1494,127.0863,95.1749,112.8498
365.1038,120.9493,95.1749,112.8498
357.3304,105.8116,95.1749,112.8498
358.3738,103.0336,92.2696,109.4051
357.9772,108.9832,92.2696,109.4051
352.8209,115.7260,92.2696,109.4051
349.0729,120.1723,89.4531,106.0654
353.3027,130.5547,89.4531,106.0654
348.9001,132.5580,86.7225,102.8278
344.1591,139.4891,89.4941,106.1141
348.4996,152.7970,92.3544,109.5055
339.3685,153.9880,92.3544,109.5055
333.2350,145.7343,89.5352,106.1628
317.4547,137.6517,89.5352,106.1628
317.6666,122.7220,86.8021,102.9222
313.6676,123.6893,89.5763,106.2116
304.6381,126.4655,86.8420,102.9694
300.3640,128.4104,84.1911,99.8263
300.5632,130.2959,81.6211,96.7790
291.1890,133.3106,84.2297,99.8721
291.6534,149.4565,86.9217,103.0640
289.8907,157.1508,89.6997,106.3579
284.9870,166.6334,92.5666,109.7571
282.3141,161.2982,95.5250,113.2650
271.3430,152.5075,98.5779,116.8849
263.1012,135.2224,95.5688,113.3170
259.2191,125.8597,92.6516,109.8579
258.6418,134.3072,89.8233,106.5045
258.0822,134.0022,87.0815,103.2534
253.2158,123.8951,87.0815,103.2534
251.9245,126.5940,84.4233,100.1016
251.3985,136.4688,81.8462,97.0459
246.8247,141.7462,81.8462,97.0459
244.4613,146.1766,84.4620,100.1475
242.7485,160.9147,87.1614,103.3482
240.7067,179.3526,84.5008,100.1935
241.6331,176.8862,81.9214,97.1351
241.8270,168.1562,79.4207,94.1700
237.3887,171.9117,79.4207,94.1700
235.5283,176.4216,76.9964,91.2954
231.9810,176.6176,79.4572,94.2132
225.5878,180.9187,81.9966,97.2243
226.4868,184.1650,79.4937,94.2565
225.4617,194.0748,79.4937,94.2565
214.9650,175.8244,82.0343,97.2689
219.3908,179.0722,79.5302,94.2997
224.3652,183.5883,77.1025,91.4212
220.5704,183.3264,74.7489,88.6306
219.4621,179.8593,72.4672,85.9251
163.5610,196.4350,70.2551,83.3022
166.7473,194.3843,68.1105,80.7594
170.5535,184.7224,68.1105,80.7594
171.8858,189.7612,66.0314,78.2942
176.1436,187.7743,66.0314,78.2942
187.0861,185.8469,64.0158,75.9042
191.0902,182.8776,62.0617,73.5872
2
0
0
0
0
1
271.1084,170.0172,37.4165,53.3742
271.5015,178.1311,36.2743,51.7450
266.0143,169.7733,35.1670,50.1654
270.5321,171.6139,35.1670,50.1654
226.8596,199.8922,35.1670,50.1654
227.2290,193.4628,34.0936,48.6341
2
0
0
0
0
1
242.0595,146.4268,69.1914,73.7673
269.2838,169.2189,67.0793,71.5156
269.5758,162.3475,69.2232,73.8012
270.4402,163.1387,71.4355,76.1599
193.4769,208.1119,73.7186,78.5939
193.1771,213.2084,73.7186,78.5939
199.3986,210.5106,71.4683,76.1948
201.3613,211.3829,69.2867,73.8690
202.1371,221.8087,67.1717,71.6141
201.2501,225.3602,65.1213,69.4281
198.2717,232.5109,63.1335,67.3087
198.5465,233.2325,65.1512,69.4599
200.4011,237.2067,65.1512,69.4599
2
0
0
0
0
1
267.1562,154.5969,85.9849,85.6953
266.1423,154.2590,85.9849,85.6953
265.8044,153.2451,85.9849,85.6953
261.4110,154.2590,85.9849,85.6953
260.3749,143.0889,88.7330,88.4341
253.0282,139.9320,91.5689,91.2604
246.1480,139.5254,88.7737,88.4747
237.4022,138.4604,91.6109,91.3023
231.2574,140.2420,94.5388,94.2204
221.2250,142.0999,94.5388,94.2204
217.8374,142.4232,91.6530,91.3442
214.5717,140.6033,94.5822,94.2636
213.4320,138.7252,97.6050,97.2763
209.9541,136.7871,100.7245,100.3852
200.8026,144.2576,97.6498,97.3209
201.1864,138.5005,97.6498,97.3209
204.5958,138.0669,94.6691,94.3502
201.9477,143.5999,91.7793,91.4701
209.4993,141.0560,94.7125,94.3935
221.7402,142.8690,91.8214,91.5121
220.6338,143.9328,94.7560,94.4368
225.4754,148.0295,94.7560,94.4368
228.8027,151.3620,97.7844,97.4550
230.6795,154.0024,94.7995,94.4802
241.4848,156.6106,94.7995,94.4802
253.0109,155.4734,97.8293,97.4998
255.7024,160.4720,97.8293,97.4998
258.3687,163.1435,100.9559,100.6159
269.8496,162.7260,104.1825,103.8316
277.5818,167.1771,101.0023,100.6621
283.4902,173.0802,97.9191,97.5893
284.5998,176.4940,94.9301,94.6104
283.4559,177.5939,97.9641,97.6341
283.8156,170.2582,101.0950,100.7545
293.7028,183.3188,98.0091,97.6789
296.3740,184.4544,101.1414,100.8008
300.7467,181.6718,101.1414,100.8008
305.1195,183.6594,101.1414,100.8008
303.9008,188.0114,104.3739,104.0224
306.7245,180.9843,101.1879,100.8470
311.0731,181.3613,104.4218,104.0701
320.4648,175.1517,101.2343,100.8933
319.2449,154.8387,104.4698,104.1179
336.0318,170.7990,101.2808,100.9397
338.7921,169.5841,104.5177,104.1657
344.0845,179.8006,101.3273,100.9860
350.0583,178.6058,101.3273,100.9860
355.9857,180.5454,98.2343,97.9034
360.1877,172.3872,95.2356,94.9148
347.8107,166.0044,98.2794,97.9483
341.1990,157.8425,95.2793,94.9584
336.2870,159.6663,92.3709,92.0598
338.8283,155.6727,92.3709,92.0598
336.9707,164.7019,89.5513,89.2496
331.6680,175.5947,92.4133,92.1021
335.6395,182.4769,95.3669,95.0456
339.7188,191.0493,92.4557,92.1443
343.6737,184.0978,89.6335,89.3316
338.3893,173.1767,89.6335,89.3316
338.7415,156.6189,89.6335,89.3316
340.4619,147.7658,86.8974,86.6047
339.3974,144.6476,84.2449,83.9611
343.6632,145.5980,81.6732,81.3982
338.8481,156.1912,81.6732,81.3982
338.5271,161.6483,81.6732,81.3982
334.3540,173.5255,81.6732,81.3982
330.1599,178.3239,84.2835,83.9996
322.5407,172.6924,84.2835,83.9996
313.5966,165.0733,84.2835,83.9996
308.6276,160.1043,84.2835,83.9996
306.2700,156.4174,81.7107,81.4355
306.5537,157.3391,79.2165,78.9497
302.4698,161.3463,76.7984,76.5397
299.7179,171.2680,74.4541,74.2033
297.0650,180.9097,76.8336,76.5749
297.3670,190.8752,76.8336,76.5749
298.2729,195.4049,76.8336,76.5749
301.5595,190.8360,74.4883,74.2374
301.8523,185.2734,74.4883,74.2374
300.3542,179.0873,72.2145,71.9713
305.7139,172.5223,70.0101,69.7743
303.7556,172.7618,67.8730,67.6444
305.0583,175.6616,65.8012,65.5796
305.8342,183.6789,65.8012,65.5796
306.6100,191.6962,65.8012,65.5796
306.8385,193.9903,63.7926,63.5777
305.0834,186.7191,63.7926,63.5777
299.3166,173.9319,63.7926,63.5777
295.0542,167.6637,63.7926,63.5777
291.7782,165.3941,65.8314,65.6097
293.5592,162.5144,63.8219,63.6069
294.2825,166.2444,61.8737,61.6653
295.4700,171.3198,59.9850,59.7829
296.6488,179.1000,59.9850,59.7829
297.3561,186.4087,59.9850,59.7829
297.5764,186.6322,61.9021,61.6936
302.1707,170.7862,60.0125,59.8104
304.7377,178.0676,58.1806,57.9847
307.2264,183.7547,56.4046,56.2147
306.9901,187.9553,58.2073,58.0113
308.5648,188.1543,56.4305,56.2405
309.6479,178.5884,54.7080,54.5237
305.9784,170.6214,56.4564,56.2663
308.3933,157.5008,54.7331,54.5487
310.3294,150.4018,54.7331,54.5487
310.5194,144.9958,53.0624,52.8836
313.2307,143.9530,53.0624,52.8836
309.6715,145.4020,54.7582,54.5738
310.2921,152.9068,53.0867,52.9079
310.8936,157.6787,51.4662,51.2929
311.4872,155.8476,53.1111,52.9322
312.0891,149.7669,51.4899,51.3164
311.4819,140.2553,51.4899,51.3164
312.4702,132.3364,49.9181,49.7500
310.6915,126.2441,51.5135,51.3400
311.6802,127.6351,49.9410,49.7728
310.6988,127.0462,49.9410,49.7728
310.5025,128.4202,49.9410,49.7728
308.7130,136.0499,48.4166,48.2535
307.0003,141.5685,48.4166,48.2535
304.1459,139.8558,48.4166,48.2535
301.6721,134.3373,48.4166,48.2535
298.4148,127.2716,46.9386,46.7805
300.4226,124.1114,45.5058,45.3525
299.8652,124.6248,44.1167,43.9681
298.9780,126.8564,42.7701,42.6260
295.7840,132.0676,42.7701,42.6260
293.9238,138.6148,44.1370,43.9883
294.7798,145.7182,45.5476,45.3942
292.4316,152.3187,44.1573,44.0085
292.5849,151.4284,42.8093,42.6651
292.4167,151.5967,42.8093,42.6651
290.2293,150.0824,42.8093,42.6651
291.4071,147.8950,42.8093,42.6651
294.9209,147.7049,41.5026,41.3628
297.3570,149.4908,42.8290,42.6847
300.2076,153.6903,44.1978,44.0489
298.9713,156.9684,42.8487,42.7043
299.1397,158.8209,42.8487,42.7043
295.6031,158.6525,42.8487,42.7043
298.7832,150.7153,41.5407,41.4008
301.2323,146.6335,41.5407,41.4008
300.4052,142.5432,42.8683,42.7239
302.9325,142.0378,42.8683,42.7239
301.4051,140.8496,44.2384,44.0894
301.2312,143.1099,44.2384,44.0894
300.3504,145.7090,45.6523,45.4985
302.6712,146.5968,47.1113,46.9526
301.3750,143.8193,47.1113,46.9526
301.9305,138.8199,47.1113,46.9526
304.3160,133.7964,45.6732,45.5194
306.2907,128.9495,45.6732,45.5194
310.0395,129.4647,44.2790,44.1299
311.9424,130.6739,45.6942,45.5403
312.4812,134.8046,45.6942,45.5403
313.0200,140.7312,45.6942,45.5403
313.5470,142.6974,47.1546,46.9957
311.1376,139.9174,47.1546,46.9957
310.5694,134.5331,48.6616,48.4977
310.7607,127.4565,48.6616,48.4977
310.5471,122.2677,47.1762,47.0173
312.5651,120.5748,45.7362,45.5821
314.1619,121.0908,44.3400,44.1907
316.4071,122.2880,42.9865,42.8418
316.2382,132.9321,42.9865,42.8418
318.0769,140.8510,41.6744,41.5340
319.8787,145.2735,41.6744,41.5340
319.3765,149.3598,43.0063,42.8614
321.9120,143.4438,43.0063,42.8614
322.3994,138.5199,41.6935,41.5531
325.1852,127.8683,41.6935,41.5531
326.9686,126.0444,40.4208,40.2847
324.9033,126.8388,40.4208,40.2847
325.3614,130.4721,39.1869,39.0550
324.8892,134.0066,40.4394,40.3031
325.6653,139.2310,39.2049,39.0729
323.9703,139.6933,39.2049,39.0729
321.3407,139.8394,40.4579,40.3216
322.1357,127.9132,40.4579,40.3216
325.1385,116.6025,39.2229,39.0908
324.9663,113.0368,38.0256,37.8976
324.2190,113.4852,38.0256,37.8976
322.5576,115.7076,36.8649,36.7407
320.3747,117.5837,38.0431,37.9150
317.5239,123.1083,39.2590,39.1267
314.9007,130.6691,39.2590,39.1267
314.1112,132.0378,38.0606,37.9324
312.1567,127.0934,39.2770,39.1447
312.9105,121.0528,38.0780,37.9498
313.0602,117.3113,38.0780,37.9498
312.8930,115.6456,36.9157,36.7914
313.9087,117.2416,36.9157,36.7914
314.0538,121.4493,36.9157,36.7914
312.4482,127.6807,38.0955,37.9672
313.4963,135.3170,38.0955,37.9672
314.8439,140.8569,38.0955,37.9672
315.5827,140.1005,39.3130,39.1806
317.5914,133.4564,39.3130,39.1806
318.3640,126.5032,39.3130,39.1806
320.0456,121.0751,38.1130,37.9846
322.5747,119.7075,36.9496,36.8251
323.2838,122.4479,35.8217,35.7010
325.9425,127.6389,34.7282,34.6113
326.3520,134.0542,34.7282,34.6113
328.6724,136.1016,34.7282,34.6113
329.0729,135.6850,35.8381,35.7174
330.6131,134.4100,36.9835,36.8590
331.9213,133.6832,36.9835,36.8590
331.7759,133.5378,36.9835,36.8590
327.8343,133.0829,35.8546,35.7338
325.9858,131.5145,34.7601,34.6430
324.4670,134.3657,33.6991,33.5856
323.2596,137.1300,32.6704,32.5603
331.3492,133.9198,32.6704,32.5603
333.2753,134.3051,32.6704,32.5603
332.6248,131.0882,33.7145,33.6010
333.5369,135.1788,32.6854,32.5753
332.8861,132.9882,33.7300,33.6164
330.8888,130.7276,34.8080,34.6908
328.8277,128.1211,35.9205,35.7995
327.2582,131.9147,34.8240,34.7067
320.5356,136.1399,33.7610,33.6473
320.1220,138.9092,32.7304,32.6202
320.7502,137.4775,31.7313,31.6244
312.8785,143.3229,30.7627,30.6591
313.7169,139.8103,31.7459,31.6390
312.5940,141.1828,31.7459,31.6390
312.2196,143.3039,31.7459,31.6390
310.5894,141.9249,32.7605,32.6501
311.2182,145.8998,31.7605,31.6535
312.8327,140.7752,32.7755,32.6651
312.4378,137.8057,33.8230,33.7091
312.8279,136.6023,34.9040,34.7864
312.9651,140.0320,34.9040,34.7864
314.4741,142.9129,34.9040,34.7864
317.8878,147.6966,33.8386,33.7246
322.7932,152.0682,32.8056,32.6951
328.8382,160.6904,31.8042,31.6971
332.4633,167.0655,31.8042,31.6971
312.3379,171.1906,31.8042,31.6971
313.9629,168.0655,31.8042,31.6971
314.0797,166.1840,32.8207,32.7101
319.3535,175.3261,31.8188,31.7117
317.4630,186.4402,30.8475,30.7436
324.8508,188.9799,31.8334,31.7262
326.2271,189.1051,31.8334,31.7262
349.1090,164.4407,30.8617,30.7578
349.9439,165.0314,29.9196,29.8189
348.8718,167.2505,29.0063,28.9086
355.5849,186.0466,28.1209,28.0262
