0.19592
0.22621
0.055502
0.028055
0.036421
0.031383
0.025268
0.021661
0.021695
0.021375
0.02152
0.02157
0.021105
0.021152
0.02524
0.02122
0.021047
0.021146
0.02111
0.021111
0.023594
0.022068
0.021146
0.02102
0.021169
0.021092
0.021041
0.022537
0.021177
0.021186
0.021045
0.025114
0.022648
0.023107
0.021175
0.021209
0.021311
0.02129
0.021108
0.021085
0.025703
0.024276
0.02642
0.022044
0.024617
0.021197
0.02108
0.020997
0.021019
0.020994
0.020882
0.020948
0.020962
0.021139
0.020925
0.020992
0.020931
0.020955
0.021018
0.020941
0.020966
0.020891
0.021706
0.022443
0.020995
0.020962
0.021002
0.020939
0.02103
0.020976
0.020939
0.020993
0.020913
0.020935
0.020966
0.021591
0.021005
0.020891
0.020789
0.020899
0.020803
0.020675
0.020778
0.020762
0.021449
0.024602
0.020835
0.020871
0.020906
0.02082
0.020829
0.020752
0.022678
0.020754
0.02078
0.020792
0.020792
0.020807
0.020978
0.020826
0.025518
0.026519
0.026608
0.020974
0.020806
0.020898
0.020842
0.02103
0.020878
0.020769
0.020829
0.025121
0.026408
0.026424
0.024933
0.024087
0.021011
0.020749
0.020837
0.020781
0.020679
0.02067
0.020713
0.02073
0.020685
0.025488
0.026597
0.026307
0.026553
0.026515
0.026167
0.026128
0.026156
0.026206
0.02615
0.02118
0.02087
0.020828
0.020776
0.020907
0.02087
0.020911
0.02071
0.020782
0.020747
0.020661
0.020795
0.020744
0.020767
0.020856
0.020877
0.020786
0.021213
0.020797
0.020842
0.021089
0.020779
0.020851
0.019067
0.020784
0.020868
0.020759
0.020874
0.020904
0.020797
0.022114
0.023281
0.027956
0.027814
0.027644
0.02844
0.027686
0.028366
0.028559
0.027573
0.027841
0.027736
0.027092
0.02172
0.025036
0.021815
0.021642
0.021667
0.021756
0.021654
0.021686
0.021619
0.021696
0.021708
0.021621
0.022223
0.021658
0.022177
0.021619
0.021636
0.022339
0.022246
0.022312
0.021683
0.022203
0.024597
0.021739
0.021716
0.021713
0.021656
0.021765
0.022297
0.021764
0.021714
0.02162
0.021703
0.021723
0.022308
0.021697
0.021707
0.022355
0.021981
0.021784
0.021727
0.021715
0.022159
0.021766
0.021813
0.022294
0.021684
0.022013
0.022251
0.022277
0.021728
0.021753
0.021734
0.021667
0.021695
0.022301
0.022463
0.022294
0.022368
0.022254
0.021733
0.021742
0.021814
0.021749
0.02168
0.02176
0.021684
0.021694
0.021706
0.021786
0.022361
0.021743
0.02653
0.027805
0.027743
0.027958
0.026876
0.021914
0.021704
0.021794
0.021669
0.021663
0.021691
0.021823
0.021625
0.02172
0.021681
0.021766
0.021646
0.021685
0.02162
0.021668
0.02167
0.021774
0.021631
0.021661
0.021726
0.021779
0.021723
0.021768
0.02172
0.021678
0.022238
0.021863
0.021725
0.02197
0.021724
0.021726
0.02172
0.021658
0.021686
0.021797
0.021866
0.021631
0.021682
0.021664
0.021735
0.02177
0.021696
0.021756
0.0217
0.021705
0.022526
0.021663
0.021722
0.021718
0.02167
0.021721
0.021681
0.022424
0.022255
0.021682
0.022343
0.022324
0.022288
0.02238
0.021776
0.021669
0.021728
0.024364
0.022916
0.023545
0.022821
0.02367
0.023819
0.023185
0.023409
0.022629
0.02331
0.022562
0.021699
0.022396
0.021631
0.021812
0.021759
0.022212
0.025081
0.027939
0.027733
0.027471
0.028242
0.02602
0.02172
0.021499
0.021878
0.021609
0.021734
0.021842
0.021622
0.021587
0.02167
0.021674
0.021643
0.021587
0.021853
0.021736
0.021568
0.021603
0.021653
0.021648
0.02164
0.021693
0.022307
0.022381
0.021642
0.021587
0.021627
0.02163
0.021744
0.021734
0.021688
0.021668
0.0219
0.022465
0.021555
0.021727
0.021668
0.021579
0.023241
0.022484
0.020396
0.023086
0.022484
0.022601
0.022462
0.022442
0.0233
0.023233
0.022594
0.023269
0.023804
0.023353
0.028329
0.024065
0.023385
0.022526
0.023154
0.023252
0.022503
0.023212
0.023808
0.023251
0.02331
0.022656
0.023316
0.023231
0.023904
0.02329
0.022596
0.02249
0.023298
0.022527
0.022315
0.022545
0.022008
0.022487
0.022019
0.022512
0.022036
0.022431
0.022117
0.022603
0.022442
0.022516
0.022174
0.02246
0.021994
0.022586
0.022112
0.022445
0.022044
0.022526
0.023325
0.023882
0.022821
0.022451
0.022709
0.022456
0.023348
0.024077
0.022081
0.022427
0.022884
0.023202
0.023445
0.025141
0.023112
0.023337
0.022699
0.022804
0.022822
0.023358
0.023476
0.024013
0.022763
0.023364
0.024116
0.023619
0.022783
0.022697
0.023445
0.023473
0.023602
0.023368
0.02338
0.024013
0.023975
0.024124
0.024149
0.023689
0.02382
0.024278
0.02368
0.02416
0.023799
0.023416
0.023542
0.024034
0.023713
0.023575
0.024961
0.025047
0.02487
0.025141
0.024192
0.024069
0.025023
0.024567
0.024275
0.022836
0.024186
0.023597
0.023979
0.024215
0.025185
0.025212
0.024505
0.025368
0.0237
0.024464
0.023849
0.024779
0.027183
0.029366
0.030494
0.031855
0.032942
0.032364
0.031944
0.030147
0.025378
0.024678
0.026143
0.025029
0.025151
0.024639
0.024786
0.025298
0.025134
0.025204
0.024976
0.025007
0.025506
0.025716
0.025797
0.025275
0.024792
0.025148
0.02456
0.025615
0.024215
0.023886
0.024877
0.023746
0.024919
0.024401
0.024764
0.02547
0.024438
0.023522
0.024497
0.0255
0.023816
0.025165
0.023756
0.025281
0.024272
0.023407
0.024442
0.024318
0.023426
0.024436
0.02376
0.023793
0.023714
0.024719
0.023375
0.024494
0.024298
0.024489
0.023809
0.023725
0.023542
0.023461
0.023415
0.023473
0.024541
0.023872
0.023815
0.023486
0.022761
0.022574
0.023033
0.023025
0.023632
0.022942
0.023747
0.023547
0.022601
0.02259
0.022621
0.022624
0.022966
0.023043
0.023
0.02368
0.021467
0.022604
0.023551
0.022746
0.022591
0.022628
0.022547
0.022659
0.022973
0.023571
0.022574
0.024025
0.02276
0.023795
0.022924
0.023138
0.022804
0.022746
0.022891
0.022727
0.023729
0.022771
0.022827
0.022746
0.022811
0.022901
0.021933
0.022453
0.021921
0.022011
0.021965
0.022039
0.021987
0.022066
0.022058
0.021968
0.022004
0.022064
0.022034
0.022075
0.022104
0.021974
0.021996
0.06332
0.023909
0.021712
0.021312
0.021331
0.021271
0.021297
0.021341
0.021342
0.022176
0.021305
0.026927
0.022113
0.02285
0.022317
0.022336
0.022166
0.022162
0.022249
0.021336
0.021421
0.021946
0.021397
0.021367
0.021362
0.021327
0.021278
0.022193
0.022173
0.021266
0.022239
0.022265
0.021778
0.021359
0.021227
0.021314
0.021459
0.021386
0.021337
0.021394
0.02134
0.021421
0.021335
0.021338
0.021411
0.021366
0.021311
0.030984
0.024408
0.021443
0.021792
0.021434
0.021385
0.0214
0.021469
0.021509
0.021425
0.021475
0.021346
0.021831
0.021744
0.021523
0.021599
0.021561
0.021549
0.021551
0.02153
0.021603
0.02156
0.022026
0.021764
0.021713
0.021643
0.021655
0.021652
0.021645
0.021611
0.02176
0.022111
0.021936
0.021805
0.021734
0.021766
0.021825
0.021935
0.021782
0.021807
0.02217
0.021939
0.021837
0.021805
0.021944
0.021768
0.021864
0.021882
0.021877
0.02184
0.022519
0.021982
0.022034
0.021915
0.021944
0.021974
0.021899
0.021957
0.022012
0.033758
0.024744
0.024574
0.024297
0.024927
0.024286
0.024293
0.024138
0.024191
0.024133
0.024082
0.024075
0.024141
0.024031
0.024101
0.023974
0.022574
0.022172
0.022168
0.02262
0.022452
0.022225
0.022253
0.022159
0.02213
0.022599
0.022285
0.02225
0.022374
0.022192
0.024191
0.024398
0.022208
0.024244
0.022282
0.022361
0.022197
0.022363
0.022195
0.022187
0.02429
0.022238
0.022188
0.022753
0.022274
0.022356
0.022408
0.022375
0.022422
0.022549
0.022308
0.022506
0.022401
0.022295
0.022368
0.022437
0.022315
0.022382
0.022399
0.022267
0.022361
0.02233
0.022315
0.022342
0.022397
0.022428
0.022381
0.022449
0.022343
0.022358
0.021223
0.022357
0.022307
0.022334
0.02231
0.022419
0.022287
0.022348
0.02233
0.022345
0.022487
0.02234
0.023265
0.023297
0.023259
0.023154
0.023138
0.023195
0.023197
0.023253
0.023208
0.023328
0.023222
0.023282
0.023234
0.023259
0.023183
0.022409
0.022789
0.022421
0.024266
0.02443
0.024286
0.024299
0.02233
0.02237
0.02238
0.02236
0.022325
0.022488
0.02238
