0.20439,0.20124,0.20877,0,0,0,0,0,0,0,0,0,0,0,0
0.21455,0.21998,0.21696,0,0,0,0,0,0,0,0,0,0,0,0
0.057839,0.059054,0.058443,0,0,0,0,0,0,0,0,0,0,0,0
0.02971,0.030046,0.030082,0,0,0,0,0,0,0,0,0,0,0,0
0.03673,0.03971,0.039504,0,0,0,0,0,0,0,0,0,0,0,0
0.033686,0.034323,0.03408,0,0,0,0,0,0,0,0,0,0,0,0
0.027697,0.028284,0.028133,0,0,0,0,0,0,0,0,0,0,0,0
0.024345,0.02527,0.025198,0,0,0,0,0,0,0,0,0,0,0,0
0.024162,0.025019,0.025043,0,0,0,0,0,0,0,0,0,0,0,0
0.02377,0.024661,0.024594,0,0,0,0,0,0,0,0,0,0,0,0
0.023638,0.02462,0.024495,0,0,0,0,0,0,0,0,0,0,0,0
0.02327,0.024711,0.024,0,0,0,0,0,0,0,0,0,0,0,0
0.023587,0.024395,0.024321,0,0,0,0,0,0,0,0,0,0,0,0
0.023553,0.024354,0.024307,0,0,0,0,0,0,0,0,0,0,0,0
0.024102,0.025043,0.024907,0,0,0,0,0,0,0,0,0,0,0,0
0.023372,0.024064,0.023956,0,0,0,0,0,0,0,0,0,0,0,0
0.024431,0.024999,0.024697,0,0,0,0,0,0,0,0,0,0,0,0
0.024129,0.024586,0.024505,0,0,0,0,0,0,0,0,0,0,0,0
0.023482,0.023929,0.023811,0,0,0,0,0,0,0,0,0,0,0,0
0.023997,0.024472,0.024306,0,0,0,0,0,0,0,0,0,0,0,0
0.024,0.024792,0.024502,0,0,0,0,0,0,0,0,0,0,0,0
0.022561,0.02337,0.023135,0,0,0,0,0,0,0,0,0,0,0,0
0.022408,0.023169,0.022993,0,0,0,0,0,0,0,0,0,0,0,0
0.022394,0.023088,0.022918,0,0,0,0,0,0,0,0,0,0,0,0
0.022465,0.02319,0.02296,0,0,0,0,0,0,0,0,0,0,0,0
0.022448,0.023271,0.023108,0,0,0,0,0,0,0,0,0,0,0,0
0.022655,0.023343,0.023247,0,0,0,0,0,0,0,0,0,0,0,0
0.022436,0.023233,0.023152,0,0,0,0,0,0,0,0,0,0,0,0
0.022331,0.023147,0.02297,0,0,0,0,0,0,0,0,0,0,0,0
0.022384,0.023141,0.023027,0,0,0,0,0,0,0,0,0,0,0,0
0.022245,0.022989,0.022925,0,0,0,0,0,0,0,0,0,0,0,0
0.022799,0.023455,0.023307,0,0,0,0,0,0,0,0,0,0,0,0
0.02248,0.023001,0.022678,0,0,0,0,0,0,0,0,0,0,0,0
0.022276,0.022667,0.022542,0,0,0,0,0,0,0,0,0,0,0,0
0.021922,0.022544,0.022248,0,0,0,0,0,0,0,0,0,0,0,0
0.022777,0.023376,0.023249,0,0,0,0,0,0,0,0,0,0,0,0
0.022422,0.023091,0.022792,0,0,0,0,0,0,0,0,0,0,0,0
0.022849,0.023256,0.023209,0,0,0,0,0,0,0,0,0,0,0,0
0.022595,0.023216,0.02303,0,0,0,0,0,0,0,0,0,0,0,0
NaN,NaN,NaN,0,0,0,0,0,0,0,0,0,0,0,0
NaN,NaN,NaN,0,0,0,0,0,0,0,0,0,0,0,0
NaN,NaN,NaN,0,0,0,0,0,0,0,0,0,0,0,0
NaN,NaN,NaN,0,0,0,0,0,0,0,0,0,0,0,0
0.1961,0.1973,0.19763,0,0,0,0,0,0,0,0,0,0,0,0
0.21863,0.22078,0.22063,0,0,0,0,0,0,0,0,0,0,0,0
0.056259,0.055316,0.055301,0,0,0,0,0,0,0,0,0,0,0,0
0.029265,0.028186,0.028065,0,0,0,0,0,0,0,0,0,0,0,0
0.038072,0.037091,0.037019,0,0,0,0,0,0,0,0,0,0,0,0
0.032269,0.031425,0.03088,0,0,0,0,0,0,0,0,0,0,0,0
0.026196,0.0251,0.02513,0,0,0,0,0,0,0,0,0,0,0,0
0.022519,0.021335,0.021616,0,0,0,0,0,0,0,0,0,0,0,0
0.023173,0.021981,0.021781,0,0,0,0,0,0,0,0,0,0,0,0
0.021445,0.02122,0.021569,0,0,0,0,0,0,0,0,0,0,0,0
0.021265,0.021384,0.0215,0,0,0,0,0,0,0,0,0,0,0,0
0.023366,0.023418,0.023928,0,0,0,0,0,0,0,0,0,0,0,0
0.023109,0.022961,0.023286,0,0,0,0,0,0,0,0,0,0,0,0
0.022623,0.022638,0.022988,0,0,0,0,0,0,0,0,0,0,0,0
0.023261,0.023241,0.023666,0,0,0,0,0,0,0,0,0,0,0,0
0.023376,0.023378,0.02384,0,0,0,0,0,0,0,0,0,0,0,0
0.022652,0.02262,0.022914,0,0,0,0,0,0,0,0,0,0,0,0
0.022476,0.022321,0.022865,0,0,0,0,0,0,0,0,0,0,0,0
0.022685,0.022531,0.022869,0,0,0,0,0,0,0,0,0,0,0,0
0.022554,0.022448,0.023025,0,0,0,0,0,0,0,0,0,0,0,0
0.023369,0.023285,0.023545,0,0,0,0,0,0,0,0,0,0,0,0
0.022056,0.02211,0.022249,0,0,0,0,0,0,0,0,0,0,0,0
0.022371,0.022346,0.022374,0,0,0,0,0,0,0,0,0,0,0,0
0.022398,0.022444,0.022732,0,0,0,0,0,0,0,0,0,0,0,0
0.022988,0.02283,0.022798,0,0,0,0,0,0,0,0,0,0,0,0
0.062618,0.062469,0.063387,0,0,0,0,0,0,0,0,0,0,0,0
0.022397,0.022412,0.022423,0,0,0,0,0,0,0,0,0,0,0,0
0.021386,0.021359,0.021427,0,0,0,0,0,0,0,0,0,0,0,0
0.02124,0.021281,0.021274,0,0,0,0,0,0,0,0,0,0,0,0
0.021466,0.021487,0.021611,0,0,0,0,0,0,0,0,0,0,0,0
0.021343,0.021387,0.021379,0,0,0,0,0,0,0,0,0,0,0,0
0.02636,0.026678,0.026607,0,0,0,0,0,0,0,0,0,0,0,0
0.02141,0.021435,0.0213,0,0,0,0,0,0,0,0,0,0,0,0
0.021424,0.021441,0.021562,0,0,0,0,0,0,0,0,0,0,0,0
0.022675,0.022606,0.022747,0,0,0,0,0,0,0,0,0,0,0,0
0.022406,0.022368,0.022668,0,0,0,0,0,0,0,0,0,0,0,0
0.02195,0.021954,0.022104,0,0,0,0,0,0,0,0,0,0,0,0
0.022617,0.02265,0.02293,0,0,0,0,0,0,0,0,0,0,0,0
0.021092,0.02125,0.021159,0,0,0,0,0,0,0,0,0,0,0,0
0.02254,0.022486,0.022748,0,0,0,0,0,0,0,0,0,0,0,0
0.024461,0.024438,0.025032,0,0,0,0,0,0,0,0,0,0,0,0
0.024341,0.024259,0.024671,0,0,0,0,0,0,0,0,0,0,0,0
0.024636,0.024695,0.025254,0,0,0,0,0,0,0,0,0,0,0,0
0.023437,0.023388,0.023578,0,0,0,0,0,0,0,0,0,0,0,0
0.022957,0.02303,0.023357,0,0,0,0,0,0,0,0,0,0,0,0
0.022605,0.022539,0.022804,0,0,0,0,0,0,0,0,0,0,0,0
0.022595,0.022541,0.022725,0,0,0,0,0,0,0,0,0,0,0,0
0.021871,0.021837,0.02194,0,0,0,0,0,0,0,0,0,0,0,0
0.022119,0.022102,0.022141,0,0,0,0,0,0,0,0,0,0,0,0
0.022066,0.022073,0.022193,0,0,0,0,0,0,0,0,0,0,0,0
0.022496,0.0226,0.022677,0,0,0,0,0,0,0,0,0,0,0,0
0.022417,0.022395,0.022629,0,0,0,0,0,0,0,0,0,0,0,0
0.022272,0.022446,0.022521,0,0,0,0,0,0,0,0,0,0,0,0
0.022612,0.022572,0.022831,0,0,0,0,0,0,0,0,0,0,0,0
0.022623,0.022731,0.022956,0,0,0,0,0,0,0,0,0,0,0,0
0.022528,0.022538,0.022697,0,0,0,0,0,0,0,0,0,0,0,0
0.022143,0.022042,0.022249,0,0,0,0,0,0,0,0,0,0,0,0
0.022788,0.022816,0.022921,0,0,0,0,0,0,0,0,0,0,0,0
0.02253,0.022605,0.022756,0,0,0,0,0,0,0,0,0,0,0,0
0.022956,0.022692,0.022927,0,0,0,0,0,0,0,0,0,0,0,0
0.022452,0.022605,0.022753,0,0,0,0,0,0,0,0,0,0,0,0
0.02264,0.022555,0.022818,0,0,0,0,0,0,0,0,0,0,0,0
0.022697,0.02275,0.023031,0,0,0,0,0,0,0,0,0,0,0,0
0.022803,0.022724,0.023096,0,0,0,0,0,0,0,0,0,0,0,0
0.022091,0.021958,0.022229,0,0,0,0,0,0,0,0,0,0,0,0
0.024081,0.024041,0.024396,0,0,0,0,0,0,0,0,0,0,0,0
0.023066,0.023163,0.023346,0,0,0,0,0,0,0,0,0,0,0,0
0.023416,0.023337,0.023545,0,0,0,0,0,0,0,0,0,0,0,0
0.02345,0.02342,0.02375,0,0,0,0,0,0,0,0,0,0,0,0
0.022648,0.022424,0.022748,0,0,0,0,0,0,0,0,0,0,0,0
0.022498,0.022554,0.022825,0,0,0,0,0,0,0,0,0,0,0,0
0.022652,0.022823,0.022974,0,0,0,0,0,0,0,0,0,0,0,0
0.025028,0.024951,0.023105,0,0,0,0,0,0,0,0,0,0,0,0
0.024156,0.024151,0.024535,0,0,0,0,0,0,0,0,0,0,0,0
0.021376,0.023617,0.024113,0,0,0,0,0,0,0,0,0,0,0,0
0.024148,0.024118,0.024817,0,0,0,0,0,0,0,0,0,0,0,0
0.023972,0.02393,0.024456,0,0,0,0,0,0,0,0,0,0,0,0
0.02401,0.023997,0.024512,0,0,0,0,0,0,0,0,0,0,0,0
0.023327,0.02338,0.023807,0,0,0,0,0,0,0,0,0,0,0,0
0.023843,0.023962,0.024338,0,0,0,0,0,0,0,0,0,0,0,0
0.023972,0.023832,0.024337,0,0,0,0,0,0,0,0,0,0,0,0
0.024143,0.024094,0.02473,0,0,0,0,0,0,0,0,0,0,0,0
0.023838,0.023939,0.024252,0,0,0,0,0,0,0,0,0,0,0,0
0.023631,0.023681,0.024035,0,0,0,0,0,0,0,0,0,0,0,0
0.023988,0.023893,0.024639,0,0,0,0,0,0,0,0,0,0,0,0
0.023972,0.023878,0.024663,0,0,0,0,0,0,0,0,0,0,0,0
0.023482,0.023464,0.024109,0,0,0,0,0,0,0,0,0,0,0,0
0.022612,0.02263,0.023066,0,0,0,0,0,0,0,0,0,0,0,0
0.022637,0.022594,0.023027,0,0,0,0,0,0,0,0,0,0,0,0
0.022728,0.022772,0.023239,0,0,0,0,0,0,0,0,0,0,0,0
0.022679,0.022599,0.023027,0,0,0,0,0,0,0,0,0,0,0,0
0.022527,0.022796,0.023019,0,0,0,0,0,0,0,0,0,0,0,0
0.022742,0.023146,0.023369,0,0,0,0,0,0,0,0,0,0,0,0
0.022224,0.022365,0.02252,0,0,0,0,0,0,0,0,0,0,0,0
0.022588,0.02258,0.023053,0,0,0,0,0,0,0,0,0,0,0,0
0.021749,0.021973,0.022028,0,0,0,0,0,0,0,0,0,0,0,0
0.021369,0.021277,0.021358,0,0,0,0,0,0,0,0,0,0,0,0
0.021508,0.021569,0.021704,0,0,0,0,0,0,0,0,0,0,0,0
0.021311,0.021296,0.021543,0,0,0,0,0,0,0,0,0,0,0,0
0.021335,0.021363,0.021496,0,0,0,0,0,0,0,0,0,0,0,0
0.021845,0.022101,0.022261,0,0,0,0,0,0,0,0,0,0,0,0
0.021873,0.022118,0.022385,0,0,0,0,0,0,0,0,0,0,0,0
0.022174,0.021855,0.022049,0,0,0,0,0,0,0,0,0,0,0,0
0.021736,0.021644,0.021959,0,0,0,0,0,0,0,0,0,0,0,0
0.021475,0.021433,0.021548,0,0,0,0,0,0,0,0,0,0,0,0
0.021153,0.021135,0.021285,0,0,0,0,0,0,0,0,0,0,0,0
0.021161,0.021134,0.021273,0,0,0,0,0,0,0,0,0,0,0,0
0.021232,0.021203,0.021334,0,0,0,0,0,0,0,0,0,0,0,0
0.02116,0.02124,0.021219,0,0,0,0,0,0,0,0,0,0,0,0
0.021141,0.021076,0.021296,0,0,0,0,0,0,0,0,0,0,0,0
0.021659,0.021687,0.021834,0,0,0,0,0,0,0,0,0,0,0,0
0.022021,0.022315,0.022439,0,0,0,0,0,0,0,0,0,0,0,0
0.021701,0.021818,0.021735,0,0,0,0,0,0,0,0,0,0,0,0
0.021602,0.021797,0.021657,0,0,0,0,0,0,0,0,0,0,0,0
0.021441,0.021585,0.021516,0,0,0,0,0,0,0,0,0,0,0,0
0.021657,0.021715,0.021651,0,0,0,0,0,0,0,0,0,0,0,0
0.02134,0.021497,0.021458,0,0,0,0,0,0,0,0,0,0,0,0
0.021268,0.021247,0.021269,0,0,0,0,0,0,0,0,0,0,0,0
0.022002,0.02218,0.022079,0,0,0,0,0,0,0,0,0,0,0,0
0.021818,0.022091,0.021845,0,0,0,0,0,0,0,0,0,0,0,0
0.022007,0.022315,0.022094,0,0,0,0,0,0,0,0,0,0,0,0
