1
114.8487,44.6856,104.0026,104.2788
109.5186,38.5355,104.0026,104.2788
109.1086,34.8455,104.0026,104.2788
105.4186,32.7955,104.0026,104.2788
105.0086,30.7455,104.0026,104.2788
107.0060,30.2870,100.8279,101.0957
112.9683,29.8895,100.8279,101.0957
118.9306,27.9021,100.8279,101.0957
130.4577,12.4001,100.8279,101.0957
137.2150,8.8227,100.8279,101.0957
143.9723,11.6051,100.8279,101.0957
151.5245,15.1825,100.8279,101.0957
162.2056,21.8928,97.7501,98.0097
170.2486,28.3983,94.7662,95.0179
190.0009,6.3123,91.8735,92.1175
191.0410,15.3242,89.0690,89.3055
194.8846,24.7822,91.9156,92.1598
195.2469,33.1163,91.9156,92.1598
198.5081,42.1751,91.9156,92.1598
200.3005,50.4859,94.8533,95.1052
198.4308,56.8428,94.8533,95.1052
198.7567,64.6512,91.9578,92.2021
199.7977,70.7712,89.1508,89.3876
198.6982,81.6248,86.4295,86.6590
198.9952,86.0139,83.7912,84.0137
195.3616,92.9508,83.7912,84.0137
195.0136,80.0469,86.4691,86.6988
189.2004,110.3634,89.2327,89.4697
185.2857,123.3376,86.5088,86.7386
183.5622,122.2925,89.2737,89.5107
181.7837,121.2141,92.1268,92.3715
180.6941,121.5773,92.1268,92.3715
186.8216,116.0866,89.3146,89.5518
194.8747,93.8627,86.5883,86.8182
191.0760,92.1156,83.9451,84.1681
190.0407,62.6236,81.3827,81.5988
190.3203,62.9066,78.8985,79.1080
2
0
0
0
0
1
199.4059,151.2115,51.0443,57.4681
202.1816,154.8412,51.0443,57.4681
203.2875,159.6877,52.6757,59.3048
204.3892,169.1622,52.6757,59.3048
206.8129,177.3147,52.6757,59.3048
210.1180,186.7892,52.6757,59.3048
212.9824,195.8231,52.6757,59.3048
214.9654,205.2976,52.6757,59.3048
219.0744,213.9145,51.0677,57.4945
222.2786,220.1093,51.0677,57.4945
228.0461,227.1585,51.0677,57.4945
232.9592,234.2076,51.0677,57.4945
238.2995,239.9751,51.0677,57.4945
244.9214,244.4610,51.0677,57.4945
251.5434,248.5196,51.0677,57.4945
258.1653,252.5782,51.0677,57.4945
266.5346,254.4364,52.6999,59.3320
274.7304,255.4722,54.3841,61.2283
288.0721,250.7197,52.7241,59.3593
297.1538,246.4630,54.4091,61.2564
305.1603,250.7186,56.1480,63.2141
312.4410,242.9682,56.1480,63.2141
319.2942,224.3434,57.9425,65.2345
323.9428,207.5470,59.7944,67.3194
312.5998,187.8150,57.9691,65.2644
312.7571,170.6252,56.1996,63.2722
324.6635,166.6542,54.4841,61.3408
350.0016,156.7858,56.2254,63.3013
358.7457,139.0761,58.0224,65.3244
365.3423,118.8588,59.8768,67.4121
375.0222,110.1197,58.0490,65.3543
358.6684,116.7019,56.2770,63.3594
373.4987,90.1016,56.2770,63.3594
378.9130,85.1581,56.2770,63.3594
385.7819,77.3190,58.0756,65.3844
394.2843,87.7648,58.0756,65.3844
393.5555,100.6398,58.0756,65.3844
411.8185,36.1915,59.9317,67.4740
407.4688,27.9459,58.1023,65.4144
401.8790,29.1611,58.1023,65.4144
395.8467,25.9284,59.9593,67.5050
390.0782,27.6840,59.9593,67.5050
382.7168,34.9844,58.1290,65.4444
375.7092,38.5585,59.9868,67.5360
364.9648,42.7485,61.9040,69.6945
352.8412,45.0010,63.8824,71.9219
337.1236,48.9288,65.9241,74.2205
319.8006,51.8790,68.0310,76.5926
305.3388,58.3384,70.2053,79.0405
289.0843,64.5370,68.0623,76.6278
278.6016,71.5688,70.2375,79.0768
268.3715,74.7121,72.4823,81.6041
262.0590,77.3495,74.7989,84.2122
253.0418,76.3166,77.1894,86.9036
245.0279,73.9593,79.6564,89.6810
240.0899,70.1938,82.2022,92.5472
235.6817,66.3080,84.8294,95.5050
229.7133,63.0077,87.5406,98.5574
224.2207,61.1768,87.5406,98.5574
219.5262,56.3063,90.3384,101.7073
213.8581,54.4169,90.3384,101.7073
209.7693,52.4137,93.2256,104.9578
203.7831,54.4056,90.3798,101.7540
198.9363,47.8650,93.2684,105.0060
188.4028,47.4748,93.2684,105.0060
182.5508,45.5242,93.2684,105.0060
175.1382,50.5959,93.2684,105.0060
164.4676,58.0505,90.4213,101.8007
153.5671,61.3407,93.3112,105.0542
136.8538,64.7360,96.2934,108.4117
146.1903,98.8515,99.3710,111.8766
129.0023,107.6253,96.3376,108.4615
109.2567,107.2223,96.3376,108.4615
100.8667,122.8169,99.4166,111.9279
90.4704,119.9059,99.4166,111.9279
75.1587,113.5429,102.5939,115.5052
74.7296,121.6966,102.5939,115.5052
67.4342,136.7166,102.5939,115.5052
67.7126,150.0663,99.4622,111.9793
64.6542,157.1839,96.4261,108.5611
67.3360,160.8575,93.4827,105.2473
69.9358,155.8164,90.6291,102.0346
77.7637,147.8964,87.8626,98.9199
86.8226,139.4831,85.1806,95.9004
96.3176,132.0392,82.5804,92.9730
103.4503,123.4409,80.0596,90.1349
117.7326,116.4445,77.6158,87.3836
132.8776,110.3111,75.2465,84.7161
145.0423,103.7354,72.9496,82.1301
157.4459,100.4118,70.7228,79.6231
170.6542,98.3729,68.5639,77.1926
181.1650,99.2643,66.4710,74.8363
191.3549,100.6845,64.4420,72.5519
200.6946,104.2179,62.4749,70.3372
204.0001,109.2113,60.5678,68.1901
204.6712,114.5590,58.7189,66.1086
205.8130,121.7084,56.9265,64.0906
209.3012,130.0682,55.1888,62.1342
212.6828,138.6346,53.5042,60.2376
216.4089,145.1491,51.8709,58.3988
216.5497,149.2950,50.2876,56.6161
215.0034,152.0522,48.7525,54.8879
213.5042,156.3567,47.2643,53.2125
214.4233,161.7160,45.8216,51.5881
216.0810,167.6784,44.4229,50.0134
218.0598,176.0602,43.0668,48.4867
220.4016,180.2036,43.0668,48.4867
222.3832,185.0675,43.0668,48.4867
223.2207,189.2302,41.7522,47.0066
221.6803,190.7495,43.0866,48.5090
220.7791,193.0924,43.0866,48.5090
220.9593,195.0749,43.0866,48.5090
224.0232,198.1388,43.0866,48.5090
228.1684,200.8422,43.0866,48.5090
231.9532,203.1852,43.0866,48.5090
233.9357,203.0049,43.0866,48.5090
232.6741,200.6620,43.0866,48.5090
232.4939,199.0399,43.0866,48.5090
232.7065,197.3636,44.4637,50.0593
236.9842,196.8056,44.4637,50.0593
