0.2079
0.22922
0.065072
0.038088
0.046227
0.041086
0.034961
0.031434
0.031552
0.031326
0.031563
0.031048
0.030662
0.030642
0.030787
0.031
0.03122
0.030684
0.030546
0.030665
0.030677
0.030789
0.03056
0.030524
0.030587
0.03066
0.03077
0.030783
0.03067
0.03072
0.030534
0.031103
0.030639
0.030658
0.030701
0.030581
0.030438
0.030585
0.030579
0.030701
0.031214
0.030814
0.031212
0.030794
0.030775
0.030514
0.030487
0.030448
0.030609
0.030522
0.030516
0.030521
0.030488
0.030725
0.030612
0.027827
0.030615
0.030617
0.030518
0.030683
0.031023
0.030897
0.03104
0.0309
0.030661
0.030638
0.03083
0.030781
0.030629
0.030836
0.030322
0.030422
0.030174
0.030262
0.030315
0.03049
0.030594
0.030044
0.030014
0.030229
0.029787
0.029738
0.029699
0.029792
0.029625
0.029975
0.0296
0.029973
0.029826
0.029837
0.029768
0.030094
0.03018
0.030123
0.030165
0.030037
0.029761
0.030003
0.029904
0.029936
0.030718
0.030677
0.030043
0.030139
0.029846
0.0301
0.030552
0.030213
0.030027
0.030135
0.030173
0.030461
0.030793
0.031328
0.030031
0.030147
0.030567
0.030204
0.030068
0.030132
0.029939
0.030107
0.030252
0.030205
0.03002
0.030725
0.030459
0.030731
0.030465
0.030719
0.030237
0.029968
0.030028
0.030127
0.030159
0.030015
0.029958
0.029798
0.03003
0.030152
0.02991
0.029728
0.029954
0.030003
0.029756
0.029813
0.029903
0.029887
0.029912
0.03003
0.029907
0.030278
0.030372
0.030209
0.029808
0.030008
0.029705
0.030058
0.030113
0.030355
0.030163
0.029901
0.029888
0.030155
0.0299
0.029867
0.030104
0.030409
0.03099
0.030933
0.030938
0.030906
0.031008
0.030652
0.030327
0.030403
0.030481
0.030231
0.030108
0.030509
0.030215
0.030379
0.030548
0.03025
0.029982
0.030186
0.030075
0.02992
0.030109
0.030336
0.030304
0.030518
0.030476
0.030717
0.030388
0.030748
0.030797
0.030658
0.030807
0.030888
0.03132
0.031085
0.030875
0.031011
0.030845
0.030731
0.030707
0.030455
0.032895
0.032199
0.032174
0.032317
0.0331
0.032081
0.031795
0.032252
0.031627
0.031773
0.031433
0.033003
0.033017
0.033082
0.033199
0.033434
0.03339
0.033479
0.032688
0.032832
0.03348
0.033653
0.032315
0.032139
0.032264
0.032361
0.031646
0.03235
0.033843
0.033666
0.033793
0.033961
