0.19883
0.21956
0.056389
0.027809
0.037923
0.032829
0.02657
0.023197
0.022353
0.023283
0.02253
0.022404
0.022797
0.023172
0.027419
0.023177
0.022462
0.022746
0.022382
0.022046
0.024925
0.02282
0.02277
0.02297
0.022409
0.023082
0.022778
0.024062
0.021795
0.022974
0.022066
0.026382
0.023189
0.024052
0.022001
0.022958
0.022677
0.022851
0.022662
0.022702
0.026495
0.02602
0.027814
0.025412
0.026922
0.022212
0.021712
0.022088
0.021767
0.022151
0.02174
0.02204
0.021778
0.022836
0.021713
0.022316
0.022296
0.022828
0.022186
0.022376
0.021919
0.022059
0.02276
0.023451
0.021738
0.022061
0.021729
0.024811
0.029184
0.028678
0.027951
0.029259
0.028989
0.028901
0.028641
0.028353
0.027241
0.022846
0.021536
0.021923
0.021545
0.021897
0.021488
0.022028
0.02214
0.022353
0.021526
0.022501
0.021554
0.02189
0.021591
0.021875
0.023512
0.021967
0.02164
0.021908
0.021577
0.021998
0.02155
0.02188
0.02637
0.028217
0.027218
0.022106
0.021579
0.021869
0.021545
0.021957
0.021569
0.021863
0.021541
0.026498
0.027752
0.028284
0.02476
0.025491
0.021811
0.021915
0.021508
0.021893
0.021598
0.021897
0.021559
0.021894
0.021529
0.026874
0.02869
0.028121
0.02773
0.028132
0.027194
0.028016
0.027041
0.027639
0.026305
0.021954
0.021464
0.022363
0.022074
0.022134
0.021493
0.02181
0.021454
0.021962
0.022208
0.02186
0.021596
0.021807
0.021626
0.021851
0.021558
0.021859
0.021514
0.021906
0.021506
0.021833
0.021505
0.021923
0.021465
0.021919
0.02156
0.021839
0.021818
0.02197
0.02152
0.021897
0.021492
0.021891
0.027722
0.027511
0.021607
0.021943
0.021517
0.021917
0.021463
0.02192
0.021514
0.024577
0.021619
0.025106
0.021758
0.021914
0.021536
0.021898
0.021573
0.021867
0.021521
0.021954
0.021563
0.02185
0.021523
0.021846
0.02154
0.021829
0.021518
0.021888
0.019954
0.02187
0.021553
0.021882
0.023806
0.022008
0.021603
0.021907
0.021557
0.022528
0.021636
0.021915
0.021569
0.022075
0.021571
0.022313
0.021589
0.021924
0.021499
0.02192
0.021629
0.02253
0.021575
0.021883
0.02157
0.02194
0.021593
0.021895
0.021528
0.021916
0.021516
0.021974
0.02154
0.021917
0.021522
0.021903
0.0215
0.022498
0.021617
0.021983
0.021578
0.021901
0.021539
0.021887
0.021524
0.021915
0.021536
0.021862
0.021516
0.021938
0.02161
0.022053
0.021635
0.021858
0.026186
0.02824
0.027746
0.028306
0.027646
0.026021
0.021611
0.021871
0.021574
0.021978
0.021507
0.021812
0.021531
0.021891
0.021517
0.021879
0.021492
0.0219
0.02149
0.021933
0.021521
0.021837
0.021497
0.021931
0.021538
0.021932
0.021617
0.021917
0.021499
0.021933
0.021508
0.021837
0.021523
0.021894
0.02143
0.021902
0.021513
0.021991
0.021533
0.021909
0.021502
0.021928
0.021525
0.021873
0.021585
0.021939
0.021692
0.022638
0.022116
0.022579
0.021531
0.022472
0.021575
0.022608
0.022539
0.022846
0.021629
0.022237
0.021906
0.02227
0.022348
0.021963
0.021662
0.022007
0.021618
0.021963
0.021898
0.021917
0.021663
0.021968
0.021647
0.022014
0.02168
0.022044
0.021772
0.022075
