1
193.1014,24.2880,75.7552,79.6848
193.4074,24.5940,75.7552,79.6848
193.7133,24.9000,75.7552,79.6848
192.7955,24.5940,75.7552,79.6848
192.4895,24.9000,75.7552,79.6848
192.7955,25.2059,75.7552,79.6848
191.8776,25.5119,75.7552,79.6848
191.5716,25.8178,75.7552,79.6848
191.2657,25.5119,75.7552,79.6848
190.9597,26.4298,75.7552,79.6848
190.0418,26.7357,75.7552,79.6848
190.8921,28.2579,73.4428,77.2524
190.5955,29.1477,73.4428,77.2524
189.7185,29.3964,75.7900,79.7214
188.1880,30.3147,75.7900,79.7214
187.2830,31.1834,78.2122,82.2693
186.9671,32.7628,78.2122,82.2693
186.6512,32.4469,78.2122,82.2693
185.0855,30.8164,80.7119,84.8987
185.4115,28.5345,80.7119,84.8987
186.3894,26.2527,80.7119,84.8987
186.0775,25.8739,83.2915,87.6120
186.4140,22.8464,83.2915,87.6120
188.0216,22.5016,80.7490,84.9376
188.3477,22.8277,80.7490,84.9376
188.6739,22.5016,80.7490,84.9376
187.6955,22.8277,80.7490,84.9376
188.6018,23.1457,78.2841,82.3449
188.2993,22.1460,80.7860,84.9766
188.6256,22.4723,80.7860,84.9766
187.6468,22.7985,80.7860,84.9766
188.5535,23.1167,78.3200,82.3827
188.8835,22.1165,80.8231,85.0156
189.2100,21.7901,80.8231,85.0156
190.1171,22.7612,78.3560,82.4205
189.8006,23.0777,78.3560,82.4205
191.3130,24.0192,75.9641,79.9046
191.0062,24.3260,75.9641,79.9046
191.3130,24.0192,75.9641,79.9046
191.6198,24.3260,75.9641,79.9046
191.9266,24.0192,75.9641,79.9046
192.2467,23.6627,78.3919,82.4583
191.9301,23.3461,78.3919,82.4583
190.9803,23.0295,78.3919,82.4583
190.6637,22.7129,78.3919,82.4583
190.9803,23.0295,78.3919,82.4583
190.6637,22.7129,78.3919,82.4583
190.9803,23.0295,78.3919,82.4583
190.6637,22.7129,78.3919,82.4583
190.9803,23.0295,78.3919,82.4583
190.6637,22.7129,78.3919,82.4583
190.9803,22.3963,78.3919,82.4583
190.0305,22.0797,78.3919,82.4583
189.0807,21.1299,78.3919,82.4583
188.7641,20.8132,78.3919,82.4583
189.0107,21.7552,75.9990,79.9413
188.7038,22.0621,75.9990,79.9413
189.6246,22.3691,75.9990,79.9413
189.3176,22.6760,75.9990,79.9413
189.0107,23.5968,75.9990,79.9413
188.7038,23.9038,75.9990,79.9413
189.6379,23.5471,78.4279,82.4962
189.3211,23.8639,78.4279,82.4962
188.3709,23.5471,78.4279,82.4962
187.4344,23.1791,80.9345,85.1328
186.4537,22.1985,80.9345,85.1328
185.4873,22.4725,83.5212,87.8536
186.4247,22.8014,80.9716,85.1719
188.0598,23.7824,80.9716,85.1719
188.4010,24.0565,83.5595,87.8940
188.6640,21.0108,81.0088,85.2110
190.2275,20.6755,78.5360,82.6099
191.1090,21.6191,76.1387,80.0882
191.4165,23.1567,76.1387,80.0882
191.7240,23.4642,76.1387,80.0882
192.0315,23.7717,76.1387,80.0882
191.7240,24.0792,76.1387,80.0882
192.0315,24.3867,76.1387,80.0882
191.7240,24.0792,76.1387,80.0882
192.0315,23.7717,76.1387,80.0882
191.7240,24.0792,76.1387,80.0882
191.4165,23.1567,76.1387,80.0882
191.1090,22.8491,76.1387,80.0882
190.8015,23.1567,76.1387,80.0882
190.5073,22.1844,78.5721,82.6478
189.5553,21.8670,78.5721,82.6478
189.2380,22.1844,78.5721,82.6478
188.9207,21.8670,78.5721,82.6478
189.2380,22.1844,78.5721,82.6478
188.9207,21.8670,78.5721,82.6478
189.2380,22.1844,78.5721,82.6478
188.9207,21.8670,78.5721,82.6478
189.2380,22.1844,78.5721,82.6478
188.9207,21.8670,78.5721,82.6478
189.2380,22.1844,78.5721,82.6478
188.9207,21.8670,78.5721,82.6478
189.2380,22.1844,78.5721,82.6478
188.9207,21.8670,78.5721,82.6478
189.2380,22.1844,78.5721,82.6478
188.9207,21.8670,78.5721,82.6478
189.2380,22.1844,78.5721,82.6478
188.9207,21.8670,78.5721,82.6478
189.2380,22.1844,78.5721,82.6478
188.9207,21.8670,78.5721,82.6478
189.2380,22.1844,78.5721,82.6478
188.9207,21.8670,78.5721,82.6478
189.2380,22.1844,78.5721,82.6478
188.9207,21.8670,78.5721,82.6478
189.2380,22.1844,78.5721,82.6478
188.9207,21.8670,78.5721,82.6478
189.2380,22.1844,78.5721,82.6478
188.9207,21.8670,78.5721,82.6478
189.2380,22.1844,78.5721,82.6478
188.9207,21.8670,78.5721,82.6478
189.2380,22.1844,78.5721,82.6478
188.9207,21.8670,78.5721,82.6478
189.2380,22.1844,78.5721,82.6478
188.9207,21.8670,78.5721,82.6478
188.6033,22.1844,78.5721,82.6478
188.2860,21.8670,78.5721,82.6478
188.6033,21.5497,78.5721,82.6478
188.9207,21.2323,78.5721,82.6478
189.2380,20.9150,78.5721,82.6478
188.2860,21.8670,78.5721,82.6478
187.9686,22.1844,78.5721,82.6478
188.2860,21.2323,78.5721,82.6478
187.9686,21.5497,78.5721,82.6478
188.2860,21.8670,78.5721,82.6478
187.9686,22.1844,78.5721,82.6478
188.9207,21.2323,78.5721,82.6478
189.2380,20.9150,78.5721,82.6478
188.9207,21.2323,78.5721,82.6478
189.2380,21.5497,78.5721,82.6478
188.9207,21.8670,78.5721,82.6478
189.2380,22.1844,78.5721,82.6478
188.2860,21.8670,78.5721,82.6478
188.6033,22.1844,78.5721,82.6478
188.9207,21.8670,78.5721,82.6478
188.6033,22.1844,78.5721,82.6478
188.2860,21.8670,78.5721,82.6478
187.9686,21.5497,78.5721,82.6478
188.9207,21.2323,78.5721,82.6478
188.6033,20.9150,78.5721,82.6478
188.2860,21.2323,78.5721,82.6478
188.6033,20.9150,78.5721,82.6478
188.9207,21.2323,78.5721,82.6478
189.2380,20.9150,78.5721,82.6478
188.2860,21.2323,78.5721,82.6478
188.6033,20.9150,78.5721,82.6478
188.2860,21.8670,78.5721,82.6478
187.9686,22.1844,78.5721,82.6478
188.9207,21.2323,78.5721,82.6478
188.6033,20.9150,78.5721,82.6478
188.2860,21.2323,78.5721,82.6478
187.9686,21.5497,78.5721,82.6478
188.9207,21.2323,78.5721,82.6478
188.6033,20.9150,78.5721,82.6478
188.2860,21.8670,78.5721,82.6478
187.9686,21.5497,78.5721,82.6478
188.2860,21.2323,78.5721,82.6478
187.9686,20.9150,78.5721,82.6478
188.2860,21.8670,78.5721,82.6478
187.9686,21.5497,78.5721,82.6478
188.2860,21.2323,78.5721,82.6478
187.9686,20.9150,78.5721,82.6478
188.2860,21.8670,78.5721,82.6478
187.9686,21.5497,78.5721,82.6478
188.2860,21.2323,78.5721,82.6478
187.9686,20.9150,78.5721,82.6478
188.2860,21.2323,78.5721,82.6478
187.9686,20.9150,78.5721,82.6478
188.2860,21.2323,78.5721,82.6478
187.9686,20.9150,78.5721,82.6478
188.2860,21.2323,78.5721,82.6478
187.9686,20.9150,78.5721,82.6478
188.2860,21.2323,78.5721,82.6478
187.9686,20.9150,78.5721,82.6478
188.2860,21.2323,78.5721,82.6478
187.9686,20.9150,78.5721,82.6478
188.2860,21.2323,78.5721,82.6478
187.9686,20.9150,78.5721,82.6478
188.2860,21.2323,78.5721,82.6478
187.9686,20.9150,78.5721,82.6478
188.2860,21.2323,78.5721,82.6478
187.9686,20.9150,78.5721,82.6478
188.2860,21.2323,78.5721,82.6478
187.9686,20.9150,78.5721,82.6478
188.2860,21.2323,78.5721,82.6478
187.9686,20.9150,78.5721,82.6478
188.2860,21.2323,78.5721,82.6478
187.9686,20.9150,78.5721,82.6478
188.2860,21.2323,78.5721,82.6478
187.9686,20.9150,78.5721,82.6478
188.2860,21.2323,78.5721,82.6478
187.9686,20.9150,78.5721,82.6478
188.2860,21.2323,78.5721,82.6478
187.9686,20.9150,78.5721,82.6478
188.2860,21.2323,78.5721,82.6478
187.9686,20.9150,78.5721,82.6478
188.2860,21.2323,78.5721,82.6478
187.9686,20.9150,78.5721,82.6478
188.2860,21.2323,78.5721,82.6478
187.3340,20.9150,78.5721,82.6478
187.0166,21.2323,78.5721,82.6478
187.3340,20.9150,78.5721,82.6478
187.0166,21.2323,78.5721,82.6478
187.3340,20.2803,78.5721,82.6478
187.0166,19.9630,78.5721,82.6478
187.9686,20.2803,78.5721,82.6478
188.2860,19.9630,78.5721,82.6478
187.9686,20.2803,78.5721,82.6478
188.2860,19.9630,78.5721,82.6478
187.9686,20.2803,78.5721,82.6478
188.2860,19.9630,78.5721,82.6478
187.3340,20.2803,78.5721,82.6478
187.6513,19.9630,78.5721,82.6478
187.9686,20.2803,78.5721,82.6478
188.2860,19.9630,78.5721,82.6478
187.9686,20.2803,78.5721,82.6478
188.2860,19.9630,78.5721,82.6478
187.9686,20.2803,78.5721,82.6478
188.2860,19.9630,78.5721,82.6478
187.9686,20.2803,78.5721,82.6478
188.2860,19.9630,78.5721,82.6478
187.9686,20.2803,78.5721,82.6478
188.2860,19.9630,78.5721,82.6478
187.3340,20.2803,78.5721,82.6478
187.6513,19.9630,78.5721,82.6478
187.3340,20.2803,78.5721,82.6478
187.0166,19.9630,78.5721,82.6478
187.3340,20.2803,78.5721,82.6478
187.0166,20.5977,78.5721,82.6478
187.3340,20.9150,78.5721,82.6478
187.0166,21.2323,78.5721,82.6478
187.3340,20.9150,78.5721,82.6478
187.0166,21.2323,78.5721,82.6478
187.3340,20.2803,78.5721,82.6478
187.0166,20.5977,78.5721,82.6478
187.9686,20.9150,78.5721,82.6478
187.6513,21.2323,78.5721,82.6478
187.3340,20.9150,78.5721,82.6478
187.0166,21.2323,78.5721,82.6478
187.3340,20.2803,78.5721,82.6478
187.0166,20.5977,78.5721,82.6478
187.3340,20.9150,78.5721,82.6478
187.0166,21.2323,78.5721,82.6478
187.3340,20.2803,78.5721,82.6478
187.0166,20.5977,78.5721,82.6478
187.3340,20.2803,78.5721,82.6478
187.0166,19.9630,78.5721,82.6478
187.3340,20.2803,78.5721,82.6478
187.0166,20.5977,78.5721,82.6478
187.3340,20.2803,78.5721,82.6478
187.0166,20.5977,78.5721,82.6478
187.3340,20.2803,78.5721,82.6478
187.0166,20.5977,78.5721,82.6478
187.3340,20.2803,78.5721,82.6478
187.0166,19.9630,78.5721,82.6478
187.3340,20.2803,78.5721,82.6478
187.0166,19.9630,78.5721,82.6478
187.3340,20.2803,78.5721,82.6478
187.0166,19.9630,78.5721,82.6478
187.3340,20.2803,78.5721,82.6478
187.0166,19.9630,78.5721,82.6478
187.3340,20.2803,78.5721,82.6478
187.0166,19.9630,78.5721,82.6478
187.3340,20.2803,78.5721,82.6478
187.0166,19.9630,78.5721,82.6478
187.3340,20.2803,78.5721,82.6478
187.0166,20.5977,78.5721,82.6478
187.3340,20.9150,78.5721,82.6478
187.0166,21.2323,78.5721,82.6478
187.3340,20.2803,78.5721,82.6478
187.0166,20.5977,78.5721,82.6478
187.3340,20.2803,78.5721,82.6478
187.0166,20.5977,78.5721,82.6478
187.3340,20.2803,78.5721,82.6478
187.0166,20.5977,78.5721,82.6478
187.3340,20.2803,78.5721,82.6478
187.0166,19.9630,78.5721,82.6478
187.3340,20.2803,78.5721,82.6478
187.0166,19.9630,78.5721,82.6478
187.3340,20.2803,78.5721,82.6478
187.0166,19.9630,78.5721,82.6478
187.3340,20.2803,78.5721,82.6478
187.0166,19.9630,78.5721,82.6478
187.3340,20.2803,78.5721,82.6478
187.0166,19.9630,78.5721,82.6478
187.3340,20.2803,78.5721,82.6478
187.0166,19.9630,78.5721,82.6478
187.3340,20.2803,78.5721,82.6478
187.0166,19.9630,78.5721,82.6478
187.3340,20.2803,78.5721,82.6478
187.0166,19.9630,78.5721,82.6478
187.3340,20.2803,78.5721,82.6478
187.0304,19.2770,81.0832,85.2892
186.7029,19.6044,81.0832,85.2892
186.3754,19.2770,81.0832,85.2892
187.3579,19.6044,81.0832,85.2892
187.6853,19.2770,81.0832,85.2892
186.7029,20.2594,81.0832,85.2892
187.0304,20.5869,81.0832,85.2892
186.7171,19.5514,83.6746,88.0151
185.0274,19.2135,83.6746,88.0151
184.6895,19.5514,83.6746,88.0151
185.0274,18.5376,83.6746,88.0151
185.3653,18.1996,83.6746,88.0151
186.9804,19.2050,81.1204,85.3284
185.9975,19.5327,81.1204,85.3284
186.3251,19.2050,81.1204,85.3284
186.6528,19.5327,81.1204,85.3284
186.3251,19.2050,81.1204,85.3284
186.6528,18.8774,81.1204,85.3284
186.3251,18.5498,81.1204,85.3284
187.8909,18.8692,78.6442,82.7237
187.5732,19.1869,78.6442,82.7237
187.2556,18.8692,78.6442,82.7237
186.9380,19.1869,78.6442,82.7237
187.2556,18.8692,78.6442,82.7237
186.9380,19.1869,78.6442,82.7237
187.2556,18.8692,78.6442,82.7237
186.9380,19.1869,78.6442,82.7237
187.2556,18.8692,78.6442,82.7237
186.9380,19.1869,78.6442,82.7237
187.2556,18.8692,78.6442,82.7237
