0.21598
0.23257
0.072346
0.041437
0.053515
0.048561
0.041476
0.038542
0.038327
NaN
NaN
NaN
NaN
0.20414
0.23883
0.071231
0.043939
0.052448
0.047791
0.040286
0.037355
0.037153
0.036416
0.036326
0.037057
0.036525
0.036689
0.037117
0.035802
0.035618
0.035637
0.034408
NaN
NaN
NaN
NaN
0.20429
0.23308
0.069104
0.041568
0.050261
0.04461
0.038403
0.035053
0.035152
0.03491
0.034752
0.035079
0.034724
0.034689
0.034943
0.035072
0.035098
0.034657
0.034669
0.034704
0.034975
0.035287
0.03472
0.034592
0.034719
0.034692
0.034804
0.03498
0.034734
0.034675
0.034737
0.03531
0.034662
0.034954
0.034757
0.034601
0.034696
0.034933
0.034744
0.034686
0.035235
0.034844
0.035251
0.034718
NaN
NaN
NaN
NaN
0.28759
0.23551
0.068746
0.041349
0.049905
0.044147
0.038349
0.034699
0.034787
NaN
NaN
NaN
NaN
0.2059
0.23439
0.068264
0.041408
0.049903
0.044207
0.038169
0.035023
0.034783
0.034332
0.034309
NaN
NaN
NaN
NaN
0.20446
0.23293
0.068999
0.041777
0.050246
0.044998
0.038437
0.034933
0.034484
0.034375
0.03434
NaN
NaN
NaN
NaN
0.20736
0.23469
0.068755
0.041379
0.05009
0.045577
0.038305
0.034969
0.03515
0.035031
0.034523
0.034427
0.034379
0.034244
0.038801
0.034181
0.034278
0.034216
0.034295
0.034397
0.036699
0.0342
0.033878
0.03406
0.033994
0.033981
0.034013
0.035227
0.033965
0.033973
0.033942
0.041158
0.034815
