1
40.2462,602.7443,84.5532,52.0136
50.9063,604.8492,87.2555,53.6759
63.8524,609.5319,87.2555,53.6759
59.7207,604.2983,87.2555,53.6759
74.0269,600.4106,90.0442,55.3914
86.5163,598.1042,92.9220,57.1617
107.0316,592.2041,95.8918,58.9886
2
0
0
0
0
1
406.5989,589.7431,99.3190,45.0325
437.0195,592.8131,99.3190,45.0325
464.6492,592.5340,99.3190,45.0325
487.9008,592.6517,102.4933,46.4717
532.3783,593.0729,99.3646,45.0532
543.3552,594.3075,102.5403,46.4931
572.8698,592.4238,99.4103,45.0739
599.9661,593.2618,99.4103,45.0739
608.1546,592.2623,102.5874,46.5144
614.2986,590.6541,105.8661,48.0010
628.8754,586.7868,105.8661,48.0010
637.3333,580.0823,102.6345,46.5358
654.3492,575.7562,102.6345,46.5358
663.8665,565.6621,102.6345,46.5358
681.5495,558.2852,105.9147,48.0231
688.3948,557.9875,105.9147,48.0231
704.1688,534.4754,105.9147,48.0231
2
0
0
0
0
1
716.6392,390.4370,70.2242,44.1124
705.6828,387.0830,70.2242,44.1124
698.7512,384.1762,70.2242,44.1124
698.5276,381.2694,70.2242,44.1124
691.1488,379.7042,70.2242,44.1124
686.1834,377.9178,68.0806,42.7659
684.4452,374.8499,70.2564,44.1327
683.7740,372.8366,70.2564,44.1327
670.7531,375.5235,68.1118,42.7855
671.5758,376.8272,66.0327,41.4795
670.9451,375.7759,66.0327,41.4795
670.7348,375.9861,66.0327,41.4795
670.5245,375.7759,66.0327,41.4795
670.0606,375.3577,64.0170,40.2133
683.8793,376.9907,62.0629,38.9858
689.7669,377.3881,60.1684,37.7957
696.2771,376.5925,62.0914,39.0037
713.4774,374.0223,62.0914,39.0037
733.9977,372.4429,60.1960,37.8131
734.3415,373.2117,58.3585,36.6588
749.9468,370.9535,60.2236,37.8304
752.2443,370.5407,62.1484,39.0395
746.1098,371.1344,62.1484,39.0395
749.0781,372.1238,62.1484,39.0395
748.4844,372.3217,62.1484,39.0395
745.9119,372.1238,62.1484,39.0395
745.7141,371.9260,62.1484,39.0395
745.5162,373.3112,62.1484,39.0395
745.5125,372.0937,64.1347,40.2872
746.1251,371.8894,64.1347,40.2872
745.9209,371.6852,64.1347,40.2872
747.1039,373.3212,62.1769,39.0574
742.9465,372.7272,62.1769,39.0574
736.4132,373.3212,62.1769,39.0574
714.4378,373.5191,62.1769,39.0574
691.0356,375.1052,60.2790,37.8652
671.4188,374.7234,58.4389,36.7093
648.3071,373.9812,56.6551,35.5887
653.1777,369.4713,56.6551,35.5887
647.0410,370.8869,58.4658,36.7262
641.7900,375.7292,56.6811,35.6051
632.9467,370.4953,56.6811,35.6051
2
0
0
0
0
1
465.5719,361.3584,112.4026,51.4194
465.8887,361.0416,112.4026,51.4194
465.5719,361.3584,112.4026,51.4194
466.5224,360.4079,112.4026,51.4194
468.8452,356.7346,115.9950,53.0628
509.7172,357.0615,115.9950,53.0628
497.7274,354.5787,119.7022,54.7587
2
0
0
0
0
1
797.8002,350.4655,92.9704,62.4044
804.8008,348.3349,92.9704,62.4044
815.1857,343.9896,95.9417,64.3989
832.4612,343.6755,95.9417,64.3989
838.0089,339.3187,93.0131,62.4331
838.6541,327.0540,95.9858,64.4284
831.7781,303.7131,99.0535,66.4876
823.2369,282.3520,96.0299,64.4580
827.6758,270.3183,99.0990,66.5181
2
0
0
0
0
1
796.1965,221.1442,81.1901,44.1470
802.9517,218.2426,83.7849,45.5580
818.4845,217.2627,86.4627,47.0140
838.1519,217.2910,89.2260,48.5166
859.6264,218.8360,86.5024,47.0356
893.4447,217.2141,83.8619,45.5998
895.7131,209.4006,83.8619,45.5998
920.4335,210.3486,81.3019,44.2079
927.0311,209.6155,81.3019,44.2079
2
0
0
0
0
1
920.5972,114.1459,62.6949,63.6532
913.8439,102.9304,60.7812,61.7102
900.5822,102.2070,60.7812,61.7102
880.5621,97.6041,62.7237,63.6824
870.8198,102.3085,60.8091,61.7385
856.5502,104.4569,58.9528,59.8539
859.5548,107.0075,57.1533,58.0269
849.3173,109.4803,55.4087,56.2556
827.9896,105.2842,57.1795,58.0535
823.6733,103.6760,59.0070,59.9089
800.0308,103.4419,59.0070,59.9089
788.5606,105.0805,59.0070,59.9089
773.7775,106.6971,57.2058,58.0802
757.6302,107.8105,55.4596,56.3072
749.9298,107.1505,55.4596,56.3072
738.2629,105.5907,57.2320,58.1068
714.8711,102.1646,59.0612,59.9639
699.6416,102.3989,59.0612,59.9639
688.5938,107.2972,57.2583,58.1335
684.6976,108.8660,55.5105,56.3590
679.6326,108.6457,55.5105,56.3590
676.7637,107.0845,57.2846,58.1602
673.8094,107.3117,57.2846,58.1602
667.2191,105.7210,57.2846,58.1602
665.6284,104.5847,57.2846,58.1602
665.4011,102.5394,57.2846,58.1602
654.2593,100.0193,59.1154,60.0190
649.8035,105.4131,59.1154,60.0190
615.3232,100.4673,61.0048,61.9372
602.0127,101.6773,61.0048,61.9372
590.1474,98.5095,62.9545,63.9167
589.3982,98.7592,62.9545,63.9167
