0.20326
0.23248
0.065091
0.037825
0.045859
0.04093
0.034851
0.031398
0.031441
0.031111
0.031704
0.031211
0.03109
0.030927
0.030971
0.031126
0.03063
0.030835
0.030633
0.030699
0.030825
0.031035
0.030918
0.030791
0.031049
0.031033
0.03097
0.030876
0.030942
0.030946
0.0308
0.03138
0.031003
0.03095
0.030975
0.031081
0.031124
0.031098
0.030946
0.030848
0.031449
0.031411
0.031591
0.030886
0.031421
0.030852
0.030891
0.030798
0.030801
0.030712
0.030825
0.030654
0.03093
0.030794
0.03061
0.030512
0.030525
0.030532
0.030449
0.030429
0.030561
0.030584
0.03051
0.030722
0.030437
0.030554
0.03062
0.030391
0.030427
0.030421
0.030401
0.030291
0.030356
0.030277
0.030262
0.030139
0.029961
0.030162
0.030118
0.030268
0.030191
0.03016
0.030366
0.030236
0.030138
0.030284
0.030069
0.0301
0.030024
0.030135
0.030086
0.030033
0.030231
0.030098
0.03026
0.030245
0.030325
0.03036
0.030296
0.030263
0.031076
0.030921
0.030537
0.030516
0.030493
0.030571
0.030669
0.030588
0.030527
0.030749
0.030688
0.030759
0.031074
0.03063
0.030474
0.030596
0.030491
0.030347
0.03035
0.030476
0.030505
0.030429
0.030545
0.030468
0.03038
0.030975
0.031253
0.030885
0.030915
0.03089
0.030632
0.030371
0.03058
0.030447
0.030411
0.030531
0.030486
0.030447
0.030358
0.030361
0.030331
0.030434
0.030434
0.030449
0.030284
0.030382
0.030425
0.030351
0.028963
0.030437
0.030375
0.030465
0.030543
0.030556
0.030652
0.030753
0.030898
0.030699
0.030645
0.030737
0.030567
0.030597
0.030478
0.030613
0.030621
0.030557
0.030527
0.030724
0.031629
0.03101
0.031126
0.031027
0.030973
0.030883
0.030525
0.030589
0.030421
0.030357
0.030556
0.030432
0.030306
0.03025
0.030568
0.030355
0.030316
0.030524
0.030321
0.030289
0.030234
0.030099
0.030149
