1
660.8171,126.9065,31.5938,66.5705
659.1058,125.9557,31.5938,66.5705
658.1550,132.6108,31.5938,66.5705
657.9649,140.0265,31.5938,66.5705
657.0142,142.4984,31.5938,66.5705
656.8240,139.2659,31.5938,66.5705
657.0142,136.4137,31.5938,66.5705
656.0634,137.3645,31.5938,66.5705
654.4540,142.7538,30.6294,64.5384
653.1636,146.9937,30.6294,64.5384
653.8155,148.9004,29.6944,62.5684
652.5645,145.8623,29.6944,62.5684
652.1241,139.8474,28.7880,60.6584
647.1925,136.0952,27.9092,58.8068
641.9854,135.9272,27.9092,58.8068
636.4424,141.4703,27.9092,58.8068
632.5791,150.0367,27.9092,58.8068
629.3876,157.5954,27.9092,58.8068
629.2197,163.1384,27.9092,58.8068
629.3876,160.6189,27.9092,58.8068
630.5634,158.4352,27.9092,58.8068
632.7471,156.9235,27.9092,58.8068
635.6926,156.6453,27.0573,57.0117
637.4838,154.5283,27.0573,57.0117
637.9724,152.4113,27.0573,57.0117
639.1122,150.2944,27.0573,57.0117
639.6880,143.5109,26.2313,55.2714
639.5302,135.7752,26.2313,55.2714
639.3723,136.5646,26.2313,55.2714
641.4247,141.7744,26.2313,55.2714
640.9510,149.5101,26.2313,55.2714
641.4247,145.2475,26.2313,55.2714
640.9510,149.5101,26.2313,55.2714
643.3192,164.5079,26.2313,55.2714
645.6872,169.0862,26.2313,55.2714
643.3192,156.6143,26.2313,55.2714
644.1931,148.4592,25.4306,53.5843
644.2459,143.4705,26.2434,55.2968
644.0880,136.6789,26.2434,55.2968
644.3305,136.7331,25.4423,53.6089
642.7283,138.3170,24.6657,51.9724
640.7984,132.2306,24.6657,51.9724
640.9468,129.7069,24.6657,51.9724
641.5919,131.4000,25.4540,53.6335
641.1323,135.5363,25.4540,53.6335
640.9791,138.7533,25.4540,53.6335
641.1323,140.4384,25.4540,53.6335
643.1238,139.3661,25.4540,53.6335
643.7894,136.2111,26.2675,55.3476
644.0322,137.2140,25.4657,53.6581
646.3312,140.4325,25.4657,53.6581
646.7910,144.2641,25.4657,53.6581
647.8638,144.4174,25.4657,53.6581
648.0992,143.5504,24.6883,52.0202
647.9506,142.5103,24.6883,52.0202
647.2077,145.9278,24.6883,52.0202
646.1676,152.3170,24.6883,52.0202
646.3162,156.0316,24.6883,52.0202
647.6534,158.5576,24.6883,52.0202
649.8822,158.7061,24.6883,52.0202
650.6252,157.6660,24.6883,52.0202
649.5851,157.2203,24.6883,52.0202
648.8422,157.3689,24.6883,52.0202
649.2879,157.2203,24.6883,52.0202
649.7336,156.4774,24.6883,52.0202
652.8539,157.2203,24.6883,52.0202
655.9742,159.1519,24.6883,52.0202
658.7974,161.6778,24.6883,52.0202
660.4318,158.5576,24.6883,52.0202
661.4719,153.9514,24.6883,52.0202
663.1063,148.4538,24.6883,52.0202
664.7408,143.8476,24.6883,52.0202
663.9979,144.2934,24.6883,52.0202
663.5521,143.5504,24.6883,52.0202
661.5231,133.0611,25.4774,53.6827
660.8386,135.5671,24.6996,52.0440
663.0684,140.1754,24.6996,52.0440
665.9725,153.3080,23.9457,50.4554
668.7108,164.9813,23.9457,50.4554
671.8144,170.5072,23.2147,48.9152
671.6747,172.3236,23.2147,48.9152
671.8893,167.9006,22.5061,47.4221
671.8264,165.2381,21.8191,45.9745
669.5080,166.2106,22.5164,47.4438
669.3725,165.5330,22.5164,47.4438
668.3351,160.0318,23.2361,48.9601
666.2374,153.1794,23.2361,48.9601
664.1398,149.6833,23.2361,48.9601
660.3640,152.0607,23.2361,48.9601
657.7069,154.9974,23.2361,48.9601
655.6093,157.3748,23.2361,48.9601
653.2319,160.0318,23.2361,48.9601
651.9733,163.2483,23.2361,48.9601
651.8334,163.9475,23.2361,48.9601
652.8123,164.3671,23.2361,48.9601
653.5115,164.5069,23.2361,48.9601
653.9311,162.6889,23.2361,48.9601
653.7913,162.5491,23.2361,48.9601
654.7701,162.9686,23.2361,48.9601
654.5387,164.2839,23.9787,50.5249
653.8171,164.7168,23.9787,50.5249
652.5183,162.8407,23.9787,50.5249
650.3536,160.9647,23.9787,50.5249
649.2488,162.0334,24.7450,52.1397
647.6107,163.6716,24.7450,52.1397
648.1372,162.2334,23.9897,50.5481
647.9929,160.6452,23.9897,50.5481
649.9472,163.0049,23.2574,49.0051
649.1556,164.6014,24.0007,50.5713
650.5331,166.9622,23.2681,49.0276
650.6731,161.5007,23.2681,49.0276
651.0932,161.9208,23.2681,49.0276
650.6731,166.8221,23.2681,49.0276
648.5725,171.4434,23.2681,49.0276
647.3122,174.6642,23.2681,49.0276
646.8921,171.4434,23.2681,49.0276
645.0716,170.1830,23.2681,49.0276
644.8398,171.2200,24.0117,50.5945
644.9843,169.9194,24.0117,50.5945
645.6122,166.3652,24.7791,52.2115
645.5430,167.0129,24.0227,50.6178
645.3037,166.3486,24.7905,52.2355
643.9609,164.1106,24.7905,52.2355
643.8117,161.2758,24.7905,52.2355
643.2664,160.8887,25.5828,53.9049
642.8044,161.3506,25.5828,53.9049
643.5743,161.8125,25.5828,53.9049
644.1187,164.0210,24.8019,52.2595
642.7753,163.8717,24.8019,52.2595
642.9246,163.1254,24.8019,52.2595
642.3790,164.5293,25.5946,53.9297
641.3007,164.3752,25.5946,53.9297
641.8453,162.2716,24.8133,52.2835
642.2933,159.4342,24.8133,52.2835
643.8383,153.9692,25.6063,53.9544
645.8417,148.8836,25.6063,53.9544
646.3040,145.9555,25.6063,53.9544
646.4581,145.8014,25.6063,53.9544
646.3040,145.6473,25.6063,53.9544
644.9170,146.4178,25.6063,53.9544
644.7629,149.0377,25.6063,53.9544
644.9170,152.5822,25.6063,53.9544
645.9958,154.5857,25.6063,53.9544
646.3571,153.8776,26.4247,55.6788
646.5162,156.5812,26.4247,55.6788
646.3571,157.0583,26.4247,55.6788
646.1981,159.4438,26.4247,55.6788
644.7668,159.6029,26.4247,55.6788
644.6077,161.3523,26.4247,55.6788
644.4487,164.0559,26.4247,55.6788
645.8800,168.0318,26.4247,55.6788
647.2072,169.8456,27.2692,57.4583
648.3560,169.6815,27.2692,57.4583
648.5201,172.1433,27.2692,57.4583
648.5767,171.7175,28.1407,59.2947
648.4073,171.8868,28.1407,59.2947
650.2703,171.7175,28.1407,59.2947
651.4559,171.8868,28.1407,59.2947
651.2865,170.0238,28.1407,59.2947
651.7946,169.8544,28.1407,59.2947
650.8369,166.3665,29.0401,61.1898
651.0116,163.7448,29.0401,61.1898
649.0891,166.0169,29.0401,61.1898
648.5648,167.9395,29.0401,61.1898
648.0404,166.7160,29.0401,61.1898
647.1665,164.0944,29.0401,61.1898
646.8773,162.2427,29.9682,63.1454
647.4183,162.7838,29.9682,63.1454
649.7631,162.9641,29.9682,63.1454
650.6649,160.6194,29.9682,63.1454
650.8452,161.1605,29.9682,63.1454
651.0256,163.1445,29.9682,63.1454
651.5667,164.0463,29.9682,63.1454
652.7110,163.9391,30.9260,65.1635
655.1307,164.1252,30.9260,65.1635
655.6890,163.9391,30.9260,65.1635
656.6197,164.8697,30.9260,65.1635
654.5723,164.3113,30.9260,65.1635
654.3862,160.7749,30.9260,65.1635
654.5723,162.4500,30.9260,65.1635
655.7532,164.9451,31.9144,67.2461
655.9453,166.2897,31.9144,67.2461
656.5215,162.6402,31.9144,67.2461
657.4819,162.4482,31.9144,67.2461
658.0582,162.2561,31.9144,67.2461
658.5085,158.3004,32.9344,69.3953
661.0853,156.1200,32.9344,69.3953
663.2657,153.9397,32.9344,69.3953
665.4460,150.5700,32.9344,69.3953
667.1001,149.6593,33.9870,71.6132
