1
213.8431,140.2003,89.5396,52.8183
212.4536,141.0340,89.5396,52.8183
210.5084,140.7561,89.5396,52.8183
209.1189,141.5898,89.5396,52.8183
207.7294,142.9792,89.5396,52.8183
206.3400,142.7013,89.5396,52.8183
204.3947,143.5350,89.5396,52.8183
202.4495,145.4802,89.5396,52.8183
199.9485,145.7581,89.5396,52.8183
201.3379,145.4802,89.5396,52.8183
197.7254,147.9813,89.5396,52.8183
198.5590,147.7034,89.5396,52.8183
195.5022,149.0928,89.5396,52.8183
192.4454,149.9265,89.5396,52.8183
191.0560,149.6486,89.5396,52.8183
191.3338,151.0381,89.5396,52.8183
187.7212,151.8718,89.5396,52.8183
189.1107,152.7055,89.5396,52.8183
187.7212,153.5391,89.5396,52.8183
187.9991,154.9286,89.5396,52.8183
187.1655,157.4296,89.5396,52.8183
184.6644,159.9306,89.5396,52.8183
181.0518,160.2085,89.5396,52.8183
177.9950,160.4864,89.5396,52.8183
178.2729,161.8759,89.5396,52.8183
175.7719,161.0422,89.5396,52.8183
176.6056,162.4317,89.5396,52.8183
173.5488,163.2654,89.5396,52.8183
170.4920,164.0990,89.5396,52.8183
166.8794,164.3769,89.5396,52.8183
162.1552,165.7664,89.5396,52.8183
157.9868,165.4885,89.5396,52.8183
154.3742,167.4337,89.5396,52.8183
151.8732,167.7116,89.5396,52.8183
153.2627,168.5453,89.5396,52.8183
152.9848,170.4905,89.5396,52.8183
153.8185,170.7684,89.5396,52.8183
154.0964,171.0463,89.5396,52.8183
154.9300,170.2127,89.5396,52.8183
153.5406,169.9348,89.5396,52.8183
153.2627,169.1011,89.5396,52.8183
154.0964,167.7116,89.5396,52.8183
153.8185,166.3221,89.5396,52.8183
154.6522,167.1558,89.5396,52.8183
152.7069,165.7664,89.5396,52.8183
151.3175,166.0443,89.5396,52.8183
153.6114,167.9467,87.6302,51.6920
153.2351,168.2357,85.7614,50.5896
155.0983,169.0342,85.7614,50.5896
155.3644,168.7680,85.7614,50.5896
152.9689,167.9696,85.7614,50.5896
155.3644,169.3004,85.7614,50.5896
157.7599,170.6312,85.7614,50.5896
158.5584,170.3650,85.7614,50.5896
159.8892,171.1635,85.7614,50.5896
160.1554,170.3650,85.7614,50.5896
160.9539,171.1635,85.7614,50.5896
162.2847,170.3650,85.7614,50.5896
163.0832,171.1635,85.7614,50.5896
164.4140,170.3650,85.7614,50.5896
165.2125,170.0989,85.7614,50.5896
167.4097,171.9210,83.9325,49.5108
168.7121,171.6606,83.9325,49.5108
170.5356,174.0050,83.9325,49.5108
172.6859,173.2775,82.1426,48.4550
175.4902,175.5719,82.1426,48.4550
174.1545,173.8771,80.3909,47.4216
177.6570,176.5471,78.6766,46.4104
181.5555,178.6894,76.9988,45.4207
180.7641,177.5613,75.3567,44.4520
179.0880,176.9082,73.7497,43.5041
176.1239,176.2690,72.1770,42.5764
172.7913,174.7798,70.6378,41.6684
166.1488,172.0545,69.1314,40.7798
161.3023,170.2146,67.6572,39.9102
160.2022,171.6521,66.2144,39.0591
161.6407,173.0906,66.2144,39.0591
156.9142,170.0081,66.2144,39.0591
153.8317,168.1586,66.2144,39.0591
150.7492,169.1861,66.2144,39.0591
147.6667,167.7476,66.2144,39.0591
145.4062,168.7751,66.2144,39.0591
143.1457,168.9806,66.2144,39.0591
142.5292,167.9531,66.2144,39.0591
141.5017,169.8026,66.2144,39.0591
141.4089,170.0101,67.6794,39.9233
139.0983,168.5398,67.6794,39.9233
137.6280,168.7498,67.6794,39.9233
135.7376,167.6996,67.6794,39.9233
133.4271,168.7498,67.6794,39.9233
2
0
0
0
0
1
147.6701,170.0357,56.3315,51.3762
147.8821,169.3998,56.3315,51.3762
149.3659,170.4596,56.3315,51.3762
149.1539,169.8237,56.3315,51.3762
150.6377,169.6117,56.3315,51.3762
152.5454,170.2476,56.3315,51.3762
154.0291,169.6117,56.3315,51.3762
156.7847,170.6716,56.3315,51.3762
157.5896,170.6065,55.1302,50.2806
160.3769,172.1423,53.9545,49.2084
161.5393,171.2972,52.8040,48.1590
162.5327,172.2907,52.8040,48.1590
161.9366,170.8998,52.8040,48.1590
160.9432,173.0855,52.8040,48.1590
160.3471,171.2972,52.8040,48.1590
160.1484,171.8933,52.8040,48.1590
159.7539,170.3002,51.6779,47.1320
160.1175,168.3662,50.5758,46.1269
160.1064,167.5740,49.4973,45.1432
159.9202,169.2503,49.4973,45.1432
160.1064,170.1815,49.4973,45.1432
159.9202,168.5053,49.4973,45.1432
159.7339,169.8090,49.4973,45.1432
161.0377,170.7403,49.4973,45.1432
161.5964,172.0440,49.4973,45.1432
163.0218,174.5001,48.4418,44.1805
164.4168,176.9038,47.4087,43.2383
165.4381,178.9123,46.3977,42.3163
166.1011,180.2049,45.4083,41.4139
166.9554,181.7427,45.4083,41.4139
167.6043,183.9958,44.4399,40.5307
168.8840,184.2668,43.4922,39.6664
169.3750,182.1393,43.4922,39.6664
169.6810,181.7735,42.5647,38.8205
170.9067,181.1068,41.6570,37.9926
171.1998,182.2674,40.7687,37.1824
172.6696,183.6989,39.8993,36.3895
173.4202,182.0474,39.8993,36.3895
174.7714,180.9964,39.8993,36.3895
176.4993,182.3974,39.0484,35.6135
176.9401,181.9566,39.0484,35.6135
178.2625,179.7526,39.0484,35.6135
178.9971,178.1363,39.0484,35.6135
178.2625,180.0464,39.0484,35.6135
177.6875,185.6662,38.2157,34.8540
179.5569,187.5356,38.2157,34.8540
181.7138,188.5422,38.2157,34.8540
183.5290,186.5155,39.0612,35.6252
186.3216,186.0746,39.0612,35.6252
189.1143,185.6336,39.0612,35.6252
191.3190,185.7806,39.0612,35.6252
193.8177,184.4578,39.0612,35.6252
196.0224,184.6048,39.0612,35.6252
197.6392,184.1638,39.0612,35.6252
198.6681,183.4289,39.0612,35.6252
199.4030,183.8699,39.0612,35.6252
198.3741,184.3108,39.0612,35.6252
199.9909,185.6337,39.0612,35.6252
199.2560,186.6625,39.0612,35.6252
200.8728,185.9276,39.0612,35.6252
202.1956,184.6048,39.0612,35.6252
201.7547,184.4578,39.0612,35.6252
203.6654,185.1927,39.0612,35.6252
203.8124,183.8699,39.0612,35.6252
205.4292,184.6048,39.0612,35.6252
204.9883,185.3397,39.0612,35.6252
206.3111,183.7229,39.0612,35.6252
207.9279,182.6940,39.0612,35.6252
210.4266,182.2531,39.0612,35.6252
212.9253,183.2820,39.0612,35.6252
215.4239,181.6652,39.0612,35.6252
217.6287,181.5182,39.0612,35.6252
220.1274,180.7833,39.0612,35.6252
222.0381,179.4604,39.0612,35.6252
223.9489,181.3712,39.0612,35.6252
226.1536,182.9880,39.0612,35.6252
226.5946,184.6048,39.0612,35.6252
227.9174,186.5155,39.0612,35.6252
228.9463,188.1323,39.0612,35.6252
228.5053,189.4552,39.0612,35.6252
228.6523,191.0720,39.0612,35.6252
229.3872,192.1008,39.0612,35.6252
228.9463,193.7176,39.0612,35.6252
230.2691,194.7465,39.0612,35.6252
229.8281,196.9512,39.0612,35.6252
230.8570,198.5680,39.0612,35.6252
230.1221,199.5969,39.0612,35.6252
229.6812,200.9197,39.0612,35.6252
230.7100,201.3607,39.0612,35.6252
231.1510,202.3895,39.0612,35.6252
229.5342,201.9486,39.0612,35.6252
229.3872,200.9197,39.0612,35.6252
228.6523,199.5969,39.0612,35.6252
229.0932,200.3318,39.0612,35.6252
228.0644,198.7150,39.0612,35.6252
227.3295,197.6861,39.0612,35.6252
226.3006,199.3029,39.0612,35.6252
226.4476,199.4499,39.0612,35.6252
227.1825,200.4788,39.0612,35.6252
226.7415,201.5076,39.0612,35.6252
228.3583,202.8305,39.0612,35.6252
230.0499,204.4854,38.2282,34.8654
229.0429,205.7800,38.2282,34.8654
227.7483,206.2115,38.2282,34.8654
228.7552,207.2184,38.2282,34.8654
227.7483,207.6500,38.2282,34.8654
229.0429,206.0676,38.2282,34.8654
229.4745,205.3484,38.2282,34.8654
230.4814,206.3553,38.2282,34.8654
232.0637,205.0607,38.2282,34.8654
233.0706,203.4784,38.2282,34.8654
234.6530,202.1838,38.2282,34.8654
236.8630,202.4169,37.4130,34.1219
237.8484,200.3052,37.4130,34.1219
239.6786,198.7566,37.4130,34.1219
235.0569,204.6838,36.6152,33.3943
231.3306,207.2974,35.8343,32.6821
230.5430,209.5954,35.0702,31.9852
232.3161,210.5724,34.3223,31.3031
232.3086,211.0307,33.5903,30.6355
230.1599,211.1570,33.5903,30.6355
229.0223,212.0418,33.5903,30.6355
228.2841,213.9522,32.8740,29.9822
225.9338,215.0655,32.8740,29.9822
224.3257,215.9314,32.8740,29.9822
223.6031,218.0396,32.1730,29.3428
224.9348,220.0976,32.1730,29.3428
225.6279,222.6275,31.4869,28.7171
226.3062,224.1899,30.8154,28.1047
224.9584,225.4954,30.1583,27.5053
221.6704,226.5544,29.5151,26.9188
221.0217,225.4498,28.8857,26.3447
220.0435,224.2542,28.8857,26.3447
217.5813,222.2712,29.5248,26.9276
215.5258,220.2444,30.1780,27.5234
213.5953,218.7681,30.1780,27.5234
212.1191,218.4275,30.1780,27.5234
210.8700,219.6766,30.1780,27.5234
210.2067,221.6118,29.5345,26.9364
209.3433,222.6489,28.9046,26.3620
208.1469,222.7576,28.9046,26.3620
206.9505,222.4313,28.9046,26.3620
206.4067,221.6700,28.9046,26.3620
207.4487,222.0559,28.2882,25.7998
206.0650,222.3752,28.2882,25.7998
205.0328,221.9321,27.6850,25.2497
204.8260,221.6993,27.0946,24.7112
206.7854,223.2403,26.5168,24.1842
208.3184,224.3637,25.9513,23.6685
209.8187,225.2749,25.3979,23.1637
211.2870,225.9825,24.8563,22.6698
2
0
0
0
0
1
195.1246,200.9751,40.0000,49.0000
196.6993,200.8001,40.0000,49.0000
197.5742,200.6251,40.0000,49.0000
198.4491,200.1002,40.0000,49.0000
198.5512,199.3766,40.8850,50.0841
198.2844,198.6370,41.7896,51.1922
197.3704,198.0886,41.7896,51.1922
198.6500,197.5402,41.7896,51.1922
196.4808,196.0256,42.7142,52.3249
198.1624,195.0914,42.7142,52.3249
198.7230,193.7835,42.7142,52.3249
196.2940,193.2229,42.7142,52.3249
197.6019,192.2887,42.7142,52.3249
198.9098,191.7282,42.7142,52.3249
200.1820,190.9555,43.6592,53.4826
201.4823,188.1843,44.6252,54.6659
202.8113,187.3770,45.6125,55.8753
201.0156,188.3746,45.6125,55.8753
203.6094,187.3770,45.6125,55.8753
202.0698,186.1379,46.6217,57.1116
203.9052,185.5261,46.6217,57.1116
201.0620,185.1058,47.6532,58.3752
202.5212,184.8974,47.6532,58.3752
201.4789,184.2720,47.6532,58.3752
202.9381,184.8974,47.6532,58.3752
203.9803,183.8551,47.6532,58.3752
204.6057,184.8974,47.6532,58.3752
204.8141,183.4382,47.6532,58.3752
205.4395,184.8974,47.6532,58.3752
206.8986,183.4382,47.6532,58.3752
207.8854,183.4413,48.7075,59.6667
209.7781,182.1180,49.7852,60.9869
211.3025,181.9003,49.7852,60.9869
213.2625,183.4247,49.7852,60.9869
215.2225,181.9003,49.7852,60.9869
216.3114,182.9891,49.7852,60.9869
217.4003,183.2069,49.7852,60.9869
218.9247,182.5536,49.7852,60.9869
220.0136,183.6425,49.7852,60.9869
221.9736,183.8602,49.7852,60.9869
223.9336,184.9491,49.7852,60.9869
226.7734,186.6489,48.7235,59.6863
243.1109,189.9559,47.6845,58.4135
249.4497,188.7693,46.6676,57.1678
252.5118,189.3818,46.6676,57.1678
254.3253,187.2668,47.7001,58.4326
256.6439,188.4932,46.6829,57.1865
259.3067,187.3315,45.6874,55.9670
257.3499,186.9197,46.6982,57.2053
258.3168,184.8034,47.7314,58.4709
256.7057,184.8064,48.7874,59.7646
258.6015,184.8095,49.8669,61.0869
260.5647,185.9002,49.8669,61.0869
262.5279,186.5546,49.8669,61.0869
263.1823,185.4639,49.8669,61.0869
262.5279,186.9908,49.8669,61.0869
264.9274,187.6452,49.8669,61.0869
266.8906,188.7359,49.8669,61.0869
265.2074,189.6443,50.9702,62.4384
270.6936,189.2356,49.8832,61.1069
272.2210,190.7630,49.8832,61.1069
274.6458,189.5217,48.8194,59.8038
276.1406,190.5895,48.8194,59.8038
278.5137,190.1980,47.7784,58.5285
277.8867,189.5710,47.7784,58.5285
280.1857,191.4520,47.7784,58.5285
283.7168,193.4861,46.7595,57.2803
287.2315,195.1868,47.7940,58.5477
291.9728,196.4156,46.7748,57.2991
296.2186,198.0126,45.7773,56.0772
298.0208,198.6133,45.7773,56.0772
295.4176,198.0126,45.7773,56.0772
296.8708,198.4175,44.8011,54.8813
298.6707,199.9472,43.8457,53.7110
300.8020,200.3350,42.9107,52.5656
302.1641,201.0764,41.9956,51.4446
299.9560,202.1561,41.1000,50.3475
301.2606,201.1334,40.2236,49.2738
302.8766,201.1500,39.3658,48.2231
305.4540,200.5024,38.5263,47.1947
307.9819,201.0080,38.5263,47.1947
314.8915,198.4801,38.5263,47.1947
332.2497,195.6151,38.5263,47.1947
339.4963,193.4243,38.5263,47.1947
342.0242,191.2335,38.5263,47.1947
345.1964,189.6250,37.7047,46.1883
344.3717,187.4809,37.7047,46.1883
343.2172,185.0069,37.7047,46.1883
341.2600,182.2715,38.5389,47.2102
341.0086,182.2739,39.3916,48.2547
343.2486,181.7570,39.3916,48.2547
345.8333,179.8615,39.3916,48.2547
348.4179,178.6553,39.3916,48.2547
347.5564,176.4153,39.3916,48.2547
338.7685,173.4860,39.3916,48.2547
335.4946,172.9691,39.3916,48.2547
336.0115,172.7968,39.3916,48.2547
336.8731,172.2798,39.3916,48.2547
338.0793,172.7968,39.3916,48.2547
338.1798,171.0115,40.2631,49.3223
338.2826,169.1868,41.1540,50.4136
339.1347,168.8159,42.0645,51.5290
339.6867,167.1598,42.0645,51.5290
339.8707,166.9758,42.0645,51.5290
339.3187,166.4238,42.0645,51.5290
339.5027,165.8718,42.0645,51.5290
339.6101,165.4927,42.9952,52.6691
338.9393,163.5441,43.9464,53.8344
339.8493,163.1480,44.9188,55.0255
339.5562,162.3354,45.9126,56.2429
339.7571,163.7413,45.9126,56.2429
339.8742,164.5777,46.9284,57.4873
338.0267,164.7830,46.9284,57.4873
338.9984,164.7859,47.9667,58.7592
340.0475,163.7368,47.9667,58.7592
342.3791,165.7790,46.9438,57.5061
343.8693,166.1943,45.9427,56.2798
339.2470,163.9836,45.9427,56.2798
339.3643,164.4036,46.9592,57.5250
340.8022,165.4306,46.9592,57.5250
341.7745,164.1549,47.9982,58.7977
343.6397,165.0293,49.0601,60.0986
346.4368,165.0324,50.1456,61.4283
355.8689,163.9356,50.1456,61.4283
359.5979,163.2776,50.1456,61.4283
358.6526,164.9897,49.0762,60.1183
351.5200,163.7685,48.0296,58.8363
353.3864,165.0794,49.0923,60.1380
354.8896,164.0056,49.0923,60.1380
355.9062,166.2367,50.1785,61.4686
359.6779,168.0617,51.2887,62.8286
360.7996,169.1835,51.2887,62.8286
358.3317,168.5104,51.2887,62.8286
357.7974,169.8291,50.1949,61.4888
356.2604,167.8530,50.1949,61.4888
358.6666,169.6786,51.3055,62.8492
358.5647,168.8345,50.2114,61.5089
356.1486,169.9327,50.2114,61.5089
356.8076,168.3952,50.2114,61.5089
359.6702,169.7657,51.3223,62.8698
363.4867,170.8882,51.3223,62.8698
367.8103,174.1523,52.4578,64.2608
372.6291,178.0532,52.4578,64.2608
371.4818,177.3648,52.4578,64.2608
371.2523,180.3479,52.4578,64.2608
372.8146,178.9228,53.6184,65.6826
373.9874,178.6883,53.6184,65.6826
375.0976,176.7450,54.8047,67.1358
376.2962,178.4231,54.8047,67.1358
375.0976,180.1012,54.8047,67.1358
375.3373,178.9026,54.8047,67.1358
376.5360,180.1012,54.8047,67.1358
378.2141,181.2999,54.8047,67.1358
380.8512,181.5396,54.8047,67.1358
380.2802,184.7972,53.6360,65.7041
376.2916,186.4396,53.6360,65.7041
373.7108,184.3280,53.6360,65.7041
373.9454,182.6856,53.6360,65.7041
370.4261,184.7972,53.6360,65.7041
366.9068,185.0318,53.6360,65.7041
363.3875,182.9203,53.6360,65.7041
359.6627,181.5856,52.4922,64.3029
354.6895,181.6073,51.3728,62.9317
351.9883,182.4949,50.2773,61.5896
349.5690,183.1547,50.2773,61.5896
2
0
0
0
0
1
395.0805,173.4672,71.8255,51.0973
393.3927,173.7083,71.8255,51.0973
390.7405,173.9494,71.8255,51.0973
389.5349,174.1905,71.8255,51.0973
391.2227,172.5027,71.8255,51.0973
389.0527,173.2261,71.8255,51.0973
390.7405,172.9850,71.8255,51.0973
392.4282,171.2972,71.8255,51.0973
394.3561,173.0040,70.2938,50.0077
397.4237,170.8803,70.2938,50.0077
400.0194,172.0601,70.2938,50.0077
403.0870,169.9364,70.2938,50.0077
406.1546,170.1724,70.2938,50.0077
409.8609,168.2037,68.7948,48.9412
412.8631,166.1253,68.7948,48.9412
415.8653,165.4325,68.7948,48.9412
418.4056,165.2015,68.7948,48.9412
419.5603,164.9706,68.7948,48.9412
419.7912,167.0490,68.7948,48.9412
422.7934,164.5087,68.7948,48.9412
423.3044,166.1435,67.3277,47.8976
425.9829,165.1293,65.8920,46.8761
423.5497,166.2353,65.8920,46.8761
425.0981,165.1293,65.8920,46.8761
423.0291,167.1215,64.4868,45.8765
423.0908,166.5674,63.1116,44.8982
422.0315,167.2030,63.1116,44.8982
420.9722,166.1437,63.1116,44.8982
419.8073,168.0518,61.7657,43.9407
418.7706,166.6004,61.7657,43.9407
417.3192,166.3931,61.7657,43.9407
415.0384,165.3564,61.7657,43.9407
413.8983,168.0232,60.4485,43.0036
413.1738,167.1127,59.1595,42.0866
412.0818,170.0498,57.8979,41.1891
409.5145,173.2990,56.6632,40.3107
408.1020,172.8121,55.4548,39.4511
406.3607,175.9242,54.2722,38.6098
407.8174,176.1603,53.1149,37.7864
407.1807,178.7973,51.9822,36.9806
408.4022,177.5759,51.9822,36.9806
406.8317,174.6094,51.9822,36.9806
403.8652,171.6429,51.9822,36.9806
402.2330,170.8598,50.8736,36.1920
400.0129,171.7137,50.8736,36.1920
399.4031,172.2642,49.7887,35.4202
398.2331,173.0999,49.7887,35.4202
399.2473,174.6053,48.7270,34.6648
398.3479,176.7091,47.6879,33.9256
395.9466,179.1104,47.6879,33.9256
396.1067,178.3100,47.6879,33.9256
397.2273,180.7113,47.6879,33.9256
396.9643,184.0047,46.6709,33.2021
398.3743,185.1014,46.6709,33.2021
398.4189,184.3983,45.6756,32.4941
397.6523,183.0184,45.6756,32.4941
397.8056,181.9451,45.6756,32.4941
397.5537,180.3703,44.7016,31.8011
396.8034,174.2178,44.7016,31.8011
398.5818,174.9908,43.7483,31.1230
399.7560,175.7474,42.8154,30.4592
399.2428,177.5960,41.9023,29.8097
400.2275,176.6114,41.9023,29.8097
401.0810,177.8783,41.0087,29.1740
400.3241,179.9143,40.1342,28.5518
400.7282,181.9352,40.1342,28.5518
401.9408,184.7644,40.1342,28.5518
403.9617,187.3242,40.1342,28.5518
405.4437,189.8841,40.1342,28.5518
407.3001,191.8767,39.2783,27.9430
407.6956,191.2174,39.2783,27.9430
408.8823,192.4041,39.2783,27.9430
408.2230,192.7996,39.2783,27.9430
408.3549,192.1404,39.2783,27.9430
406.6408,193.0633,39.2783,27.9430
405.7178,192.9315,39.2783,27.9430
404.2674,193.0633,39.2783,27.9430
403.0807,192.9315,39.2783,27.9430
401.3666,193.3271,39.2783,27.9430
400.4437,192.6678,39.2783,27.9430
401.3666,192.0085,39.2783,27.9430
401.2348,190.8218,39.2783,27.9430
403.7400,185.6795,39.2783,27.9430
405.1904,180.0098,39.2783,27.9430
404.5311,178.0320,39.2783,27.9430
405.9815,179.2187,39.2783,27.9430
405.0586,181.7239,39.2783,27.9430
404.3993,181.3283,39.2783,27.9430
405.8497,180.4054,39.2783,27.9430
405.1904,178.6912,39.2783,27.9430
403.2511,176.0566,40.1474,28.5612
403.6554,170.2614,40.1474,28.5612
404.1901,163.9329,41.0356,29.1931
404.8788,161.3156,41.0356,29.1931