1
1100.6767,614.0286,42.4730,48.8421
1097.9820,610.6153,42.4730,48.8421
1104.8415,618.9279,41.5672,47.8005
2
0
0
0
0
1
911.6355,615.3027,47.5444,45.9942
915.8853,607.3438,48.5963,47.0119
909.2983,607.9084,48.5963,47.0119
2
0
0
0
0
1
804.6006,552.8187,40.3584,41.3947
822.1418,554.2670,40.3584,41.3947
829.3835,556.6810,40.3584,41.3947
836.6253,559.7386,40.3584,41.3947
839.0172,560.1155,41.2514,42.3106
841.8033,557.4289,42.1641,43.2467
846.0466,557.1249,43.0969,44.2036
853.2364,557.1708,44.0505,45.1816
2
0
0
0
0
1
793.4387,493.7522,47.9353,50.0995
789.3864,494.3312,47.9353,50.0995
781.4746,492.5944,47.9353,50.0995
771.5345,498.6470,48.9959,51.2080
763.1218,501.2842,47.9510,50.1160
753.9796,497.7257,49.0119,51.2248
744.3117,492.0039,49.0119,51.2248
730.6977,487.4659,49.0119,51.2248
714.6753,483.2577,47.9667,50.1324
697.5166,479.6981,49.0280,51.2416
677.5823,475.1586,49.0280,51.2416
657.2533,471.8033,49.0280,51.2416
636.9244,468.4480,49.0280,51.2416
617.8529,470.3260,47.9825,50.1488
2
0
0
0
0
1
399.6666,443.6915,42.6885,21.9910
364.3790,443.8394,43.6329,22.4775
328.3107,442.6578,44.5983,22.9748
291.4444,442.8123,45.5850,23.4832
253.7624,442.9703,46.5936,24.0027
2
0
0
0
0