1
593.5624,201.0732,43.8311,39.5717
591.1005,199.2678,43.8311,39.5717
588.6386,198.4472,43.8311,39.5717
586.1767,197.6266,43.8311,39.5717
585.0278,196.8059,43.8311,39.5717
583.2349,195.2763,42.4931,38.3638
582.7697,195.3845,41.1960,37.1927
584.1697,196.1064,39.9385,36.0574
572.9135,190.8941,41.2149,37.2098
570.3017,197.7896,39.9568,36.0739
568.0173,196.4650,41.2338,37.2269
565.0424,194.1717,42.5517,38.4166
562.2911,192.1238,43.9116,39.6444
561.1526,191.5779,42.5712,38.4343
558.7189,189.8479,43.9318,39.6626
557.5673,189.0254,43.9318,39.6626
556.4158,188.5319,43.9318,39.6626
555.2643,187.7094,43.9318,39.6626
554.4418,187.5448,43.9318,39.6626
553.5753,186.7465,45.3358,40.9302
553.4055,186.2373,45.3358,40.9302
552.8962,185.0489,45.3358,40.9302
551.7079,184.8792,45.3358,40.9302
551.8777,185.0489,45.3358,40.9302
550.6893,184.5397,45.3358,40.9302
550.8591,184.7094,45.3358,40.9302
549.6708,185.2187,45.3358,40.9302
549.8406,185.0489,45.3358,40.9302
549.6837,185.1644,43.9520,39.6808
549.5191,184.9998,43.9520,39.6808
549.0254,186.1518,43.9520,39.6808
547.8734,186.3164,43.9520,39.6808
549.3671,184.7825,42.6103,38.4696
548.5693,185.8994,42.6103,38.4696
548.0479,180.3385,43.9721,39.6991
553.1647,186.3780,42.6299,38.4872
553.9750,184.2517,41.3286,37.3124
551.6537,184.0970,41.3286,37.3124
551.4989,184.2517,41.3286,37.3124
551.0347,185.3350,41.3286,37.3124
549.9514,185.7993,41.3286,37.3124
549.4871,186.8826,41.3286,37.3124
549.3323,186.4183,41.3286,37.3124
548.8681,186.8826,41.3286,37.3124
548.0943,186.7278,41.3286,37.3124
547.9396,187.5016,41.3286,37.3124
547.7848,187.6563,41.3286,37.3124
548.2491,188.1206,41.3286,37.3124
548.0943,188.2753,41.3286,37.3124
548.2491,188.7396,41.3286,37.3124
549.0228,189.5134,41.3286,37.3124
549.7966,189.9776,41.3286,37.3124
551.4989,190.1324,41.3286,37.3124
552.2727,190.5966,41.3286,37.3124
553.9868,192.2494,40.0670,36.1734
555.3484,194.4519,38.8439,35.0692
551.3823,197.5277,40.0854,36.1900
549.3909,194.0975,41.3665,37.3467
546.7162,193.9654,42.6886,38.5403
546.1938,194.7882,44.0529,39.7720
545.9847,194.9774,45.4609,41.0431
547.8117,194.4917,46.9138,42.3549
548.2917,195.7473,48.4132,43.7085
550.2373,195.5927,49.9604,45.1054
551.1226,195.0589,51.5572,46.5470
554.0184,196.0242,51.5572,46.5470
556.1421,196.6034,51.5572,46.5470
558.2657,197.5687,51.5572,46.5470
559.2310,198.1478,51.5572,46.5470
560.9684,198.3409,51.5572,46.5470
563.8643,198.5340,51.5572,46.5470
565.2157,199.4992,51.5572,46.5470
566.9015,198.9485,53.2049,48.0347
567.1008,199.1477,53.2049,48.0347
569.6907,199.3469,53.2049,48.0347
571.8821,199.9446,53.2049,48.0347
574.0737,199.7454,53.2049,48.0347
574.6713,200.3430,53.2049,48.0347
577.2612,201.3392,53.2049,48.0347
578.2574,201.5384,53.2049,48.0347
579.6520,201.7376,53.2049,48.0347
582.2419,201.9368,53.2049,48.0347
582.8395,202.9330,53.2049,48.0347
585.0311,203.1322,53.2049,48.0347
585.2303,204.1283,53.2049,48.0347
587.0233,204.7260,53.2049,48.0347
588.0194,204.5268,53.2049,48.0347
589.0156,205.1245,53.2049,48.0347
590.0117,205.7221,53.2049,48.0347
590.6094,205.9214,53.2049,48.0347
591.2070,206.5190,53.2049,48.0347
590.5560,205.9507,54.9054,49.5698
590.3505,206.5674,54.9054,49.5698
591.3784,206.7730,54.9054,49.5698
591.9952,206.9786,54.9054,49.5698
592.2008,207.5954,54.9054,49.5698
592.8176,207.8010,54.9054,49.5698
593.0232,208.0066,54.9054,49.5698
593.6400,208.6234,54.9054,49.5698
593.8455,208.4178,54.9054,49.5698
594.4623,208.2122,54.9054,49.5698
597.5462,208.8290,54.9054,49.5698
602.2905,208.9688,53.2294,48.0567
605.6940,212.2934,51.6045,46.5898
603.5685,204.7573,51.6045,46.5898
597.9130,202.2737,53.2538,48.0788
594.0709,202.1036,54.9558,49.6154
591.7522,201.1049,56.7122,51.2011
590.2089,200.0744,58.5247,52.8375
589.1132,199.8553,58.5247,52.8375
588.0174,199.6361,58.5247,52.8375
586.4834,198.9787,58.5247,52.8375
584.9494,198.3212,58.5247,52.8375
582.5388,198.5404,58.5247,52.8375
581.8813,198.7595,58.5247,52.8375
579.0325,197.6638,58.5247,52.8375
577.0601,197.0064,58.5247,52.8375
575.9644,196.7872,58.5247,52.8375
573.5538,196.1298,58.5247,52.8375
572.8964,195.9106,58.5247,52.8375
570.0475,195.6915,58.5247,52.8375
568.9518,195.0341,58.5247,52.8375
566.9794,194.8149,58.5247,52.8375
565.8837,194.1575,58.5247,52.8375
563.9114,193.9383,58.5247,52.8375
563.6923,193.2809,58.5247,52.8375
566.9794,194.3766,58.5247,52.8375
565.0238,201.5383,56.7382,51.2246
563.5528,199.1333,55.0063,49.6609
559.5842,199.3695,56.7643,51.2481
557.2461,199.1570,56.7643,51.2481
556.1265,198.1255,58.5785,52.8860
554.5911,198.7835,58.5785,52.8860
554.3717,198.5642,58.5785,52.8860
553.7137,198.7835,58.5785,52.8860
552.1782,199.0029,58.5785,52.8860
551.4615,198.3771,60.4506,54.5762
551.2351,198.6035,60.4506,54.5762
551.0088,198.3771,60.4506,54.5762
550.7824,198.1507,60.4506,54.5762
550.5561,197.9244,60.4506,54.5762
550.7824,198.1507,60.4506,54.5762
550.5561,197.9244,60.4506,54.5762
551.2351,197.6980,60.4506,54.5762
551.4615,198.3771,60.4506,54.5762
552.1406,197.6980,60.4506,54.5762
552.8196,197.4717,60.4506,54.5762
553.4987,197.2453,60.4506,54.5762
555.0832,196.5662,60.4506,54.5762
555.3096,197.2453,60.4506,54.5762
556.4413,196.5662,60.4506,54.5762
557.5731,196.7926,60.4506,54.5762
558.7049,196.1135,60.4506,54.5762
558.4180,195.9205,62.3826,56.3205
557.1875,195.7213,64.3764,58.1205
557.4286,195.9623,64.3764,58.1205
557.1875,196.6855,64.3764,58.1205
558.8749,196.9265,64.3764,58.1205
560.0802,197.1676,64.3764,58.1205
562.7318,197.4086,64.3764,58.1205
563.4550,197.6497,64.3764,58.1205
565.1424,196.9265,64.3764,58.1205
567.7940,196.6855,64.3764,58.1205
568.5172,196.9265,64.3764,58.1205
569.7225,197.1676,64.3764,58.1205
571.4099,197.4086,64.3764,58.1205
572.1331,197.6497,64.3764,58.1205
575.7672,197.3315,62.4113,56.3463
576.9535,198.4252,60.5061,54.6264
577.6332,200.0111,60.5061,54.6264
579.6723,200.2377,60.5061,54.6264
580.3692,201.2980,58.6592,52.9589
581.0449,201.8867,56.8686,51.3423
585.4597,177.8553,58.6861,52.9832
577.7097,175.4704,60.5617,54.6765
567.8977,174.8234,62.4973,56.4240
555.9626,173.6533,62.4973,56.4240
545.4317,174.3554,62.4973,56.4240
535.3688,175.0574,62.4973,56.4240
525.7740,175.7595,62.4973,56.4240
515.2430,176.9296,62.4973,56.4240
506.1163,177.1636,62.4973,56.4240
496.5214,178.3337,62.4973,56.4240
487.3946,179.9719,62.4973,56.4240
477.3317,180.2059,62.4973,56.4240
467.2688,180.4399,62.4973,56.4240
457.6740,180.6739,62.4973,56.4240
448.5472,180.9080,62.4973,56.4240
438.4843,180.6739,62.4973,56.4240
428.8895,181.3760,62.4973,56.4240
418.8266,182.0781,62.4973,56.4240
410.1678,182.3121,62.4973,56.4240
401.5090,183.0141,62.4973,56.4240
392.8503,183.7162,62.4973,56.4240
383.7235,185.8224,62.4973,56.4240
376.0008,186.0564,62.4973,56.4240
366.8918,187.1516,60.5895,54.7016
359.4048,188.7397,60.5895,54.7016
351.9179,188.9666,60.5895,54.7016
343.5234,188.7397,60.5895,54.7016
336.0365,188.5129,60.5895,54.7016
328.0958,189.6473,60.5895,54.7016
320.1551,189.8741,60.5895,54.7016
312.6682,189.6473,60.5895,54.7016
305.6350,190.3279,60.5895,54.7016
299.0728,190.9359,58.7400,53.0318
292.2543,191.1559,58.7400,53.0318
284.9959,191.3758,58.7400,53.0318
278.6173,192.0357,58.7400,53.0318
272.2387,192.6955,58.7400,53.0318
266.7566,195.4845,56.9469,51.4130
261.4419,197.3354,55.2086,49.8436
255.8760,200.3701,53.5234,48.3221
250.8808,200.9072,51.8895,46.8471
245.6346,200.3243,51.8895,46.8471
239.9999,200.5186,51.8895,46.8471
236.3082,200.7129,51.8895,46.8471
230.6735,200.5186,51.8895,46.8471
228.1624,201.8166,50.3056,45.4171
225.7279,201.9446,48.7700,44.0307
221.1625,202.1272,48.7700,44.0307
218.8023,203.7124,47.2813,42.6866
216.5007,204.5976,47.2813,42.6866
213.4910,205.1287,47.2813,42.6866
210.4812,206.0139,47.2813,42.6866
208.1796,206.1910,47.2813,42.6866
206.5997,206.3114,45.8380,41.3836
204.7116,208.1994,45.8380,41.3836
203.5102,209.0576,45.8380,41.3836
202.9952,209.9158,45.8380,41.3836
201.4505,210.0874,45.8380,41.3836
200.9356,211.2889,45.8380,41.3836
199.3908,211.4606,45.8380,41.3836
198.8759,212.3188,45.8380,41.3836
196.6446,212.4904,45.8380,41.3836
195.4431,213.0053,45.8380,41.3836
194.5849,213.5203,45.8380,41.3836
192.0103,214.3785,45.8380,41.3836
191.1521,214.8934,45.8380,41.3836
189.5614,214.7470,47.3030,42.7062
188.2741,215.3044,48.8148,44.0711
184.3867,215.1485,50.3749,45.4796
181.8840,214.9876,51.9849,46.9332
179.6907,215.6003,53.6463,48.4332
175.8203,215.8307,55.3609,49.9811
172.6553,216.0685,57.1302,51.5785
169.8170,217.1696,58.9561,53.2269
166.9472,216.9488,58.9561,53.2269
164.0773,217.1696,58.9561,53.2269
161.2074,217.3903,58.9561,53.2269
157.8960,216.7280,58.9561,53.2269
154.1430,217.3903,58.9561,53.2269
150.3901,217.1696,58.9561,53.2269
146.1956,217.8318,58.9561,53.2269
142.0012,218.0526,58.9561,53.2269
137.3062,218.7474,60.8403,54.9281
131.5498,218.5531,62.7848,56.6836
126.0796,217.8824,64.7914,58.4952
120.9199,217.6754,66.8621,60.3647
115.6622,217.4251,66.8621,60.3647
110.4046,217.1747,66.8621,60.3647
105.6476,217.9258,66.8621,60.3647
100.8907,218.1762,66.8621,60.3647
96.6345,219.4280,66.8621,60.3647
91.8776,219.1776,66.8621,60.3647
87.1206,219.4280,66.8621,60.3647
81.8630,218.6769,66.8621,60.3647
77.6068,218.4265,66.8621,60.3647
73.3506,218.1762,66.8621,60.3647
69.0944,218.4265,66.8621,60.3647
64.7712,217.2115,68.9990,62.2939
61.9291,217.9866,68.9990,62.2939
60.6569,218.6790,66.8928,60.3924
59.4236,219.8513,64.8509,58.5489
56.2668,220.0941,64.8509,58.5489
54.5669,220.3369,64.8509,58.5489
53.8384,219.6084,64.8509,58.5489
52.6242,219.8513,64.8509,58.5489
51.8957,220.0941,64.8509,58.5489
51.6529,220.3369,64.8509,58.5489
51.4101,219.6084,64.8509,58.5489
50.6816,219.8513,64.8509,58.5489
50.9244,220.0941,64.8509,58.5489
51.1672,220.3369,64.8509,58.5489
50.9244,220.5798,64.8509,58.5489
51.6529,220.8226,64.8509,58.5489
51.8957,222.5224,64.8509,58.5489
52.6242,223.7366,64.8509,58.5489
54.3425,225.3587,62.8713,56.7617
54.1250,226.9313,60.9521,55.0290
53.8968,228.0725,60.9521,55.0290
55.5118,228.2277,59.0916,53.3492
57.5200,228.8207,57.2878,51.7207
59.0216,228.6062,57.2878,51.7207
60.0942,230.5368,57.2878,51.7207
62.0248,229.8932,57.2878,51.7207
64.3845,229.6787,57.2878,51.7207
67.1731,229.4642,57.2878,51.7207
70.3908,230.5368,57.2878,51.7207
74.0376,231.1803,57.2878,51.7207
77.6843,231.3948,57.2878,51.7207
82.1891,232.0384,57.2878,51.7207
86.6939,232.2529,57.2878,51.7207
92.0567,233.3255,57.2878,51.7207
95.7034,233.1109,57.2878,51.7207
101.9243,233.7545,57.2878,51.7207
105.5711,233.5400,57.2878,51.7207
111.7920,234.1835,57.2878,51.7207
117.5838,233.9690,57.2878,51.7207
122.5177,233.7545,57.2878,51.7207
129.6129,233.0423,55.5390,50.1419
133.9802,232.4184,55.5390,50.1419
140.0112,232.6264,55.5390,50.1419
145.2103,232.8343,55.5390,50.1419
149.1617,232.6264,55.5390,50.1419
151.3936,231.2012,57.3141,51.7445
153.6970,229.3013,59.1458,53.3982
156.9598,228.6694,61.0361,55.1048
160.3268,228.0174,62.9868,56.8660
164.2732,227.8162,64.9999,58.6834
168.3458,226.6351,67.0773,60.5589
173.1180,226.8862,67.0773,60.5589
177.8902,226.6351,67.0773,60.5589
182.6625,226.8862,67.0773,60.5589
186.9324,226.1327,67.0773,60.5589
192.2070,226.3839,67.0773,60.5589
197.4815,226.6351,67.0773,60.5589
201.7514,226.8862,67.0773,60.5589
206.0213,226.6351,67.0773,60.5589
210.7936,226.8862,67.0773,60.5589
215.0635,226.6351,67.0773,60.5589
219.3334,227.3886,67.0773,60.5589
224.1056,227.1374,67.0773,60.5589
227.8732,226.3839,67.0773,60.5589
231.6407,225.6304,67.0773,60.5589
234.3364,225.4162,69.2211,62.4944
238.2244,223.0834,69.2211,62.4944
243.6872,225.3332,67.1081,60.5867
250.9745,228.5999,67.1081,60.5867
258.2809,227.2631,65.0596,58.7373
262.9281,224.5053,63.0736,56.9443
267.9058,223.2488,61.1483,55.2061
273.1895,220.6569,59.2817,53.5209
277.8680,219.9199,57.4721,51.8872
281.9568,219.2743,57.4721,51.8872
285.6153,216.9071,57.4721,51.8872
289.2738,216.2614,57.4721,51.8872
293.8094,214.2557,55.7178,50.3033
296.9390,214.4644,55.7178,50.3033
300.0685,212.5866,55.7178,50.3033
303.1980,211.5435,55.7178,50.3033
306.7448,210.5003,55.7178,50.3033
311.5434,208.2053,55.7178,50.3033
315.5075,206.3276,55.7178,50.3033
318.2197,204.0326,55.7178,50.3033
320.0974,201.3204,55.7178,50.3033
321.9752,199.0254,55.7178,50.3033
322.1280,196.3438,57.4985,51.9110
324.9269,193.9755,57.4985,51.9110
325.5728,192.0378,57.4985,51.9110
327.0799,190.5306,57.4985,51.9110
328.5870,187.7317,57.4985,51.9110
329.2329,185.7940,57.4985,51.9110
330.7401,183.8563,57.4985,51.9110
330.9554,182.7797,57.4985,51.9110
331.1707,181.2726,57.4985,51.9110
331.3860,179.3349,57.4985,51.9110
330.3094,178.2584,57.4985,51.9110
330.0941,176.7513,57.4985,51.9110
330.3094,175.2441,57.4985,51.9110
328.8023,172.4452,57.4985,51.9110
328.5870,170.5075,57.4985,51.9110
327.9411,168.1392,57.4985,51.9110
327.2952,165.3402,57.4985,51.9110
324.0657,163.8331,57.4985,51.9110
323.8504,162.7566,57.4985,51.9110
322.7739,160.3883,57.4985,51.9110
321.6974,157.5893,57.4985,51.9110
320.6208,155.6516,57.4985,51.9110
320.4055,153.7139,57.4985,51.9110
319.3290,151.7761,57.4985,51.9110
318.1949,149.8701,59.3362,53.5701
317.9727,147.4261,59.3362,53.5701
317.7505,145.8708,59.3362,53.5701
317.9727,143.4268,59.3362,53.5701
317.7505,142.3158,59.3362,53.5701
320.6389,139.8718,59.3362,53.5701
322.1347,138.3492,61.2325,55.2822
321.3855,136.7780,63.1895,57.0490
320.1391,134.6832,65.2091,58.8723
317.8762,131.0565,67.2932,60.7538
314.5331,126.8100,69.4438,62.6955
311.6031,122.4277,71.6633,64.6993
309.1162,118.9787,73.9536,66.7671
304.3345,115.4195,76.3172,68.9009
302.3341,112.2760,76.3172,68.9009
299.7622,109.7041,76.3172,68.9009
296.6187,108.8468,76.3172,68.9009
295.7832,108.4696,73.9876,66.7977
295.5272,108.1038,71.7291,64.7587
290.8893,106.8004,74.0216,66.8284
285.5488,103.7923,76.3873,68.9642
280.0377,101.8321,78.8286,71.1683
278.5618,100.3563,78.8286,71.1683
272.2842,96.5624,81.3480,73.4428
267.6336,94.4750,83.9479,75.7901
264.8045,92.2746,83.9479,75.7901
259.3766,89.4918,86.6308,78.2123
257.1058,89.1674,86.6308,78.2123
254.8351,86.8967,86.6308,78.2123
252.5644,85.2747,86.6308,78.2123
251.5912,84.3016,86.6308,78.2123
248.6717,82.0308,86.6308,78.2123
245.1035,79.1113,86.6308,78.2123
243.4815,78.7869,86.6308,78.2123
241.8596,78.4626,86.6308,78.2123
238.2913,77.4894,86.6308,78.2123
237.3181,77.1650,86.6308,78.2123
236.3450,75.5431,86.6308,78.2123
235.3718,75.2187,86.6308,78.2123
235.7209,74.1417,83.9864,75.8249
232.8905,73.1982,83.9864,75.8249
231.9470,72.8837,83.9864,75.8249
231.0036,73.8272,83.9864,75.8249
230.0601,74.1417,83.9864,75.8249
229.7456,72.5693,83.9864,75.8249
230.0601,72.2548,83.9864,75.8249
229.1166,71.9403,83.9864,75.8249
228.1732,71.6258,83.9864,75.8249
226.6247,69.9527,81.4227,73.5103
225.7100,69.6478,81.4227,73.5103
224.8185,69.2453,78.9372,71.2664
223.9318,70.1321,78.9372,71.2664
222.4539,70.4277,78.9372,71.2664
222.1583,70.1321,78.9372,71.2664
221.2716,70.4277,78.9372,71.2664
220.3848,70.1321,78.9372,71.2664
219.4981,70.4277,78.9372,71.2664
219.8161,70.6286,76.5277,69.0909
219.5514,73.1159,74.1916,66.9819
218.7390,76.0829,71.9269,64.9373
215.7969,71.4181,69.7313,62.9550
216.0779,71.5957,67.6027,61.0333
216.3310,72.3551,67.6027,61.0333
217.1096,73.5397,65.5391,59.1703
217.8459,73.7851,65.5391,59.1703
218.0913,74.0306,65.5391,59.1703
218.8275,74.7668,65.5391,59.1703
219.0729,74.5214,65.5391,59.1703
219.8092,74.2760,65.5391,59.1703
220.0546,75.5030,65.5391,59.1703
220.7908,75.2576,65.5391,59.1703
221.0362,75.9938,65.5391,59.1703
221.7725,76.2393,65.5391,59.1703
222.0179,76.9755,65.5391,59.1703
222.7541,76.7301,65.5391,59.1703
222.9995,76.4847,65.5391,59.1703
224.7361,76.6515,63.5385,57.3641
226.4196,78.2408,61.5990,55.6130
226.1889,77.5488,61.5990,55.6130
226.4196,78.2408,61.5990,55.6130
226.6678,79.7816,59.7187,53.9154
225.1025,79.5580,59.7187,53.9154
223.0301,79.8145,61.6273,55.6385
221.8145,80.0792,63.5969,57.4168
221.0364,79.3998,65.6295,59.2518
221.7736,78.6626,65.6295,59.2518
222.5109,78.9083,65.6295,59.2518
223.7396,79.1541,65.6295,59.2518
225.4598,79.8913,65.6295,59.2518
226.6886,80.1371,65.6295,59.2518
228.4088,80.8743,65.6295,59.2518
229.6376,81.1201,65.6295,59.2518
232.3408,81.3658,65.6295,59.2518
234.5526,81.1201,65.6295,59.2518
236.7643,81.3658,65.6295,59.2518
239.9590,81.6116,65.6295,59.2518
241.1220,80.9105,67.7270,61.1455
242.8972,81.6713,67.7270,61.1455
245.6869,81.4177,67.7270,61.1455
248.4765,81.1641,67.7270,61.1455
251.1983,81.9622,69.8915,63.0997
253.5537,81.7005,69.8915,63.0997
256.9559,81.9622,69.8915,63.0997
256.6241,81.2156,72.1253,65.1164
260.1351,80.9455,72.1253,65.1164
260.9453,81.2156,72.1253,65.1164
265.0169,81.9393,69.9236,63.1287
268.4406,82.1174,67.7892,61.2016
269.2021,81.8635,67.7892,61.2016
271.5059,83.0515,65.7199,59.3334
273.2285,83.2975,65.7199,59.3334
273.9668,83.5436,65.7199,59.3334
274.2129,84.2819,65.7199,59.3334
274.9511,84.5280,65.7199,59.3334
275.1972,84.7741,65.7199,59.3334
276.4277,85.0202,65.7199,59.3334
277.1659,84.2819,65.7199,59.3334
277.9042,84.0358,65.7199,59.3334
278.1503,84.2819,65.7199,59.3334
278.8885,85.0202,65.7199,59.3334
279.6268,85.2663,65.7199,59.3334
282.8447,86.9101,63.7138,57.5223
283.0833,86.6715,63.7138,57.5223
286.2029,88.2652,61.7689,55.7664
290.1524,88.8850,59.8834,54.0641
294.4299,90.3829,58.0554,52.4138
295.0821,90.6003,58.0554,52.4138
301.4029,95.5306,56.2833,50.8138
302.8781,96.1629,56.2833,50.8138
303.9319,95.9521,56.2833,50.8138
304.5641,96.5844,56.2833,50.8138
304.2970,96.4047,58.0821,52.4378
303.5863,95.3492,59.9384,54.1137
305.1745,95.0529,58.1087,52.4619
305.4086,94.7657,56.3349,50.8605
305.6356,95.3310,54.6153,49.3080
306.6736,95.4701,52.9482,47.8028
305.2858,94.4788,52.9482,47.8028
305.0876,94.2805,52.9482,47.8028
304.4927,94.0822,52.9482,47.8028
303.8979,94.6770,52.9482,47.8028
302.9066,94.4788,52.9482,47.8028
301.5188,93.8840,52.9482,47.8028
300.9240,94.0822,52.9482,47.8028
298.7431,93.8840,52.9482,47.8028
297.7518,94.0822,52.9482,47.8028
296.7605,94.2805,52.9482,47.8028
296.1807,93.6222,51.3319,46.3436
295.2197,93.4300,51.3319,46.3436
288.4408,90.1907,52.9725,47.8248
285.4655,90.3891,52.9725,47.8248
281.6437,91.0133,54.6655,49.3532
277.6997,90.0199,56.4126,50.9306
275.3196,88.9948,58.2155,52.5583
274.1713,88.3729,60.0761,54.2381
272.0865,87.2813,61.9961,55.9715
270.9258,86.5848,61.9961,55.9715
271.1579,86.3527,61.9961,55.9715
269.9351,85.6904,63.9775,57.7604
269.6955,85.4508,63.9775,57.7604
268.9768,85.2113,63.9775,57.7604
268.7373,84.4926,63.9775,57.7604
268.0186,84.2530,63.9775,57.7604
266.8208,84.0135,63.9775,57.7604
267.0603,84.2530,63.9775,57.7604
265.8625,84.0135,63.9775,57.7604
266.1021,84.2530,63.9775,57.7604
264.9043,83.5343,63.9775,57.7604
265.1438,83.7739,63.9775,57.7604
263.9460,83.5343,63.9775,57.7604
264.1856,83.2948,63.9775,57.7604
262.9878,83.0552,63.9775,57.7604
263.2273,83.2948,63.9775,57.7604
262.0295,82.5761,63.9775,57.7604
261.7899,82.8156,63.9775,57.7604
264.9225,83.4577,62.0246,55.9972
268.8884,83.6156,60.1313,54.2879
269.1307,84.2190,58.2957,52.6307
276.3508,89.1697,56.5162,51.0242
275.3087,89.3136,54.7911,49.4666
277.1708,89.8635,53.1185,47.9567
276.5741,90.4602,53.1185,47.9567
275.5796,90.2613,53.1185,47.9567
275.3958,89.9987,51.4971,46.4928
275.2030,89.8059,51.4971,46.4928
276.5675,89.5513,49.9251,45.0736
275.5827,89.7658,51.5207,46.5141
274.9523,89.6012,53.1673,48.0007
273.9036,89.4314,54.8666,49.5348
273.6432,90.0780,56.6201,51.1179
273.8552,89.8660,56.6201,51.1179
273.6432,90.0780,56.6201,51.1179
273.8552,89.8660,56.6201,51.1179
272.7384,89.6852,58.4297,52.7517
272.4611,89.0610,60.2971,54.4376
271.7837,89.7383,60.2971,54.4376
270.5944,89.0942,62.2242,56.1774
269.8331,88.4295,64.2129,57.9729
270.4901,88.2244,66.2651,59.8257
269.1830,87.5165,68.3829,61.7377
268.3463,86.7860,70.5685,63.7108
266.9544,86.0322,72.8238,65.7470
266.0634,85.7996,75.1513,67.8483
265.2191,85.5182,75.1513,67.8483
263.7368,85.8410,77.5531,70.0167
264.0272,86.1314,77.5531,70.0167
263.7368,85.8410,77.5531,70.0167
262.8656,86.1314,77.5531,70.0167
261.9944,85.8410,77.5531,70.0167
262.8877,87.2000,75.1858,67.8795
264.3168,89.6437,72.8907,65.8074
258.0599,85.4623,70.6657,63.7986
258.3446,85.6422,68.5086,61.8512
258.6207,85.8166,66.4174,59.9631
258.3909,84.9909,64.3900,58.1327
258.6503,86.1193,62.4244,56.3582
259.8369,85.8107,60.5189,54.6379
260.5339,86.8712,58.6715,52.9700
261.2097,87.4600,56.8806,51.3531
261.8649,87.1788,55.1443,49.7855
263.3103,87.7983,55.1443,49.7855
263.1038,87.5918,55.1443,49.7855
263.3103,88.2113,55.1443,49.7855
264.3427,88.4178,55.1443,49.7855
267.0270,89.4502,55.1443,49.7855
272.6022,93.3735,55.1443,49.7855
274.4053,93.6103,56.9067,51.3767
276.6923,93.4286,58.7254,53.0187
277.7329,93.6808,60.6023,54.7132
276.5376,93.0334,62.5391,56.4618
277.1774,93.3021,64.5379,58.2663
275.9044,93.0960,66.6005,60.1285
274.5908,92.8833,68.7291,62.0502
274.2646,92.6638,70.9257,64.0333
273.3968,92.4373,73.1924,66.0798
273.0493,92.7516,75.5317,68.1917
272.6908,92.5104,77.9457,70.3712
271.7371,92.2615,80.4368,72.6202
272.6407,91.9603,80.4368,72.6202
272.9419,91.6591,80.4368,72.6202
272.6407,91.9603,80.4368,72.6202
273.5443,91.6591,80.4368,72.6202
273.8455,92.5627,80.4368,72.6202
273.5443,92.8639,80.4368,72.6202
273.8455,92.5627,80.4368,72.6202
273.5443,92.8639,80.4368,72.6202
274.4479,92.5627,80.4368,72.6202
274.1467,92.2615,80.4368,72.6202
274.4479,91.9603,80.4368,72.6202
274.7491,91.6591,80.4368,72.6202
275.0503,91.9603,80.4368,72.6202
275.3515,91.6591,80.4368,72.6202
275.6526,91.9603,80.4368,72.6202
276.5562,92.2615,80.4368,72.6202
276.8574,92.5627,80.4368,72.6202
277.1586,93.4663,80.4368,72.6202
278.0622,93.1651,80.4368,72.6202
278.3634,93.4663,80.4368,72.6202
279.2670,93.7675,80.4368,72.6202
279.5682,93.4663,80.4368,72.6202
280.4718,94.3699,80.4368,72.6202
281.3754,94.6711,80.4368,72.6202
282.2790,94.9723,80.4368,72.6202
284.4102,93.9723,77.9815,70.4035
287.6444,95.3388,75.6010,68.2544
290.7799,97.2298,73.2933,66.1709
292.1730,100.7098,71.0560,64.1510
293.5236,101.9550,68.8870,62.1928
296.8965,102.6462,66.7842,60.2943
297.1466,102.3962,66.7842,60.2943
297.8968,101.6459,66.7842,60.2943
299.6473,101.8960,66.7842,60.2943
300.3975,102.1461,66.7842,60.2943
301.1477,101.8960,66.7842,60.2943
302.3981,102.1461,66.7842,60.2943
303.6485,102.3962,66.7842,60.2943
304.8988,101.6459,66.7842,60.2943
306.1492,100.8957,66.7842,60.2943
306.3993,101.1458,66.7842,60.2943
307.1495,101.3959,66.7842,60.2943
307.8997,101.1458,66.7842,60.2943
309.1501,101.3959,66.7842,60.2943
309.4001,101.1458,66.7842,60.2943
310.6505,101.8960,66.7842,60.2943
312.9012,98.1449,66.7842,60.2943
313.0843,98.9319,68.9186,62.2213
312.2411,97.6796,71.1213,64.2099
311.3708,97.4524,73.3943,66.2621
309.9232,96.6684,75.7400,68.3798
308.4293,96.4265,78.1606,70.5652
308.7219,96.1338,78.1606,70.5652
309.0146,96.4265,78.1606,70.5652
309.8926,96.1338,78.1606,70.5652
310.7706,96.4265,78.1606,70.5652
311.6487,96.1338,78.1606,70.5652
312.5489,97.5035,75.7747,68.4112
312.8542,103.3712,73.4617,66.3229
313.1502,103.5582,71.2193,64.2984
313.4169,102.7582,71.2193,64.2984
316.9040,102.9395,69.0453,62.3357
317.6796,103.7151,69.0453,62.3357
317.9382,103.9737,69.0453,62.3357
318.7138,103.7151,69.0453,62.3357
318.9724,103.9737,69.0453,62.3357
319.7480,103.7151,69.0453,62.3357
320.0065,104.4908,69.0453,62.3357
320.2650,104.2322,69.0453,62.3357
321.0406,104.4908,69.0453,62.3357
321.2992,104.7493,69.0453,62.3357
321.5577,105.0078,69.0453,62.3357
321.2992,104.7493,69.0453,62.3357
322.0748,105.0078,69.0453,62.3357
323.3675,104.7493,69.0453,62.3357
327.2456,101.3883,69.0453,62.3357
326.9179,100.6507,71.2520,64.3279
325.5125,99.8895,73.5292,66.3838
324.6128,99.1041,75.8792,68.5055
323.6844,99.4300,78.3043,70.6949
322.7263,98.5935,80.8069,72.9543
323.6340,98.8961,80.8069,72.9543
323.9366,99.1986,80.8069,72.9543
324.2392,98.2909,80.8069,72.9543
323.9366,97.9883,80.8069,72.9543
324.8444,98.2909,80.8069,72.9543
326.3802,98.4966,78.3402,70.7273
323.1758,105.1497,75.9488,68.5684
320.6379,104.2055,73.6305,66.4753
320.3622,100.6213,73.6305,66.4753
320.0865,100.8970,73.6305,66.4753
319.8108,101.1727,73.6305,66.4753
320.6588,101.9116,71.3829,64.4461
320.3916,102.7134,71.3829,64.4461
319.0551,102.4461,71.3829,64.4461
318.2532,102.1789,71.3829,64.4461
317.4513,102.4461,71.3829,64.4461
316.6494,102.1789,71.3829,64.4461
316.3822,102.9807,71.3829,64.4461
315.5803,102.1789,71.3829,64.4461
315.3130,101.9116,71.3829,64.4461
314.5111,101.1097,71.3829,64.4461
314.2438,101.3770,71.3829,64.4461
313.9765,100.5751,71.3829,64.4461
313.7092,100.3078,71.3829,64.4461
313.9765,100.0405,71.3829,64.4461
313.7092,100.3078,71.3829,64.4461
315.0457,99.5059,71.3829,64.4461
315.3130,99.2386,71.3829,64.4461
315.5803,98.9713,71.3829,64.4461
314.1723,97.1396,73.6643,66.5058
311.6160,96.9044,76.0186,68.6314
311.3313,96.6197,76.0186,68.6314
310.9705,96.9462,78.4482,70.8248
310.5981,95.5207,80.9554,73.0884
311.5075,94.0050,80.9554,73.0884
313.0232,94.3082,80.9554,73.0884
313.9326,94.0050,80.9554,73.0884
314.2358,93.7019,80.9554,73.0884
314.5389,93.3987,80.9554,73.0884
315.4483,93.0956,80.9554,73.0884
319.9954,94.0050,80.9554,73.0884
326.3843,100.8801,78.4842,70.8573
333.1660,96.9656,76.0884,68.6944
334.0207,95.5410,76.0884,68.6944
334.8754,95.2561,76.0884,68.6944
335.7302,93.8316,76.0884,68.6944
336.0151,92.9768,76.0884,68.6944
335.1603,92.6919,76.0884,68.6944
334.8754,91.8372,76.0884,68.6944
335.1603,91.5523,76.0884,68.6944
334.3056,91.8372,76.0884,68.6944
334.0207,90.9824,76.0884,68.6944
333.1660,90.6975,76.0884,68.6944
332.3112,89.8428,76.0884,68.6944
332.0263,89.5579,76.0884,68.6944
331.1716,89.8428,76.0884,68.6944
330.3168,88.9880,76.0884,68.6944
330.0319,89.2730,76.0884,68.6944
329.7687,90.0365,73.7658,66.5975
323.4157,94.1797,73.7658,66.5975
318.7200,90.0365,73.7658,66.5975
313.3980,89.2485,76.1233,68.7259
311.3264,87.8652,78.5563,70.9224
311.6206,87.5711,78.5563,70.9224
311.3264,87.2769,78.5563,70.9224
309.7770,86.4377,81.0669,73.1891
309.4734,86.1342,81.0669,73.1891
309.1699,86.4377,81.0669,73.1891
309.4734,86.1342,81.0669,73.1891
309.1699,86.4377,81.0669,73.1891
309.4734,86.1342,81.0669,73.1891
309.1699,86.4377,81.0669,73.1891
309.4734,85.5270,81.0669,73.1891
312.2054,85.8306,81.0669,73.1891
321.0316,92.7152,78.5923,70.9550
327.8226,88.7953,76.1933,68.7890
327.4609,90.8344,78.6284,70.9875
327.0877,89.9944,81.1414,73.2563
326.0949,89.1276,83.7346,75.5976
326.4084,88.8141,83.7346,75.5976
327.3491,87.8734,83.7346,75.5976
327.6626,87.5599,83.7346,75.5976
327.3491,87.8734,83.7346,75.5976
327.6626,86.9328,83.7346,75.5976
326.7220,86.6193,83.7346,75.5976
326.4084,86.9328,83.7346,75.5976
326.7220,85.9922,83.7346,75.5976
325.7814,85.6786,83.7346,75.5976
325.4678,85.9922,83.7346,75.5976
325.7814,85.6786,83.7346,75.5976
324.2137,85.9922,83.7346,75.5976
323.9001,85.0515,83.7346,75.5976
323.5865,85.3651,83.7346,75.5976
323.2730,85.6786,83.7346,75.5976
322.9595,85.3651,83.7346,75.5976
322.0188,85.0515,83.7346,75.5976
321.7053,85.3651,83.7346,75.5976
320.0537,86.3518,86.4108,78.0137
319.7301,86.0283,86.4108,78.0137
320.0537,85.7047,86.4108,78.0137
319.0830,86.0283,86.4108,78.0137
318.7594,85.0576,86.4108,78.0137
319.0830,84.7340,86.4108,78.0137
318.1123,85.0576,86.4108,78.0137
317.7887,84.7340,86.4108,78.0137
318.1123,85.0576,86.4108,78.0137
317.1416,84.7340,86.4108,78.0137
316.8180,84.4104,86.4108,78.0137
316.4944,82.7926,86.4108,78.0137
317.4897,85.6011,83.7731,75.6323
314.0630,92.0882,81.2159,73.3236
311.9574,88.6456,78.7367,71.0854
313.4539,88.2564,76.3333,68.9155
312.5964,88.5422,76.3333,68.9155
312.8823,88.8281,76.3333,68.9155
313.1681,88.5422,76.3333,68.9155
312.8823,88.2564,76.3333,68.9155
312.5964,88.5422,76.3333,68.9155
312.8823,88.8281,76.3333,68.9155
313.1681,88.5422,76.3333,68.9155
314.0256,88.2564,76.3333,68.9155
314.3114,87.9706,76.3333,68.9155
315.1689,88.2564,76.3333,68.9155
317.1697,88.5422,76.3333,68.9155
321.4572,91.6864,76.3333,68.9155
325.1729,87.9706,76.3333,68.9155
324.8106,90.0134,78.7729,71.1180
323.8468,89.1719,81.2905,73.3909
323.4609,88.3035,83.8885,75.7365
321.8063,88.0356,86.5696,78.1570
321.4821,87.0632,86.5696,78.1570
321.8063,86.0907,86.5696,78.1570
320.0988,85.8142,89.3364,80.6549
319.7642,85.4797,89.3364,80.6549
320.0988,85.1452,89.3364,80.6549
319.0952,84.8107,89.3364,80.6549
320.1242,83.7000,86.6093,78.1929
315.9328,91.0553,83.9656,75.8061
310.5879,88.2256,83.9656,75.8061
306.5006,82.8807,83.9656,75.8061
306.1862,83.1951,83.9656,75.8061
305.8718,82.8807,83.9656,75.8061
306.1862,83.1951,83.9656,75.8061
305.8718,82.8807,83.9656,75.8061
306.1862,83.1951,83.9656,75.8061
305.8718,82.8807,83.9656,75.8061
306.1862,83.1951,83.9656,75.8061
305.8718,82.8807,83.9656,75.8061
306.1862,83.1951,83.9656,75.8061
305.8718,82.8807,83.9656,75.8061
306.1862,83.1951,83.9656,75.8061
306.5006,82.8807,83.9656,75.8061
306.8150,83.1951,83.9656,75.8061
307.7582,82.2519,83.9656,75.8061
308.7014,82.5663,83.9656,75.8061
314.6991,86.5530,81.4025,73.4921
319.8809,91.1251,81.4025,73.4921
325.0627,87.1626,81.4025,73.4921
325.2859,88.7315,84.0041,75.8409
324.2581,87.8341,86.6889,78.2647
323.9335,86.2111,86.6889,78.2647
324.9073,85.8865,86.6889,78.2647
325.2319,85.5619,86.6889,78.2647
324.9073,85.2372,86.6889,78.2647
325.2319,85.5619,86.6889,78.2647
325.5565,85.2372,86.6889,78.2647
325.2319,85.5619,86.6889,78.2647
324.9073,84.5880,86.6889,78.2647
324.5827,84.2634,86.6889,78.2647
324.2581,84.5880,86.6889,78.2647
320.0382,91.4048,86.6889,78.2647
315.1691,87.1849,86.6889,78.2647
310.9492,84.2634,86.6889,78.2647
311.2738,84.5880,86.6889,78.2647
310.3000,84.2634,86.6889,78.2647
309.9754,84.5880,86.6889,78.2647
310.3000,83.6142,86.6889,78.2647
309.9754,83.9388,86.6889,78.2647
310.9492,83.6142,86.6889,78.2647
311.9231,82.6404,86.6889,78.2647
312.2477,82.3158,86.6889,78.2647
312.5723,82.6404,86.6889,78.2647
312.8969,81.6666,86.6889,78.2647
313.8707,81.3420,86.6889,78.2647
314.8445,81.6666,86.6889,78.2647
315.8183,81.3420,86.6889,78.2647
318.0906,81.6666,86.6889,78.2647
324.9320,88.3794,84.0427,75.8757
334.0821,88.5934,81.4772,73.5595
336.8279,88.8985,81.4772,73.5595
335.8310,90.4688,84.0813,75.9105
336.7755,89.5243,84.0813,75.9105
337.0904,88.5798,84.0813,75.9105
336.7755,88.2649,84.0813,75.9105
337.7201,87.9501,84.0813,75.9105
337.4052,88.2649,84.0813,75.9105
337.7201,87.9501,84.0813,75.9105
338.0349,88.2649,84.0813,75.9105
337.7201,87.9501,84.0813,75.9105
337.4052,87.6352,84.0813,75.9105
336.4607,87.3204,84.0813,75.9105
336.1459,86.3759,84.0813,75.9105
335.8549,86.5899,81.5146,73.5933
330.0788,92.9021,79.0264,71.3469
324.4564,87.2797,79.0264,71.3469
322.3058,85.8437,81.5521,73.6271
319.5575,84.9276,81.5521,73.6271
319.8629,84.6222,81.5521,73.6271
320.1682,84.3168,81.5521,73.6271
320.4736,83.4007,81.5521,73.6271
319.5575,83.7061,81.5521,73.6271
319.8629,83.4007,81.5521,73.6271
320.1682,83.0954,81.5521,73.6271
321.0844,83.4007,81.5521,73.6271
321.3897,83.0954,81.5521,73.6271
321.6951,82.7900,81.5521,73.6271
322.6112,82.4846,81.5521,73.6271
325.3595,81.5685,81.5521,73.6271
331.1616,90.4243,81.5521,73.6271
340.0406,88.1889,79.0627,71.3796
338.4811,91.4890,81.5895,73.6609
337.4828,91.2285,84.1971,76.0151
336.4526,89.6985,86.8881,78.4445
336.7780,88.7224,86.8881,78.4445
337.1033,88.3971,86.8881,78.4445
336.7780,87.4210,86.8881,78.4445
337.1033,86.4449,86.8881,78.4445
336.7780,86.1196,86.8881,78.4445
336.4526,86.4449,86.8881,78.4445
336.1273,85.4689,86.8881,78.4445
335.1512,85.1435,86.8881,78.4445
334.8259,85.4689,86.8881,78.4445
335.1512,85.1435,86.8881,78.4445
334.1752,85.4689,86.8881,78.4445
333.8498,84.4928,86.8881,78.4445
334.1752,84.1675,86.8881,78.4445
333.1991,83.8421,86.8881,78.4445
329.6202,87.4210,86.8881,78.4445
325.4154,88.9436,84.2358,76.0500
318.7916,81.0581,84.2358,76.0500
317.8453,81.3735,84.2358,76.0500
316.8990,81.0581,84.2358,76.0500
316.5836,80.7427,84.2358,76.0500
316.2682,80.4273,84.2358,76.0500
316.5836,80.1119,84.2358,76.0500
316.2682,79.7964,84.2358,76.0500
316.5836,79.4810,84.2358,76.0500
316.2682,79.1656,84.2358,76.0500
317.2145,79.4810,84.2358,76.0500
317.5299,79.1656,84.2358,76.0500
317.2145,79.4810,84.2358,76.0500
318.1607,79.1656,84.2358,76.0500
319.1070,79.4810,84.2358,76.0500
320.0533,78.5348,84.2358,76.0500
320.9995,78.8502,84.2358,76.0500
321.9458,78.5348,84.2358,76.0500
324.1537,78.8502,84.2358,76.0500
332.0632,86.0039,81.6644,73.7286
340.9544,83.7655,79.1716,71.4780
342.4367,85.2478,79.1716,71.4780
342.0609,86.7737,81.7019,73.7624
341.6731,85.9009,84.3131,76.1199
342.6202,85.5852,84.3131,76.1199
343.5674,85.2694,84.3131,76.1199
343.8831,85.5852,84.3131,76.1199
344.1988,84.6380,84.3131,76.1199
344.5145,84.3223,84.3131,76.1199
343.5674,84.6380,84.3131,76.1199
343.2517,84.3223,84.3131,76.1199
343.5674,84.6380,84.3131,76.1199
342.6202,84.3223,84.3131,76.1199
343.5914,82.6427,81.7394,73.7963
340.2479,85.9116,79.2443,71.5436
334.0391,84.3329,76.8254,69.3597
330.2993,82.3192,76.8254,69.3597
327.6333,82.0739,79.2807,71.5765
326.6633,81.2269,81.8145,73.8640
325.1315,80.9206,81.8145,73.8640
325.4379,80.6142,81.8145,73.8640
325.7442,80.3079,81.8145,73.8640
325.4379,80.6142,81.8145,73.8640
326.3569,79.6952,81.8145,73.8640
326.6633,79.3888,81.8145,73.8640
326.3569,79.6952,81.8145,73.8640
326.6633,79.3888,81.8145,73.8640
326.9696,79.6952,81.8145,73.8640
327.2760,79.3888,81.8145,73.8640
328.1950,79.6952,81.8145,73.8640
328.5014,79.3888,81.8145,73.8640
328.8077,79.6952,81.8145,73.8640
329.7268,78.7761,81.8145,73.8640
334.9581,80.8225,79.3171,71.6093
340.6012,89.4356,79.3171,71.6093
350.4248,86.0735,76.8959,69.4234
348.9081,87.5556,79.3535,71.6422
347.9372,87.3021,81.8897,73.9319
348.8571,86.9955,81.8897,73.9319
349.1637,86.6889,81.8897,73.9319
350.0836,86.3822,81.8897,73.9319
349.7770,86.6889,81.8897,73.9319
350.0836,85.7690,81.8897,73.9319
349.7770,85.4623,81.8897,73.9319
349.4703,85.7690,81.8897,73.9319
349.1637,84.2358,81.8897,73.9319
345.7907,88.8353,81.8897,73.9319
339.3514,89.1419,81.8897,73.9319
334.7518,83.3159,81.8897,73.9319
331.9921,83.6225,81.8897,73.9319
330.3769,82.1344,84.5069,76.2947
330.0605,81.8180,84.5069,76.2947
329.7440,81.5016,84.5069,76.2947
330.0605,81.1851,84.5069,76.2947
329.7440,80.8687,84.5069,76.2947
330.0605,80.5523,84.5069,76.2947
329.7440,80.8687,84.5069,76.2947
330.6933,79.9194,84.5069,76.2947
331.0098,79.6030,84.5069,76.2947
330.6933,79.9194,84.5069,76.2947
331.0098,79.6030,84.5069,76.2947
331.9591,79.2865,84.5069,76.2947
339.2611,84.5646,81.9273,73.9658
345.0899,89.1663,81.9273,73.9658
349.6915,86.4053,81.9273,73.9658
350.6118,86.7121,81.9273,73.9658
350.9186,87.0189,81.9273,73.9658
351.8390,84.8714,81.9273,73.9658
351.4501,85.8369,84.5456,76.3298
351.1335,84.2540,84.5456,76.3298
350.8169,84.5706,84.5456,76.3298
350.5004,84.8871,84.5456,76.3298
350.8169,83.9374,84.5456,76.3298
350.5004,83.6208,84.5456,76.3298
351.4501,83.9374,84.5456,76.3298
351.1335,83.6208,84.5456,76.3298
352.1073,83.8361,81.9649,73.9998
346.2759,89.0537,81.9649,73.9998
340.4445,81.9946,81.9649,73.9998
338.2961,81.6877,81.9649,73.9998
337.9891,80.7669,81.9649,73.9998
338.2961,81.0738,81.9649,73.9998
337.3753,80.1531,81.9649,73.9998
337.6822,79.8461,81.9649,73.9998
337.9891,80.1531,81.9649,73.9998
338.2961,79.8461,81.9649,73.9998
338.6030,80.1531,81.9649,73.9998
338.9099,79.2323,81.9649,73.9998
339.8307,79.5392,81.9649,73.9998
340.7514,79.2323,81.9649,73.9998
342.8998,78.9254,81.9649,73.9998
348.7312,87.2122,81.9649,73.9998
357.6552,84.3517,79.4629,71.7409
356.6829,87.0734,82.0025,74.0338
356.2937,86.8115,84.6233,76.3999
357.2443,85.8609,84.6233,76.3999
358.1949,85.5440,84.6233,76.3999
357.1595,84.6400,87.3279,78.8416
357.4865,84.3130,87.3279,78.8416
357.8135,83.9860,87.3279,78.8416
357.4865,83.6590,87.3279,78.8416
357.1595,83.3320,87.3279,78.8416
356.8325,82.3510,87.3279,78.8416
357.1595,82.0240,87.3279,78.8416
356.8325,82.3510,87.3279,78.8416
357.1595,81.3700,87.3279,78.8416
356.8325,81.6970,87.3279,78.8416
358.4923,81.2654,84.6621,76.4350
354.3952,88.4553,82.0778,74.1017
348.5558,83.2305,82.0778,74.1017
345.7897,80.4644,82.0778,74.1017
345.4824,80.1571,82.0778,74.1017
345.1750,79.2351,82.0778,74.1017
344.8677,78.9277,82.0778,74.1017
345.7897,79.2351,82.0778,74.1017
346.7117,78.9277,82.0778,74.1017
347.0191,79.2351,82.0778,74.1017
347.3264,78.3131,82.0778,74.1017
348.2484,78.6204,82.0778,74.1017
348.5558,78.9277,82.0778,74.1017
349.4778,79.2351,82.0778,74.1017
351.0145,78.3131,82.0778,74.1017
351.9365,78.0057,82.0778,74.1017
354.7026,77.6984,82.0778,74.1017
357.4686,78.0057,82.0778,74.1017
363.3081,85.0745,82.0778,74.1017
372.8590,85.8982,79.5724,71.8398
374.8650,88.0277,82.1155,74.1358
374.4752,87.7655,84.7399,76.5051
373.4384,87.4949,87.4482,78.9502
374.4207,87.1674,87.4482,78.9502
375.4030,86.1851,87.4482,78.9502
376.3854,85.8576,87.4482,78.9502
377.3677,84.8753,87.4482,78.9502
377.6952,84.5478,87.4482,78.9502
378.0226,83.5655,87.4482,78.9502
378.3501,83.2380,87.4482,78.9502
377.3677,82.9106,87.4482,78.9502
377.0403,81.9282,87.4482,78.9502
379.3573,80.8411,84.7788,76.5403
375.2304,88.7774,84.7788,76.5403
369.1988,84.0156,84.7788,76.5403
365.0719,80.5236,84.7788,76.5403
365.3894,80.2062,84.7788,76.5403
365.0719,79.8887,84.7788,76.5403
365.3894,79.5713,84.7788,76.5403
365.7068,78.6189,84.7788,76.5403
366.6592,78.3014,84.7788,76.5403
366.9767,77.9840,84.7788,76.5403
367.9290,78.3014,84.7788,76.5403
368.8813,77.3491,84.7788,76.5403
369.1988,77.6665,84.7788,76.5403
369.5163,77.9840,84.7788,76.5403
370.4686,78.3014,84.7788,76.5403
370.7861,77.9840,84.7788,76.5403
372.3734,78.3014,84.7788,76.5403
373.3257,77.3491,84.7788,76.5403
375.5479,77.0316,84.7788,76.5403
383.5084,83.5965,82.1909,74.2039
389.9714,87.5975,82.1909,74.2039
394.5879,85.4431,82.1909,74.2039
394.8133,86.4117,84.8177,76.5754
395.0459,86.1408,87.5285,79.0228
396.0291,85.1576,87.5285,79.0228
396.3569,84.8298,87.5285,79.0228
396.0291,84.5021,87.5285,79.0228
397.0124,84.1743,87.5285,79.0228
397.9956,84.5021,87.5285,79.0228
398.3234,84.1743,87.5285,79.0228
397.9956,84.5021,87.5285,79.0228
398.3234,83.5188,87.5285,79.0228
397.9956,83.1911,87.5285,79.0228
398.3234,83.5188,87.5285,79.0228
399.3315,81.7752,84.8567,76.6106
395.2008,89.0833,84.8567,76.6106
388.5282,84.3171,84.8567,76.6106
383.6770,82.1396,87.5687,79.0590
381.9497,81.2042,90.3674,81.5858
382.2881,80.8658,90.3674,81.5858
382.6265,80.5274,90.3674,81.5858
382.9649,80.1890,90.3674,81.5858
383.9800,79.8507,90.3674,81.5858
384.9951,78.8355,90.3674,81.5858
386.0103,78.4971,90.3674,81.5858
387.0255,78.1588,90.3674,81.5858
388.0406,77.8204,90.3674,81.5858
389.0557,77.4820,90.3674,81.5858
390.0709,77.8204,90.3674,81.5858
391.7628,77.4820,90.3674,81.5858
396.1617,79.8507,90.3674,81.5858
401.9142,88.3102,90.3674,81.5858
410.3994,85.1564,87.6089,79.0953
410.7274,86.1406,87.6089,79.0953
411.7116,86.4686,87.6089,79.0953
412.0396,85.4845,87.6089,79.0953
412.3677,84.5003,87.6089,79.0953
412.0396,84.1723,87.6089,79.0953
412.3677,84.5003,87.6089,79.0953
412.0396,84.1723,87.6089,79.0953
412.3677,84.5003,87.6089,79.0953
412.0396,84.1723,87.6089,79.0953
412.3677,84.5003,87.6089,79.0953
412.0396,84.1723,87.6089,79.0953
412.3677,84.5003,87.6089,79.0953
412.0396,84.1723,87.6089,79.0953
412.3677,84.5003,87.6089,79.0953
413.3768,82.7551,84.9346,76.6809
407.9702,89.4339,84.9346,76.6809
402.5635,86.5715,84.9346,76.6809
397.7930,83.0731,84.9346,76.6809
397.4749,82.1190,84.9346,76.6809
397.7930,82.4370,84.9346,76.6809
397.4749,82.7551,84.9346,76.6809
397.7930,82.4370,84.9346,76.6809
397.4749,82.7551,84.9346,76.6809
397.7930,82.4370,84.9346,76.6809
398.1110,82.7551,84.9346,76.6809
398.4290,81.8010,84.9346,76.6809
399.3831,81.4829,84.9346,76.6809
399.7012,81.8010,84.9346,76.6809
400.0192,80.2108,84.9346,76.6809
400.3373,80.5288,84.9346,76.6809
402.5635,80.2108,84.9346,76.6809
406.6980,85.6174,84.9346,76.6809
412.1046,92.2962,84.9346,76.6809
416.8752,88.7978,84.9346,76.6809
417.1932,89.1158,84.9346,76.6809
418.7834,88.7978,84.9346,76.6809
418.4654,87.8437,84.9346,76.6809
418.7834,87.5256,84.9346,76.6809
418.4654,87.2076,84.9346,76.6809
418.7834,86.8896,84.9346,76.6809
417.8293,86.5715,84.9346,76.6809
417.5113,86.8896,84.9346,76.6809
417.8293,86.5715,84.9346,76.6809
417.5113,86.8896,84.9346,76.6809
417.8293,86.5715,84.9346,76.6809
417.5113,86.8896,84.9346,76.6809
417.8293,85.9355,84.9346,76.6809
417.5355,86.7878,82.3419,74.3402
411.6772,92.6460,82.3419,74.3402
406.4356,86.7878,82.3419,74.3402
403.6606,85.8628,82.3419,74.3402
403.3523,85.5545,82.3419,74.3402
402.4273,85.2461,82.3419,74.3402
402.1190,85.5545,82.3419,74.3402
400.4948,84.6748,84.9736,76.7161
399.5403,83.7203,84.9736,76.7161
398.5858,84.0385,84.9736,76.7161
398.2676,83.7203,84.9736,76.7161
398.5858,83.4021,84.9736,76.7161
398.2676,83.7203,84.9736,76.7161
398.5858,83.4021,84.9736,76.7161
398.2676,83.7203,84.9736,76.7161
399.2221,83.4021,84.9736,76.7161
400.1767,83.0839,84.9736,76.7161
403.0403,82.7657,84.9736,76.7161
408.4494,90.7203,84.9736,76.7161
417.0646,87.7548,82.3798,74.3743
416.0566,91.1934,85.0126,76.7514
416.3749,90.8750,85.0126,76.7514
416.6081,89.9669,87.7296,79.2043
416.2796,88.9814,87.7296,79.2043
415.9511,87.9959,87.7296,79.2043
415.6226,87.6674,87.7296,79.2043
415.9511,87.9959,87.7296,79.2043
415.6226,86.3534,87.7296,79.2043
415.9511,86.6819,87.7296,79.2043
414.9656,87.0104,87.7296,79.2043
414.6371,86.0248,87.7296,79.2043
414.3086,85.6964,87.7296,79.2043
413.9800,86.0248,87.7296,79.2043
413.6516,85.6964,87.7296,79.2043
412.6660,86.0248,87.7296,79.2043
412.3375,85.6964,87.7296,79.2043
412.6660,86.0248,87.7296,79.2043
411.6805,85.0393,87.7296,79.2043
410.6950,84.7108,87.7296,79.2043
411.7055,84.9342,85.0516,76.7866
406.2914,89.0744,85.0516,76.7866
400.8773,86.8451,85.0516,76.7866
396.7372,82.7049,85.0516,76.7866
396.4187,81.7495,85.0516,76.7866
396.7372,81.4310,85.0516,76.7866
397.0556,81.7495,85.0516,76.7866
397.3741,81.4310,85.0516,76.7866
397.6926,81.7495,85.0516,76.7866
398.0111,81.4310,85.0516,76.7866
398.9665,81.7495,85.0516,76.7866
399.9219,81.4310,85.0516,76.7866
400.8773,81.7495,85.0516,76.7866
401.8328,81.4310,85.0516,76.7866
402.7882,81.7495,85.0516,76.7866
403.7436,81.4310,85.0516,76.7866
404.6991,81.7495,85.0516,76.7866
406.2914,81.4310,85.0516,76.7866
408.5208,81.7495,85.0516,76.7866
409.4762,80.7940,85.0516,76.7866
414.2533,81.7495,85.0516,76.7866
420.3044,90.3483,85.0516,76.7866
428.9274,88.0170,82.4554,74.4426
427.9185,90.2237,85.0907,76.8218
428.7891,89.9520,87.8102,79.2771
429.1179,88.3079,87.8102,79.2771
430.1043,87.9791,87.8102,79.2771
430.4331,86.9927,87.8102,79.2771
430.7619,86.6639,87.8102,79.2771
430.4331,86.9927,87.8102,79.2771
431.4196,86.0063,87.8102,79.2771
431.0907,85.6775,87.8102,79.2771
430.7619,86.0063,87.8102,79.2771
430.4331,85.6775,87.8102,79.2771
430.7619,86.0063,87.8102,79.2771
429.7755,85.0199,87.8102,79.2771
429.4467,84.6911,87.8102,79.2771
429.1179,85.0199,87.8102,79.2771
428.7891,84.6911,87.8102,79.2771
428.4603,85.0199,87.8102,79.2771
428.7891,84.6911,87.8102,79.2771
427.8027,85.0199,87.8102,79.2771
427.4739,84.6911,87.8102,79.2771
427.1451,85.0199,87.8102,79.2771
426.8163,84.6911,87.8102,79.2771
426.4875,85.0199,87.8102,79.2771
426.8163,84.6911,87.8102,79.2771
425.8299,85.0199,87.8102,79.2771
425.5011,84.6911,87.8102,79.2771
425.8299,85.0199,87.8102,79.2771
425.5011,84.6911,87.8102,79.2771
425.1722,85.0199,87.8102,79.2771
424.8434,84.6911,87.8102,79.2771
423.8570,85.0199,87.8102,79.2771
423.5282,85.3487,87.8102,79.2771
423.8570,85.6775,87.8102,79.2771
422.1250,89.3427,90.6166,81.8108
421.7857,92.3966,90.6166,81.8108
422.8294,95.3418,87.8505,79.3135
423.1834,96.2233,85.1688,76.8924
422.2267,96.5423,85.1688,76.8924
421.2699,96.8612,85.1688,76.8924
420.9510,97.8179,85.1688,76.8924
419.3564,98.1368,85.1688,76.8924
419.0375,97.8179,85.1688,76.8924
417.4672,98.6726,82.5690,74.5452
417.7764,99.6001,82.5690,74.5452
416.2305,99.9093,82.5690,74.5452
415.9213,99.6001,82.5690,74.5452
414.9938,100.5277,82.5690,74.5452
414.6846,100.8368,82.5690,74.5452
414.3754,100.5277,82.5690,74.5452
413.4479,100.8368,82.5690,74.5452
412.5203,100.5277,82.5690,74.5452
412.2346,101.3562,80.0486,72.2697
411.3354,102.2555,80.0486,72.2697
410.4362,102.5552,80.0486,72.2697
409.5370,102.8549,80.0486,72.2697
408.0383,103.1547,80.0486,72.2697
405.9401,102.2555,80.0486,72.2697
405.0409,102.5552,80.0486,72.2697
401.7437,103.4544,80.0486,72.2697
401.4440,104.9531,80.0486,72.2697
400.5675,106.9554,77.6051,70.0637
399.1367,112.3836,75.2362,67.9249
396.0591,112.5752,72.9395,65.8515
395.2606,113.3071,70.7130,63.8414
392.8976,114.0167,68.5545,61.8926
391.1202,115.7315,66.4619,60.0033
387.8850,116.4781,66.4619,60.0033
384.1520,117.2247,66.4619,60.0033
380.9167,117.4735,66.4619,60.0033
378.1981,117.6427,64.4331,58.1717
376.0450,118.2893,62.4663,56.3960
372.5365,118.9910,62.4663,56.3960
369.0279,118.7571,62.4663,56.3960
365.5193,120.3945,62.4663,56.3960
362.4786,120.1606,62.4663,56.3960
358.5022,120.3945,62.4663,56.3960
354.9936,120.6284,62.4663,56.3960
351.0172,120.8623,62.4663,56.3960
347.9765,121.0962,62.4663,56.3960
344.4679,120.8623,62.4663,56.3960
341.8950,121.0962,62.4663,56.3960
337.9186,122.2657,62.4663,56.3960
334.4100,122.4996,62.4663,56.3960
331.3693,123.6691,62.4663,56.3960
328.3285,125.3065,62.4663,56.3960
326.7090,125.9333,60.5594,54.6745
326.0459,126.9946,58.7109,53.0055
324.0840,128.0234,56.9187,51.3875
322.1821,128.5946,55.1812,49.8189
320.7514,129.1483,53.4968,48.2982
319.7650,130.4864,51.8638,46.8238
318.0320,132.5605,50.2806,45.3945
314.4044,133.5296,51.8876,46.8453
312.6037,134.1411,53.5459,48.3425
310.3445,135.5741,55.2573,49.8875
308.4270,136.2252,57.0233,51.4819
307.3022,138.1784,58.8457,53.1273
305.7008,138.4311,60.7265,54.8253
304.5030,138.6920,62.6673,56.5775
304.2684,138.9266,62.6673,56.5775
304.5030,139.6306,62.6673,56.5775
304.6749,140.8384,64.6701,58.3857
305.4014,140.5962,64.6701,58.3857
305.6435,140.8384,64.6701,58.3857
305.3365,141.6005,66.7370,60.2517
306.0862,141.8504,66.7370,60.2517
306.2693,142.1371,68.8699,62.1773
306.4582,143.4644,71.0710,64.1645
307.7888,144.7950,71.0710,64.1645
307.4514,146.6971,73.3424,66.2152
310.3989,148.6599,75.6864,68.3315
314.0832,150.6437,75.6864,68.3315
317.6916,151.5356,78.1054,70.5153
322.0003,153.0410,80.6016,72.7690
327.6540,153.9908,83.1776,75.0947
335.3571,156.2168,85.8360,77.4947
342.7496,160.3952,85.8360,77.4947
