0.21133
0.2365
0.067977
0.040592
0.049631
0.043822
0.038009
0.034209
0.034725
0.034445
0.034181
0.033989
0.033917
0.033897
0.038462
0.033829
0.033841
0.033236
0.033173
0.033234
0.035667
0.033833
0.03349
0.033279
0.0334
0.033266
0.033248
0.034821
0.033415
0.033174
0.033263
0.04034
0.033254
0.035188
0.033227
0.033566
0.033746
0.033728
0.033386
0.03345
0.041106
0.034089
0.039458
0.03414
0.036315
0.033363
0.033299
0.033161
0.033304
0.033274
0.033179
0.033173
0.033207
0.033263
0.033169
0.033158
0.033124
0.033299
0.033218
0.033198
0.033119
0.033214
0.033794
0.03453
0.033398
0.0333
0.033298
0.033268
0.033353
0.033327
0.03351
0.033398
0.03332
0.033414
0.03352
0.033932
0.033371
0.033174
0.033218
0.033172
0.033144
0.033205
0.033246
0.033186
0.03385
0.037069
0.033252
0.033167
0.033252
0.033118
0.033116
0.033301
0.035113
0.033443
0.033304
0.033254
0.033163
0.03332
0.033213
0.033163
0.042321
0.042553
0.033319
0.033122
0.033186
0.033186
0.033247
0.033255
0.033108
0.03344
0.03339
0.041692
0.043099
0.034684
0.033801
0.038851
0.032839
0.032772
0.032852
0.032815
0.032775
0.032818
0.032846
0.03283
0.032829
0.041631
0.042444
0.042292
0.041796
0.042498
0.042283
0.035777
0.031566
0.03285
0.032796
0.032842
0.033257
0.032525
0.032686
0.032625
0.03257
0.032664
0.032566
0.032388
0.032421
0.032504
0.032909
0.032283
0.032285
0.032309
0.032277
0.032232
0.032332
0.032212
0.032266
0.032318
0.032425
0.032228
0.032161
0.032307
0.032234
0.032273
0.032218
0.032142
0.032117
0.032135
0.032155
0.033093
0.042237
0.04205
0.041276
0.041653
0.041648
0.04185
0.041274
0.032366
0.03221
0.034748
0.032261
0.037496
0.032345
0.032306
0.032117
0.032261
0.032183
0.032216
0.032199
0.032139
0.032185
0.032046
0.032096
0.032273
0.032069
0.031895
0.03185
0.031813
0.031905
0.031937
0.031915
0.031827
0.04022
0.03454
0.032082
0.032029
0.031923
0.031892
0.031751
0.031838
0.031917
0.031924
0.031776
0.031958
0.032014
0.032091
0.032128
0.03228
0.031873
0.031809
0.031835
0.031913
0.031947
0.03188
0.032163
0.031847
0.031984
0.032059
0.032117
0.031968
0.032035
0.031909
0.03199
0.031766
0.032079
0.031851
0.032078
0.032138
0.032034
0.032142
0.032084
0.031903
0.03196
0.031914
0.032014
0.031925
0.031932
0.032294
0.032031
0.032075
0.032401
0.031986
0.04005
0.041589
0.03517
0.031868
0.031935
0.032032
0.031937
0.032151
0.032096
0.032212
0.072958
0.038093
0.040298
0.034777
0.044301
0.035502
0.035218
0.035086
0.035679
0.0351
0.03506
0.035164
0.033426
0.033389
0.034869
0.033314
0.033245
0.033169
0.033348
0.033428
0.03205
0.032793
0.032682
0.033309
0.032699
0.03265
0.032699
0.032805
0.032692
0.032692
0.03266
0.032934
0.032642
0.033243
0.033423
0.032718
0.033319
0.03321
0.033223
0.032857
0.033303
0.033197
0.032687
0.032629
0.032605
0.031943
0.031961
0.03179
0.031848
0.031848
0.031732
0.031778
0.032183
0.032083
0.032035
0.031977
0.031828
0.031921
0.031983
0.031819
0.032061
0.032191
0.031962
0.035666
0.032227
0.032072
0.032034
0.032021
0.032021
0.032011
0.031959
0.031914
0.03172
0.031998
0.035777
0.041077
0.04107
0.041257
0.032407
0.031762
0.031793
0.031721
0.031769
0.032232
0.031804
0.032216
0.031806
0.031747
0.031899
0.032158
0.031789
0.031737
0.031891
0.031781
0.031827
0.031732
0.031818
0.031873
0.031835
0.031786
0.031803
0.031686
0.031706
0.031637
0.031744
0.031745
0.031709
0.031747
0.031742
0.031715
0.031707
0.03173
0.031613
0.031716
0.031653
0.031722
0.031673
0.031857
0.031753
0.03176
0.031671
0.031786
0.031668
0.031775
0.031658
0.035793
0.036053
0.031735
0.031797
0.031735
0.031964
0.032047
0.032035
0.031681
0.032033
0.0323
0.033205
0.033108
0.033112
0.033109
0.033113
0.033198
0.03331
0.033215
0.033311
0.032706
0.033304
0.033429
0.033242
0.033424
0.032657
0.033122
0.033198
0.033317
0.033306
0.03332
0.033264
0.03271
0.033073
0.032648
0.033204
0.032675
0.032723
0.032556
0.033368
0.032627
0.032731
0.032711
0.032591
0.032538
0.032661
0.032789
0.032653
0.032226
0.033422
0.032809
0.032915
0.032842
0.032803
0.03267
0.033387
0.033535
0.033783
0.033349
0.033431
0.032998
0.033493
0.032956
0.032876
0.033373
0.032844
0.032822
0.032746
0.034839
0.035275
0.032732
0.033286
0.03282
0.032749
0.03307
0.03314
0.033314
0.032752
0.033003
0.032686
0.033524
0.033514
0.033355
0.032925
0.032906
0.032799
0.032844
0.032746
0.032826
0.032761
0.035109
0.032817
0.032793
0.033469
0.033121
0.033388
0.032866
0.032791
0.032861
0.033054
0.032558
0.033173
0.032853
0.032601
0.032556
0.032684
0.032696
0.032925
0.032861
0.032665
0.032868
0.032799
0.0327
0.032842
0.033064
0.035095
0.033756
0.042716
0.041854
0.042879
0.040993
0.032998
0.032432
0.033513
0.032527
0.038361
0.032005
0.031901
0.031797
0.031928
0.032083
0.031873
0.031831
0.032214
0.032148
0.031949
0.03194
0.031866
0.031712
0.031932
0.031781
0.031926
0.031825
0.031981
0.031755
0.032004
0.031784
0.031983
0.031837
0.032209
0.032144
0.033655
0.03322
0.033094
0.032636
0.032936
0.033168
0.032735
0.032624
0.032941
0.032718
0.0327
0.032452
0.032802
0.032578
0.03283
0.032733
0.032794
0.032732
0.032797
0.032638
0.032874
0.032639
0.032704
0.032692
0.032919
0.031883
0.031936
0.031853
0.03202
0.031894
0.031935
0.031875
0.031902
0.031961
0.032156
0.031847
0.031954
0.031887
0.031962
0.031806
0.033414
0.032927
0.032826
0.032788
0.032879
0.033004
0.033238
0.033082
0.031927
0.033012
0.033514
0.033509
0.03351
0.032778
0.032817
0.032708
0.032839
0.03272
0.033059
0.033026
0.032824
0.0327
0.033434
0.032679
0.032901
0.03276
0.032038
0.031874
0.031832
0.031887
0.032056
0.032002
0.03199
0.031861
0.031982
0.032812
0.032816
0.033074
0.032978
0.032921
0.033082
0.033014
0.033098
0.033438
0.032899
0.032587
0.032657
0.032655
0.032723
0.032737
0.03271
0.032573
0.032867
0.032705
0.032725
0.032631
0.032595
0.032652
0.032748
0.032749
0.032654
0.032612
0.032595
0.03269
0.032523
0.032612
0.032574
0.032613
0.032761
0.032746
0.032638
0.032719
0.032659
0.032683
0.032558
0.03405
0.034019
0.034132
0.034056
0.033811
0.034029
0.033935
0.034056
0.034015
0.033968
0.0342
0.034308
0.034233
0.03417
0.034163
0.034234
0.034087
0.032749
0.032693
0.032741
0.033099
0.033022
0.032813
0.032689
0.032703
0.032768
0.032764
0.032622
0.033045
0.033096
0.032701
0.032796
0.032589
0.032761
0.032762
0.032852
0.032641
0.032609
0.032695
0.032864
0.032701
0.032745
0.032707
0.032674
0.032792
0.032804
0.032729
0.032823
0.032737
0.032717
0.033008
0.032949
0.032817
0.032754
0.032672
0.03281
0.032754
0.03295
0.032746
0.032824
0.032705
0.03273
0.032695
0.032775
0.032663
0.032731
0.032699
0.032814
0.032687
0.032848
0.032822
0.032874
0.032756
0.032716
0.032607
0.032786
0.032699
0.03271
0.032713
0.03269
0.032922
0.032727
0.032739
0.033027
0.031715
0.032747
0.032772
0.032751
0.032786
0.032654
0.032693
0.032743
0.032799
0.032869
0.032626
0.032755
0.032699
0.032719
0.032758
0.032747
0.03267
0.032772
0.032791
0.032776
0.032728
0.032763
0.032826
0.032741
0.032643
0.038414
0.032775
0.032733
0.032747
0.032655
0.032777
0.03277
0.033256
0.03345
0.032729
0.032686
0.03283
0.032843
0.032624
0.032944
0.032718
0.032679
0.0328
0.032642
0.032674
0.033643
0.032846
0.032846
0.033362
0.03268
0.032805
0.03353
0.032828
0.032849
0.032732
0.032793
0.03282
0.032885
0.032798
0.032829
0.032779
0.032889
0.032831
0.0329
0.032733
0.032719
0.032745
0.032727
0.032731
0.032911
0.032658
0.032754
0.032799
0.032732
0.032753
0.032743
0.032643
0.032795
0.032826
0.03281
0.032685
0.032629
0.032845
0.032879
0.032876
0.032823
0.032672
0.03284
0.032735
0.032794
0.032791
0.032477
0.032526
0.032658
0.032505
0.032581
0.033213
0.032586
0.032555
0.032783
0.03265
0.032557
0.032454
0.033182
0.032527
0.032635
0.032634
0.032582
0.03249
0.032648
0.032486
0.032538
0.032484
0.032501
0.032598
0.032748
0.032525
0.032568
0.03256
0.032435
0.032526
0.032502
0.032683
0.032603
0.032668
0.03259
0.032828
0.03274
0.032398
0.032466
0.032644
0.032597
0.032542
0.032598
0.032568
0.03262
0.032511
0.032535
0.032514
0.032512
0.032416
0.032475
0.032809
0.032727
0.032519
0.032572
0.032486
0.032631
0.032491
0.032487
0.032451
0.032516
0.031342
0.032497
0.032468
0.032441
0.032478
0.03244
0.032539
0.032545
0.032445
0.032507
0.032498
0.032573
0.032483
0.032518
0.032387
0.032496
0.032493
0.032466
0.032491
0.032381
0.032527
0.032476
0.032516
0.032497
0.03244
0.032535
0.032484
0.032439
0.032478
0.032526
0.03249
0.032538
0.032421
0.032635
0.032492
0.03259
0.032783
0.032603
0.032436
0.032487
0.03261
0.032369
0.032462
0.032587
0.032593
0.032543
0.032494
0.032593
0.032668
0.032735
0.032661
0.032716
0.032704
0.032636
0.032724
0.032629
0.032691
0.032739
0.032598
0.03269
0.032795
0.032755
0.032809
0.03285
0.032697
0.03281
0.032698
0.0327
0.032777
0.032683
0.032777
0.032764
0.033074
0.03296
0.032681
0.032757
0.032883
0.032788
0.032684
0.032715
0.032806
0.032751
0.032669
0.032797
0.032591
0.032678
0.032851
0.037171
0.033068
0.032844
0.033633
0.037904
0.032734
0.032788
0.03279
0.032787
0.032665
0.032613
0.03323
0.033588
0.032654
0.036038
0.032759
0.032733
0.033459
0.033371
0.032789
0.032644
0.032667
0.032676
0.033998
0.032774
0.039821
0.042218
0.042359
0.034422
0.034446
0.034262
0.033357
0.033177
0.033109
0.033173
0.0332
0.033559
0.03349
0.03311
0.033108
0.03317
0.032999
0.033095
0.033176
0.033133
0.03305
0.032903
0.032956
0.033158
0.032933
0.032941
0.03287
0.033151
0.032946
0.03256
0.032529
0.032581
0.032452
0.032388
0.032429
0.032449
0.032362
0.032482
0.03084
0.032283
0.032393
0.032422
0.032317
0.032436
0.032408
0.032381
0.032363
0.032494
0.032451
0.032442
0.032486
0.032389
0.032367
0.032888
0.032465
0.032432
0.032511
0.032494
0.032759
0.032558
0.032453
0.0325
0.032496
0.032485
0.032474
0.032517
0.03255
0.032629
0.032655
0.032588
0.032435
0.032442
0.03242
0.032408
0.032434
0.032516
0.032511
0.032434
0.032454
0.032421
0.032347
0.032469
0.032356
0.032348
0.032375
0.032282
0.032358
0.032302
0.032228
0.032459
0.032691
0.032318
0.03237
0.032275
0.032237
0.032297
0.032405
0.032292
0.032208
0.032335
0.032267
0.032337
0.03229
0.032336
0.032262
0.032337
0.032308
0.03232
0.032229
0.032289
0.032243
0.032309
0.032217
0.032358
0.032301
0.032379
0.032254
0.032327
0.032287
0.032551
0.032183
0.032213
0.032231
0.032214
0.032303
0.03225
0.032193
0.032297
0.032182
0.032275
0.032213
0.032215
0.032287
0.032356
0.03221
0.032469
0.032312
0.03232
0.032553
0.032261
0.032969
0.032344
0.032227
0.03298
0.033089
0.032399
0.032319
0.032913
0.032379
0.032359
0.032233
0.032295
0.032245
0.03248
0.03231
0.03243
0.032376
0.032539
0.032328
0.032326
0.032355
0.03249
0.032277
0.032385
0.032345
0.032398
0.032307
0.032589
0.032239
0.032375
0.032373
0.032349
0.032372
0.032344
0.032289
0.032396
0.032353
0.032274
0.032363
0.032462
0.032454
0.032427
0.032322
0.032308
0.032384
0.032463
0.032362
0.032442
0.032309
0.032356
0.032355
0.031435
0.032544
0.032544
0.032459
0.032416
0.032418
0.032346
0.032422
0.03247
0.032394
0.032553
0.032397
0.032378
0.032333
0.032468
0.032376
0.032351
0.03236
0.032366
0.032394
0.03245
0.032436
0.032416
0.032442
0.032406
0.032506
0.032437
0.032354
0.032404
0.032411
0.032425
0.032717
0.032584
0.032568
0.03258
0.032501
0.03268
0.032504
0.032425
0.032484
0.032565
0.032354
0.0324
0.032494
0.032364
0.032446
0.032524
0.032513
0.032523
0.03252
0.032428
0.032467
0.032499
0.032472
0.032429
0.032428
0.032368
0.032371
0.032483
0.03243
0.032408
0.032349
0.032456
0.032437
0.032517
0.032402
0.032521
0.032479
0.032453
0.032628
0.033609
0.032701
0.03241
0.03244
0.03242
0.032399
0.032548
0.032418
0.032446
0.032384
0.032412
0.032476
0.032504
0.032419
0.032348
0.032397
0.03253
0.032293
0.032482
0.032369
0.032355
0.032372
0.032369
0.032491
0.032459
0.032312
0.032446
0.032552
0.032521
0.032407
0.032479
0.032444
0.032408
0.032317
0.03262
0.032412
0.03235
0.032698
0.03226
0.032548
0.032477
0.032494
0.032401
0.032392
0.032385
0.032344
0.032459
0.032481
0.032464
0.03246
0.032589
0.032318
0.032709
0.032511
0.032441
0.032385
0.032378
0.032443
0.032442
0.032346
0.032413
0.032429
0.032221
0.032677
0.031463
0.031502
0.031705
0.031594
0.031603
0.031552
0.031657
0.031668
0.031489
0.031632
0.031538
0.031583
0.031535
0.03161
0.031556
0.031583
0.031601
0.031643
0.031557
0.031501
0.031479
0.031638
0.031489
0.031542
0.031743
0.031566
0.031522
0.032172
0.031733
0.031692
0.031779
0.031618
0.03154
0.031732
0.031653
0.031694
0.031708
0.03169
0.031645
0.031617
0.031712
0.031727
0.031731
0.031635
0.031612
0.031611
0.031603
0.031616
0.03161
0.031634
0.031584
0.031973
0.032118
