0.20384,0.20662,0.20651,0,0,0,0,0,0,0,0,0,0,0,0
0.21943,0.21969,0.21887,0,0,0,0,0,0,0,0,0,0,0,0
0.062133,0.062174,0.062011,0,0,0,0,0,0,0,0,0,0,0,0
0.034153,0.034552,0.034503,0,0,0,0,0,0,0,0,0,0,0,0
0.042722,0.042829,0.043092,0,0,0,0,0,0,0,0,0,0,0,0
0.037323,0.037019,0.037648,0,0,0,0,0,0,0,0,0,0,0,0
0.030903,0.031184,0.031577,0,0,0,0,0,0,0,0,0,0,0,0
0.027836,0.027704,0.028133,0,0,0,0,0,0,0,0,0,0,0,0
0.02729,0.02775,0.028239,0,0,0,0,0,0,0,0,0,0,0,0
0.027065,0.027346,0.027841,0,0,0,0,0,0,0,0,0,0,0,0
0.026958,0.027303,0.02798,0,0,0,0,0,0,0,0,0,0,0,0
0.026971,0.027339,0.027911,0,0,0,0,0,0,0,0,0,0,0,0
0.025857,0.026161,0.026785,0,0,0,0,0,0,0,0,0,0,0,0
0.025491,0.025794,0.026383,0,0,0,0,0,0,0,0,0,0,0,0
0.025882,0.026261,0.026801,0,0,0,0,0,0,0,0,0,0,0,0
0.025,0.025315,0.025799,0,0,0,0,0,0,0,0,0,0,0,0
0.02498,0.025232,0.025812,0,0,0,0,0,0,0,0,0,0,0,0
0.024977,0.025302,0.025752,0,0,0,0,0,0,0,0,0,0,0,0
0.025376,0.025725,0.02632,0,0,0,0,0,0,0,0,0,0,0,0
0.024965,0.025228,0.025846,0,0,0,0,0,0,0,0,0,0,0,0
0.025598,0.026012,0.026723,0,0,0,0,0,0,0,0,0,0,0,0
0.025694,0.026082,0.02657,0,0,0,0,0,0,0,0,0,0,0,0
0.025481,0.025843,0.026433,0,0,0,0,0,0,0,0,0,0,0,0
0.02495,0.025313,0.025821,0,0,0,0,0,0,0,0,0,0,0,0
0.02551,0.025831,0.026438,0,0,0,0,0,0,0,0,0,0,0,0
0.025342,0.02527,0.025835,0,0,0,0,0,0,0,0,0,0,0,0
0.026301,0.026038,0.026604,0,0,0,0,0,0,0,0,0,0,0,0
0.026299,0.026709,0.027202,0,0,0,0,0,0,0,0,0,0,0,0
0.026831,0.027072,0.02762,0,0,0,0,0,0,0,0,0,0,0,0
0.026987,0.027205,0.027705,0,0,0,0,0,0,0,0,0,0,0,0
0.027148,0.027222,0.027749,0,0,0,0,0,0,0,0,0,0,0,0
0.027592,0.027719,0.028198,0,0,0,0,0,0,0,0,0,0,0,0
0.026941,0.026886,0.027434,0,0,0,0,0,0,0,0,0,0,0,0
0.026203,0.026222,0.026781,0,0,0,0,0,0,0,0,0,0,0,0
0.026568,0.0267,0.027295,0,0,0,0,0,0,0,0,0,0,0,0
0.026007,0.026066,0.026646,0,0,0,0,0,0,0,0,0,0,0,0
0.026777,0.026674,0.027287,0,0,0,0,0,0,0,0,0,0,0,0
0.026779,0.026846,0.027315,0,0,0,0,0,0,0,0,0,0,0,0
0.026551,0.026648,0.027089,0,0,0,0,0,0,0,0,0,0,0,0
0.026512,0.026689,0.027173,0,0,0,0,0,0,0,0,0,0,0,0
0.027171,0.027226,0.027824,0,0,0,0,0,0,0,0,0,0,0,0
0.026294,0.026486,0.026944,0,0,0,0,0,0,0,0,0,0,0,0
0.026771,0.026843,0.027485,0,0,0,0,0,0,0,0,0,0,0,0
0.025999,0.026248,0.026725,0,0,0,0,0,0,0,0,0,0,0,0
0.026493,0.026645,0.027182,0,0,0,0,0,0,0,0,0,0,0,0
0.026027,0.026103,0.026693,0,0,0,0,0,0,0,0,0,0,0,0
0.025896,0.026013,0.026608,0,0,0,0,0,0,0,0,0,0,0,0
0.026769,0.026654,0.027186,0,0,0,0,0,0,0,0,0,0,0,0
0.02594,0.026054,0.026674,0,0,0,0,0,0,0,0,0,0,0,0
0.025927,0.026018,0.026649,0,0,0,0,0,0,0,0,0,0,0,0
0.025928,0.025984,0.026621,0,0,0,0,0,0,0,0,0,0,0,0
0.025901,0.026044,0.02657,0,0,0,0,0,0,0,0,0,0,0,0
0.026637,0.026686,0.027339,0,0,0,0,0,0,0,0,0,0,0,0
0.02612,0.02624,0.026792,0,0,0,0,0,0,0,0,0,0,0,0
0.025994,0.026025,0.0267,0,0,0,0,0,0,0,0,0,0,0,0
0.025955,0.026039,0.026531,0,0,0,0,0,0,0,0,0,0,0,0
0.026028,0.026041,0.026763,0,0,0,0,0,0,0,0,0,0,0,0
0.026178,0.026177,0.026708,0,0,0,0,0,0,0,0,0,0,0,0
0.026197,0.026161,0.026743,0,0,0,0,0,0,0,0,0,0,0,0
0.027058,0.027047,0.02759,0,0,0,0,0,0,0,0,0,0,0,0
0.02761,0.027739,0.028207,0,0,0,0,0,0,0,0,0,0,0,0
0.027244,0.027242,0.027801,0,0,0,0,0,0,0,0,0,0,0,0
0.026596,0.02672,0.027329,0,0,0,0,0,0,0,0,0,0,0,0
0.027245,0.027354,0.027861,0,0,0,0,0,0,0,0,0,0,0,0
0.026264,0.026295,0.026871,0,0,0,0,0,0,0,0,0,0,0,0
0.026487,0.026353,0.026929,0,0,0,0,0,0,0,0,0,0,0,0
0.025352,0.025268,0.025843,0,0,0,0,0,0,0,0,0,0,0,0
0.025891,0.025894,0.026445,0,0,0,0,0,0,0,0,0,0,0,0
0.025788,0.02587,0.026406,0,0,0,0,0,0,0,0,0,0,0,0
0.02541,0.025553,0.026105,0,0,0,0,0,0,0,0,0,0,0,0
0.025832,0.025839,0.026373,0,0,0,0,0,0,0,0,0,0,0,0
0.025905,0.025947,0.026495,0,0,0,0,0,0,0,0,0,0,0,0
0.026717,0.026755,0.027444,0,0,0,0,0,0,0,0,0,0,0,0
0.026361,0.026422,0.02707,0,0,0,0,0,0,0,0,0,0,0,0
0.02637,0.026401,0.027102,0,0,0,0,0,0,0,0,0,0,0,0
0.025805,0.025847,0.026414,0,0,0,0,0,0,0,0,0,0,0,0
0.026303,0.026236,0.027063,0,0,0,0,0,0,0,0,0,0,0,0
0.026321,0.026355,0.026853,0,0,0,0,0,0,0,0,0,0,0,0
0.026049,0.026076,0.026638,0,0,0,0,0,0,0,0,0,0,0,0
0.025729,0.025833,0.026404,0,0,0,0,0,0,0,0,0,0,0,0
0.026185,0.026256,0.026924,0,0,0,0,0,0,0,0,0,0,0,0
0.026184,0.026282,0.026764,0,0,0,0,0,0,0,0,0,0,0,0
0.025875,0.025774,0.026405,0,0,0,0,0,0,0,0,0,0,0,0
0.025828,0.025846,0.026315,0,0,0,0,0,0,0,0,0,0,0,0
0.025857,0.025815,0.026392,0,0,0,0,0,0,0,0,0,0,0,0
0.026395,0.026422,0.026985,0,0,0,0,0,0,0,0,0,0,0,0
0.025998,0.026051,0.026547,0,0,0,0,0,0,0,0,0,0,0,0
0.026337,0.02637,0.026395,0,0,0,0,0,0,0,0,0,0,0,0
0.025445,0.025478,0.026016,0,0,0,0,0,0,0,0,0,0,0,0
0.026092,0.026071,0.026091,0,0,0,0,0,0,0,0,0,0,0,0
0.025821,0.025941,0.026414,0,0,0,0,0,0,0,0,0,0,0,0
0.025928,0.025902,0.02605,0,0,0,0,0,0,0,0,0,0,0,0
0.025397,0.02553,0.025999,0,0,0,0,0,0,0,0,0,0,0,0
0.025915,0.025863,0.026061,0,0,0,0,0,0,0,0,0,0,0,0
0.025168,0.02524,0.025768,0,0,0,0,0,0,0,0,0,0,0,0
0.025254,0.025195,0.025381,0,0,0,0,0,0,0,0,0,0,0,0
0.025893,0.025825,0.02631,0,0,0,0,0,0,0,0,0,0,0,0
0.025846,0.025912,0.025979,0,0,0,0,0,0,0,0,0,0,0,0
0.025786,0.025831,0.026468,0,0,0,0,0,0,0,0,0,0,0,0
0.026944,0.026916,0.026998,0,0,0,0,0,0,0,0,0,0,0,0
0.025816,0.026285,0.026399,0,0,0,0,0,0,0,0,0,0,0,0
0.025625,0.026275,0.025784,0,0,0,0,0,0,0,0,0,0,0,0
0.025872,0.026116,0.026383,0,0,0,0,0,0,0,0,0,0,0,0
0.025534,0.026452,0.025724,0,0,0,0,0,0,0,0,0,0,0,0
0.026518,0.027047,0.027136,0,0,0,0,0,0,0,0,0,0,0,0
0.02643,0.027079,0.026524,0,0,0,0,0,0,0,0,0,0,0,0
0.027119,0.027222,0.027198,0,0,0,0,0,0,0,0,0,0,0,0
0.027049,0.027307,0.027056,0,0,0,0,0,0,0,0,0,0,0,0
0.027298,0.027233,0.027196,0,0,0,0,0,0,0,0,0,0,0,0
0.027161,0.027316,0.027141,0,0,0,0,0,0,0,0,0,0,0,0
0.027378,0.027247,0.027225,0,0,0,0,0,0,0,0,0,0,0,0
0.027673,0.027784,0.02815,0,0,0,0,0,0,0,0,0,0,0,0
0.027136,0.027064,0.027505,0,0,0,0,0,0,0,0,0,0,0,0
0.026107,0.026116,0.026118,0,0,0,0,0,0,0,0,0,0,0,0
0.027414,0.027343,0.027287,0,0,0,0,0,0,0,0,0,0,0,0
0.026086,0.026596,0.026158,0,0,0,0,0,0,0,0,0,0,0,0
0.026652,0.027112,0.026574,0,0,0,0,0,0,0,0,0,0,0,0
0.027222,0.0272,0.027669,0,0,0,0,0,0,0,0,0,0,0,0
0.02656,0.026453,0.027008,0,0,0,0,0,0,0,0,0,0,0,0
0.026667,0.026888,0.026385,0,0,0,0,0,0,0,0,0,0,0,0
0.026815,0.027131,0.026538,0,0,0,0,0,0,0,0,0,0,0,0
0.025987,0.025708,0.025659,0,0,0,0,0,0,0,0,0,0,0,0
0.025887,0.025876,0.025817,0,0,0,0,0,0,0,0,0,0,0,0
0.025966,0.025813,0.025757,0,0,0,0,0,0,0,0,0,0,0,0
0.025993,0.025835,0.025767,0,0,0,0,0,0,0,0,0,0,0,0
0.026601,0.026425,0.026467,0,0,0,0,0,0,0,0,0,0,0,0
0.028058,0.027931,0.027953,0,0,0,0,0,0,0,0,0,0,0,0
0.02733,0.027275,0.027208,0,0,0,0,0,0,0,0,0,0,0,0
0.0265,0.026423,0.026394,0,0,0,0,0,0,0,0,0,0,0,0
0.027199,0.027166,0.027116,0,0,0,0,0,0,0,0,0,0,0,0
0.0272,0.027075,0.02706,0,0,0,0,0,0,0,0,0,0,0,0
0.027775,0.027677,0.027585,0,0,0,0,0,0,0,0,0,0,0,0
0.026704,0.026478,0.026576,0,0,0,0,0,0,0,0,0,0,0,0
0.025913,0.025841,0.025759,0,0,0,0,0,0,0,0,0,0,0,0
0.025889,0.025797,0.025778,0,0,0,0,0,0,0,0,0,0,0,0
0.025892,0.025749,0.025829,0,0,0,0,0,0,0,0,0,0,0,0
0.026683,0.026552,0.026521,0,0,0,0,0,0,0,0,0,0,0,0
0.025938,0.025828,0.025775,0,0,0,0,0,0,0,0,0,0,0,0
0.026713,0.026516,0.02647,0,0,0,0,0,0,0,0,0,0,0,0
0.025916,0.025849,0.02584,0,0,0,0,0,0,0,0,0,0,0,0
0.026773,0.026488,0.026562,0,0,0,0,0,0,0,0,0,0,0,0
0.025939,0.025807,0.025815,0,0,0,0,0,0,0,0,0,0,0,0
0.025907,0.025751,0.025746,0,0,0,0,0,0,0,0,0,0,0,0
0.025961,0.025757,0.025757,0,0,0,0,0,0,0,0,0,0,0,0
0.025971,0.025739,0.025767,0,0,0,0,0,0,0,0,0,0,0,0
0.026662,0.026529,0.02652,0,0,0,0,0,0,0,0,0,0,0,0
0.025865,0.025809,0.025716,0,0,0,0,0,0,0,0,0,0,0,0
0.026663,0.026581,0.026611,0,0,0,0,0,0,0,0,0,0,0,0
0.026062,0.025728,0.025733,0,0,0,0,0,0,0,0,0,0,0,0
0.025867,0.025748,0.025777,0,0,0,0,0,0,0,0,0,0,0,0
0.026636,0.026592,0.026816,0,0,0,0,0,0,0,0,0,0,0,0
0.026568,0.026485,0.027053,0,0,0,0,0,0,0,0,0,0,0,0
0.027261,0.027064,0.027402,0,0,0,0,0,0,0,0,0,0,0,0
0.027364,0.02716,0.027627,0,0,0,0,0,0,0,0,0,0,0,0
0.027314,0.027374,0.027078,0,0,0,0,0,0,0,0,0,0,0,0
0.025887,0.025909,0.025512,0,0,0,0,0,0,0,0,0,0,0,0
0.026622,0.026698,0.026423,0,0,0,0,0,0,0,0,0,0,0,0
0.026661,0.026836,0.026385,0,0,0,0,0,0,0,0,0,0,0,0
0.026457,0.026647,0.026369,0,0,0,0,0,0,0,0,0,0,0,0
0.025856,0.025892,0.02562,0,0,0,0,0,0,0,0,0,0,0,0
0.026478,0.026646,0.026363,0,0,0,0,0,0,0,0,0,0,0,0
0.026642,0.026639,0.026341,0,0,0,0,0,0,0,0,0,0,0,0
0.026547,0.026665,0.026279,0,0,0,0,0,0,0,0,0,0,0,0
0.026558,0.026727,0.026363,0,0,0,0,0,0,0,0,0,0,0,0
0.025762,0.025941,0.025603,0,0,0,0,0,0,0,0,0,0,0,0
0.025879,0.025989,0.025635,0,0,0,0,0,0,0,0,0,0,0,0
0.026531,0.026689,0.026349,0,0,0,0,0,0,0,0,0,0,0,0
0.026053,0.025904,0.025621,0,0,0,0,0,0,0,0,0,0,0,0
0.027212,0.027342,0.027083,0,0,0,0,0,0,0,0,0,0,0,0
0.026924,0.026859,0.025503,0,0,0,0,0,0,0,0,0,0,0,0
0.027475,0.027532,0.027246,0,0,0,0,0,0,0,0,0,0,0,0
0.024874,0.024511,0.025667,0,0,0,0,0,0,0,0,0,0,0,0
0.026958,0.026751,0.026948,0,0,0,0,0,0,0,0,0,0,0,0
0.026883,0.026883,0.027233,0,0,0,0,0,0,0,0,0,0,0,0
0.026167,0.025946,0.02613,0,0,0,0,0,0,0,0,0,0,0,0
0.026894,0.026741,0.027127,0,0,0,0,0,0,0,0,0,0,0,0
0.02767,0.027523,0.027826,0,0,0,0,0,0,0,0,0,0,0,0
0.026255,0.026224,0.026107,0,0,0,0,0,0,0,0,0,0,0,0
0.026151,0.026094,0.02635,0,0,0,0,0,0,0,0,0,0,0,0
0.026469,0.026436,0.026308,0,0,0,0,0,0,0,0,0,0,0,0
0.026356,0.026295,0.026507,0,0,0,0,0,0,0,0,0,0,0,0
0.026238,0.026181,0.026031,0,0,0,0,0,0,0,0,0,0,0,0
0.026252,0.026125,0.026414,0,0,0,0,0,0,0,0,0,0,0,0
0.026157,0.026177,0.026053,0,0,0,0,0,0,0,0,0,0,0,0
0.02786,0.027748,0.028153,0,0,0,0,0,0,0,0,0,0,0,0
0.027011,0.027073,0.026869,0,0,0,0,0,0,0,0,0,0,0,0
0.026257,0.026239,0.026422,0,0,0,0,0,0,0,0,0,0,0,0
0.026183,0.026299,0.025958,0,0,0,0,0,0,0,0,0,0,0,0
0.027794,0.027622,0.02793,0,0,0,0,0,0,0,0,0,0,0,0
0.028508,0.028574,0.02827,0,0,0,0,0,0,0,0,0,0,0,0
0.027191,0.027095,0.027487,0,0,0,0,0,0,0,0,0,0,0,0
0.0274,0.02729,0.027021,0,0,0,0,0,0,0,0,0,0,0,0
0.027641,0.027472,0.027283,0,0,0,0,0,0,0,0,0,0,0,0
0.02645,0.026316,0.026032,0,0,0,0,0,0,0,0,0,0,0,0
0.027194,0.027139,0.026924,0,0,0,0,0,0,0,0,0,0,0,0
0.027148,0.027112,0.02689,0,0,0,0,0,0,0,0,0,0,0,0
0.027251,0.027269,0.026898,0,0,0,0,0,0,0,0,0,0,0,0
0.027256,0.027327,0.026947,0,0,0,0,0,0,0,0,0,0,0,0
0.026485,0.026407,0.026265,0,0,0,0,0,0,0,0,0,0,0,0
0.026577,0.026501,0.026186,0,0,0,0,0,0,0,0,0,0,0,0
0.027858,0.027723,0.027433,0,0,0,0,0,0,0,0,0,0,0,0
0.027756,0.027604,0.02732,0,0,0,0,0,0,0,0,0,0,0,0
0.027386,0.027332,0.027033,0,0,0,0,0,0,0,0,0,0,0,0
0.028108,0.028092,0.027782,0,0,0,0,0,0,0,0,0,0,0,0
0.02717,0.027104,0.026812,0,0,0,0,0,0,0,0,0,0,0,0
0.027184,0.027054,0.02684,0,0,0,0,0,0,0,0,0,0,0,0
0.0263,0.026194,0.026048,0,0,0,0,0,0,0,0,0,0,0,0
0.026329,0.026286,0.025985,0,0,0,0,0,0,0,0,0,0,0,0
0.026156,0.026119,0.026138,0,0,0,0,0,0,0,0,0,0,0,0
0.027012,0.026852,0.02707,0,0,0,0,0,0,0,0,0,0,0,0
0.025682,0.025584,0.025605,0,0,0,0,0,0,0,0,0,0,0,0
0.026813,0.026687,0.027764,0,0,0,0,0,0,0,0,0,0,0,0
0.026231,0.026121,0.026605,0,0,0,0,0,0,0,0,0,0,0,0
0.025372,0.02531,0.025555,0,0,0,0,0,0,0,0,0,0,0,0
0.025405,0.025332,0.025575,0,0,0,0,0,0,0,0,0,0,0,0
0.025595,0.025376,0.025407,0,0,0,0,0,0,0,0,0,0,0,0
0.025356,0.025284,0.025417,0,0,0,0,0,0,0,0,0,0,0,0
0.026251,0.026268,0.026705,0,0,0,0,0,0,0,0,0,0,0,0
0.026309,0.026155,0.026977,0,0,0,0,0,0,0,0,0,0,0,0
0.025345,0.025254,0.025427,0,0,0,0,0,0,0,0,0,0,0,0
0.02534,0.025162,0.02545,0,0,0,0,0,0,0,0,0,0,0,0
0.026098,0.026068,0.026622,0,0,0,0,0,0,0,0,0,0,0,0
0.025294,0.025233,0.025537,0,0,0,0,0,0,0,0,0,0,0,0
0.0252,0.025178,0.025332,0,0,0,0,0,0,0,0,0,0,0,0
0.025192,0.025228,0.025328,0,0,0,0,0,0,0,0,0,0,0,0
0.025201,0.025197,0.025348,0,0,0,0,0,0,0,0,0,0,0,0
0.026274,0.026003,0.026549,0,0,0,0,0,0,0,0,0,0,0,0
0.025177,0.025195,0.025262,0,0,0,0,0,0,0,0,0,0,0,0
0.025236,0.02509,0.025314,0,0,0,0,0,0,0,0,0,0,0,0
0.025436,0.025112,0.025376,0,0,0,0,0,0,0,0,0,0,0,0
0.026006,0.025943,0.026517,0,0,0,0,0,0,0,0,0,0,0,0
0.02524,0.025175,0.025301,0,0,0,0,0,0,0,0,0,0,0,0
0.02529,0.025083,0.025284,0,0,0,0,0,0,0,0,0,0,0,0
0.026077,0.025943,0.026146,0,0,0,0,0,0,0,0,0,0,0,0
0.026754,0.027077,0.027196,0,0,0,0,0,0,0,0,0,0,0,0
0.026323,0.026396,0.026443,0,0,0,0,0,0,0,0,0,0,0,0
0.026822,0.027366,0.027339,0,0,0,0,0,0,0,0,0,0,0,0
0.026098,0.026112,0.026117,0,0,0,0,0,0,0,0,0,0,0,0
0.025939,0.026075,0.026198,0,0,0,0,0,0,0,0,0,0,0,0
0.026895,0.027202,0.027336,0,0,0,0,0,0,0,0,0,0,0,0
0.026088,0.026109,0.026129,0,0,0,0,0,0,0,0,0,0,0,0
0.025166,0.025234,0.025207,0,0,0,0,0,0,0,0,0,0,0,0
0.026091,0.026764,0.026624,0,0,0,0,0,0,0,0,0,0,0,0
0.026362,0.02674,0.026951,0,0,0,0,0,0,0,0,0,0,0,0
0.026067,0.026242,0.026491,0,0,0,0,0,0,0,0,0,0,0,0
0.025972,0.026256,0.026507,0,0,0,0,0,0,0,0,0,0,0,0
0.025918,0.025919,0.02669,0,0,0,0,0,0,0,0,0,0,0,0
0.025505,0.025905,0.026689,0,0,0,0,0,0,0,0,0,0,0,0
0.025106,0.025137,0.025284,0,0,0,0,0,0,0,0,0,0,0,0
0.024704,0.025141,0.025257,0,0,0,0,0,0,0,0,0,0,0,0
0.025512,0.025617,0.025975,0,0,0,0,0,0,0,0,0,0,0,0
0.025385,0.025776,0.026349,0,0,0,0,0,0,0,0,0,0,0,0
0.026086,0.026243,0.026543,0,0,0,0,0,0,0,0,0,0,0,0
0.025893,0.026318,0.026926,0,0,0,0,0,0,0,0,0,0,0,0
0.025203,0.025326,0.025265,0,0,0,0,0,0,0,0,0,0,0,0
0.025517,0.025941,0.026596,0,0,0,0,0,0,0,0,0,0,0,0
0.026951,0.02719,0.028035,0,0,0,0,0,0,0,0,0,0,0,0
0.025932,0.026346,0.026964,0,0,0,0,0,0,0,0,0,0,0,0
0.025954,0.026143,0.0267,0,0,0,0,0,0,0,0,0,0,0,0
0.02563,0.026083,0.026589,0,0,0,0,0,0,0,0,0,0,0,0
0.025126,0.025415,0.025742,0,0,0,0,0,0,0,0,0,0,0,0
0.02394,0.024285,0.024332,0,0,0,0,0,0,0,0,0,0,0,0
0.025321,0.02558,0.025992,0,0,0,0,0,0,0,0,0,0,0,0
0.025086,0.025415,0.025662,0,0,0,0,0,0,0,0,0,0,0,0
0.02522,0.025396,0.025392,0,0,0,0,0,0,0,0,0,0,0,0
0.0252,0.025541,0.025731,0,0,0,0,0,0,0,0,0,0,0,0
0.025584,0.025815,0.02583,0,0,0,0,0,0,0,0,0,0,0,0
0.024991,0.025217,0.025474,0,0,0,0,0,0,0,0,0,0,0,0
0.025317,0.025478,0.025403,0,0,0,0,0,0,0,0,0,0,0,0
0.025079,0.02533,0.025631,0,0,0,0,0,0,0,0,0,0,0,0
0.02637,0.02652,0.02694,0,0,0,0,0,0,0,0,0,0,0,0
0.025336,0.025712,0.025979,0,0,0,0,0,0,0,0,0,0,0,0
0.025334,0.025512,0.025379,0,0,0,0,0,0,0,0,0,0,0,0
0.024968,0.025339,0.025678,0,0,0,0,0,0,0,0,0,0,0,0
0.025715,0.025774,0.025826,0,0,0,0,0,0,0,0,0,0,0,0
0.025471,0.025757,0.025839,0,0,0,0,0,0,0,0,0,0,0,0
0.025383,0.025508,0.025557,0,0,0,0,0,0,0,0,0,0,0,0
0.024902,0.025309,0.02541,0,0,0,0,0,0,0,0,0,0,0,0
0.025809,0.025452,0.025532,0,0,0,0,0,0,0,0,0,0,0,0
0.025053,0.025379,0.025479,0,0,0,0,0,0,0,0,0,0,0,0
0.02553,0.025552,0.025533,0,0,0,0,0,0,0,0,0,0,0,0
0.025378,0.02561,0.025825,0,0,0,0,0,0,0,0,0,0,0,0
0.025987,0.026057,0.026281,0,0,0,0,0,0,0,0,0,0,0,0
0.024934,0.025327,0.025559,0,0,0,0,0,0,0,0,0,0,0,0
0.025085,0.025615,0.0255,0,0,0,0,0,0,0,0,0,0,0,0
0.025895,0.026183,0.026913,0,0,0,0,0,0,0,0,0,0,0,0
0.026002,0.026642,0.027051,0,0,0,0,0,0,0,0,0,0,0,0
0.025442,0.025919,0.025871,0,0,0,0,0,0,0,0,0,0,0,0
0.024963,0.025654,0.025506,0,0,0,0,0,0,0,0,0,0,0,0
0.025207,0.025903,0.025825,0,0,0,0,0,0,0,0,0,0,0,0
0.025343,0.025918,0.025978,0,0,0,0,0,0,0,0,0,0,0,0
0.024993,0.025538,0.02549,0,0,0,0,0,0,0,0,0,0,0,0
0.024989,0.025553,0.025468,0,0,0,0,0,0,0,0,0,0,0,0
0.024878,0.025615,0.025356,0,0,0,0,0,0,0,0,0,0,0,0
0.025122,0.02557,0.025429,0,0,0,0,0,0,0,0,0,0,0,0
0.024413,0.024982,0.024875,0,0,0,0,0,0,0,0,0,0,0,0
0.024516,0.025119,0.024973,0,0,0,0,0,0,0,0,0,0,0,0
0.024,0.024674,0.024551,0,0,0,0,0,0,0,0,0,0,0,0
0.02404,0.024623,0.024754,0,0,0,0,0,0,0,0,0,0,0,0
0.023963,0.024605,0.024483,0,0,0,0,0,0,0,0,0,0,0,0
0.024006,0.024623,0.024495,0,0,0,0,0,0,0,0,0,0,0,0
0.023932,0.024571,0.024563,0,0,0,0,0,0,0,0,0,0,0,0
0.024158,0.024683,0.024617,0,0,0,0,0,0,0,0,0,0,0,0
0.024052,0.024671,0.024533,0,0,0,0,0,0,0,0,0,0,0,0
0.024044,0.024573,0.02466,0,0,0,0,0,0,0,0,0,0,0,0
0.024354,0.025033,0.024852,0,0,0,0,0,0,0,0,0,0,0,0
0.024336,0.024964,0.024894,0,0,0,0,0,0,0,0,0,0,0,0
0.024063,0.024568,0.024532,0,0,0,0,0,0,0,0,0,0,0,0
0.024019,0.024591,0.024475,0,0,0,0,0,0,0,0,0,0,0,0
0.023947,0.024514,0.02448,0,0,0,0,0,0,0,0,0,0,0,0
0.024027,0.02451,0.024517,0,0,0,0,0,0,0,0,0,0,0,0
0.023966,0.024733,0.024462,0,0,0,0,0,0,0,0,0,0,0,0
0.024051,0.024564,0.024504,0,0,0,0,0,0,0,0,0,0,0,0
0.023443,0.024083,0.024099,0,0,0,0,0,0,0,0,0,0,0,0
0.023447,0.024097,0.023963,0,0,0,0,0,0,0,0,0,0,0,0
0.023102,0.023747,0.023724,0,0,0,0,0,0,0,0,0,0,0,0
0.023089,0.023693,0.02365,0,0,0,0,0,0,0,0,0,0,0,0
0.023062,0.023653,0.023669,0,0,0,0,0,0,0,0,0,0,0,0
0.023099,0.023696,0.023715,0,0,0,0,0,0,0,0,0,0,0,0
0.023179,0.023723,0.023558,0,0,0,0,0,0,0,0,0,0,0,0
0.023153,0.023762,0.023636,0,0,0,0,0,0,0,0,0,0,0,0
0.023439,0.024078,0.02403,0,0,0,0,0,0,0,0,0,0,0,0
0.023545,0.024068,0.024039,0,0,0,0,0,0,0,0,0,0,0,0
0.023151,0.023743,0.023584,0,0,0,0,0,0,0,0,0,0,0,0
0.023166,0.023753,0.023575,0,0,0,0,0,0,0,0,0,0,0,0
0.023182,0.023723,0.023732,0,0,0,0,0,0,0,0,0,0,0,0
0.023091,0.023645,0.023575,0,0,0,0,0,0,0,0,0,0,0,0
0.023138,0.023692,0.023583,0,0,0,0,0,0,0,0,0,0,0,0
0.023085,0.023679,0.023556,0,0,0,0,0,0,0,0,0,0,0,0
0.023044,0.023755,0.023543,0,0,0,0,0,0,0,0,0,0,0,0
0.023096,0.023682,0.023556,0,0,0,0,0,0,0,0,0,0,0,0
0.023085,0.023702,0.023579,0,0,0,0,0,0,0,0,0,0,0,0
0.023421,0.024362,0.024084,0,0,0,0,0,0,0,0,0,0,0,0
0.023595,0.024293,0.024115,0,0,0,0,0,0,0,0,0,0,0,0
0.023816,0.02446,0.024549,0,0,0,0,0,0,0,0,0,0,0,0
0.02364,0.024308,0.024478,0,0,0,0,0,0,0,0,0,0,0,0
0.023604,0.024253,0.024387,0,0,0,0,0,0,0,0,0,0,0,0
0.023666,0.024149,0.024436,0,0,0,0,0,0,0,0,0,0,0,0
0.02346,0.024088,0.024071,0,0,0,0,0,0,0,0,0,0,0,0
0.023412,0.024142,0.023989,0,0,0,0,0,0,0,0,0,0,0,0
0.023528,0.02417,0.024068,0,0,0,0,0,0,0,0,0,0,0,0
0.023097,0.023753,0.023602,0,0,0,0,0,0,0,0,0,0,0,0
0.023087,0.023792,0.023663,0,0,0,0,0,0,0,0,0,0,0,0
0.023591,0.024133,0.024001,0,0,0,0,0,0,0,0,0,0,0,0
0.023183,0.023764,0.023601,0,0,0,0,0,0,0,0,0,0,0,0
0.023177,0.023709,0.023619,0,0,0,0,0,0,0,0,0,0,0,0
0.023113,0.023681,0.023574,0,0,0,0,0,0,0,0,0,0,0,0
0.023503,0.024092,0.024173,0,0,0,0,0,0,0,0,0,0,0,0
0.023122,0.023775,0.023584,0,0,0,0,0,0,0,0,0,0,0,0
0.023095,0.023747,0.023624,0,0,0,0,0,0,0,0,0,0,0,0
0.023499,0.024106,0.023966,0,0,0,0,0,0,0,0,0,0,0,0
0.023071,0.023776,0.023606,0,0,0,0,0,0,0,0,0,0,0,0
0.023091,0.023733,0.023566,0,0,0,0,0,0,0,0,0,0,0,0
0.023106,0.023733,0.023582,0,0,0,0,0,0,0,0,0,0,0,0
0.023075,0.023665,0.023583,0,0,0,0,0,0,0,0,0,0,0,0
0.023078,0.023704,0.023603,0,0,0,0,0,0,0,0,0,0,0,0
0.023319,0.023856,0.023832,0,0,0,0,0,0,0,0,0,0,0,0
0.023899,0.024461,0.024516,0,0,0,0,0,0,0,0,0,0,0,0
0.023258,0.023714,0.02367,0,0,0,0,0,0,0,0,0,0,0,0
0.023119,0.023747,0.023531,0,0,0,0,0,0,0,0,0,0,0,0
0.023121,0.023708,0.023601,0,0,0,0,0,0,0,0,0,0,0,0
0.023108,0.02366,0.023492,0,0,0,0,0,0,0,0,0,0,0,0
0.023126,0.023739,0.023511,0,0,0,0,0,0,0,0,0,0,0,0
0.023099,0.023849,0.022182,0,0,0,0,0,0,0,0,0,0,0,0
0.023106,0.023696,0.023553,0,0,0,0,0,0,0,0,0,0,0,0
0.023088,0.023682,0.02357,0,0,0,0,0,0,0,0,0,0,0,0
0.023749,0.023157,0.024315,0,0,0,0,0,0,0,0,0,0,0,0
0.023174,0.023735,0.023674,0,0,0,0,0,0,0,0,0,0,0,0
0.021144,0.023676,0.02349,0,0,0,0,0,0,0,0,0,0,0,0
0.023203,0.023726,0.023582,0,0,0,0,0,0,0,0,0,0,0,0
0.023157,0.023703,0.023581,0,0,0,0,0,0,0,0,0,0,0,0
0.023088,0.023696,0.023535,0,0,0,0,0,0,0,0,0,0,0,0
0.023443,0.024123,0.023979,0,0,0,0,0,0,0,0,0,0,0,0
0.023492,0.024178,0.023889,0,0,0,0,0,0,0,0,0,0,0,0
0.023014,0.023775,0.023478,0,0,0,0,0,0,0,0,0,0,0,0
0.022996,0.023682,0.023625,0,0,0,0,0,0,0,0,0,0,0,0
0.023016,0.023599,0.023459,0,0,0,0,0,0,0,0,0,0,0,0
0.023409,0.024066,0.023969,0,0,0,0,0,0,0,0,0,0,0,0
0.02337,0.024015,0.023873,0,0,0,0,0,0,0,0,0,0,0,0
0.022988,0.023683,0.023516,0,0,0,0,0,0,0,0,0,0,0,0
0.023004,0.023762,0.023482,0,0,0,0,0,0,0,0,0,0,0,0
0.023398,0.024101,0.023827,0,0,0,0,0,0,0,0,0,0,0,0
0.023602,0.024254,0.024292,0,0,0,0,0,0,0,0,0,0,0,0
0.022927,0.023697,0.02347,0,0,0,0,0,0,0,0,0,0,0,0
0.023012,0.0236,0.023477,0,0,0,0,0,0,0,0,0,0,0,0
0.02327,0.02405,0.023855,0,0,0,0,0,0,0,0,0,0,0,0
0.023379,0.024059,0.023911,0,0,0,0,0,0,0,0,0,0,0,0
0.022976,0.023648,0.023503,0,0,0,0,0,0,0,0,0,0,0,0
0.023352,0.024019,0.024043,0,0,0,0,0,0,0,0,0,0,0,0
0.02298,0.023647,0.023535,0,0,0,0,0,0,0,0,0,0,0,0
0.022856,0.023659,0.023538,0,0,0,0,0,0,0,0,0,0,0,0
0.02466,0.025581,0.0257,0,0,0,0,0,0,0,0,0,0,0,0
0.022925,0.023712,0.023423,0,0,0,0,0,0,0,0,0,0,0,0
0.022714,0.023481,0.023387,0,0,0,0,0,0,0,0,0,0,0,0
0.023627,0.024333,0.024192,0,0,0,0,0,0,0,0,0,0,0,0
0.024182,0.02482,0.024775,0,0,0,0,0,0,0,0,0,0,0,0
0.023814,0.024608,0.024432,0,0,0,0,0,0,0,0,0,0,0,0
0.024221,0.024945,0.024786,0,0,0,0,0,0,0,0,0,0,0,0
0.023815,0.024613,0.02442,0,0,0,0,0,0,0,0,0,0,0,0
0.024128,0.024924,0.024732,0,0,0,0,0,0,0,0,0,0,0,0
0.023381,0.024133,0.023899,0,0,0,0,0,0,0,0,0,0,0,0
0.023304,0.024167,0.023939,0,0,0,0,0,0,0,0,0,0,0,0
0.023873,0.0245,0.024327,0,0,0,0,0,0,0,0,0,0,0,0
0.023864,0.024517,0.024392,0,0,0,0,0,0,0,0,0,0,0,0
0.023804,0.024453,0.024369,0,0,0,0,0,0,0,0,0,0,0,0
0.023979,0.024519,0.024369,0,0,0,0,0,0,0,0,0,0,0,0
0.023947,0.024553,0.024356,0,0,0,0,0,0,0,0,0,0,0,0
0.023967,0.024463,0.024387,0,0,0,0,0,0,0,0,0,0,0,0
0.02401,0.024564,0.02444,0,0,0,0,0,0,0,0,0,0,0,0
0.024389,0.024921,0.024841,0,0,0,0,0,0,0,0,0,0,0,0
0.023887,0.024655,0.024402,0,0,0,0,0,0,0,0,0,0,0,0
0.024318,0.024921,0.024783,0,0,0,0,0,0,0,0,0,0,0,0
0.023969,0.024494,0.024426,0,0,0,0,0,0,0,0,0,0,0,0
0.023901,0.024423,0.024382,0,0,0,0,0,0,0,0,0,0,0,0
0.023981,0.024534,0.024384,0,0,0,0,0,0,0,0,0,0,0,0
0.023927,0.024454,0.024414,0,0,0,0,0,0,0,0,0,0,0,0
0.024033,0.024536,0.024421,0,0,0,0,0,0,0,0,0,0,0,0
0.023877,0.024687,0.024548,0,0,0,0,0,0,0,0,0,0,0,0
0.023998,0.024515,0.024449,0,0,0,0,0,0,0,0,0,0,0,0
0.023993,0.024426,0.024438,0,0,0,0,0,0,0,0,0,0,0,0
0.024431,0.024882,0.025024,0,0,0,0,0,0,0,0,0,0,0,0
0.024346,0.024522,0.024442,0,0,0,0,0,0,0,0,0,0,0,0
0.024472,0.024477,0.024462,0,0,0,0,0,0,0,0,0,0,0,0
0.023882,0.024478,0.024525,0,0,0,0,0,0,0,0,0,0,0,0
0.024406,0.02494,0.024842,0,0,0,0,0,0,0,0,0,0,0,0
0.024033,0.024435,0.024498,0,0,0,0,0,0,0,0,0,0,0,0
0.023967,0.02455,0.024406,0,0,0,0,0,0,0,0,0,0,0,0
0.024035,0.024714,0.024529,0,0,0,0,0,0,0,0,0,0,0,0
0.024369,0.024901,0.024865,0,0,0,0,0,0,0,0,0,0,0,0
0.023999,0.024488,0.024518,0,0,0,0,0,0,0,0,0,0,0,0
0.024405,0.024512,0.024405,0,0,0,0,0,0,0,0,0,0,0,0
0.024267,0.024565,0.024498,0,0,0,0,0,0,0,0,0,0,0,0
0.023952,0.02453,0.024408,0,0,0,0,0,0,0,0,0,0,0,0
0.023918,0.024557,0.024497,0,0,0,0,0,0,0,0,0,0,0,0
0.023861,0.024494,0.024427,0,0,0,0,0,0,0,0,0,0,0,0
0.024138,0.024626,0.024548,0,0,0,0,0,0,0,0,0,0,0,0
0.023201,0.023618,0.023519,0,0,0,0,0,0,0,0,0,0,0,0
0.023268,0.023745,0.023596,0,0,0,0,0,0,0,0,0,0,0,0
0.023466,0.023912,0.023735,0,0,0,0,0,0,0,0,0,0,0,0
0.023254,0.023746,0.02363,0,0,0,0,0,0,0,0,0,0,0,0
0.023275,0.023785,0.023555,0,0,0,0,0,0,0,0,0,0,0,0
0.024142,0.024614,0.024809,0,0,0,0,0,0,0,0,0,0,0,0
0.023727,0.024027,0.024054,0,0,0,0,0,0,0,0,0,0,0,0
0.023295,0.023683,0.023649,0,0,0,0,0,0,0,0,0,0,0,0
0.023416,0.023858,0.023695,0,0,0,0,0,0,0,0,0,0,0,0
0.023393,0.023757,0.023656,0,0,0,0,0,0,0,0,0,0,0,0
0.023416,0.023777,0.023734,0,0,0,0,0,0,0,0,0,0,0,0
0.024409,0.024784,0.025048,0,0,0,0,0,0,0,0,0,0,0,0
0.023397,0.023833,0.023744,0,0,0,0,0,0,0,0,0,0,0,0
0.023329,0.023777,0.023675,0,0,0,0,0,0,0,0,0,0,0,0
0.023397,0.023802,0.023696,0,0,0,0,0,0,0,0,0,0,0,0
0.02338,0.023909,0.023696,0,0,0,0,0,0,0,0,0,0,0,0
0.023359,0.023835,0.023729,0,0,0,0,0,0,0,0,0,0,0,0
0.02345,0.023856,0.023694,0,0,0,0,0,0,0,0,0,0,0,0
0.023347,0.02376,0.023692,0,0,0,0,0,0,0,0,0,0,0,0
0.023808,0.024245,0.024181,0,0,0,0,0,0,0,0,0,0,0,0
0.023437,0.023867,0.023725,0,0,0,0,0,0,0,0,0,0,0,0
0.023497,0.023946,0.023692,0,0,0,0,0,0,0,0,0,0,0,0
0.023438,0.023999,0.023765,0,0,0,0,0,0,0,0,0,0,0,0
0.023494,0.023929,0.02376,0,0,0,0,0,0,0,0,0,0,0,0
0.023429,0.023922,0.023959,0,0,0,0,0,0,0,0,0,0,0,0
0.023587,0.024036,0.023892,0,0,0,0,0,0,0,0,0,0,0,0
0.023468,0.024039,0.024021,0,0,0,0,0,0,0,0,0,0,0,0
0.023463,0.024054,0.023821,0,0,0,0,0,0,0,0,0,0,0,0
0.023519,0.023997,0.023861,0,0,0,0,0,0,0,0,0,0,0,0
0.023484,0.023941,0.023861,0,0,0,0,0,0,0,0,0,0,0,0
0.02354,0.023899,0.023841,0,0,0,0,0,0,0,0,0,0,0,0
0.023511,0.023964,0.023823,0,0,0,0,0,0,0,0,0,0,0,0
0.02352,0.023978,0.023803,0,0,0,0,0,0,0,0,0,0,0,0
0.023511,0.023985,0.023852,0,0,0,0,0,0,0,0,0,0,0,0
0.023491,0.024006,0.023786,0,0,0,0,0,0,0,0,0,0,0,0
0.02362,0.02412,0.024046,0,0,0,0,0,0,0,0,0,0,0,0
0.023507,0.024047,0.023719,0,0,0,0,0,0,0,0,0,0,0,0
0.023454,0.023979,0.023779,0,0,0,0,0,0,0,0,0,0,0,0
0.023468,0.024,0.023827,0,0,0,0,0,0,0,0,0,0,0,0
0.023539,0.02411,0.023881,0,0,0,0,0,0,0,0,0,0,0,0
0.023461,0.023948,0.023744,0,0,0,0,0,0,0,0,0,0,0,0
0.02348,0.023969,0.02378,0,0,0,0,0,0,0,0,0,0,0,0
0.023526,0.024001,0.023902,0,0,0,0,0,0,0,0,0,0,0,0
0.023596,0.024009,0.023824,0,0,0,0,0,0,0,0,0,0,0,0
0.023486,0.024014,0.023863,0,0,0,0,0,0,0,0,0,0,0,0
0.023554,0.024162,0.023871,0,0,0,0,0,0,0,0,0,0,0,0
0.02351,0.024009,0.023835,0,0,0,0,0,0,0,0,0,0,0,0
0.023555,0.024067,0.023826,0,0,0,0,0,0,0,0,0,0,0,0
0.023533,0.02401,0.023884,0,0,0,0,0,0,0,0,0,0,0,0
0.023675,0.024112,0.023809,0,0,0,0,0,0,0,0,0,0,0,0
0.023593,0.024011,0.023881,0,0,0,0,0,0,0,0,0,0,0,0
0.023529,0.024045,0.023844,0,0,0,0,0,0,0,0,0,0,0,0
0.023625,0.024015,0.023911,0,0,0,0,0,0,0,0,0,0,0,0
0.023629,0.024018,0.023883,0,0,0,0,0,0,0,0,0,0,0,0
0.023598,0.023948,0.023835,0,0,0,0,0,0,0,0,0,0,0,0
0.023695,0.024032,0.023967,0,0,0,0,0,0,0,0,0,0,0,0
0.023559,0.024109,0.024011,0,0,0,0,0,0,0,0,0,0,0,0
0.023615,0.024093,0.023889,0,0,0,0,0,0,0,0,0,0,0,0
0.023627,0.024,0.023954,0,0,0,0,0,0,0,0,0,0,0,0
0.023534,0.024252,0.023856,0,0,0,0,0,0,0,0,0,0,0,0
0.02353,0.024073,0.02388,0,0,0,0,0,0,0,0,0,0,0,0
0.023613,0.024146,0.023823,0,0,0,0,0,0,0,0,0,0,0,0
0.023545,0.02404,0.023925,0,0,0,0,0,0,0,0,0,0,0,0
0.023728,0.024247,0.024058,0,0,0,0,0,0,0,0,0,0,0,0
0.024071,0.024413,0.024424,0,0,0,0,0,0,0,0,0,0,0,0
0.024218,0.024632,0.024738,0,0,0,0,0,0,0,0,0,0,0,0
0.024272,0.024769,0.024818,0,0,0,0,0,0,0,0,0,0,0,0
0.024507,0.024813,0.025002,0,0,0,0,0,0,0,0,0,0,0,0
0.024017,0.024552,0.024592,0,0,0,0,0,0,0,0,0,0,0,0
0.024196,0.024718,0.02497,0,0,0,0,0,0,0,0,0,0,0,0
0.024032,0.024352,0.024484,0,0,0,0,0,0,0,0,0,0,0,0
0.023638,0.024021,0.02385,0,0,0,0,0,0,0,0,0,0,0,0
0.023541,0.024001,0.023805,0,0,0,0,0,0,0,0,0,0,0,0
0.023567,0.023957,0.023813,0,0,0,0,0,0,0,0,0,0,0,0
0.023581,0.023957,0.023824,0,0,0,0,0,0,0,0,0,0,0,0
0.023521,0.024118,0.023797,0,0,0,0,0,0,0,0,0,0,0,0
0.023553,0.023977,0.023936,0,0,0,0,0,0,0,0,0,0,0,0
0.02349,0.024045,0.023812,0,0,0,0,0,0,0,0,0,0,0,0
0.023539,0.023928,0.023789,0,0,0,0,0,0,0,0,0,0,0,0
0.023462,0.023986,0.02379,0,0,0,0,0,0,0,0,0,0,0,0
0.023438,0.023952,0.023777,0,0,0,0,0,0,0,0,0,0,0,0
0.023508,0.024011,0.023866,0,0,0,0,0,0,0,0,0,0,0,0
0.023559,0.023944,0.023829,0,0,0,0,0,0,0,0,0,0,0,0
0.023557,0.024043,0.023851,0,0,0,0,0,0,0,0,0,0,0,0
0.023487,0.023998,0.023754,0,0,0,0,0,0,0,0,0,0,0,0
0.02362,0.023928,0.0239,0,0,0,0,0,0,0,0,0,0,0,0
0.023471,0.023941,0.023809,0,0,0,0,0,0,0,0,0,0,0,0
0.023525,0.024117,0.023869,0,0,0,0,0,0,0,0,0,0,0,0
0.02354,0.023968,0.023903,0,0,0,0,0,0,0,0,0,0,0,0
0.023592,0.023947,0.023767,0,0,0,0,0,0,0,0,0,0,0,0
0.023411,0.023878,0.023796,0,0,0,0,0,0,0,0,0,0,0,0
0.023524,0.023973,0.023786,0,0,0,0,0,0,0,0,0,0,0,0
0.023455,0.023859,0.023842,0,0,0,0,0,0,0,0,0,0,0,0
0.023464,0.02398,0.023939,0,0,0,0,0,0,0,0,0,0,0,0
0.02343,0.023985,0.023782,0,0,0,0,0,0,0,0,0,0,0,0
0.023437,0.023918,0.023899,0,0,0,0,0,0,0,0,0,0,0,0
0.023505,0.023911,0.023861,0,0,0,0,0,0,0,0,0,0,0,0
0.023633,0.024028,0.02394,0,0,0,0,0,0,0,0,0,0,0,0
0.023503,0.023964,0.023768,0,0,0,0,0,0,0,0,0,0,0,0
0.023486,0.023973,0.02383,0,0,0,0,0,0,0,0,0,0,0,0
0.023525,0.023957,0.023823,0,0,0,0,0,0,0,0,0,0,0,0
0.023494,0.023995,0.023876,0,0,0,0,0,0,0,0,0,0,0,0
0.02344,0.023925,0.023769,0,0,0,0,0,0,0,0,0,0,0,0
0.023529,0.024008,0.023862,0,0,0,0,0,0,0,0,0,0,0,0
0.023506,0.023892,0.023777,0,0,0,0,0,0,0,0,0,0,0,0
0.023507,0.024,0.023968,0,0,0,0,0,0,0,0,0,0,0,0
0.023518,0.023954,0.023837,0,0,0,0,0,0,0,0,0,0,0,0
0.02362,0.023958,0.023899,0,0,0,0,0,0,0,0,0,0,0,0
0.023433,0.023944,0.023755,0,0,0,0,0,0,0,0,0,0,0,0
0.023504,0.024046,0.023757,0,0,0,0,0,0,0,0,0,0,0,0
0.02347,0.023935,0.023851,0,0,0,0,0,0,0,0,0,0,0,0
0.023442,0.024,0.023848,0,0,0,0,0,0,0,0,0,0,0,0
0.02342,0.024,0.023882,0,0,0,0,0,0,0,0,0,0,0,0
0.023473,0.024098,0.023864,0,0,0,0,0,0,0,0,0,0,0,0
0.023534,0.023921,0.023862,0,0,0,0,0,0,0,0,0,0,0,0
0.023495,0.024029,0.023851,0,0,0,0,0,0,0,0,0,0,0,0
0.023432,0.023949,0.023852,0,0,0,0,0,0,0,0,0,0,0,0
0.023496,0.024011,0.023776,0,0,0,0,0,0,0,0,0,0,0,0
0.023746,0.023985,0.023893,0,0,0,0,0,0,0,0,0,0,0,0
0.023473,0.023903,0.023813,0,0,0,0,0,0,0,0,0,0,0,0
0.023494,0.023916,0.023734,0,0,0,0,0,0,0,0,0,0,0,0
0.023464,0.023984,0.02389,0,0,0,0,0,0,0,0,0,0,0,0
0.023465,0.023894,0.023794,0,0,0,0,0,0,0,0,0,0,0,0
0.02355,0.023922,0.023755,0,0,0,0,0,0,0,0,0,0,0,0
0.023537,0.023907,0.023802,0,0,0,0,0,0,0,0,0,0,0,0
0.023574,0.024058,0.023809,0,0,0,0,0,0,0,0,0,0,0,0
0.023418,0.023916,0.023927,0,0,0,0,0,0,0,0,0,0,0,0
0.023463,0.023919,0.023777,0,0,0,0,0,0,0,0,0,0,0,0
0.023458,0.023931,0.023867,0,0,0,0,0,0,0,0,0,0,0,0
0.023477,0.024067,0.023751,0,0,0,0,0,0,0,0,0,0,0,0
0.023487,0.023908,0.023918,0,0,0,0,0,0,0,0,0,0,0,0
0.02347,0.02401,0.023753,0,0,0,0,0,0,0,0,0,0,0,0
0.023443,0.023959,0.02383,0,0,0,0,0,0,0,0,0,0,0,0
0.023466,0.024054,0.022779,0,0,0,0,0,0,0,0,0,0,0,0
0.023554,0.023939,0.02386,0,0,0,0,0,0,0,0,0,0,0,0
0.023584,0.022927,0.023828,0,0,0,0,0,0,0,0,0,0,0,0
0.02348,0.023903,0.023808,0,0,0,0,0,0,0,0,0,0,0,0
0.023565,0.024053,0.023899,0,0,0,0,0,0,0,0,0,0,0,0
0.023541,0.024042,0.023838,0,0,0,0,0,0,0,0,0,0,0,0
0.02356,0.024106,0.023844,0,0,0,0,0,0,0,0,0,0,0,0
0.023594,0.024022,0.023867,0,0,0,0,0,0,0,0,0,0,0,0
0.022572,0.024146,0.023838,0,0,0,0,0,0,0,0,0,0,0,0
0.023616,0.024724,0.023833,0,0,0,0,0,0,0,0,0,0,0,0
0.02367,0.024121,0.023824,0,0,0,0,0,0,0,0,0,0,0,0
0.023547,0.023976,0.023828,0,0,0,0,0,0,0,0,0,0,0,0
0.023561,0.024044,0.023822,0,0,0,0,0,0,0,0,0,0,0,0
0.023652,0.02398,0.023788,0,0,0,0,0,0,0,0,0,0,0,0
0.023635,0.024043,0.023823,0,0,0,0,0,0,0,0,0,0,0,0
0.023604,0.023939,0.023824,0,0,0,0,0,0,0,0,0,0,0,0
0.023654,0.024131,0.023946,0,0,0,0,0,0,0,0,0,0,0,0
0.023669,0.024047,0.023871,0,0,0,0,0,0,0,0,0,0,0,0
0.02369,0.024044,0.023846,0,0,0,0,0,0,0,0,0,0,0,0
0.023542,0.024004,0.023842,0,0,0,0,0,0,0,0,0,0,0,0
0.023639,0.024048,0.023879,0,0,0,0,0,0,0,0,0,0,0,0
0.023616,0.023997,0.023847,0,0,0,0,0,0,0,0,0,0,0,0
0.023643,0.023973,0.023877,0,0,0,0,0,0,0,0,0,0,0,0
0.023631,0.023932,0.023841,0,0,0,0,0,0,0,0,0,0,0,0
0.023633,0.024038,0.023876,0,0,0,0,0,0,0,0,0,0,0,0
0.023601,0.024004,0.023885,0,0,0,0,0,0,0,0,0,0,0,0
0.023595,0.023991,0.023897,0,0,0,0,0,0,0,0,0,0,0,0
0.023628,0.023961,0.023795,0,0,0,0,0,0,0,0,0,0,0,0
0.023739,0.024092,0.023832,0,0,0,0,0,0,0,0,0,0,0,0
0.023549,0.023978,0.023816,0,0,0,0,0,0,0,0,0,0,0,0
0.02355,0.024047,0.023863,0,0,0,0,0,0,0,0,0,0,0,0
NaN,NaN,NaN,0,0,0,0,0,0,0,0,0,0,0,0
NaN,NaN,NaN,0,0,0,0,0,0,0,0,0,0,0,0
NaN,NaN,NaN,0,0,0,0,0,0,0,0,0,0,0,0
NaN,NaN,NaN,0,0,0,0,0,0,0,0,0,0,0,0
0.19155,0.19512,0.19657,0,0,0,0,0,0,0,0,0,0,0,0
0.22272,0.22224,0.22312,0,0,0,0,0,0,0,0,0,0,0,0
0.058369,0.057653,0.057607,0,0,0,0,0,0,0,0,0,0,0,0
0.03178,0.030828,0.030704,0,0,0,0,0,0,0,0,0,0,0,0
0.039923,0.038752,0.038775,0,0,0,0,0,0,0,0,0,0,0,0
0.034553,0.033274,0.033057,0,0,0,0,0,0,0,0,0,0,0,0
0.028142,0.027592,0.027457,0,0,0,0,0,0,0,0,0,0,0,0
0.025023,0.024147,0.023582,0,0,0,0,0,0,0,0,0,0,0,0
0.024692,0.024234,0.024121,0,0,0,0,0,0,0,0,0,0,0,0
0.024747,0.023969,0.023248,0,0,0,0,0,0,0,0,0,0,0,0
0.024358,0.023877,0.023733,0,0,0,0,0,0,0,0,0,0,0,0
0.024685,0.023877,0.023151,0,0,0,0,0,0,0,0,0,0,0,0
0.023751,0.023829,0.023589,0,0,0,0,0,0,0,0,0,0,0,0
0.023578,0.023809,0.023102,0,0,0,0,0,0,0,0,0,0,0,0
0.023492,0.024369,0.023854,0,0,0,0,0,0,0,0,0,0,0,0
0.023557,0.023795,0.023014,0,0,0,0,0,0,0,0,0,0,0,0
0.023087,0.023783,0.023457,0,0,0,0,0,0,0,0,0,0,0,0
0.023454,0.023686,0.023131,0,0,0,0,0,0,0,0,0,0,0,0
0.023197,0.023752,0.023649,0,0,0,0,0,0,0,0,0,0,0,0
0.023709,0.023787,0.023206,0,0,0,0,0,0,0,0,0,0,0,0
0.023212,0.024049,0.023835,0,0,0,0,0,0,0,0,0,0,0,0
0.023532,0.024035,0.023362,0,0,0,0,0,0,0,0,0,0,0,0
0.023053,0.023711,0.023495,0,0,0,0,0,0,0,0,0,0,0,0
0.023433,0.023706,0.023166,0,0,0,0,0,0,0,0,0,0,0,0
0.023061,0.023769,0.023565,0,0,0,0,0,0,0,0,0,0,0,0
0.023402,0.023835,0.023098,0,0,0,0,0,0,0,0,0,0,0,0
0.023026,0.023687,0.023496,0,0,0,0,0,0,0,0,0,0,0,0
0.023529,0.023924,0.023295,0,0,0,0,0,0,0,0,0,0,0,0
0.023056,0.023759,0.023646,0,0,0,0,0,0,0,0,0,0,0,0
0.02331,0.023696,0.023116,0,0,0,0,0,0,0,0,0,0,0,0
NaN,NaN,NaN,0,0,0,0,0,0,0,0,0,0,0,0
NaN,NaN,NaN,0,0,0,0,0,0,0,0,0,0,0,0
NaN,NaN,NaN,0,0,0,0,0,0,0,0,0,0,0,0
NaN,NaN,NaN,0,0,0,0,0,0,0,0,0,0,0,0
0.19456,0.19705,0.20349,0,0,0,0,0,0,0,0,0,0,0,0
0.22906,0.22286,0.22315,0,0,0,0,0,0,0,0,0,0,0,0
0.057218,0.058394,0.057234,0,0,0,0,0,0,0,0,0,0,0,0
0.034216,0.031365,0.030305,0,0,0,0,0,0,0,0,0,0,0,0
0.039057,0.040006,0.038885,0,0,0,0,0,0,0,0,0,0,0,0
0.033767,0.034758,0.033822,0,0,0,0,0,0,0,0,0,0,0,0
0.027593,0.028415,0.027358,0,0,0,0,0,0,0,0,0,0,0,0
0.024054,0.024517,0.023951,0,0,0,0,0,0,0,0,0,0,0,0
0.02416,0.024429,0.024043,0,0,0,0,0,0,0,0,0,0,0,0
0.023831,0.024028,0.02367,0,0,0,0,0,0,0,0,0,0,0,0
0.023832,0.023873,0.023667,0,0,0,0,0,0,0,0,0,0,0,0
0.023695,0.02379,0.023677,0,0,0,0,0,0,0,0,0,0,0,0
0.02364,0.023761,0.023637,0,0,0,0,0,0,0,0,0,0,0,0
0.023625,0.023723,0.023625,0,0,0,0,0,0,0,0,0,0,0,0
0.02412,0.024108,0.023884,0,0,0,0,0,0,0,0,0,0,0,0
0.023708,0.023314,0.023484,0,0,0,0,0,0,0,0,0,0,0,0
0.023577,0.022992,0.023515,0,0,0,0,0,0,0,0,0,0,0,0
0.023691,0.023023,0.023624,0,0,0,0,0,0,0,0,0,0,0,0
0.024321,0.023344,0.023949,0,0,0,0,0,0,0,0,0,0,0,0
0.02361,0.022968,0.023458,0,0,0,0,0,0,0,0,0,0,0,0
0.024016,0.023152,0.023731,0,0,0,0,0,0,0,0,0,0,0,0
0.023889,0.023179,0.023628,0,0,0,0,0,0,0,0,0,0,0,0
0.023605,0.022934,0.023462,0,0,0,0,0,0,0,0,0,0,0,0
0.023708,0.022944,0.023513,0,0,0,0,0,0,0,0,0,0,0,0
0.023681,0.022959,0.023538,0,0,0,0,0,0,0,0,0,0,0,0
0.066043,0.064498,0.065138,0,0,0,0,0,0,0,0,0,0,0,0
0.03017,0.030295,0.030066,0,0,0,0,0,0,0,0,0,0,0,0
0.03265,0.032981,0.032783,0,0,0,0,0,0,0,0,0,0,0,0
0.023686,0.023661,0.023607,0,0,0,0,0,0,0,0,0,0,0,0
0.023416,0.02353,0.0234,0,0,0,0,0,0,0,0,0,0,0,0
0.023397,0.023523,0.023328,0,0,0,0,0,0,0,0,0,0,0,0
0.023846,0.023931,0.023819,0,0,0,0,0,0,0,0,0,0,0,0
0.023608,0.023861,0.023585,0,0,0,0,0,0,0,0,0,0,0,0
0.023575,0.02383,0.023496,0,0,0,0,0,0,0,0,0,0,0,0
0.02346,0.023681,0.023443,0,0,0,0,0,0,0,0,0,0,0,0
0.023663,0.023902,0.023624,0,0,0,0,0,0,0,0,0,0,0,0
0.023731,0.023933,0.023749,0,0,0,0,0,0,0,0,0,0,0,0
0.023568,0.023748,0.023572,0,0,0,0,0,0,0,0,0,0,0,0
0.023369,0.023611,0.023425,0,0,0,0,0,0,0,0,0,0,0,0
0.023374,0.023626,0.023472,0,0,0,0,0,0,0,0,0,0,0,0
0.023994,0.024383,0.023943,0,0,0,0,0,0,0,0,0,0,0,0
0.023857,0.02413,0.023764,0,0,0,0,0,0,0,0,0,0,0,0
0.024288,0.024578,0.024192,0,0,0,0,0,0,0,0,0,0,0,0
0.023473,0.023429,0.023441,0,0,0,0,0,0,0,0,0,0,0,0
0.023934,0.023947,0.023892,0,0,0,0,0,0,0,0,0,0,0,0
0.02393,0.023857,0.023836,0,0,0,0,0,0,0,0,0,0,0,0
0.023403,0.023503,0.023438,0,0,0,0,0,0,0,0,0,0,0,0
0.023501,0.023417,0.023332,0,0,0,0,0,0,0,0,0,0,0,0
0.023304,0.023535,0.02333,0,0,0,0,0,0,0,0,0,0,0,0
0.023374,0.023439,0.023348,0,0,0,0,0,0,0,0,0,0,0,0
0.023381,0.023531,0.023297,0,0,0,0,0,0,0,0,0,0,0,0
0.023348,0.023447,0.023337,0,0,0,0,0,0,0,0,0,0,0,0
0.023341,0.02344,0.023371,0,0,0,0,0,0,0,0,0,0,0,0
0.023463,0.023724,0.023445,0,0,0,0,0,0,0,0,0,0,0,0
0.02333,0.023488,0.02331,0,0,0,0,0,0,0,0,0,0,0,0
0.02331,0.02344,0.023278,0,0,0,0,0,0,0,0,0,0,0,0
0.023598,0.023847,0.023562,0,0,0,0,0,0,0,0,0,0,0,0
0.023285,0.023397,0.023287,0,0,0,0,0,0,0,0,0,0,0,0
0.023475,0.02353,0.023307,0,0,0,0,0,0,0,0,0,0,0,0
0.02325,0.02342,0.02325,0,0,0,0,0,0,0,0,0,0,0,0
0.023395,0.023449,0.023239,0,0,0,0,0,0,0,0,0,0,0,0
0.023305,0.023419,0.023218,0,0,0,0,0,0,0,0,0,0,0,0
0.023347,0.023494,0.023295,0,0,0,0,0,0,0,0,0,0,0,0
0.023491,0.023986,0.023398,0,0,0,0,0,0,0,0,0,0,0,0
0.023349,0.023419,0.023303,0,0,0,0,0,0,0,0,0,0,0,0
0.023357,0.023453,0.023252,0,0,0,0,0,0,0,0,0,0,0,0
0.023275,0.023421,0.023813,0,0,0,0,0,0,0,0,0,0,0,0
0.023423,0.023408,0.023375,0,0,0,0,0,0,0,0,0,0,0,0
0.023361,0.023564,0.023421,0,0,0,0,0,0,0,0,0,0,0,0
0.023336,0.023453,0.023293,0,0,0,0,0,0,0,0,0,0,0,0
