0.0120
0.0189
0.0180
0.0180
0.0180
0.0180
0.0180
0.0170
0.0170
0.0170
0.0160
0.0160
0.0160
0.0160
0.0169
0.0170
0.0160
0.0239
0.0160
0.0170
0.0170
0.0160
0.0170
0.0170
0.0160
0.0170
0.0170
0.0170
0.0170
0.0159
0.0170
0.0170
0.0160
0.0170
0.0160
0.0170
0.0170
0.0160
0.0169
0.0160
0.0170
0.0170
0.0170
0.0170
0.0169
0.0160
0.0150
0.0150
0.0150
0.0160
0.0160
0.0160
0.0150
0.0150
0.0150
0.0149
0.0150
0.0150
0.0150
0.0150
0.0150
0.0150
0.0170
0.0160
0.0160
0.0170
0.0170
0.0170
0.0169
0.0159
0.0170
0.0170
0.0150
0.0160
0.0160
0.0150
0.0150
0.0149
0.0160
0.0170
0.0170
0.0170
0.0170
0.0180
0.0170
0.0180
0.0180
0.0179
0.0170
0.0180
0.0259
0.0170
0.0169
0.0170
0.0179
0.0179
0.0180
0.0179
0.0170
0.0170
0.0170
0.0170
0.0160
0.0160
0.0170
0.0170
0.0159
0.0160
0.0150
0.0150
0.0150
0.0150
0.0150
0.0160
0.0160
0.0160
0.0160
0.0160
0.0170
0.0170
0.0179
0.0170
0.0170
0.0170
0.0170
0.0169
0.0170
0.0170
0.0170
0.0170
0.0170
0.0160
0.0150
NaN
NaN
NaN
NaN
0.0110
0.0170
0.0169
0.0170
0.0160
0.0170
0.0170
0.0150
0.0150
0.0150
0.0160
0.0159
0.0160
0.0160
0.0160
0.0150
NaN
NaN
NaN
NaN
0.0110
0.0160
0.0170
0.0170
0.0170
0.0169
0.0170
0.0170
0.0150
0.0150
0.0149
0.0160
0.0150
0.0150
0.0160
0.0170
0.0170
0.0160
0.0160
0.0170
0.0170
0.0170
NaN
NaN
NaN
NaN
0.0120
0.0170
0.0170
0.0160
0.0160
0.0160
0.0160
0.0160
0.0160
0.0160
0.0170
0.0170
0.0170
0.0170
0.0170
0.0160
0.0169
0.0170
0.0170
0.0169
0.0170
0.0160
0.0170
0.0169
0.0170
0.0170
0.0170
0.0170
0.0160
0.0170
0.0170
0.0170
0.0170
0.0170
0.0160
0.0150
0.0150
0.0150
0.0149
0.0150
0.0150
0.0160
0.0160
0.0170
0.0170
0.0160
0.0160
0.0170
0.0160
0.0169
0.0170
0.0150
0.0150
0.0149
0.0150
0.0150
0.0160
0.0160
0.0160
0.0170
0.0169
0.0170
0.0170
0.0159
0.0160
0.0160
0.0150
0.0160
0.0160
0.0150
0.0150
0.0160
0.0150
0.0150
0.0150
0.0150
0.0150
0.0150
0.0150
0.0150
0.0160
0.0150
0.0150
0.0150
0.0160
0.0170
0.0170
0.0170
0.0170
0.0170
0.0170
0.0170
0.0180
0.0170
0.0170
0.0170
0.0170
0.0170
0.0180
0.0180
0.0170
0.0170
0.0180
0.0180
0.0170
0.0179
0.0179
0.0170
0.0170
0.0180
0.0180
0.0180
0.0180
0.0180
0.0170
0.0170
0.0180
0.0179
0.0180
0.0170
0.0169
0.0160
0.0170
0.0170
0.0170
0.0170
0.0169
0.0170
0.0170
0.0169
0.0170
0.0170
0.0180
0.0170
0.0170
0.0170
0.0170
0.0180
0.0180
0.0170
0.0170
0.0170
0.0170
0.0179
0.0170
0.0170
0.0170
0.0170
0.0160
0.0169
0.0169
0.0169
0.0170
0.0169
0.0169
0.0159
0.0150
0.0150
0.0150
0.0150
NaN
NaN
NaN
NaN
0.0119
0.0170
0.0170
0.0170
0.0169
0.0160
0.0150
0.0150
0.0160
0.0160
0.0160
0.0150
0.0170
0.0170
0.0170
0.0170
0.0160
0.0170