0.19848
0.23294
0.066077
0.039079
0.047198
0.040623
0.034838
0.030837
0.031193
0.030825
0.030983
0.0308
0.030648
0.030566
0.029605
0.029155
0.029786
0.02908
0.029382
0.029219
0.029723
0.029328
0.029691
0.029288
0.029214
0.029162
0.029339
0.029465
0.02939
0.029342
0.029277
0.029566
0.029507
0.029401
0.029528
0.029337
0.029319
0.029389
0.029366
0.029122
0.029906
0.029539
0.030126
0.029253
0.029879
0.029402
0.029332
0.029063
0.029393
0.029149
0.029492
0.029523
0.029225
0.029437
0.029612
0.029111
0.029306
0.029012
0.02916
0.028851
0.02931
0.029337
0.029404
0.029375
0.02964
0.029242
0.029405
0.028821
0.029008
0.028827
0.029106
0.028884
0.029192
0.029288
0.029381
0.029365
0.071511
0.033594
0.037806
0.029115
0.028832
0.028899
0.028816
0.028797
0.028898
0.028944
0.0291
0.029319
0.029285
0.029228
0.028717
0.029021
0.029115
0.031577
0.031884
0.031922
0.031936
0.032068
0.030935
0.031393
0.031377
0.031914
0.031361
0.031989
0.031616
0.031388
0.031221
0.031414
0.032071
0.030501
0.03181
0.032023
0.032518
0.031889
0.031583
0.031743
0.031653
0.031584
0.031618
0.032147
0.032266
0.03257
0.032706
0.032837
0.037391
0.033289
0.033072
0.033045
0.033172
0.032985
0.036071
