0.19437
0.22201
0.057274
0.030034
0.038395
0.033186
0.027775
0.023928
0.024053
0.023681
0.0234
0.02349
0.023323
0.022725
0.022797
0.022332
0.022324
0.022323
0.022209
0.022165
0.022996
0.022142
0.021993
0.022087
0.022069
0.022027
0.021981
0.022149
0.022075
0.022297
0.022243
0.022444
0.022112
0.022143
0.02188
0.021953
0.022011
0.022131
0.021967
0.021953
0.022704
0.022465
0.022939
0.022099
0.022551
0.022061
0.022009
0.021866
0.021927
0.021816
0.021746
0.021892
0.021818
0.021957
0.021752
0.021762
0.021672
0.021724
0.021733
0.02181
0.021714
0.021951
0.021792
0.021972
0.021737
0.021695
0.021817
0.021838
0.02181
0.021784
0.021851
0.021838
0.021712
0.021803
0.02197
0.021219
0.02189
0.021809
0.0217
0.021635
0.021643
0.021577
0.021994
0.021674
0.021897
0.022145
0.022016
0.02177
0.021922
0.021996
0.021771
0.021774
0.022283
0.021758
0.021944
0.021647
0.021685
0.021563
0.021533
0.021577
0.022267
0.02217
0.022161
0.02179
0.02181
0.021603
0.021657
0.021729
0.021764
0.021688
0.021737
0.02214
0.022405
0.022148
0.022077
0.022011
0.021903
0.021683
0.021718
0.021582
0.021713
0.021574
0.021963
0.021618
0.02193
0.022272
0.022336
0.02214
0.022166
0.022247
0.022222
0.022154
0.02218
0.021716
0.021655
0.021818
0.021611
0.021942
0.021678
0.02151
0.021747
0.021603
0.021704
0.021598
0.021843
0.021748
0.021721
0.021599
0.021754
0.021671
0.02173
0.021691
0.021859
0.021949
0.021804
0.021871
0.021809
0.021965
0.022014
0.021809
0.021707
0.021987
0.021914
0.02168
0.021653
0.021674
0.021649
0.021891
0.022884
0.022324
0.022205
0.022217
0.022272
0.022296
0.022247
0.022213
0.022173
0.022084
0.021748
0.022142
0.021804
0.02163
0.021687
0.021789
0.021725
0.021867
0.021595
0.021966
0.021863
0.021808
0.021658
0.021698
0.021788
0.02165
0.022361
0.021766
0.022022
0.021832
0.021718
0.021813
0.022191
0.022492
0.021881
0.021901
0.021782
0.021862
0.021802
0.021784
0.021739
0.021768
0.021772
0.021856
0.021935
0.021723
0.021769
0.021738
0.021748
0.021758
0.021754
0.021786
0.021885
0.021803
0.021793
0.021718
0.022268
0.021716
0.021723
0.021697
0.021686
0.021628
0.021833
0.021786
0.021964
0.021811
0.021906
0.021772
0.021829
0.021809
0.021848
0.02184
0.021953
0.021827
0.021854
0.021964
0.021736
0.021967
0.021751
0.021856
0.021819
0.021667
0.022189
0.022434
0.022326
0.021924
0.021785
0.021803
0.021818
0.021714
0.021877
0.02168
0.021758
0.021724
0.021967
0.021757
0.021704
0.021784
0.02196
0.021754
0.022038
0.021704
0.021781
0.021962
0.021735
0.021713
0.021735
0.021794
0.021795
0.021779
0.021728
0.021778
0.021748
0.021799
0.021726
0.021728
0.021711
0.021805
0.021752
0.021756
0.021686
0.021741
0.021728
0.02197
0.021669
0.021712
0.021606
0.021748
0.021771
0.021817
0.021884
0.021962
0.021652
0.020499
0.02165
0.021723
0.021869
0.021804
0.021687
0.021948
0.021735
0.021825
0.021667
0.021748
0.021683
0.021715
0.021648
0.021684
0.021671
0.021656
0.021684
0.021736
0.021709
0.021751
0.02168
0.021717
0.021887
0.021863
0.021653
0.021719
0.021593
0.021804
0.021605
0.021724
0.021745
0.02183
0.022047
0.02228
0.022004
0.021909
0.022029
0.021954
0.021536
0.021521
0.02156
0.021595
0.021546
0.021723
0.021602
0.021634
0.021615
0.021578
0.021608
0.021571
0.021524
0.021608
0.021528
0.021592
0.021523
0.021548
0.021697
0.021585
0.021466
0.021621
0.02158
0.021597
0.021529
0.021506
0.021509
0.021891
0.021728
0.021548
0.021509
0.021672
0.021565
0.021577
0.021547
0.021435
0.021459
0.021612
0.021506
0.021688
0.021657
0.021785
0.021832
0.021929
0.021554
0.021591
0.02157
0.021562
0.021803
0.021846
0.021564
0.021575
0.021835
0.02163
0.022008
0.024213
0.022799
0.022653
0.021621
0.023269
0.023971
0.023085
0.023116
0.023089
0.023482
0.023151
0.023062
0.02247
0.022501
0.022983
0.022345
0.022997
0.022365
0.022943
0.023019
0.022791
0.022944
0.022829
0.022321
0.022533
0.022592
0.022369
0.022909
0.022326
0.022993
0.022616
0.023109
0.022972
0.022461
0.021829
0.021959
0.021686
0.021875
0.021671
0.022696
0.022577
0.022567
0.022589
0.022634
0.021749
0.021734
0.021694
0.021784
0.021718
0.021854
0.021697
0.021766
0.021716
0.02176
0.021717
0.021636
0.021643
0.021549
0.021561
0.021984
0.021916
0.021942
0.021846
0.021959
0.021644
0.021986
0.021982
0.021816
0.021674
0.021954
0.021688
0.021866
0.021715
0.021787
0.021869
0.021863
0.021943
0.021869
0.021882
0.021766
0.021949
0.021784
0.021883
0.021834
0.021915
0.021882
0.021931
0.021845
0.021779
0.021827
0.021758
0.021853
0.021921
0.021899
0.021889
0.02183
0.021889
0.021873
0.021889
0.021825
0.021945
0.02178
0.021857
0.02181
0.021934
0.02226
0.022564
0.022718
0.02248
0.022347
0.022245
0.022476
0.022118
0.021836
0.021695
0.021737
0.02172
0.021748
0.02173
0.021665
0.021695
0.021667
0.021736
0.021844
