0.1978,0.19838,0.19685,0,0,0,0,0,0,0,0,0,0,0,0
0.2194,0.22254,0.22177,0,0,0,0,0,0,0,0,0,0,0,0
0.056975,0.057449,0.057162,0,0,0,0,0,0,0,0,0,0,0,0
0.027933,0.030273,0.030106,0,0,0,0,0,0,0,0,0,0,0,0
0.03828,0.038467,0.038169,0,0,0,0,0,0,0,0,0,0,0,0
0.033057,0.033093,0.032827,0,0,0,0,0,0,0,0,0,0,0,0
0.026803,0.027193,0.027151,0,0,0,0,0,0,0,0,0,0,0,0
0.023814,0.023487,0.023408,0,0,0,0,0,0,0,0,0,0,0,0
0.023589,0.023942,0.023506,0,0,0,0,0,0,0,0,0,0,0,0
0.023085,0.022843,0.022408,0,0,0,0,0,0,0,0,0,0,0,0
0.022208,0.022618,0.022501,0,0,0,0,0,0,0,0,0,0,0,0
0.022376,0.022337,0.022288,0,0,0,0,0,0,0,0,0,0,0,0
0.022099,0.022576,0.022415,0,0,0,0,0,0,0,0,0,0,0,0
0.022354,0.022178,0.022096,0,0,0,0,0,0,0,0,0,0,0,0
0.022387,0.02275,0.02304,0,0,0,0,0,0,0,0,0,0,0,0
0.022406,0.022148,0.02274,0,0,0,0,0,0,0,0,0,0,0,0
0.021985,0.02239,0.022392,0,0,0,0,0,0,0,0,0,0,0,0
0.022242,0.022052,0.021999,0,0,0,0,0,0,0,0,0,0,0,0
0.021983,0.022372,0.022306,0,0,0,0,0,0,0,0,0,0,0,0
0.022424,0.022127,0.021993,0,0,0,0,0,0,0,0,0,0,0,0
0.022192,0.022731,0.022695,0,0,0,0,0,0,0,0,0,0,0,0
0.02241,0.022296,0.022265,0,0,0,0,0,0,0,0,0,0,0,0
0.021949,0.0224,0.022353,0,0,0,0,0,0,0,0,0,0,0,0
0.022299,0.02209,0.022067,0,0,0,0,0,0,0,0,0,0,0,0
0.022068,0.022382,0.02248,0,0,0,0,0,0,0,0,0,0,0,0
0.022226,0.022132,0.022049,0,0,0,0,0,0,0,0,0,0,0,0
0.02196,0.022408,0.022263,0,0,0,0,0,0,0,0,0,0,0,0
0.022497,0.022337,0.022251,0,0,0,0,0,0,0,0,0,0,0,0
0.021869,0.022452,0.022269,0,0,0,0,0,0,0,0,0,0,0,0
0.022209,0.02211,0.022042,0,0,0,0,0,0,0,0,0,0,0,0
0.02251,0.022958,0.022909,0,0,0,0,0,0,0,0,0,0,0,0
0.022768,0.022586,0.022583,0,0,0,0,0,0,0,0,0,0,0,0
0.022135,0.022656,0.022582,0,0,0,0,0,0,0,0,0,0,0,0
0.022487,0.022354,0.022416,0,0,0,0,0,0,0,0,0,0,0,0
0.022032,0.022358,0.022407,0,0,0,0,0,0,0,0,0,0,0,0
0.022318,0.022103,0.022013,0,0,0,0,0,0,0,0,0,0,0,0
0.02201,0.022489,0.022523,0,0,0,0,0,0,0,0,0,0,0,0
0.022349,0.022254,0.022242,0,0,0,0,0,0,0,0,0,0,0,0
0.021953,0.022411,0.022229,0,0,0,0,0,0,0,0,0,0,0,0
0.022214,0.022122,0.021953,0,0,0,0,0,0,0,0,0,0,0,0
0.022518,0.022923,0.022999,0,0,0,0,0,0,0,0,0,0,0,0
0.02276,0.022548,0.022539,0,0,0,0,0,0,0,0,0,0,0,0
0.023035,0.023468,0.023645,0,0,0,0,0,0,0,0,0,0,0,0
0.02258,0.022402,0.022288,0,0,0,0,0,0,0,0,0,0,0,0
0.022703,0.022994,0.0231,0,0,0,0,0,0,0,0,0,0,0,0
0.022537,0.022391,0.022133,0,0,0,0,0,0,0,0,0,0,0,0
0.022074,0.02253,0.022394,0,0,0,0,0,0,0,0,0,0,0,0
0.022192,0.022014,0.021839,0,0,0,0,0,0,0,0,0,0,0,0
0.021797,0.022287,0.02235,0,0,0,0,0,0,0,0,0,0,0,0
0.022168,0.022016,0.021879,0,0,0,0,0,0,0,0,0,0,0,0
0.022023,0.022436,0.022387,0,0,0,0,0,0,0,0,0,0,0,0
0.02235,0.022324,0.022169,0,0,0,0,0,0,0,0,0,0,0,0
0.022205,0.02275,0.022631,0,0,0,0,0,0,0,0,0,0,0,0
0.02237,0.022124,0.022151,0,0,0,0,0,0,0,0,0,0,0,0
0.021963,0.022493,0.022397,0,0,0,0,0,0,0,0,0,0,0,0
0.022316,0.022022,0.021871,0,0,0,0,0,0,0,0,0,0,0,0
0.02171,0.022303,0.022106,0,0,0,0,0,0,0,0,0,0,0,0
0.022314,0.022227,0.022039,0,0,0,0,0,0,0,0,0,0,0,0
0.021845,0.022269,0.022165,0,0,0,0,0,0,0,0,0,0,0,0
0.02208,0.021972,0.021885,0,0,0,0,0,0,0,0,0,0,0,0
0.021793,0.022286,0.022163,0,0,0,0,0,0,0,0,0,0,0,0
0.022189,0.02192,0.02181,0,0,0,0,0,0,0,0,0,0,0,0
0.022035,0.022543,0.02236,0,0,0,0,0,0,0,0,0,0,0,0
0.022567,0.022356,0.022442,0,0,0,0,0,0,0,0,0,0,0,0
0.022184,0.022638,0.022497,0,0,0,0,0,0,0,0,0,0,0,0
0.022256,0.022145,0.022082,0,0,0,0,0,0,0,0,0,0,0,0
0.022055,0.022546,0.022323,0,0,0,0,0,0,0,0,0,0,0,0
0.022295,0.022157,0.022067,0,0,0,0,0,0,0,0,0,0,0,0
0.021819,0.022357,0.022191,0,0,0,0,0,0,0,0,0,0,0,0
0.022158,0.021902,0.021794,0,0,0,0,0,0,0,0,0,0,0,0
0.021702,0.022298,0.022291,0,0,0,0,0,0,0,0,0,0,0,0
0.022073,0.021995,0.021839,0,0,0,0,0,0,0,0,0,0,0,0
0.02204,0.022428,0.022303,0,0,0,0,0,0,0,0,0,0,0,0
0.022446,0.02233,0.022183,0,0,0,0,0,0,0,0,0,0,0,0
0.021946,0.022499,0.022261,0,0,0,0,0,0,0,0,0,0,0,0
0.022158,0.021977,0.021934,0,0,0,0,0,0,0,0,0,0,0,0
0.021707,0.022133,0.021977,0,0,0,0,0,0,0,0,0,0,0,0
0.021831,0.021821,0.021622,0,0,0,0,0,0,0,0,0,0,0,0
0.021502,0.021982,0.021983,0,0,0,0,0,0,0,0,0,0,0,0
0.021939,0.021759,0.021644,0,0,0,0,0,0,0,0,0,0,0,0
0.021532,0.021917,0.021852,0,0,0,0,0,0,0,0,0,0,0,0
0.021899,0.021577,0.021606,0,0,0,0,0,0,0,0,0,0,0,0
0.021452,0.021932,0.021785,0,0,0,0,0,0,0,0,0,0,0,0
0.021754,0.02168,0.021647,0,0,0,0,0,0,0,0,0,0,0,0
0.021594,0.022101,0.021901,0,0,0,0,0,0,0,0,0,0,0,0
0.022531,0.022311,0.022426,0,0,0,0,0,0,0,0,0,0,0,0
0.021823,0.022203,0.02223,0,0,0,0,0,0,0,0,0,0,0,0
0.022084,0.021779,0.0217,0,0,0,0,0,0,0,0,0,0,0,0
0.021517,0.022032,0.022054,0,0,0,0,0,0,0,0,0,0,0,0
0.021556,0.021816,0.021761,0,0,0,0,0,0,0,0,0,0,0,0
0.021644,0.022159,0.021971,0,0,0,0,0,0,0,0,0,0,0,0
0.021948,0.021788,0.021684,0,0,0,0,0,0,0,0,0,0,0,0
0.021694,0.022322,0.022414,0,0,0,0,0,0,0,0,0,0,0,0
0.021533,0.021854,0.021639,0,0,0,0,0,0,0,0,0,0,0,0
0.021416,0.021985,0.021961,0,0,0,0,0,0,0,0,0,0,0,0
0.021666,0.021918,0.021911,0,0,0,0,0,0,0,0,0,0,0,0
0.021409,0.022094,0.021915,0,0,0,0,0,0,0,0,0,0,0,0
0.021487,0.021832,0.021812,0,0,0,0,0,0,0,0,0,0,0,0
0.021571,0.022097,0.022024,0,0,0,0,0,0,0,0,0,0,0,0
0.021588,0.021879,0.021667,0,0,0,0,0,0,0,0,0,0,0,0
0.022076,0.022602,0.022653,0,0,0,0,0,0,0,0,0,0,0,0
0.022215,0.022328,0.022515,0,0,0,0,0,0,0,0,0,0,0,0
0.021976,0.022478,0.022574,0,0,0,0,0,0,0,0,0,0,0,0
0.021571,0.021768,0.021783,0,0,0,0,0,0,0,0,0,0,0,0
0.02175,0.022369,0.022404,0,0,0,0,0,0,0,0,0,0,0,0
0.021602,0.021809,0.0217,0,0,0,0,0,0,0,0,0,0,0,0
0.02147,0.022146,0.022012,0,0,0,0,0,0,0,0,0,0,0,0
0.021599,0.021903,0.021765,0,0,0,0,0,0,0,0,0,0,0,0
0.021598,0.022162,0.022152,0,0,0,0,0,0,0,0,0,0,0,0
0.021618,0.021858,0.021766,0,0,0,0,0,0,0,0,0,0,0,0
0.021605,0.022196,0.02211,0,0,0,0,0,0,0,0,0,0,0,0
0.021962,0.022204,0.022217,0,0,0,0,0,0,0,0,0,0,0,0
0.022206,0.022688,0.022978,0,0,0,0,0,0,0,0,0,0,0,0
0.022091,0.022163,0.022413,0,0,0,0,0,0,0,0,0,0,0,0
0.021939,0.022498,0.02259,0,0,0,0,0,0,0,0,0,0,0,0
0.021983,0.022179,0.0223,0,0,0,0,0,0,0,0,0,0,0,0
NaN,NaN,NaN,0,0,0,0,0,0,0,0,0,0,0,0
NaN,NaN,NaN,0,0,0,0,0,0,0,0,0,0,0,0
NaN,NaN,NaN,0,0,0,0,0,0,0,0,0,0,0,0
NaN,NaN,NaN,0,0,0,0,0,0,0,0,0,0,0,0
0.19796,0.19218,0.19331,0,0,0,0,0,0,0,0,0,0,0,0
0.22178,0.22506,0.22246,0,0,0,0,0,0,0,0,0,0,0,0
0.054038,0.056904,0.056369,0,0,0,0,0,0,0,0,0,0,0,0
0.029542,0.02771,0.02982,0,0,0,0,0,0,0,0,0,0,0,0
0.037769,0.038246,0.038075,0,0,0,0,0,0,0,0,0,0,0,0
0.031998,0.032583,0.032225,0,0,0,0,0,0,0,0,0,0,0,0
0.026239,0.026503,0.02605,0,0,0,0,0,0,0,0,0,0,0,0
0.022483,0.023021,0.022549,0,0,0,0,0,0,0,0,0,0,0,0
0.022854,0.023096,0.022799,0,0,0,0,0,0,0,0,0,0,0,0
0.022406,0.022873,0.022642,0,0,0,0,0,0,0,0,0,0,0,0
0.022719,0.022823,0.022462,0,0,0,0,0,0,0,0,0,0,0,0
0.022095,0.022455,0.022222,0,0,0,0,0,0,0,0,0,0,0,0
0.022363,0.022622,0.022261,0,0,0,0,0,0,0,0,0,0,0,0
0.021815,0.022302,0.021985,0,0,0,0,0,0,0,0,0,0,0,0
0.022503,0.022786,0.022472,0,0,0,0,0,0,0,0,0,0,0,0
0.02182,0.022451,0.022049,0,0,0,0,0,0,0,0,0,0,0,0
0.022057,0.02229,0.021967,0,0,0,0,0,0,0,0,0,0,0,0
0.021751,0.022386,0.02194,0,0,0,0,0,0,0,0,0,0,0,0
0.022066,0.022297,0.021849,0,0,0,0,0,0,0,0,0,0,0,0
0.021722,0.022402,0.021944,0,0,0,0,0,0,0,0,0,0,0,0
0.022408,0.022663,0.022427,0,0,0,0,0,0,0,0,0,0,0,0
0.022056,0.022637,0.022342,0,0,0,0,0,0,0,0,0,0,0,0
0.022303,0.022462,0.022096,0,0,0,0,0,0,0,0,0,0,0,0
0.021941,0.022533,0.022075,0,0,0,0,0,0,0,0,0,0,0,0
0.022418,0.022766,0.022349,0,0,0,0,0,0,0,0,0,0,0,0
0.022172,0.022766,0.022406,0,0,0,0,0,0,0,0,0,0,0,0
0.022272,0.0225,0.022109,0,0,0,0,0,0,0,0,0,0,0,0
0.022042,0.022582,0.022278,0,0,0,0,0,0,0,0,0,0,0,0
0.022164,0.022402,0.022002,0,0,0,0,0,0,0,0,0,0,0,0
0.021855,0.022361,0.02205,0,0,0,0,0,0,0,0,0,0,0,0
0.02206,0.02234,0.022068,0,0,0,0,0,0,0,0,0,0,0,0
0.022217,0.022797,0.022484,0,0,0,0,0,0,0,0,0,0,0,0
0.022604,0.022591,0.022292,0,0,0,0,0,0,0,0,0,0,0,0
0.022119,0.022727,0.022511,0,0,0,0,0,0,0,0,0,0,0,0
0.022287,0.022568,0.022303,0,0,0,0,0,0,0,0,0,0,0,0
0.021908,0.022583,0.022112,0,0,0,0,0,0,0,0,0,0,0,0
0.022296,0.022555,0.022131,0,0,0,0,0,0,0,0,0,0,0,0
0.022136,0.022591,0.022297,0,0,0,0,0,0,0,0,0,0,0,0
0.022224,0.022459,0.022066,0,0,0,0,0,0,0,0,0,0,0,0
0.022113,0.022609,0.022279,0,0,0,0,0,0,0,0,0,0,0,0
0.022925,0.023155,0.023001,0,0,0,0,0,0,0,0,0,0,0,0
0.022362,0.023005,0.022611,0,0,0,0,0,0,0,0,0,0,0,0
0.023045,0.023362,0.023271,0,0,0,0,0,0,0,0,0,0,0,0
0.022101,0.022702,0.022272,0,0,0,0,0,0,0,0,0,0,0,0
0.022782,0.023062,0.022846,0,0,0,0,0,0,0,0,0,0,0,0
0.02191,0.022577,0.022143,0,0,0,0,0,0,0,0,0,0,0,0
0.022452,0.022732,0.022402,0,0,0,0,0,0,0,0,0,0,0,0
0.021886,0.022452,0.022088,0,0,0,0,0,0,0,0,0,0,0,0
0.022344,0.022513,0.022095,0,0,0,0,0,0,0,0,0,0,0,0
0.021887,0.022496,0.021996,0,0,0,0,0,0,0,0,0,0,0,0
0.022162,0.022511,0.022074,0,0,0,0,0,0,0,0,0,0,0,0
0.021891,0.022418,0.022052,0,0,0,0,0,0,0,0,0,0,0,0
0.022419,0.022748,0.022264,0,0,0,0,0,0,0,0,0,0,0,0
0.062141,0.065924,0.065603,0,0,0,0,0,0,0,0,0,0,0,0
0.023412,0.023823,0.02394,0,0,0,0,0,0,0,0,0,0,0,0
0.022255,0.022439,0.022699,0,0,0,0,0,0,0,0,0,0,0,0
0.022126,0.02242,0.022579,0,0,0,0,0,0,0,0,0,0,0,0
0.022203,0.022496,0.022697,0,0,0,0,0,0,0,0,0,0,0,0
0.022177,0.022381,0.022677,0,0,0,0,0,0,0,0,0,0,0,0
0.022096,0.022552,0.022626,0,0,0,0,0,0,0,0,0,0,0,0
0.022125,0.022433,0.022699,0,0,0,0,0,0,0,0,0,0,0,0
0.022185,0.022538,0.022597,0,0,0,0,0,0,0,0,0,0,0,0
0.022405,0.022685,0.022919,0,0,0,0,0,0,0,0,0,0,0,0
0.022721,0.023021,0.023079,0,0,0,0,0,0,0,0,0,0,0,0
0.022139,0.022474,0.022546,0,0,0,0,0,0,0,0,0,0,0,0
0.022312,0.022653,0.022799,0,0,0,0,0,0,0,0,0,0,0,0
0.022378,0.022642,0.022675,0,0,0,0,0,0,0,0,0,0,0,0
0.02217,0.022465,0.022612,0,0,0,0,0,0,0,0,0,0,0,0
0.022201,0.022367,0.022617,0,0,0,0,0,0,0,0,0,0,0,0
0.02219,0.022387,0.022496,0,0,0,0,0,0,0,0,0,0,0,0
0.022113,0.022501,0.022547,0,0,0,0,0,0,0,0,0,0,0,0
0.022135,0.022417,0.02247,0,0,0,0,0,0,0,0,0,0,0,0
0.02206,0.022394,0.022448,0,0,0,0,0,0,0,0,0,0,0,0
0.022137,0.022374,0.022475,0,0,0,0,0,0,0,0,0,0,0,0
0.022313,0.022618,0.022763,0,0,0,0,0,0,0,0,0,0,0,0
0.022242,0.022649,0.022748,0,0,0,0,0,0,0,0,0,0,0,0
0.022069,0.022467,0.022467,0,0,0,0,0,0,0,0,0,0,0,0
0.022009,0.022309,0.022335,0,0,0,0,0,0,0,0,0,0,0,0
0.021929,0.022339,0.022395,0,0,0,0,0,0,0,0,0,0,0,0
0.022013,0.022261,0.022342,0,0,0,0,0,0,0,0,0,0,0,0
0.022044,0.022241,0.022451,0,0,0,0,0,0,0,0,0,0,0,0
0.022181,0.022333,0.022453,0,0,0,0,0,0,0,0,0,0,0,0
0.022439,0.022616,0.022754,0,0,0,0,0,0,0,0,0,0,0,0
0.022261,0.022425,0.022491,0,0,0,0,0,0,0,0,0,0,0,0
0.021982,0.0222,0.022406,0,0,0,0,0,0,0,0,0,0,0,0
0.022079,0.022218,0.02226,0,0,0,0,0,0,0,0,0,0,0,0
0.02185,0.022079,0.022194,0,0,0,0,0,0,0,0,0,0,0,0
0.022066,0.022271,0.022411,0,0,0,0,0,0,0,0,0,0,0,0
0.02191,0.022076,0.022145,0,0,0,0,0,0,0,0,0,0,0,0
0.021853,0.022066,0.022158,0,0,0,0,0,0,0,0,0,0,0,0
0.021904,0.022069,0.022302,0,0,0,0,0,0,0,0,0,0,0,0
0.021847,0.022216,0.022188,0,0,0,0,0,0,0,0,0,0,0,0
0.022489,0.022741,0.022835,0,0,0,0,0,0,0,0,0,0,0,0
0.022364,0.022609,0.022834,0,0,0,0,0,0,0,0,0,0,0,0
0.022095,0.022501,0.022538,0,0,0,0,0,0,0,0,0,0,0,0
0.02235,0.022693,0.022734,0,0,0,0,0,0,0,0,0,0,0,0
0.021959,0.022197,0.022301,0,0,0,0,0,0,0,0,0,0,0,0
0.02199,0.02221,0.022194,0,0,0,0,0,0,0,0,0,0,0,0
0.021844,0.022114,0.022248,0,0,0,0,0,0,0,0,0,0,0,0
0.021837,0.022019,0.022198,0,0,0,0,0,0,0,0,0,0,0,0
0.022528,0.022716,0.022925,0,0,0,0,0,0,0,0,0,0,0,0
0.022817,0.022965,0.023269,0,0,0,0,0,0,0,0,0,0,0,0
0.022742,0.022686,0.023108,0,0,0,0,0,0,0,0,0,0,0,0
0.022083,0.022274,0.022515,0,0,0,0,0,0,0,0,0,0,0,0
0.022062,0.022337,0.022427,0,0,0,0,0,0,0,0,0,0,0,0
0.022088,0.022308,0.022458,0,0,0,0,0,0,0,0,0,0,0,0
0.022201,0.02222,0.02249,0,0,0,0,0,0,0,0,0,0,0,0
0.022216,0.022469,0.02251,0,0,0,0,0,0,0,0,0,0,0,0
0.022375,0.022576,0.022763,0,0,0,0,0,0,0,0,0,0,0,0
0.022204,0.02241,0.022554,0,0,0,0,0,0,0,0,0,0,0,0
0.022202,0.022479,0.022558,0,0,0,0,0,0,0,0,0,0,0,0
0.022546,0.023012,0.023193,0,0,0,0,0,0,0,0,0,0,0,0
0.022479,0.022983,0.023224,0,0,0,0,0,0,0,0,0,0,0,0
0.022223,0.022468,0.023173,0,0,0,0,0,0,0,0,0,0,0,0
0.022219,0.022308,0.022563,0,0,0,0,0,0,0,0,0,0,0,0
0.022303,0.022482,0.022921,0,0,0,0,0,0,0,0,0,0,0,0
0.022091,0.022279,0.022545,0,0,0,0,0,0,0,0,0,0,0,0
0.021991,0.022138,0.022389,0,0,0,0,0,0,0,0,0,0,0,0
0.021908,0.022091,0.022314,0,0,0,0,0,0,0,0,0,0,0,0
0.022216,0.022408,0.022555,0,0,0,0,0,0,0,0,0,0,0,0
0.02191,0.02212,0.02227,0,0,0,0,0,0,0,0,0,0,0,0
0.021938,0.02211,0.022423,0,0,0,0,0,0,0,0,0,0,0,0
0.022049,0.022153,0.022311,0,0,0,0,0,0,0,0,0,0,0,0
0.021969,0.022187,0.022442,0,0,0,0,0,0,0,0,0,0,0,0
0.02202,0.022231,0.02227,0,0,0,0,0,0,0,0,0,0,0,0
0.022673,0.02287,0.02321,0,0,0,0,0,0,0,0,0,0,0,0
0.022663,0.022667,0.023206,0,0,0,0,0,0,0,0,0,0,0,0
0.022542,0.022735,0.023368,0,0,0,0,0,0,0,0,0,0,0,0
0.022571,0.022791,0.023328,0,0,0,0,0,0,0,0,0,0,0,0
0.022321,0.022466,0.023061,0,0,0,0,0,0,0,0,0,0,0,0
0.022376,0.022563,0.023089,0,0,0,0,0,0,0,0,0,0,0,0
0.022358,0.022508,0.022991,0,0,0,0,0,0,0,0,0,0,0,0
0.021966,0.022125,0.022446,0,0,0,0,0,0,0,0,0,0,0,0
0.022037,0.022123,0.022336,0,0,0,0,0,0,0,0,0,0,0,0
0.021997,0.022152,0.02227,0,0,0,0,0,0,0,0,0,0,0,0
0.021878,0.022129,0.022363,0,0,0,0,0,0,0,0,0,0,0,0
0.022043,0.022208,0.022413,0,0,0,0,0,0,0,0,0,0,0,0
0.022027,0.022414,0.02257,0,0,0,0,0,0,0,0,0,0,0,0
0.021889,0.022063,0.022259,0,0,0,0,0,0,0,0,0,0,0,0
0.021813,0.022117,0.022196,0,0,0,0,0,0,0,0,0,0,0,0
0.021935,0.022203,0.022365,0,0,0,0,0,0,0,0,0,0,0,0
0.021713,0.021897,0.022228,0,0,0,0,0,0,0,0,0,0,0,0
0.021707,0.021956,0.022089,0,0,0,0,0,0,0,0,0,0,0,0
0.021691,0.021867,0.022233,0,0,0,0,0,0,0,0,0,0,0,0
0.021727,0.022039,0.022098,0,0,0,0,0,0,0,0,0,0,0,0
0.021691,0.021997,0.022147,0,0,0,0,0,0,0,0,0,0,0,0
0.021747,0.022023,0.022142,0,0,0,0,0,0,0,0,0,0,0,0
0.021844,0.022051,0.02217,0,0,0,0,0,0,0,0,0,0,0,0
0.021948,0.022105,0.022295,0,0,0,0,0,0,0,0,0,0,0,0
0.021907,0.022148,0.022348,0,0,0,0,0,0,0,0,0,0,0,0
0.022229,0.022368,0.022482,0,0,0,0,0,0,0,0,0,0,0,0
0.021925,0.022092,0.02237,0,0,0,0,0,0,0,0,0,0,0,0
0.022097,0.022276,0.022528,0,0,0,0,0,0,0,0,0,0,0,0
0.02197,0.02222,0.022407,0,0,0,0,0,0,0,0,0,0,0,0
0.021834,0.022073,0.022197,0,0,0,0,0,0,0,0,0,0,0,0
0.021683,0.022169,0.022244,0,0,0,0,0,0,0,0,0,0,0,0
0.021969,0.022174,0.022366,0,0,0,0,0,0,0,0,0,0,0,0
0.02185,0.022183,0.022331,0,0,0,0,0,0,0,0,0,0,0,0
0.021601,0.021993,0.022095,0,0,0,0,0,0,0,0,0,0,0,0
0.021862,0.022191,0.022297,0,0,0,0,0,0,0,0,0,0,0,0
0.021908,0.022308,0.022348,0,0,0,0,0,0,0,0,0,0,0,0
0.021639,0.022033,0.022164,0,0,0,0,0,0,0,0,0,0,0,0
0.02167,0.022109,0.02206,0,0,0,0,0,0,0,0,0,0,0,0
0.021692,0.021997,0.022258,0,0,0,0,0,0,0,0,0,0,0,0
0.021657,0.022004,0.022173,0,0,0,0,0,0,0,0,0,0,0,0
0.02201,0.02227,0.022454,0,0,0,0,0,0,0,0,0,0,0,0
0.021941,0.022222,0.022484,0,0,0,0,0,0,0,0,0,0,0,0
0.022061,0.022271,0.022408,0,0,0,0,0,0,0,0,0,0,0,0
0.022695,0.023249,0.023552,0,0,0,0,0,0,0,0,0,0,0,0
0.022281,0.022653,0.023226,0,0,0,0,0,0,0,0,0,0,0,0
0.022318,0.022479,0.022819,0,0,0,0,0,0,0,0,0,0,0,0
0.022258,0.022421,0.022767,0,0,0,0,0,0,0,0,0,0,0,0
0.022276,0.022487,0.02268,0,0,0,0,0,0,0,0,0,0,0,0
0.022232,0.022439,0.022681,0,0,0,0,0,0,0,0,0,0,0,0
0.022274,0.022405,0.022609,0,0,0,0,0,0,0,0,0,0,0,0
0.022103,0.022304,0.0226,0,0,0,0,0,0,0,0,0,0,0,0
0.022092,0.022083,0.02226,0,0,0,0,0,0,0,0,0,0,0,0
0.021966,0.02216,0.022249,0,0,0,0,0,0,0,0,0,0,0,0
0.022105,0.022142,0.022403,0,0,0,0,0,0,0,0,0,0,0,0
0.02207,0.022316,0.022482,0,0,0,0,0,0,0,0,0,0,0,0
0.021829,0.022057,0.022155,0,0,0,0,0,0,0,0,0,0,0,0
0.021667,0.021899,0.022111,0,0,0,0,0,0,0,0,0,0,0,0
0.021754,0.021883,0.022052,0,0,0,0,0,0,0,0,0,0,0,0
0.021881,0.021888,0.022238,0,0,0,0,0,0,0,0,0,0,0,0
0.021799,0.021959,0.022017,0,0,0,0,0,0,0,0,0,0,0,0
0.021878,0.022004,0.022056,0,0,0,0,0,0,0,0,0,0,0,0
0.021855,0.021994,0.022063,0,0,0,0,0,0,0,0,0,0,0,0
0.021856,0.022038,0.022146,0,0,0,0,0,0,0,0,0,0,0,0
0.021904,0.021987,0.022102,0,0,0,0,0,0,0,0,0,0,0,0
0.021839,0.022055,0.022126,0,0,0,0,0,0,0,0,0,0,0,0
0.021904,0.022112,0.022189,0,0,0,0,0,0,0,0,0,0,0,0
0.021859,0.022076,0.022157,0,0,0,0,0,0,0,0,0,0,0,0
0.021942,0.022024,0.022172,0,0,0,0,0,0,0,0,0,0,0,0
0.021891,0.022132,0.022196,0,0,0,0,0,0,0,0,0,0,0,0
0.022089,0.022398,0.02241,0,0,0,0,0,0,0,0,0,0,0,0
0.021905,0.022071,0.022126,0,0,0,0,0,0,0,0,0,0,0,0
0.02194,0.022162,0.022141,0,0,0,0,0,0,0,0,0,0,0,0
0.021954,0.022083,0.022224,0,0,0,0,0,0,0,0,0,0,0,0
0.022066,0.022084,0.022092,0,0,0,0,0,0,0,0,0,0,0,0
0.021844,0.022021,0.020809,0,0,0,0,0,0,0,0,0,0,0,0
0.022408,0.022394,0.022382,0,0,0,0,0,0,0,0,0,0,0,0
0.021962,0.022108,0.022109,0,0,0,0,0,0,0,0,0,0,0,0
0.021912,0.022148,0.022033,0,0,0,0,0,0,0,0,0,0,0,0
0.021832,0.022029,0.022137,0,0,0,0,0,0,0,0,0,0,0,0
0.022023,0.022396,0.022417,0,0,0,0,0,0,0,0,0,0,0,0
0.021849,0.022084,0.022209,0,0,0,0,0,0,0,0,0,0,0,0
0.021935,0.022022,0.022122,0,0,0,0,0,0,0,0,0,0,0,0
0.021947,0.022078,0.022265,0,0,0,0,0,0,0,0,0,0,0,0
0.021873,0.02207,0.022305,0,0,0,0,0,0,0,0,0,0,0,0
0.021813,0.021991,0.022194,0,0,0,0,0,0,0,0,0,0,0,0
0.02191,0.022054,0.022251,0,0,0,0,0,0,0,0,0,0,0,0
0.021913,0.022058,0.022122,0,0,0,0,0,0,0,0,0,0,0,0
0.021866,0.022082,0.022122,0,0,0,0,0,0,0,0,0,0,0,0
0.021881,0.022105,0.022191,0,0,0,0,0,0,0,0,0,0,0,0
0.021905,0.022057,0.022099,0,0,0,0,0,0,0,0,0,0,0,0
0.02186,0.022088,0.02213,0,0,0,0,0,0,0,0,0,0,0,0
0.021788,0.022049,0.022146,0,0,0,0,0,0,0,0,0,0,0,0
0.021775,0.022042,0.022088,0,0,0,0,0,0,0,0,0,0,0,0
0.022016,0.022273,0.022427,0,0,0,0,0,0,0,0,0,0,0,0
0.022059,0.022305,0.02234,0,0,0,0,0,0,0,0,0,0,0,0
0.020924,0.02111,0.022242,0,0,0,0,0,0,0,0,0,0,0,0
0.021943,0.022077,0.022181,0,0,0,0,0,0,0,0,0,0,0,0
0.021846,0.022117,0.022071,0,0,0,0,0,0,0,0,0,0,0,0
0.021923,0.022019,0.022157,0,0,0,0,0,0,0,0,0,0,0,0
0.021813,0.022004,0.02206,0,0,0,0,0,0,0,0,0,0,0,0
0.021967,0.021975,0.022037,0,0,0,0,0,0,0,0,0,0,0,0
0.02187,0.022041,0.022105,0,0,0,0,0,0,0,0,0,0,0,0
0.022005,0.02205,0.022334,0,0,0,0,0,0,0,0,0,0,0,0
0.021845,0.021938,0.022237,0,0,0,0,0,0,0,0,0,0,0,0
0.021886,0.021937,0.022183,0,0,0,0,0,0,0,0,0,0,0,0
0.02185,0.021973,0.022347,0,0,0,0,0,0,0,0,0,0,0,0
0.022088,0.022191,0.022503,0,0,0,0,0,0,0,0,0,0,0,0
0.021783,0.021981,0.022214,0,0,0,0,0,0,0,0,0,0,0,0
0.021774,0.021842,0.022115,0,0,0,0,0,0,0,0,0,0,0,0
0.021732,0.02188,0.022108,0,0,0,0,0,0,0,0,0,0,0,0
0.021912,0.022113,0.022364,0,0,0,0,0,0,0,0,0,0,0,0
0.021968,0.022025,0.022271,0,0,0,0,0,0,0,0,0,0,0,0
0.021752,0.021844,0.022126,0,0,0,0,0,0,0,0,0,0,0,0
0.021705,0.021795,0.022024,0,0,0,0,0,0,0,0,0,0,0,0
0.021694,0.021849,0.02208,0,0,0,0,0,0,0,0,0,0,0,0
0.021678,0.02192,0.022001,0,0,0,0,0,0,0,0,0,0,0,0
0.023141,0.023326,0.023678,0,0,0,0,0,0,0,0,0,0,0,0
0.023396,0.023353,0.023592,0,0,0,0,0,0,0,0,0,0,0,0
0.022519,0.022762,0.022985,0,0,0,0,0,0,0,0,0,0,0,0
0.0218,0.021951,0.022071,0,0,0,0,0,0,0,0,0,0,0,0
0.021739,0.02194,0.022182,0,0,0,0,0,0,0,0,0,0,0,0
0.022566,0.022117,0.022197,0,0,0,0,0,0,0,0,0,0,0,0
0.021869,0.021941,0.022212,0,0,0,0,0,0,0,0,0,0,0,0
0.022715,0.022934,0.023173,0,0,0,0,0,0,0,0,0,0,0,0
0.023523,0.023528,0.023718,0,0,0,0,0,0,0,0,0,0,0,0
0.023363,0.023495,0.023717,0,0,0,0,0,0,0,0,0,0,0,0
0.024187,0.02435,0.02453,0,0,0,0,0,0,0,0,0,0,0,0
0.023729,0.023749,0.023692,0,0,0,0,0,0,0,0,0,0,0,0
0.023374,0.023014,0.023082,0,0,0,0,0,0,0,0,0,0,0,0
0.022716,0.022696,0.022842,0,0,0,0,0,0,0,0,0,0,0,0
0.022737,0.022716,0.022811,0,0,0,0,0,0,0,0,0,0,0,0
0.023385,0.023372,0.023565,0,0,0,0,0,0,0,0,0,0,0,0
0.022767,0.022741,0.022975,0,0,0,0,0,0,0,0,0,0,0,0
0.02273,0.022793,0.023031,0,0,0,0,0,0,0,0,0,0,0,0
0.022025,0.022063,0.022151,0,0,0,0,0,0,0,0,0,0,0,0
0.02219,0.022235,0.022352,0,0,0,0,0,0,0,0,0,0,0,0
0.022187,0.022228,0.022425,0,0,0,0,0,0,0,0,0,0,0,0
0.022139,0.022043,0.022146,0,0,0,0,0,0,0,0,0,0,0,0
0.021968,0.022274,0.022184,0,0,0,0,0,0,0,0,0,0,0,0
0.021935,0.02211,0.022127,0,0,0,0,0,0,0,0,0,0,0,0
0.021972,0.022249,0.022173,0,0,0,0,0,0,0,0,0,0,0,0
0.022014,0.022091,0.022147,0,0,0,0,0,0,0,0,0,0,0,0
0.021996,0.022218,0.022207,0,0,0,0,0,0,0,0,0,0,0,0
0.022132,0.022308,0.022341,0,0,0,0,0,0,0,0,0,0,0,0
0.022019,0.0221,0.022143,0,0,0,0,0,0,0,0,0,0,0,0
0.022045,0.022124,0.022148,0,0,0,0,0,0,0,0,0,0,0,0
0.021998,0.022102,0.0222,0,0,0,0,0,0,0,0,0,0,0,0
0.021947,0.022014,0.022098,0,0,0,0,0,0,0,0,0,0,0,0
0.022114,0.022004,0.022137,0,0,0,0,0,0,0,0,0,0,0,0
0.021924,0.022075,0.02211,0,0,0,0,0,0,0,0,0,0,0,0
0.022159,0.022123,0.02219,0,0,0,0,0,0,0,0,0,0,0,0
0.021919,0.022092,0.0221,0,0,0,0,0,0,0,0,0,0,0,0
0.022346,0.022265,0.022369,0,0,0,0,0,0,0,0,0,0,0,0
0.021968,0.022145,0.022162,0,0,0,0,0,0,0,0,0,0,0,0
0.021959,0.022096,0.022196,0,0,0,0,0,0,0,0,0,0,0,0
0.022025,0.022063,0.022213,0,0,0,0,0,0,0,0,0,0,0,0
0.022133,0.022041,0.022134,0,0,0,0,0,0,0,0,0,0,0,0
0.021926,0.022213,0.022108,0,0,0,0,0,0,0,0,0,0,0,0
0.022002,0.022144,0.022122,0,0,0,0,0,0,0,0,0,0,0,0
0.021973,0.022239,0.022236,0,0,0,0,0,0,0,0,0,0,0,0
0.022009,0.022099,0.02223,0,0,0,0,0,0,0,0,0,0,0,0
0.022468,0.022155,0.022117,0,0,0,0,0,0,0,0,0,0,0,0
0.021953,0.022115,0.022228,0,0,0,0,0,0,0,0,0,0,0,0
0.02189,0.022109,0.022315,0,0,0,0,0,0,0,0,0,0,0,0
0.02192,0.022086,0.022224,0,0,0,0,0,0,0,0,0,0,0,0
0.021952,0.022176,0.022303,0,0,0,0,0,0,0,0,0,0,0,0
0.02196,0.022095,0.022195,0,0,0,0,0,0,0,0,0,0,0,0
0.022031,0.02212,0.022277,0,0,0,0,0,0,0,0,0,0,0,0
0.021997,0.022157,0.022214,0,0,0,0,0,0,0,0,0,0,0,0
0.022062,0.022132,0.022232,0,0,0,0,0,0,0,0,0,0,0,0
0.021831,0.022136,0.022206,0,0,0,0,0,0,0,0,0,0,0,0
0.021892,0.022137,0.022232,0,0,0,0,0,0,0,0,0,0,0,0
0.021854,0.022211,0.0222,0,0,0,0,0,0,0,0,0,0,0,0
0.021868,0.022103,0.022202,0,0,0,0,0,0,0,0,0,0,0,0
0.021869,0.022088,0.022209,0,0,0,0,0,0,0,0,0,0,0,0
0.021818,0.022093,0.022182,0,0,0,0,0,0,0,0,0,0,0,0
0.021912,0.022103,0.022124,0,0,0,0,0,0,0,0,0,0,0,0
0.021812,0.02216,0.022109,0,0,0,0,0,0,0,0,0,0,0,0
0.022317,0.022681,0.022632,0,0,0,0,0,0,0,0,0,0,0,0
0.021998,0.022152,0.022285,0,0,0,0,0,0,0,0,0,0,0,0
0.021855,0.022046,0.022085,0,0,0,0,0,0,0,0,0,0,0,0
0.021784,0.022013,0.021984,0,0,0,0,0,0,0,0,0,0,0,0
0.021796,0.021902,0.022044,0,0,0,0,0,0,0,0,0,0,0,0
0.021853,0.022011,0.022076,0,0,0,0,0,0,0,0,0,0,0,0
0.021905,0.021941,0.022033,0,0,0,0,0,0,0,0,0,0,0,0
0.021763,0.021913,0.021961,0,0,0,0,0,0,0,0,0,0,0,0
0.022149,0.02218,0.02222,0,0,0,0,0,0,0,0,0,0,0,0
0.021854,0.021975,0.021992,0,0,0,0,0,0,0,0,0,0,0,0
0.021735,0.021986,0.021992,0,0,0,0,0,0,0,0,0,0,0,0
0.02187,0.021997,0.02211,0,0,0,0,0,0,0,0,0,0,0,0
0.021846,0.022136,0.022198,0,0,0,0,0,0,0,0,0,0,0,0
0.021914,0.022117,0.0222,0,0,0,0,0,0,0,0,0,0,0,0
0.021949,0.022101,0.022267,0,0,0,0,0,0,0,0,0,0,0,0
0.021986,0.022223,0.022213,0,0,0,0,0,0,0,0,0,0,0,0
0.02227,0.022442,0.02252,0,0,0,0,0,0,0,0,0,0,0,0
0.021933,0.022253,0.02224,0,0,0,0,0,0,0,0,0,0,0,0
0.022061,0.022242,0.02218,0,0,0,0,0,0,0,0,0,0,0,0
0.022001,0.02212,0.022241,0,0,0,0,0,0,0,0,0,0,0,0
0.021935,0.022145,0.02219,0,0,0,0,0,0,0,0,0,0,0,0
0.021941,0.022219,0.022178,0,0,0,0,0,0,0,0,0,0,0,0
0.022027,0.022215,0.022257,0,0,0,0,0,0,0,0,0,0,0,0
0.022051,0.022139,0.022043,0,0,0,0,0,0,0,0,0,0,0,0
0.021965,0.022176,0.022151,0,0,0,0,0,0,0,0,0,0,0,0
0.02186,0.022012,0.022192,0,0,0,0,0,0,0,0,0,0,0,0
0.021912,0.022147,0.022175,0,0,0,0,0,0,0,0,0,0,0,0
0.021903,0.02211,0.022161,0,0,0,0,0,0,0,0,0,0,0,0
0.02201,0.022256,0.022247,0,0,0,0,0,0,0,0,0,0,0,0
0.021957,0.022142,0.022205,0,0,0,0,0,0,0,0,0,0,0,0
0.022136,0.022238,0.022308,0,0,0,0,0,0,0,0,0,0,0,0
0.022696,0.022947,0.022932,0,0,0,0,0,0,0,0,0,0,0,0
0.022967,0.023101,0.023226,0,0,0,0,0,0,0,0,0,0,0,0
0.022797,0.022703,0.022997,0,0,0,0,0,0,0,0,0,0,0,0
0.022566,0.022428,0.02284,0,0,0,0,0,0,0,0,0,0,0,0
0.022681,0.022564,0.022767,0,0,0,0,0,0,0,0,0,0,0,0
0.022101,0.022224,0.022379,0,0,0,0,0,0,0,0,0,0,0,0
0.022138,0.022127,0.022286,0,0,0,0,0,0,0,0,0,0,0,0
0.022248,0.022134,0.022245,0,0,0,0,0,0,0,0,0,0,0,0
0.022055,0.022226,0.022331,0,0,0,0,0,0,0,0,0,0,0,0
0.022414,0.022424,0.022484,0,0,0,0,0,0,0,0,0,0,0,0
0.022006,0.022294,0.022233,0,0,0,0,0,0,0,0,0,0,0,0
0.022176,0.022224,0.022283,0,0,0,0,0,0,0,0,0,0,0,0
0.022033,0.022276,0.022385,0,0,0,0,0,0,0,0,0,0,0,0
0.022126,0.022238,0.022331,0,0,0,0,0,0,0,0,0,0,0,0
0.022045,0.022208,0.022304,0,0,0,0,0,0,0,0,0,0,0,0
0.022161,0.022294,0.022316,0,0,0,0,0,0,0,0,0,0,0,0
0.022121,0.022269,0.022323,0,0,0,0,0,0,0,0,0,0,0,0
0.022175,0.022319,0.022391,0,0,0,0,0,0,0,0,0,0,0,0
0.022086,0.022273,0.022262,0,0,0,0,0,0,0,0,0,0,0,0
0.022144,0.022241,0.022295,0,0,0,0,0,0,0,0,0,0,0,0
0.022074,0.022208,0.022293,0,0,0,0,0,0,0,0,0,0,0,0
0.022133,0.022232,0.022266,0,0,0,0,0,0,0,0,0,0,0,0
0.022137,0.022138,0.022222,0,0,0,0,0,0,0,0,0,0,0,0
0.022099,0.022366,0.022302,0,0,0,0,0,0,0,0,0,0,0,0
0.022102,0.02224,0.022232,0,0,0,0,0,0,0,0,0,0,0,0
0.02212,0.022296,0.022439,0,0,0,0,0,0,0,0,0,0,0,0
0.022053,0.022254,0.022263,0,0,0,0,0,0,0,0,0,0,0,0
0.022064,0.02219,0.022322,0,0,0,0,0,0,0,0,0,0,0,0
0.022102,0.0222,0.022264,0,0,0,0,0,0,0,0,0,0,0,0
0.022099,0.022218,0.022269,0,0,0,0,0,0,0,0,0,0,0,0
0.022146,0.022193,0.02226,0,0,0,0,0,0,0,0,0,0,0,0
0.02208,0.022168,0.022278,0,0,0,0,0,0,0,0,0,0,0,0
0.022018,0.022163,0.022242,0,0,0,0,0,0,0,0,0,0,0,0
0.022032,0.022086,0.022229,0,0,0,0,0,0,0,0,0,0,0,0
0.022116,0.022122,0.02228,0,0,0,0,0,0,0,0,0,0,0,0
0.022078,0.022218,0.022345,0,0,0,0,0,0,0,0,0,0,0,0
0.021995,0.022184,0.022359,0,0,0,0,0,0,0,0,0,0,0,0
0.022166,0.022189,0.022267,0,0,0,0,0,0,0,0,0,0,0,0
0.022041,0.022229,0.022246,0,0,0,0,0,0,0,0,0,0,0,0
0.022005,0.022146,0.022285,0,0,0,0,0,0,0,0,0,0,0,0
0.022097,0.022192,0.022274,0,0,0,0,0,0,0,0,0,0,0,0
0.022059,0.022142,0.022359,0,0,0,0,0,0,0,0,0,0,0,0
0.022106,0.022272,0.022229,0,0,0,0,0,0,0,0,0,0,0,0
0.022049,0.022184,0.022418,0,0,0,0,0,0,0,0,0,0,0,0
0.022061,0.022365,0.022236,0,0,0,0,0,0,0,0,0,0,0,0
0.022126,0.022158,0.022242,0,0,0,0,0,0,0,0,0,0,0,0
0.021905,0.02202,0.022134,0,0,0,0,0,0,0,0,0,0,0,0
0.022008,0.02202,0.022226,0,0,0,0,0,0,0,0,0,0,0,0
0.022043,0.022168,0.022185,0,0,0,0,0,0,0,0,0,0,0,0
0.022065,0.022097,0.022233,0,0,0,0,0,0,0,0,0,0,0,0
0.021989,0.022111,0.022225,0,0,0,0,0,0,0,0,0,0,0,0
0.022158,0.022091,0.022267,0,0,0,0,0,0,0,0,0,0,0,0
0.022802,0.022927,0.023111,0,0,0,0,0,0,0,0,0,0,0,0
0.022382,0.022266,0.022458,0,0,0,0,0,0,0,0,0,0,0,0
0.021989,0.022135,0.022256,0,0,0,0,0,0,0,0,0,0,0,0
0.022883,0.022899,0.022996,0,0,0,0,0,0,0,0,0,0,0,0
0.02275,0.022869,0.0229,0,0,0,0,0,0,0,0,0,0,0,0
0.023521,0.023463,0.023576,0,0,0,0,0,0,0,0,0,0,0,0
0.02337,0.023446,0.023658,0,0,0,0,0,0,0,0,0,0,0,0
0.023302,0.023431,0.023534,0,0,0,0,0,0,0,0,0,0,0,0
0.023261,0.023376,0.023459,0,0,0,0,0,0,0,0,0,0,0,0
0.022908,0.023027,0.023167,0,0,0,0,0,0,0,0,0,0,0,0
0.023366,0.023443,0.023608,0,0,0,0,0,0,0,0,0,0,0,0
0.023691,0.023736,0.023767,0,0,0,0,0,0,0,0,0,0,0,0
0.023641,0.023643,0.02372,0,0,0,0,0,0,0,0,0,0,0,0
0.022987,0.023087,0.023139,0,0,0,0,0,0,0,0,0,0,0,0
0.023604,0.023663,0.023762,0,0,0,0,0,0,0,0,0,0,0,0
0.023103,0.0231,0.023086,0,0,0,0,0,0,0,0,0,0,0,0
0.022981,0.022908,0.023006,0,0,0,0,0,0,0,0,0,0,0,0
0.023406,0.023553,0.023598,0,0,0,0,0,0,0,0,0,0,0,0
0.023531,0.023618,0.023723,0,0,0,0,0,0,0,0,0,0,0,0
0.022894,0.022956,0.02301,0,0,0,0,0,0,0,0,0,0,0,0
0.022853,0.022908,0.023165,0,0,0,0,0,0,0,0,0,0,0,0
0.022964,0.023048,0.023065,0,0,0,0,0,0,0,0,0,0,0,0
0.022942,0.022994,0.023076,0,0,0,0,0,0,0,0,0,0,0,0
0.022936,0.023032,0.023126,0,0,0,0,0,0,0,0,0,0,0,0
0.022939,0.023028,0.023138,0,0,0,0,0,0,0,0,0,0,0,0
0.023646,0.023762,0.023865,0,0,0,0,0,0,0,0,0,0,0,0
0.023603,0.023727,0.023832,0,0,0,0,0,0,0,0,0,0,0,0
0.023631,0.023758,0.023828,0,0,0,0,0,0,0,0,0,0,0,0
0.023634,0.023825,0.023834,0,0,0,0,0,0,0,0,0,0,0,0
0.02362,0.023769,0.023919,0,0,0,0,0,0,0,0,0,0,0,0
0.023651,0.023721,0.023826,0,0,0,0,0,0,0,0,0,0,0,0
0.022932,0.023018,0.023177,0,0,0,0,0,0,0,0,0,0,0,0
0.023316,0.02339,0.022354,0,0,0,0,0,0,0,0,0,0,0,0
0.022988,0.023035,0.023137,0,0,0,0,0,0,0,0,0,0,0,0
0.023533,0.023773,0.023851,0,0,0,0,0,0,0,0,0,0,0,0
0.023661,0.023558,0.023665,0,0,0,0,0,0,0,0,0,0,0,0
0.023682,0.023786,0.023859,0,0,0,0,0,0,0,0,0,0,0,0
0.023517,0.023571,0.023748,0,0,0,0,0,0,0,0,0,0,0,0
0.02296,0.02304,0.02326,0,0,0,0,0,0,0,0,0,0,0,0
0.023763,0.023905,0.023902,0,0,0,0,0,0,0,0,0,0,0,0
0.023514,0.023632,0.023721,0,0,0,0,0,0,0,0,0,0,0,0
0.023053,0.023126,0.02317,0,0,0,0,0,0,0,0,0,0,0,0
0.023787,0.023723,0.023921,0,0,0,0,0,0,0,0,0,0,0,0
0.02295,0.023072,0.023187,0,0,0,0,0,0,0,0,0,0,0,0
0.023729,0.023825,0.023559,0,0,0,0,0,0,0,0,0,0,0,0
0.023714,0.023875,0.023821,0,0,0,0,0,0,0,0,0,0,0,0
0.023697,0.023792,0.023524,0,0,0,0,0,0,0,0,0,0,0,0
0.023229,0.023413,0.023424,0,0,0,0,0,0,0,0,0,0,0,0
0.023259,0.023288,0.023089,0,0,0,0,0,0,0,0,0,0,0,0
0.023349,0.023406,0.023417,0,0,0,0,0,0,0,0,0,0,0,0
0.023768,0.02384,0.023551,0,0,0,0,0,0,0,0,0,0,0,0
0.023674,0.023858,0.023944,0,0,0,0,0,0,0,0,0,0,0,0
0.023143,0.023261,0.022841,0,0,0,0,0,0,0,0,0,0,0,0
0.023741,0.022495,0.023855,0,0,0,0,0,0,0,0,0,0,0,0
0.022047,0.023102,0.022848,0,0,0,0,0,0,0,0,0,0,0,0
0.023732,0.023813,0.023803,0,0,0,0,0,0,0,0,0,0,0,0
0.02384,0.023782,0.023608,0,0,0,0,0,0,0,0,0,0,0,0
0.023797,0.023911,0.023879,0,0,0,0,0,0,0,0,0,0,0,0
0.022974,0.023012,0.022862,0,0,0,0,0,0,0,0,0,0,0,0
0.023729,0.023851,0.023864,0,0,0,0,0,0,0,0,0,0,0,0
0.023967,0.023908,0.023715,0,0,0,0,0,0,0,0,0,0,0,0
0.023974,0.024,0.024055,0,0,0,0,0,0,0,0,0,0,0,0
0.02306,0.02303,0.022806,0,0,0,0,0,0,0,0,0,0,0,0
0.02379,0.023897,0.023988,0,0,0,0,0,0,0,0,0,0,0,0
0.023821,0.023798,0.023572,0,0,0,0,0,0,0,0,0,0,0,0
0.023169,0.023267,0.023179,0,0,0,0,0,0,0,0,0,0,0,0
0.023776,0.023912,0.023656,0,0,0,0,0,0,0,0,0,0,0,0
0.02304,0.023167,0.023173,0,0,0,0,0,0,0,0,0,0,0,0
0.023792,0.023911,0.023649,0,0,0,0,0,0,0,0,0,0,0,0
0.02381,0.023869,0.023931,0,0,0,0,0,0,0,0,0,0,0,0
0.023806,0.023901,0.02392,0,0,0,0,0,0,0,0,0,0,0,0
0.023049,0.023161,0.023214,0,0,0,0,0,0,0,0,0,0,0,0
0.023772,0.023925,0.023546,0,0,0,0,0,0,0,0,0,0,0,0
0.023513,0.023703,0.023223,0,0,0,0,0,0,0,0,0,0,0,0
0.023625,0.023815,0.023346,0,0,0,0,0,0,0,0,0,0,0,0
0.023239,0.023286,0.022908,0,0,0,0,0,0,0,0,0,0,0,0
0.023849,0.024113,0.023495,0,0,0,0,0,0,0,0,0,0,0,0
0.023174,0.023176,0.022712,0,0,0,0,0,0,0,0,0,0,0,0
0.023779,0.02394,0.023553,0,0,0,0,0,0,0,0,0,0,0,0
0.024815,0.024993,0.024512,0,0,0,0,0,0,0,0,0,0,0,0
0.025572,0.02563,0.025175,0,0,0,0,0,0,0,0,0,0,0,0
0.025558,0.025611,0.025196,0,0,0,0,0,0,0,0,0,0,0,0
0.024859,0.024999,0.024609,0,0,0,0,0,0,0,0,0,0,0,0
0.023946,0.024114,0.023555,0,0,0,0,0,0,0,0,0,0,0,0
0.025548,0.025587,0.025207,0,0,0,0,0,0,0,0,0,0,0,0
0.025157,0.025036,0.024552,0,0,0,0,0,0,0,0,0,0,0,0
0.024736,0.024883,0.024415,0,0,0,0,0,0,0,0,0,0,0,0
0.023935,0.024049,0.023625,0,0,0,0,0,0,0,0,0,0,0,0
0.024719,0.024984,0.024517,0,0,0,0,0,0,0,0,0,0,0,0
0.024703,0.024909,0.024424,0,0,0,0,0,0,0,0,0,0,0,0
0.024708,0.024946,0.02493,0,0,0,0,0,0,0,0,0,0,0,0
0.024032,0.024126,0.024113,0,0,0,0,0,0,0,0,0,0,0,0
0.024,0.024149,0.023618,0,0,0,0,0,0,0,0,0,0,0,0
0.024786,0.024898,0.024512,0,0,0,0,0,0,0,0,0,0,0,0
0.024997,0.025153,0.024721,0,0,0,0,0,0,0,0,0,0,0,0
0.023913,0.024099,0.02367,0,0,0,0,0,0,0,0,0,0,0,0
0.024778,0.024907,0.024466,0,0,0,0,0,0,0,0,0,0,0,0
0.02399,0.024052,0.023747,0,0,0,0,0,0,0,0,0,0,0,0
0.024983,0.025096,0.024614,0,0,0,0,0,0,0,0,0,0,0,0
0.023999,0.024142,0.023731,0,0,0,0,0,0,0,0,0,0,0,0
0.024757,0.024996,0.024517,0,0,0,0,0,0,0,0,0,0,0,0
0.023999,0.02407,0.023657,0,0,0,0,0,0,0,0,0,0,0,0
0.023926,0.024142,0.023649,0,0,0,0,0,0,0,0,0,0,0,0
0.024085,0.024062,0.023632,0,0,0,0,0,0,0,0,0,0,0,0
0.023235,0.023521,0.022988,0,0,0,0,0,0,0,0,0,0,0,0
0.02416,0.024372,0.023824,0,0,0,0,0,0,0,0,0,0,0,0
0.023047,0.023276,0.022728,0,0,0,0,0,0,0,0,0,0,0,0
0.023874,0.024037,0.02363,0,0,0,0,0,0,0,0,0,0,0,0
0.023047,0.023296,0.022845,0,0,0,0,0,0,0,0,0,0,0,0
0.023878,0.024053,0.02365,0,0,0,0,0,0,0,0,0,0,0,0
0.023032,0.023258,0.022761,0,0,0,0,0,0,0,0,0,0,0,0
0.024116,0.024262,0.023793,0,0,0,0,0,0,0,0,0,0,0,0
0.023449,0.023527,0.023146,0,0,0,0,0,0,0,0,0,0,0,0
0.023637,0.024017,0.023531,0,0,0,0,0,0,0,0,0,0,0,0
0.024526,0.025118,0.024679,0,0,0,0,0,0,0,0,0,0,0,0
0.023414,0.023664,0.023302,0,0,0,0,0,0,0,0,0,0,0,0
0.023835,0.024345,0.02385,0,0,0,0,0,0,0,0,0,0,0,0
0.023599,0.024195,0.023857,0,0,0,0,0,0,0,0,0,0,0,0
0.023637,0.024584,0.024516,0,0,0,0,0,0,0,0,0,0,0,0
0.023867,0.024204,0.024231,0,0,0,0,0,0,0,0,0,0,0,0
0.023111,0.023689,0.023349,0,0,0,0,0,0,0,0,0,0,0,0
0.022991,0.023235,0.02293,0,0,0,0,0,0,0,0,0,0,0,0
0.022739,0.023187,0.022827,0,0,0,0,0,0,0,0,0,0,0,0
0.022907,0.023147,0.022798,0,0,0,0,0,0,0,0,0,0,0,0
0.022623,0.023146,0.022689,0,0,0,0,0,0,0,0,0,0,0,0
0.022824,0.023283,0.022716,0,0,0,0,0,0,0,0,0,0,0,0
0.022517,0.023104,0.022708,0,0,0,0,0,0,0,0,0,0,0,0
0.02383,0.0238,0.023555,0,0,0,0,0,0,0,0,0,0,0,0
0.022515,0.023102,0.022736,0,0,0,0,0,0,0,0,0,0,0,0
0.022917,0.023267,0.022694,0,0,0,0,0,0,0,0,0,0,0,0
0.02289,0.023436,0.022975,0,0,0,0,0,0,0,0,0,0,0,0
0.023272,0.023467,0.023095,0,0,0,0,0,0,0,0,0,0,0,0
0.023617,0.023904,0.023758,0,0,0,0,0,0,0,0,0,0,0,0
0.023089,0.023157,0.022894,0,0,0,0,0,0,0,0,0,0,0,0
0.022725,0.023176,0.022803,0,0,0,0,0,0,0,0,0,0,0,0
0.02329,0.023454,0.023117,0,0,0,0,0,0,0,0,0,0,0,0
0.023669,0.02392,0.023888,0,0,0,0,0,0,0,0,0,0,0,0
0.023036,0.023078,0.022727,0,0,0,0,0,0,0,0,0,0,0,0
0.022606,0.022796,0.022732,0,0,0,0,0,0,0,0,0,0,0,0
0.022952,0.023069,0.022695,0,0,0,0,0,0,0,0,0,0,0,0
0.022827,0.023032,0.022973,0,0,0,0,0,0,0,0,0,0,0,0
0.023148,0.023514,0.023022,0,0,0,0,0,0,0,0,0,0,0,0
0.022985,0.023113,0.023065,0,0,0,0,0,0,0,0,0,0,0,0
0.023879,0.023807,0.023697,0,0,0,0,0,0,0,0,0,0,0,0
0.022777,0.022886,0.022836,0,0,0,0,0,0,0,0,0,0,0,0
0.023099,0.0231,0.022839,0,0,0,0,0,0,0,0,0,0,0,0
0.022687,0.022947,0.022859,0,0,0,0,0,0,0,0,0,0,0,0
0.023042,0.023214,0.023122,0,0,0,0,0,0,0,0,0,0,0,0
0.022735,0.022977,0.023279,0,0,0,0,0,0,0,0,0,0,0,0
0.022968,0.023314,0.022891,0,0,0,0,0,0,0,0,0,0,0,0
0.022709,0.022885,0.02342,0,0,0,0,0,0,0,0,0,0,0,0
0.02396,0.023887,0.024161,0,0,0,0,0,0,0,0,0,0,0,0
0.022727,0.022924,0.022878,0,0,0,0,0,0,0,0,0,0,0,0
0.023864,0.023969,0.023793,0,0,0,0,0,0,0,0,0,0,0,0
0.023392,0.023432,0.02351,0,0,0,0,0,0,0,0,0,0,0,0
0.022995,0.023163,0.02283,0,0,0,0,0,0,0,0,0,0,0,0
0.022688,0.022827,0.022767,0,0,0,0,0,0,0,0,0,0,0,0
0.023128,0.023195,0.022934,0,0,0,0,0,0,0,0,0,0,0,0
0.022752,0.022985,0.022983,0,0,0,0,0,0,0,0,0,0,0,0
0.023064,0.023198,0.02294,0,0,0,0,0,0,0,0,0,0,0,0
0.022809,0.022821,0.022792,0,0,0,0,0,0,0,0,0,0,0,0
0.023123,0.02339,0.022766,0,0,0,0,0,0,0,0,0,0,0,0
0.022726,0.022839,0.022826,0,0,0,0,0,0,0,0,0,0,0,0
0.023074,0.023306,0.022846,0,0,0,0,0,0,0,0,0,0,0,0
0.022685,0.022873,0.022875,0,0,0,0,0,0,0,0,0,0,0,0
0.023093,0.023155,0.022825,0,0,0,0,0,0,0,0,0,0,0,0
0.022761,0.022851,0.022949,0,0,0,0,0,0,0,0,0,0,0,0
0.024662,0.024313,0.024447,0,0,0,0,0,0,0,0,0,0,0,0
0.022787,0.023088,0.023077,0,0,0,0,0,0,0,0,0,0,0,0
0.023056,0.023205,0.02287,0,0,0,0,0,0,0,0,0,0,0,0
0.022715,0.022876,0.022824,0,0,0,0,0,0,0,0,0,0,0,0
0.023986,0.023911,0.023741,0,0,0,0,0,0,0,0,0,0,0,0
0.022772,0.022931,0.022978,0,0,0,0,0,0,0,0,0,0,0,0
0.023113,0.023149,0.022842,0,0,0,0,0,0,0,0,0,0,0,0
0.023058,0.023157,0.023127,0,0,0,0,0,0,0,0,0,0,0,0
0.023863,0.024006,0.023777,0,0,0,0,0,0,0,0,0,0,0,0
0.022677,0.022948,0.022826,0,0,0,0,0,0,0,0,0,0,0,0
0.023159,0.023166,0.022867,0,0,0,0,0,0,0,0,0,0,0,0
0.022655,0.022917,0.022892,0,0,0,0,0,0,0,0,0,0,0,0
0.023032,0.02316,0.022822,0,0,0,0,0,0,0,0,0,0,0,0
0.022675,0.022935,0.022825,0,0,0,0,0,0,0,0,0,0,0,0
0.02307,0.023273,0.022944,0,0,0,0,0,0,0,0,0,0,0,0
0.022811,0.022897,0.02285,0,0,0,0,0,0,0,0,0,0,0,0
0.024092,0.023978,0.023775,0,0,0,0,0,0,0,0,0,0,0,0
0.023605,0.023653,0.02396,0,0,0,0,0,0,0,0,0,0,0,0
0.024042,0.024014,0.023867,0,0,0,0,0,0,0,0,0,0,0,0
0.023734,0.02366,0.023831,0,0,0,0,0,0,0,0,0,0,0,0
0.023047,0.02326,0.022881,0,0,0,0,0,0,0,0,0,0,0,0
0.02361,0.023613,0.023876,0,0,0,0,0,0,0,0,0,0,0,0
0.023164,0.023345,0.022876,0,0,0,0,0,0,0,0,0,0,0,0
0.02266,0.022871,0.022837,0,0,0,0,0,0,0,0,0,0,0,0
0.023563,0.02395,0.023819,0,0,0,0,0,0,0,0,0,0,0,0
0.022763,0.0229,0.022885,0,0,0,0,0,0,0,0,0,0,0,0
0.022602,0.023241,0.022859,0,0,0,0,0,0,0,0,0,0,0,0
0.02282,0.023204,0.023157,0,0,0,0,0,0,0,0,0,0,0,0
0.022603,0.023277,0.022794,0,0,0,0,0,0,0,0,0,0,0,0
0.022826,0.023162,0.02315,0,0,0,0,0,0,0,0,0,0,0,0
0.022512,0.023197,0.02279,0,0,0,0,0,0,0,0,0,0,0,0
0.022919,0.023106,0.023106,0,0,0,0,0,0,0,0,0,0,0,0
0.022497,0.02315,0.02276,0,0,0,0,0,0,0,0,0,0,0,0
0.022518,0.02284,0.022806,0,0,0,0,0,0,0,0,0,0,0,0
0.022538,0.0232,0.022892,0,0,0,0,0,0,0,0,0,0,0,0
0.022586,0.022923,0.022829,0,0,0,0,0,0,0,0,0,0,0,0
0.023436,0.023917,0.023871,0,0,0,0,0,0,0,0,0,0,0,0
0.022713,0.022969,0.022903,0,0,0,0,0,0,0,0,0,0,0,0
0.0235,0.023953,0.023868,0,0,0,0,0,0,0,0,0,0,0,0
0.02345,0.023858,0.0238,0,0,0,0,0,0,0,0,0,0,0,0
0.023478,0.023926,0.023872,0,0,0,0,0,0,0,0,0,0,0,0
0.02367,0.023594,0.023988,0,0,0,0,0,0,0,0,0,0,0,0
0.022642,0.022779,0.022891,0,0,0,0,0,0,0,0,0,0,0,0
0.022505,0.022762,0.022808,0,0,0,0,0,0,0,0,0,0,0,0
0.022589,0.0227,0.022784,0,0,0,0,0,0,0,0,0,0,0,0
0.023477,0.0235,0.023712,0,0,0,0,0,0,0,0,0,0,0,0
0.022717,0.022877,0.022872,0,0,0,0,0,0,0,0,0,0,0,0
0.022607,0.022832,0.02297,0,0,0,0,0,0,0,0,0,0,0,0
0.022699,0.022833,0.022879,0,0,0,0,0,0,0,0,0,0,0,0
0.022622,0.022842,0.02288,0,0,0,0,0,0,0,0,0,0,0,0
0.023677,0.023511,0.023887,0,0,0,0,0,0,0,0,0,0,0,0
0.022734,0.022886,0.02297,0,0,0,0,0,0,0,0,0,0,0,0
0.022776,0.022848,0.022918,0,0,0,0,0,0,0,0,0,0,0,0
0.022647,0.022899,0.022946,0,0,0,0,0,0,0,0,0,0,0,0
0.022682,0.022845,0.022894,0,0,0,0,0,0,0,0,0,0,0,0
0.022634,0.022795,0.022868,0,0,0,0,0,0,0,0,0,0,0,0
0.022782,0.022897,0.022946,0,0,0,0,0,0,0,0,0,0,0,0
0.022706,0.022823,0.022945,0,0,0,0,0,0,0,0,0,0,0,0
0.022684,0.022797,0.022905,0,0,0,0,0,0,0,0,0,0,0,0
0.02275,0.022941,0.022951,0,0,0,0,0,0,0,0,0,0,0,0
0.022879,0.022892,0.022896,0,0,0,0,0,0,0,0,0,0,0,0
0.022616,0.022903,0.022935,0,0,0,0,0,0,0,0,0,0,0,0
0.022614,0.022788,0.022873,0,0,0,0,0,0,0,0,0,0,0,0
0.022686,0.022855,0.02296,0,0,0,0,0,0,0,0,0,0,0,0
0.022959,0.023177,0.023217,0,0,0,0,0,0,0,0,0,0,0,0
0.022696,0.022919,0.022953,0,0,0,0,0,0,0,0,0,0,0,0
0.022682,0.022833,0.022936,0,0,0,0,0,0,0,0,0,0,0,0
0.022551,0.022872,0.02291,0,0,0,0,0,0,0,0,0,0,0,0
0.022713,0.022877,0.022901,0,0,0,0,0,0,0,0,0,0,0,0
0.022718,0.022887,0.022883,0,0,0,0,0,0,0,0,0,0,0,0
0.022657,0.022888,0.022912,0,0,0,0,0,0,0,0,0,0,0,0
0.022665,0.02284,0.022911,0,0,0,0,0,0,0,0,0,0,0,0
0.022681,0.022845,0.022971,0,0,0,0,0,0,0,0,0,0,0,0
0.022644,0.022891,0.022909,0,0,0,0,0,0,0,0,0,0,0,0
0.022663,0.0228,0.022941,0,0,0,0,0,0,0,0,0,0,0,0
0.022946,0.023177,0.023219,0,0,0,0,0,0,0,0,0,0,0,0
0.022652,0.02287,0.021881,0,0,0,0,0,0,0,0,0,0,0,0
0.022792,0.023129,0.023136,0,0,0,0,0,0,0,0,0,0,0,0
0.022639,0.022887,0.022939,0,0,0,0,0,0,0,0,0,0,0,0
0.022667,0.022913,0.022903,0,0,0,0,0,0,0,0,0,0,0,0
0.022669,0.022761,0.022895,0,0,0,0,0,0,0,0,0,0,0,0
0.022803,0.022875,0.022916,0,0,0,0,0,0,0,0,0,0,0,0
0.022669,0.022827,0.022925,0,0,0,0,0,0,0,0,0,0,0,0
0.022679,0.022913,0.022878,0,0,0,0,0,0,0,0,0,0,0,0
0.022744,0.022796,0.022887,0,0,0,0,0,0,0,0,0,0,0,0
0.022648,0.022854,0.022869,0,0,0,0,0,0,0,0,0,0,0,0
0.022694,0.02291,0.022879,0,0,0,0,0,0,0,0,0,0,0,0
0.022607,0.022983,0.022921,0,0,0,0,0,0,0,0,0,0,0,0
0.022737,0.022905,0.022928,0,0,0,0,0,0,0,0,0,0,0,0
0.022664,0.022907,0.022864,0,0,0,0,0,0,0,0,0,0,0,0
0.022658,0.02292,0.02291,0,0,0,0,0,0,0,0,0,0,0,0
0.02261,0.022875,0.022885,0,0,0,0,0,0,0,0,0,0,0,0
0.022599,0.022871,0.022863,0,0,0,0,0,0,0,0,0,0,0,0
0.022556,0.022888,0.022847,0,0,0,0,0,0,0,0,0,0,0,0
0.022643,0.022818,0.022876,0,0,0,0,0,0,0,0,0,0,0,0
0.022978,0.023227,0.023202,0,0,0,0,0,0,0,0,0,0,0,0
0.022642,0.021976,0.022935,0,0,0,0,0,0,0,0,0,0,0,0
0.022665,0.022858,0.02289,0,0,0,0,0,0,0,0,0,0,0,0
0.023002,0.023176,0.023247,0,0,0,0,0,0,0,0,0,0,0,0
0.021782,0.023227,0.023177,0,0,0,0,0,0,0,0,0,0,0,0
0.022933,0.023248,0.023246,0,0,0,0,0,0,0,0,0,0,0,0
0.024137,0.024345,0.024519,0,0,0,0,0,0,0,0,0,0,0,0
0.022994,0.02327,0.023288,0,0,0,0,0,0,0,0,0,0,0,0
0.023195,0.023523,0.02362,0,0,0,0,0,0,0,0,0,0,0,0
0.02265,0.022976,0.022969,0,0,0,0,0,0,0,0,0,0,0,0
0.022593,0.022889,0.02292,0,0,0,0,0,0,0,0,0,0,0,0
0.023619,0.023814,0.023881,0,0,0,0,0,0,0,0,0,0,0,0
0.022697,0.022896,0.022881,0,0,0,0,0,0,0,0,0,0,0,0
0.02266,0.022777,0.022848,0,0,0,0,0,0,0,0,0,0,0,0
0.022534,0.022746,0.022745,0,0,0,0,0,0,0,0,0,0,0,0
0.023538,0.02373,0.023837,0,0,0,0,0,0,0,0,0,0,0,0
0.022808,0.023097,0.023127,0,0,0,0,0,0,0,0,0,0,0,0
0.023558,0.023758,0.023891,0,0,0,0,0,0,0,0,0,0,0,0
0.022589,0.022775,0.022837,0,0,0,0,0,0,0,0,0,0,0,0
0.022971,0.023127,0.023176,0,0,0,0,0,0,0,0,0,0,0,0
0.022669,0.02287,0.022935,0,0,0,0,0,0,0,0,0,0,0,0
0.022932,0.023069,0.023179,0,0,0,0,0,0,0,0,0,0,0,0
0.022652,0.022912,0.022949,0,0,0,0,0,0,0,0,0,0,0,0
0.022703,0.022816,0.022997,0,0,0,0,0,0,0,0,0,0,0,0
0.022637,0.022811,0.022926,0,0,0,0,0,0,0,0,0,0,0,0
0.022568,0.022723,0.022853,0,0,0,0,0,0,0,0,0,0,0,0
0.022542,0.022784,0.022762,0,0,0,0,0,0,0,0,0,0,0,0
0.022518,0.022751,0.022805,0,0,0,0,0,0,0,0,0,0,0,0
0.022576,0.022728,0.022846,0,0,0,0,0,0,0,0,0,0,0,0
0.022635,0.022865,0.022913,0,0,0,0,0,0,0,0,0,0,0,0
0.022595,0.022876,0.022928,0,0,0,0,0,0,0,0,0,0,0,0
0.022671,0.022908,0.022959,0,0,0,0,0,0,0,0,0,0,0,0
0.02296,0.023188,0.023353,0,0,0,0,0,0,0,0,0,0,0,0
0.022745,0.02291,0.023033,0,0,0,0,0,0,0,0,0,0,0,0
0.022699,0.022922,0.022927,0,0,0,0,0,0,0,0,0,0,0,0
0.022693,0.02291,0.023045,0,0,0,0,0,0,0,0,0,0,0,0
0.022914,0.022906,0.023004,0,0,0,0,0,0,0,0,0,0,0,0
0.022745,0.022892,0.023035,0,0,0,0,0,0,0,0,0,0,0,0
0.022764,0.022854,0.023007,0,0,0,0,0,0,0,0,0,0,0,0
0.022721,0.022938,0.023076,0,0,0,0,0,0,0,0,0,0,0,0
0.022757,0.022907,0.023014,0,0,0,0,0,0,0,0,0,0,0,0
0.022647,0.022912,0.023056,0,0,0,0,0,0,0,0,0,0,0,0
0.023918,0.023811,0.024249,0,0,0,0,0,0,0,0,0,0,0,0
0.022771,0.022852,0.022932,0,0,0,0,0,0,0,0,0,0,0,0
0.02261,0.022919,0.022977,0,0,0,0,0,0,0,0,0,0,0,0
0.022733,0.022828,0.022988,0,0,0,0,0,0,0,0,0,0,0,0
0.022701,0.022856,0.02295,0,0,0,0,0,0,0,0,0,0,0,0
0.02268,0.022912,0.023032,0,0,0,0,0,0,0,0,0,0,0,0
0.022704,0.022887,0.022946,0,0,0,0,0,0,0,0,0,0,0,0
0.022705,0.022888,0.023014,0,0,0,0,0,0,0,0,0,0,0,0
0.022735,0.022888,0.02294,0,0,0,0,0,0,0,0,0,0,0,0
0.022764,0.022868,0.023024,0,0,0,0,0,0,0,0,0,0,0,0
0.022727,0.022877,0.022921,0,0,0,0,0,0,0,0,0,0,0,0
0.022691,0.022826,0.022982,0,0,0,0,0,0,0,0,0,0,0,0
0.022722,0.022813,0.023019,0,0,0,0,0,0,0,0,0,0,0,0
0.022746,0.022868,0.022975,0,0,0,0,0,0,0,0,0,0,0,0
0.022714,0.022847,0.022948,0,0,0,0,0,0,0,0,0,0,0,0
0.022725,0.02283,0.023035,0,0,0,0,0,0,0,0,0,0,0,0
0.022646,0.022828,0.022905,0,0,0,0,0,0,0,0,0,0,0,0
0.022696,0.022906,0.022975,0,0,0,0,0,0,0,0,0,0,0,0
0.022756,0.022843,0.02297,0,0,0,0,0,0,0,0,0,0,0,0
0.022749,0.022863,0.022939,0,0,0,0,0,0,0,0,0,0,0,0
0.022725,0.023037,0.023015,0,0,0,0,0,0,0,0,0,0,0,0
0.022697,0.022898,0.022899,0,0,0,0,0,0,0,0,0,0,0,0
0.022726,0.022848,0.022929,0,0,0,0,0,0,0,0,0,0,0,0
0.022764,0.022869,0.023101,0,0,0,0,0,0,0,0,0,0,0,0
0.022634,0.022817,0.022943,0,0,0,0,0,0,0,0,0,0,0,0
0.022669,0.022881,0.02306,0,0,0,0,0,0,0,0,0,0,0,0
0.022995,0.023169,0.023326,0,0,0,0,0,0,0,0,0,0,0,0
0.023003,0.023184,0.023276,0,0,0,0,0,0,0,0,0,0,0,0
0.022606,0.022807,0.022938,0,0,0,0,0,0,0,0,0,0,0,0
0.022988,0.023204,0.02337,0,0,0,0,0,0,0,0,0,0,0,0
0.022678,0.023276,0.023081,0,0,0,0,0,0,0,0,0,0,0,0
0.022702,0.023239,0.023002,0,0,0,0,0,0,0,0,0,0,0,0
0.022677,0.022871,0.022992,0,0,0,0,0,0,0,0,0,0,0,0
0.022702,0.02321,0.023077,0,0,0,0,0,0,0,0,0,0,0,0
0.022634,0.023263,0.023025,0,0,0,0,0,0,0,0,0,0,0,0
0.022706,0.022863,0.022995,0,0,0,0,0,0,0,0,0,0,0,0
0.022636,0.022898,0.02294,0,0,0,0,0,0,0,0,0,0,0,0
0.023003,0.023171,0.0233,0,0,0,0,0,0,0,0,0,0,0,0
0.022749,0.024047,0.022974,0,0,0,0,0,0,0,0,0,0,0,0
0.02273,0.02335,0.023149,0,0,0,0,0,0,0,0,0,0,0,0
0.022706,0.022917,0.02296,0,0,0,0,0,0,0,0,0,0,0,0
0.022683,0.022948,0.023083,0,0,0,0,0,0,0,0,0,0,0,0
0.022724,0.022959,0.022957,0,0,0,0,0,0,0,0,0,0,0,0
0.023016,0.023228,0.023259,0,0,0,0,0,0,0,0,0,0,0,0
0.022696,0.022952,0.022981,0,0,0,0,0,0,0,0,0,0,0,0
0.023543,0.023593,0.02382,0,0,0,0,0,0,0,0,0,0,0,0
0.022752,0.023342,0.022945,0,0,0,0,0,0,0,0,0,0,0,0
0.022717,0.023163,0.023064,0,0,0,0,0,0,0,0,0,0,0,0
0.022817,0.02313,0.023008,0,0,0,0,0,0,0,0,0,0,0,0
0.022767,0.023031,0.023019,0,0,0,0,0,0,0,0,0,0,0,0
0.022713,0.023085,0.023052,0,0,0,0,0,0,0,0,0,0,0,0
0.022762,0.023538,0.023012,0,0,0,0,0,0,0,0,0,0,0,0
0.022752,0.023565,0.023109,0,0,0,0,0,0,0,0,0,0,0,0
0.022689,0.023113,0.023104,0,0,0,0,0,0,0,0,0,0,0,0
0.023005,0.023338,0.023371,0,0,0,0,0,0,0,0,0,0,0,0
0.022825,0.023635,0.023054,0,0,0,0,0,0,0,0,0,0,0,0
0.02278,0.023156,0.022986,0,0,0,0,0,0,0,0,0,0,0,0
0.022754,0.023538,0.022985,0,0,0,0,0,0,0,0,0,0,0,0
0.022761,0.023633,0.023,0,0,0,0,0,0,0,0,0,0,0,0
0.022771,0.023209,0.02304,0,0,0,0,0,0,0,0,0,0,0,0
0.022731,0.023139,0.022965,0,0,0,0,0,0,0,0,0,0,0,0
0.022781,0.023175,0.023029,0,0,0,0,0,0,0,0,0,0,0,0
0.022763,0.023572,0.023017,0,0,0,0,0,0,0,0,0,0,0,0
0.022777,0.023582,0.023044,0,0,0,0,0,0,0,0,0,0,0,0
0.022743,0.023318,0.023013,0,0,0,0,0,0,0,0,0,0,0,0
0.022759,0.023594,0.023073,0,0,0,0,0,0,0,0,0,0,0,0
0.023048,0.024003,0.023369,0,0,0,0,0,0,0,0,0,0,0,0
0.022731,0.02327,0.023009,0,0,0,0,0,0,0,0,0,0,0,0
0.022757,0.023245,0.022976,0,0,0,0,0,0,0,0,0,0,0,0
0.022829,0.023676,0.023083,0,0,0,0,0,0,0,0,0,0,0,0
0.022729,0.02375,0.022949,0,0,0,0,0,0,0,0,0,0,0,0
0.022871,0.023228,0.023085,0,0,0,0,0,0,0,0,0,0,0,0
0.022747,0.02369,0.02301,0,0,0,0,0,0,0,0,0,0,0,0
0.022711,0.023692,0.023032,0,0,0,0,0,0,0,0,0,0,0,0
0.022684,0.023877,0.022992,0,0,0,0,0,0,0,0,0,0,0,0
0.022709,0.023382,0.022921,0,0,0,0,0,0,0,0,0,0,0,0
0.022698,0.02372,0.022941,0,0,0,0,0,0,0,0,0,0,0,0
0.022752,0.023818,0.023045,0,0,0,0,0,0,0,0,0,0,0,0
0.022988,0.023683,0.023346,0,0,0,0,0,0,0,0,0,0,0,0
0.022816,0.023775,0.023001,0,0,0,0,0,0,0,0,0,0,0,0
0.022653,0.023915,0.023008,0,0,0,0,0,0,0,0,0,0,0,0
0.022755,0.024011,0.022967,0,0,0,0,0,0,0,0,0,0,0,0
0.022753,0.023957,0.023009,0,0,0,0,0,0,0,0,0,0,0,0
0.022704,0.023916,0.022989,0,0,0,0,0,0,0,0,0,0,0,0
0.022746,0.023527,0.02301,0,0,0,0,0,0,0,0,0,0,0,0
0.02306,0.023735,0.023304,0,0,0,0,0,0,0,0,0,0,0,0
0.022216,0.022982,0.022375,0,0,0,0,0,0,0,0,0,0,0,0
0.021905,0.02269,0.022266,0,0,0,0,0,0,0,0,0,0,0,0
0.021909,0.02257,0.022193,0,0,0,0,0,0,0,0,0,0,0,0
0.021843,0.023168,0.022145,0,0,0,0,0,0,0,0,0,0,0,0
0.021881,0.023146,0.022152,0,0,0,0,0,0,0,0,0,0,0,0
0.021841,0.023207,0.022166,0,0,0,0,0,0,0,0,0,0,0,0
0.021897,0.022757,0.022187,0,0,0,0,0,0,0,0,0,0,0,0
0.021899,0.022805,0.022119,0,0,0,0,0,0,0,0,0,0,0,0
0.021925,0.023064,0.022103,0,0,0,0,0,0,0,0,0,0,0,0
0.021926,0.023344,0.022266,0,0,0,0,0,0,0,0,0,0,0,0
0.021855,0.022758,0.022134,0,0,0,0,0,0,0,0,0,0,0,0
0.021964,0.022771,0.022305,0,0,0,0,0,0,0,0,0,0,0,0
0.022115,0.024403,0.0226,0,0,0,0,0,0,0,0,0,0,0,0
0.021926,0.022839,0.022172,0,0,0,0,0,0,0,0,0,0,0,0
0.021877,0.022775,0.022235,0,0,0,0,0,0,0,0,0,0,0,0
0.021854,0.022739,0.022101,0,0,0,0,0,0,0,0,0,0,0,0
0.021862,0.022793,0.022124,0,0,0,0,0,0,0,0,0,0,0,0
0.021818,0.022812,0.022188,0,0,0,0,0,0,0,0,0,0,0,0
0.021888,0.022786,0.022099,0,0,0,0,0,0,0,0,0,0,0,0
0.021834,0.023191,0.022154,0,0,0,0,0,0,0,0,0,0,0,0
0.021827,0.023203,0.022127,0,0,0,0,0,0,0,0,0,0,0,0
0.02189,0.023524,0.022157,0,0,0,0,0,0,0,0,0,0,0,0
0.021891,0.023344,0.022093,0,0,0,0,0,0,0,0,0,0,0,0
0.021828,0.023335,0.022158,0,0,0,0,0,0,0,0,0,0,0,0
0.021849,0.022877,0.02219,0,0,0,0,0,0,0,0,0,0,0,0
0.021804,0.022832,0.022044,0,0,0,0,0,0,0,0,0,0,0,0
0.021752,0.022915,0.022043,0,0,0,0,0,0,0,0,0,0,0,0
0.021949,0.023222,0.022095,0,0,0,0,0,0,0,0,0,0,0,0
0.021907,0.023387,0.022035,0,0,0,0,0,0,0,0,0,0,0,0
0.021953,0.022886,0.022092,0,0,0,0,0,0,0,0,0,0,0,0
0.021888,0.022887,0.022181,0,0,0,0,0,0,0,0,0,0,0,0
0.021892,0.022887,0.022121,0,0,0,0,0,0,0,0,0,0,0,0
0.021831,0.022831,0.022128,0,0,0,0,0,0,0,0,0,0,0,0
0.021831,0.022885,0.022114,0,0,0,0,0,0,0,0,0,0,0,0
0.0218,0.022839,0.022045,0,0,0,0,0,0,0,0,0,0,0,0
0.021856,0.02298,0.022141,0,0,0,0,0,0,0,0,0,0,0,0
0.021866,0.0229,0.022116,0,0,0,0,0,0,0,0,0,0,0,0
0.021875,0.022887,0.022078,0,0,0,0,0,0,0,0,0,0,0,0
0.02179,0.023212,0.022096,0,0,0,0,0,0,0,0,0,0,0,0
0.02184,0.023384,0.022157,0,0,0,0,0,0,0,0,0,0,0,0
0.021862,0.022885,0.022121,0,0,0,0,0,0,0,0,0,0,0,0
0.021789,0.022939,0.022121,0,0,0,0,0,0,0,0,0,0,0,0
0.021803,0.023229,0.021988,0,0,0,0,0,0,0,0,0,0,0,0
0.02177,0.023445,0.022136,0,0,0,0,0,0,0,0,0,0,0,0
0.021789,0.022878,0.022099,0,0,0,0,0,0,0,0,0,0,0,0
0.02182,0.022831,0.02207,0,0,0,0,0,0,0,0,0,0,0,0
0.021762,0.022888,0.022048,0,0,0,0,0,0,0,0,0,0,0,0
0.02182,0.022876,0.022126,0,0,0,0,0,0,0,0,0,0,0,0
0.021804,0.023296,0.022077,0,0,0,0,0,0,0,0,0,0,0,0
0.021874,0.023288,0.022146,0,0,0,0,0,0,0,0,0,0,0,0
0.021907,0.023002,0.022041,0,0,0,0,0,0,0,0,0,0,0,0
0.02184,0.022902,0.022244,0,0,0,0,0,0,0,0,0,0,0,0
0.021844,0.023028,0.02211,0,0,0,0,0,0,0,0,0,0,0,0
0.021882,0.022946,0.022186,0,0,0,0,0,0,0,0,0,0,0,0
0.021914,0.022947,0.02212,0,0,0,0,0,0,0,0,0,0,0,0
0.021883,0.023008,0.022105,0,0,0,0,0,0,0,0,0,0,0,0
0.022131,0.023254,0.022415,0,0,0,0,0,0,0,0,0,0,0,0
0.021837,0.022946,0.022066,0,0,0,0,0,0,0,0,0,0,0,0
0.021767,0.022931,0.021955,0,0,0,0,0,0,0,0,0,0,0,0
0.021763,0.02275,0.022132,0,0,0,0,0,0,0,0,0,0,0,0
0.02172,0.02288,0.02188,0,0,0,0,0,0,0,0,0,0,0,0
0.021712,0.022818,0.021969,0,0,0,0,0,0,0,0,0,0,0,0
0.021973,0.023187,0.022203,0,0,0,0,0,0,0,0,0,0,0,0
0.021715,0.023265,0.022054,0,0,0,0,0,0,0,0,0,0,0,0
0.021787,0.023363,0.022036,0,0,0,0,0,0,0,0,0,0,0,0
0.021814,0.022965,0.022159,0,0,0,0,0,0,0,0,0,0,0,0
0.021822,0.022933,0.022116,0,0,0,0,0,0,0,0,0,0,0,0
0.022341,0.023306,0.02262,0,0,0,0,0,0,0,0,0,0,0,0
0.021917,0.022964,0.0221,0,0,0,0,0,0,0,0,0,0,0,0
0.021912,0.022984,0.021001,0,0,0,0,0,0,0,0,0,0,0,0
0.021841,0.022919,0.022069,0,0,0,0,0,0,0,0,0,0,0,0
0.021819,0.023315,0.022138,0,0,0,0,0,0,0,0,0,0,0,0
0.0222,0.023731,0.022477,0,0,0,0,0,0,0,0,0,0,0,0
0.021879,0.023077,0.022128,0,0,0,0,0,0,0,0,0,0,0,0
0.021758,0.023002,0.022141,0,0,0,0,0,0,0,0,0,0,0,0
0.021785,0.022867,0.022118,0,0,0,0,0,0,0,0,0,0,0,0
0.021808,0.022949,0.022091,0,0,0,0,0,0,0,0,0,0,0,0
0.021766,0.02327,0.022095,0,0,0,0,0,0,0,0,0,0,0,0
0.021803,0.023339,0.022091,0,0,0,0,0,0,0,0,0,0,0,0
0.021796,0.02296,0.022133,0,0,0,0,0,0,0,0,0,0,0,0
0.021873,0.023389,0.02208,0,0,0,0,0,0,0,0,0,0,0,0
0.021831,0.023425,0.022145,0,0,0,0,0,0,0,0,0,0,0,0
0.021916,0.022939,0.022092,0,0,0,0,0,0,0,0,0,0,0,0
0.021884,0.022901,0.02218,0,0,0,0,0,0,0,0,0,0,0,0
0.021772,0.022843,0.022168,0,0,0,0,0,0,0,0,0,0,0,0
0.021799,0.022958,0.022045,0,0,0,0,0,0,0,0,0,0,0,0
0.021946,0.022332,0.02215,0,0,0,0,0,0,0,0,0,0,0,0
0.02196,0.023407,0.022199,0,0,0,0,0,0,0,0,0,0,0,0
0.021793,0.022936,0.02205,0,0,0,0,0,0,0,0,0,0,0,0
0.021843,0.023351,0.022041,0,0,0,0,0,0,0,0,0,0,0,0
0.021797,0.023377,0.022099,0,0,0,0,0,0,0,0,0,0,0,0
0.021913,0.023015,0.022045,0,0,0,0,0,0,0,0,0,0,0,0
0.021873,0.022941,0.0221,0,0,0,0,0,0,0,0,0,0,0,0
0.021833,0.022871,0.022171,0,0,0,0,0,0,0,0,0,0,0,0
0.021853,0.022926,0.022198,0,0,0,0,0,0,0,0,0,0,0,0
0.021893,0.023365,0.022106,0,0,0,0,0,0,0,0,0,0,0,0
0.020746,0.023411,0.022065,0,0,0,0,0,0,0,0,0,0,0,0
0.021998,0.022976,0.022158,0,0,0,0,0,0,0,0,0,0,0,0
0.021848,0.023326,0.022126,0,0,0,0,0,0,0,0,0,0,0,0
0.021895,0.02341,0.022093,0,0,0,0,0,0,0,0,0,0,0,0
0.02184,0.022901,0.02208,0,0,0,0,0,0,0,0,0,0,0,0
0.021909,0.022979,0.022144,0,0,0,0,0,0,0,0,0,0,0,0
0.021875,0.022901,0.022161,0,0,0,0,0,0,0,0,0,0,0,0
0.021923,0.023013,0.022158,0,0,0,0,0,0,0,0,0,0,0,0
0.021802,0.022885,0.022006,0,0,0,0,0,0,0,0,0,0,0,0
0.021985,0.022964,0.022137,0,0,0,0,0,0,0,0,0,0,0,0
0.022073,0.022933,0.022165,0,0,0,0,0,0,0,0,0,0,0,0
0.021911,0.023037,0.022095,0,0,0,0,0,0,0,0,0,0,0,0
0.021927,0.02289,0.022202,0,0,0,0,0,0,0,0,0,0,0,0
0.021938,0.02293,0.022261,0,0,0,0,0,0,0,0,0,0,0,0
0.02194,0.02293,0.022199,0,0,0,0,0,0,0,0,0,0,0,0
0.02215,0.023255,0.022536,0,0,0,0,0,0,0,0,0,0,0,0
0.021935,0.022907,0.022214,0,0,0,0,0,0,0,0,0,0,0,0
0.021875,0.022934,0.02213,0,0,0,0,0,0,0,0,0,0,0,0
0.02188,0.023302,0.022213,0,0,0,0,0,0,0,0,0,0,0,0
0.022165,0.023713,0.022576,0,0,0,0,0,0,0,0,0,0,0,0
0.021892,0.022926,0.022226,0,0,0,0,0,0,0,0,0,0,0,0
0.02191,0.022913,0.02221,0,0,0,0,0,0,0,0,0,0,0,0
0.021853,0.023325,0.022176,0,0,0,0,0,0,0,0,0,0,0,0
0.02217,0.023634,0.022475,0,0,0,0,0,0,0,0,0,0,0,0
0.021859,0.022962,0.022291,0,0,0,0,0,0,0,0,0,0,0,0
0.021902,0.022929,0.022236,0,0,0,0,0,0,0,0,0,0,0,0
0.022142,0.023214,0.022483,0,0,0,0,0,0,0,0,0,0,0,0
0.021925,0.022867,0.022244,0,0,0,0,0,0,0,0,0,0,0,0
0.02191,0.022942,0.02218,0,0,0,0,0,0,0,0,0,0,0,0
0.021879,0.022907,0.022224,0,0,0,0,0,0,0,0,0,0,0,0
0.021871,0.022897,0.022181,0,0,0,0,0,0,0,0,0,0,0,0
0.021894,0.023279,0.022204,0,0,0,0,0,0,0,0,0,0,0,0
0.022205,0.023756,0.022496,0,0,0,0,0,0,0,0,0,0,0,0
0.022088,0.022908,0.022162,0,0,0,0,0,0,0,0,0,0,0,0
0.021885,0.022898,0.022272,0,0,0,0,0,0,0,0,0,0,0,0
0.021823,0.022867,0.022215,0,0,0,0,0,0,0,0,0,0,0,0
0.021823,0.02286,0.022149,0,0,0,0,0,0,0,0,0,0,0,0
0.021822,0.022868,0.02212,0,0,0,0,0,0,0,0,0,0,0,0
0.02195,0.022844,0.022123,0,0,0,0,0,0,0,0,0,0,0,0
0.021832,0.022882,0.022118,0,0,0,0,0,0,0,0,0,0,0,0
0.021778,0.022859,0.022087,0,0,0,0,0,0,0,0,0,0,0,0
0.021835,0.022875,0.022095,0,0,0,0,0,0,0,0,0,0,0,0
0.021859,0.022827,0.022105,0,0,0,0,0,0,0,0,0,0,0,0
0.021793,0.022832,0.022162,0,0,0,0,0,0,0,0,0,0,0,0
0.021853,0.022804,0.022107,0,0,0,0,0,0,0,0,0,0,0,0
0.021848,0.022818,0.0221,0,0,0,0,0,0,0,0,0,0,0,0
0.021812,0.02288,0.022118,0,0,0,0,0,0,0,0,0,0,0,0
0.02182,0.023334,0.02208,0,0,0,0,0,0,0,0,0,0,0,0
0.021898,0.022869,0.02212,0,0,0,0,0,0,0,0,0,0,0,0
0.021832,0.022977,0.022123,0,0,0,0,0,0,0,0,0,0,0,0
0.021821,0.023016,0.022061,0,0,0,0,0,0,0,0,0,0,0,0
0.021856,0.022926,0.022179,0,0,0,0,0,0,0,0,0,0,0,0
0.021866,0.022905,0.022073,0,0,0,0,0,0,0,0,0,0,0,0
0.021784,0.022916,0.022093,0,0,0,0,0,0,0,0,0,0,0,0
0.021763,0.022992,0.022184,0,0,0,0,0,0,0,0,0,0,0,0
0.021777,0.022877,0.02215,0,0,0,0,0,0,0,0,0,0,0,0
0.021871,0.022911,0.022153,0,0,0,0,0,0,0,0,0,0,0,0
0.021941,0.022974,0.022154,0,0,0,0,0,0,0,0,0,0,0,0
0.021853,0.022995,0.022104,0,0,0,0,0,0,0,0,0,0,0,0
0.021838,0.023011,0.022112,0,0,0,0,0,0,0,0,0,0,0,0
0.021869,0.022929,0.022151,0,0,0,0,0,0,0,0,0,0,0,0
0.021877,0.022991,0.022219,0,0,0,0,0,0,0,0,0,0,0,0
0.021946,0.022907,0.022183,0,0,0,0,0,0,0,0,0,0,0,0
0.021862,0.023006,0.022184,0,0,0,0,0,0,0,0,0,0,0,0
0.021849,0.022931,0.022139,0,0,0,0,0,0,0,0,0,0,0,0
0.02193,0.02301,0.022253,0,0,0,0,0,0,0,0,0,0,0,0
0.02186,0.022998,0.022215,0,0,0,0,0,0,0,0,0,0,0,0
0.022846,0.023831,0.023077,0,0,0,0,0,0,0,0,0,0,0,0
0.022687,0.023837,0.023116,0,0,0,0,0,0,0,0,0,0,0,0
0.022712,0.023846,0.023015,0,0,0,0,0,0,0,0,0,0,0,0
0.022761,0.023811,0.023022,0,0,0,0,0,0,0,0,0,0,0,0
0.021812,0.022975,0.022161,0,0,0,0,0,0,0,0,0,0,0,0
0.021799,0.022976,0.022149,0,0,0,0,0,0,0,0,0,0,0,0
0.021944,0.022992,0.022133,0,0,0,0,0,0,0,0,0,0,0,0
0.021864,0.022973,0.022245,0,0,0,0,0,0,0,0,0,0,0,0
0.021871,0.022978,0.022148,0,0,0,0,0,0,0,0,0,0,0,0
0.021787,0.022995,0.022094,0,0,0,0,0,0,0,0,0,0,0,0
0.021761,0.02296,0.022125,0,0,0,0,0,0,0,0,0,0,0,0
0.021813,0.022974,0.022172,0,0,0,0,0,0,0,0,0,0,0,0
0.021902,0.023016,0.022241,0,0,0,0,0,0,0,0,0,0,0,0
0.022194,0.023239,0.02255,0,0,0,0,0,0,0,0,0,0,0,0
0.021812,0.022928,0.022151,0,0,0,0,0,0,0,0,0,0,0,0
0.024102,0.025155,0.024403,0,0,0,0,0,0,0,0,0,0,0,0
0.023077,0.024216,0.023398,0,0,0,0,0,0,0,0,0,0,0,0
0.024044,0.025251,0.02436,0,0,0,0,0,0,0,0,0,0,0,0
0.024007,0.025308,0.024427,0,0,0,0,0,0,0,0,0,0,0,0
0.025624,0.026937,0.026155,0,0,0,0,0,0,0,0,0,0,0,0
0.024718,0.026019,0.024839,0,0,0,0,0,0,0,0,0,0,0,0
0.023963,0.025575,0.024212,0,0,0,0,0,0,0,0,0,0,0,0
0.02465,0.025901,0.024922,0,0,0,0,0,0,0,0,0,0,0,0
0.024551,0.025474,0.024975,0,0,0,0,0,0,0,0,0,0,0,0
0.024668,0.025561,0.02502,0,0,0,0,0,0,0,0,0,0,0,0
0.024737,0.025558,0.025149,0,0,0,0,0,0,0,0,0,0,0,0
0.024601,0.025457,0.024967,0,0,0,0,0,0,0,0,0,0,0,0
0.023988,0.025011,0.024247,0,0,0,0,0,0,0,0,0,0,0,0
0.024694,0.025595,0.025039,0,0,0,0,0,0,0,0,0,0,0,0
0.024745,0.025659,0.025062,0,0,0,0,0,0,0,0,0,0,0,0
0.023946,0.024959,0.024228,0,0,0,0,0,0,0,0,0,0,0,0
0.024631,0.025462,0.024988,0,0,0,0,0,0,0,0,0,0,0,0
0.024902,0.025699,0.025203,0,0,0,0,0,0,0,0,0,0,0,0
0.024494,0.025365,0.024709,0,0,0,0,0,0,0,0,0,0,0,0
0.024766,0.025437,0.024877,0,0,0,0,0,0,0,0,0,0,0,0
0.024806,0.025572,0.025084,0,0,0,0,0,0,0,0,0,0,0,0
0.02387,0.024871,0.023991,0,0,0,0,0,0,0,0,0,0,0,0
0.023755,0.024895,0.023963,0,0,0,0,0,0,0,0,0,0,0,0
0.024421,0.025358,0.024569,0,0,0,0,0,0,0,0,0,0,0,0
0.025861,0.026325,0.026037,0,0,0,0,0,0,0,0,0,0,0,0
0.025152,0.025815,0.025277,0,0,0,0,0,0,0,0,0,0,0,0
0.023686,0.024768,0.023945,0,0,0,0,0,0,0,0,0,0,0,0
0.024057,0.025099,0.024245,0,0,0,0,0,0,0,0,0,0,0,0
0.024813,0.025698,0.025129,0,0,0,0,0,0,0,0,0,0,0,0
0.024644,0.025513,0.024591,0,0,0,0,0,0,0,0,0,0,0,0
0.024843,0.02565,0.024891,0,0,0,0,0,0,0,0,0,0,0,0
0.024106,0.025195,0.024244,0,0,0,0,0,0,0,0,0,0,0,0
0.024793,0.025686,0.024703,0,0,0,0,0,0,0,0,0,0,0,0
0.025052,0.025805,0.024862,0,0,0,0,0,0,0,0,0,0,0,0
0.025353,0.025934,0.025059,0,0,0,0,0,0,0,0,0,0,0,0
0.023933,0.025007,0.024072,0,0,0,0,0,0,0,0,0,0,0,0
0.023881,0.024939,0.023913,0,0,0,0,0,0,0,0,0,0,0,0
0.025126,0.02573,0.025472,0,0,0,0,0,0,0,0,0,0,0,0
0.024118,0.025059,0.024253,0,0,0,0,0,0,0,0,0,0,0,0
0.02382,0.024949,0.024097,0,0,0,0,0,0,0,0,0,0,0,0
0.024859,0.025717,0.024813,0,0,0,0,0,0,0,0,0,0,0,0
0.024878,0.025715,0.024912,0,0,0,0,0,0,0,0,0,0,0,0
0.024516,0.025465,0.024472,0,0,0,0,0,0,0,0,0,0,0,0
0.024603,0.025586,0.024804,0,0,0,0,0,0,0,0,0,0,0,0
0.025092,0.025962,0.025059,0,0,0,0,0,0,0,0,0,0,0,0
0.026118,0.026644,0.025763,0,0,0,0,0,0,0,0,0,0,0,0
0.025499,0.026434,0.025584,0,0,0,0,0,0,0,0,0,0,0,0
0.024943,0.026111,0.025319,0,0,0,0,0,0,0,0,0,0,0,0
0.025241,0.02654,0.025637,0,0,0,0,0,0,0,0,0,0,0,0
0.02603,0.027241,0.026534,0,0,0,0,0,0,0,0,0,0,0,0
0.025754,0.026908,0.026241,0,0,0,0,0,0,0,0,0,0,0,0
0.025899,0.027138,0.026459,0,0,0,0,0,0,0,0,0,0,0,0
0.025125,0.026263,0.025564,0,0,0,0,0,0,0,0,0,0,0,0
0.025754,0.02701,0.026443,0,0,0,0,0,0,0,0,0,0,0,0
0.025021,0.026132,0.025631,0,0,0,0,0,0,0,0,0,0,0,0
0.025008,0.026278,0.025671,0,0,0,0,0,0,0,0,0,0,0,0
0.024973,0.026172,0.0256,0,0,0,0,0,0,0,0,0,0,0,0
0.024575,0.025751,0.025079,0,0,0,0,0,0,0,0,0,0,0,0
0.025667,0.026802,0.026018,0,0,0,0,0,0,0,0,0,0,0,0
0.025162,0.026298,0.025547,0,0,0,0,0,0,0,0,0,0,0,0
0.025124,0.026284,0.025596,0,0,0,0,0,0,0,0,0,0,0,0
0.025088,0.026343,0.025577,0,0,0,0,0,0,0,0,0,0,0,0
0.025031,0.027822,0.025319,0,0,0,0,0,0,0,0,0,0,0,0
0.025997,0.033617,0.026349,0,0,0,0,0,0,0,0,0,0,0,0
0.02538,0.031998,0.025427,0,0,0,0,0,0,0,0,0,0,0,0
0.026025,0.033386,0.026113,0,0,0,0,0,0,0,0,0,0,0,0
0.025393,0.032584,0.025565,0,0,0,0,0,0,0,0,0,0,0,0
0.025312,0.032662,0.025678,0,0,0,0,0,0,0,0,0,0,0,0
0.026178,0.033639,0.026333,0,0,0,0,0,0,0,0,0,0,0,0
0.02558,0.033419,0.025874,0,0,0,0,0,0,0,0,0,0,0,0
0.025447,0.033218,0.025553,0,0,0,0,0,0,0,0,0,0,0,0
0.025439,0.032781,0.025582,0,0,0,0,0,0,0,0,0,0,0,0
0.025534,0.03309,0.02573,0,0,0,0,0,0,0,0,0,0,0,0
0.025989,0.033738,0.026212,0,0,0,0,0,0,0,0,0,0,0,0
0.025649,0.033254,0.025967,0,0,0,0,0,0,0,0,0,0,0,0
0.026136,0.033927,0.02625,0,0,0,0,0,0,0,0,0,0,0,0
0.025485,0.03318,0.025824,0,0,0,0,0,0,0,0,0,0,0,0
0.025398,0.033146,0.025696,0,0,0,0,0,0,0,0,0,0,0,0
0.025652,0.033014,0.026517,0,0,0,0,0,0,0,0,0,0,0,0
0.026315,0.034151,0.027619,0,0,0,0,0,0,0,0,0,0,0,0
0.026205,0.034164,0.026003,0,0,0,0,0,0,0,0,0,0,0,0
0.025709,0.034155,0.025833,0,0,0,0,0,0,0,0,0,0,0,0
0.024239,0.031548,0.024756,0,0,0,0,0,0,0,0,0,0,0,0
0.025516,0.026701,0.025998,0,0,0,0,0,0,0,0,0,0,0,0
0.025732,0.026773,0.026856,0,0,0,0,0,0,0,0,0,0,0,0
0.025645,0.026757,0.026367,0,0,0,0,0,0,0,0,0,0,0,0
0.024191,0.025263,0.024846,0,0,0,0,0,0,0,0,0,0,0,0
0.025651,0.026713,0.026218,0,0,0,0,0,0,0,0,0,0,0,0
0.024131,0.025233,0.024706,0,0,0,0,0,0,0,0,0,0,0,0
0.025562,0.026675,0.026276,0,0,0,0,0,0,0,0,0,0,0,0
0.024568,0.025487,0.025031,0,0,0,0,0,0,0,0,0,0,0,0
0.024978,0.026082,0.026009,0,0,0,0,0,0,0,0,0,0,0,0
0.024443,0.025486,0.025176,0,0,0,0,0,0,0,0,0,0,0,0
0.02542,0.026166,0.025705,0,0,0,0,0,0,0,0,0,0,0,0
0.025444,0.026118,0.025786,0,0,0,0,0,0,0,0,0,0,0,0
0.025267,0.025964,0.025668,0,0,0,0,0,0,0,0,0,0,0,0
0.025428,0.026204,0.025767,0,0,0,0,0,0,0,0,0,0,0,0
0.025498,0.026195,0.025805,0,0,0,0,0,0,0,0,0,0,0,0
0.025358,0.026919,0.025823,0,0,0,0,0,0,0,0,0,0,0,0
0.025492,0.032407,0.024653,0,0,0,0,0,0,0,0,0,0,0,0
0.026746,0.029703,0.026528,0,0,0,0,0,0,0,0,0,0,0,0
0.024293,0.02548,0.024959,0,0,0,0,0,0,0,0,0,0,0,0
0.026275,0.025534,0.026255,0,0,0,0,0,0,0,0,0,0,0,0
0.026671,0.026956,0.026502,0,0,0,0,0,0,0,0,0,0,0,0
0.025017,0.025961,0.025534,0,0,0,0,0,0,0,0,0,0,0,0
0.025881,0.026445,0.02613,0,0,0,0,0,0,0,0,0,0,0,0
0.025515,0.026322,0.026019,0,0,0,0,0,0,0,0,0,0,0,0
0.025583,0.026348,0.027453,0,0,0,0,0,0,0,0,0,0,0,0
0.025526,0.026361,0.026197,0,0,0,0,0,0,0,0,0,0,0,0
0.02561,0.02637,0.026082,0,0,0,0,0,0,0,0,0,0,0,0
0.025464,0.026319,0.026169,0,0,0,0,0,0,0,0,0,0,0,0
0.02464,0.025793,0.02563,0,0,0,0,0,0,0,0,0,0,0,0
0.024214,0.025289,0.025159,0,0,0,0,0,0,0,0,0,0,0,0
0.025284,0.026192,0.02592,0,0,0,0,0,0,0,0,0,0,0,0
0.025723,0.026322,0.026076,0,0,0,0,0,0,0,0,0,0,0,0
0.025561,0.026252,0.026127,0,0,0,0,0,0,0,0,0,0,0,0
0.025565,0.026294,0.026188,0,0,0,0,0,0,0,0,0,0,0,0
0.025593,0.026175,0.026069,0,0,0,0,0,0,0,0,0,0,0,0
0.025548,0.026248,0.026176,0,0,0,0,0,0,0,0,0,0,0,0
0.025576,0.026313,0.026123,0,0,0,0,0,0,0,0,0,0,0,0
0.026725,0.02711,0.026936,0,0,0,0,0,0,0,0,0,0,0,0
0.025583,0.026293,0.026141,0,0,0,0,0,0,0,0,0,0,0,0
0.026026,0.026528,0.026449,0,0,0,0,0,0,0,0,0,0,0,0
0.02564,0.02644,0.026253,0,0,0,0,0,0,0,0,0,0,0,0
0.024763,0.025823,0.025653,0,0,0,0,0,0,0,0,0,0,0,0
0.023082,0.025535,0.025269,0,0,0,0,0,0,0,0,0,0,0,0
0.025721,0.026335,0.026185,0,0,0,0,0,0,0,0,0,0,0,0
0.024352,0.025554,0.025341,0,0,0,0,0,0,0,0,0,0,0,0
0.025691,0.026387,0.026167,0,0,0,0,0,0,0,0,0,0,0,0
0.02438,0.025436,0.025269,0,0,0,0,0,0,0,0,0,0,0,0
0.025576,0.026345,0.026101,0,0,0,0,0,0,0,0,0,0,0,0
0.024255,0.025472,0.025325,0,0,0,0,0,0,0,0,0,0,0,0
0.025536,0.026426,0.026187,0,0,0,0,0,0,0,0,0,0,0,0
0.024198,0.025446,0.025357,0,0,0,0,0,0,0,0,0,0,0,0
0.024183,0.025372,0.025204,0,0,0,0,0,0,0,0,0,0,0,0
0.025201,0.026026,0.026042,0,0,0,0,0,0,0,0,0,0,0,0
0.024512,0.02577,0.025621,0,0,0,0,0,0,0,0,0,0,0,0
0.024095,0.025306,0.025214,0,0,0,0,0,0,0,0,0,0,0,0
0.024277,0.025276,0.025306,0,0,0,0,0,0,0,0,0,0,0,0
0.024569,0.025734,0.025672,0,0,0,0,0,0,0,0,0,0,0,0
0.024603,0.02577,0.025532,0,0,0,0,0,0,0,0,0,0,0,0
0.025365,0.026195,0.026149,0,0,0,0,0,0,0,0,0,0,0,0
0.024503,0.025844,0.025544,0,0,0,0,0,0,0,0,0,0,0,0
0.025422,0.026333,0.026079,0,0,0,0,0,0,0,0,0,0,0,0
0.024069,0.025468,0.025215,0,0,0,0,0,0,0,0,0,0,0,0
0.024145,0.025404,0.025294,0,0,0,0,0,0,0,0,0,0,0,0
0.025488,0.026249,0.0261,0,0,0,0,0,0,0,0,0,0,0,0
0.024206,0.025351,0.025118,0,0,0,0,0,0,0,0,0,0,0,0
0.024235,0.025316,0.025162,0,0,0,0,0,0,0,0,0,0,0,0
0.025523,0.026318,0.026092,0,0,0,0,0,0,0,0,0,0,0,0
0.024627,0.025785,0.025628,0,0,0,0,0,0,0,0,0,0,0,0
0.024234,0.025342,0.025124,0,0,0,0,0,0,0,0,0,0,0,0
0.024225,0.025437,0.025165,0,0,0,0,0,0,0,0,0,0,0,0
0.025549,0.026294,0.02613,0,0,0,0,0,0,0,0,0,0,0,0
0.024372,0.025447,0.025177,0,0,0,0,0,0,0,0,0,0,0,0
0.024206,0.025375,0.025138,0,0,0,0,0,0,0,0,0,0,0,0
0.024157,0.025478,0.0251,0,0,0,0,0,0,0,0,0,0,0,0
0.025433,0.026282,0.026068,0,0,0,0,0,0,0,0,0,0,0,0
0.025397,0.026232,0.026013,0,0,0,0,0,0,0,0,0,0,0,0
0.023995,0.025323,0.025073,0,0,0,0,0,0,0,0,0,0,0,0
0.02413,0.025295,0.025023,0,0,0,0,0,0,0,0,0,0,0,0
0.02498,0.026015,0.025813,0,0,0,0,0,0,0,0,0,0,0,0
0.025343,0.026339,0.025996,0,0,0,0,0,0,0,0,0,0,0,0
0.024918,0.026601,0.025957,0,0,0,0,0,0,0,0,0,0,0,0
0.024779,0.026045,0.025687,0,0,0,0,0,0,0,0,0,0,0,0
0.024595,0.025802,0.025552,0,0,0,0,0,0,0,0,0,0,0,0
0.024856,0.026117,0.025832,0,0,0,0,0,0,0,0,0,0,0,0
0.024967,0.026156,0.026037,0,0,0,0,0,0,0,0,0,0,0,0
0.02518,0.026462,0.026179,0,0,0,0,0,0,0,0,0,0,0,0
0.02471,0.025911,0.025766,0,0,0,0,0,0,0,0,0,0,0,0
0.024626,0.025859,0.025721,0,0,0,0,0,0,0,0,0,0,0,0
0.024871,0.025984,0.025875,0,0,0,0,0,0,0,0,0,0,0,0
0.024859,0.026,0.02584,0,0,0,0,0,0,0,0,0,0,0,0
0.02485,0.02601,0.025774,0,0,0,0,0,0,0,0,0,0,0,0
0.024856,0.026039,0.025927,0,0,0,0,0,0,0,0,0,0,0,0
0.025013,0.026196,0.025936,0,0,0,0,0,0,0,0,0,0,0,0
0.024666,0.025779,0.025597,0,0,0,0,0,0,0,0,0,0,0,0
0.024465,0.025495,0.025304,0,0,0,0,0,0,0,0,0,0,0,0
0.024782,0.025916,0.025653,0,0,0,0,0,0,0,0,0,0,0,0
0.024911,0.025899,0.025797,0,0,0,0,0,0,0,0,0,0,0,0
0.024204,0.025406,0.025281,0,0,0,0,0,0,0,0,0,0,0,0
0.024306,0.025374,0.025118,0,0,0,0,0,0,0,0,0,0,0,0
0.023952,0.025066,0.024828,0,0,0,0,0,0,0,0,0,0,0,0
0.024112,0.025072,0.024845,0,0,0,0,0,0,0,0,0,0,0,0
0.024916,0.026026,0.025896,0,0,0,0,0,0,0,0,0,0,0,0
0.024138,0.025232,0.024878,0,0,0,0,0,0,0,0,0,0,0,0
0.023998,0.02507,0.02498,0,0,0,0,0,0,0,0,0,0,0,0
0.024103,0.025102,0.024878,0,0,0,0,0,0,0,0,0,0,0,0
0.024749,0.02576,0.025581,0,0,0,0,0,0,0,0,0,0,0,0
0.024999,0.026032,0.025757,0,0,0,0,0,0,0,0,0,0,0,0
0.024345,0.025535,0.025332,0,0,0,0,0,0,0,0,0,0,0,0
0.024638,0.025581,0.025364,0,0,0,0,0,0,0,0,0,0,0,0
0.025026,0.02607,0.026008,0,0,0,0,0,0,0,0,0,0,0,0
0.024755,0.025673,0.025506,0,0,0,0,0,0,0,0,0,0,0,0
0.02419,0.025292,0.025075,0,0,0,0,0,0,0,0,0,0,0,0
0.024696,0.025675,0.025418,0,0,0,0,0,0,0,0,0,0,0,0
0.02451,0.025668,0.025475,0,0,0,0,0,0,0,0,0,0,0,0
0.024292,0.025331,0.025063,0,0,0,0,0,0,0,0,0,0,0,0
0.025115,0.02626,0.026144,0,0,0,0,0,0,0,0,0,0,0,0
0.025422,0.026356,0.02615,0,0,0,0,0,0,0,0,0,0,0,0
0.025253,0.026403,0.026317,0,0,0,0,0,0,0,0,0,0,0,0
0.025411,0.026446,0.026398,0,0,0,0,0,0,0,0,0,0,0,0
0.025226,0.026339,0.026343,0,0,0,0,0,0,0,0,0,0,0,0
0.025416,0.02615,0.02602,0,0,0,0,0,0,0,0,0,0,0,0
0.024692,0.02592,0.025743,0,0,0,0,0,0,0,0,0,0,0,0
0.02526,0.02628,0.026179,0,0,0,0,0,0,0,0,0,0,0,0
0.024112,0.025284,0.025043,0,0,0,0,0,0,0,0,0,0,0,0
0.024325,0.025333,0.025223,0,0,0,0,0,0,0,0,0,0,0,0
0.025372,0.026492,0.026455,0,0,0,0,0,0,0,0,0,0,0,0
0.025034,0.026228,0.026238,0,0,0,0,0,0,0,0,0,0,0,0
0.02536,0.026216,0.026206,0,0,0,0,0,0,0,0,0,0,0,0
0.025369,0.026582,0.026155,0,0,0,0,0,0,0,0,0,0,0,0
0.025406,0.026238,0.026281,0,0,0,0,0,0,0,0,0,0,0,0
0.025185,0.026182,0.025805,0,0,0,0,0,0,0,0,0,0,0,0
0.025511,0.026328,0.02637,0,0,0,0,0,0,0,0,0,0,0,0
0.025282,0.026425,0.026111,0,0,0,0,0,0,0,0,0,0,0,0
0.025179,0.026093,0.026133,0,0,0,0,0,0,0,0,0,0,0,0
0.025292,0.026419,0.026112,0,0,0,0,0,0,0,0,0,0,0,0
0.025044,0.025995,0.025758,0,0,0,0,0,0,0,0,0,0,0,0
0.025506,0.026722,0.026307,0,0,0,0,0,0,0,0,0,0,0,0
0.026189,0.026561,0.026428,0,0,0,0,0,0,0,0,0,0,0,0
0.025225,0.026476,0.026021,0,0,0,0,0,0,0,0,0,0,0,0
0.024409,0.025257,0.025065,0,0,0,0,0,0,0,0,0,0,0,0
0.024498,0.025597,0.025092,0,0,0,0,0,0,0,0,0,0,0,0
0.025655,0.026026,0.025826,0,0,0,0,0,0,0,0,0,0,0,0
0.024884,0.025433,0.025005,0,0,0,0,0,0,0,0,0,0,0,0
0.025062,0.025675,0.025361,0,0,0,0,0,0,0,0,0,0,0,0
0.02482,0.02584,0.025527,0,0,0,0,0,0,0,0,0,0,0,0
0.0249,0.025627,0.025535,0,0,0,0,0,0,0,0,0,0,0,0
0.025301,0.02632,0.026055,0,0,0,0,0,0,0,0,0,0,0,0
0.025473,0.026274,0.026067,0,0,0,0,0,0,0,0,0,0,0,0
0.024839,0.025916,0.025541,0,0,0,0,0,0,0,0,0,0,0,0
0.024921,0.025734,0.025617,0,0,0,0,0,0,0,0,0,0,0,0
0.024109,0.025091,0.024723,0,0,0,0,0,0,0,0,0,0,0,0
0.024105,0.025005,0.024812,0,0,0,0,0,0,0,0,0,0,0,0
0.023703,0.024722,0.024394,0,0,0,0,0,0,0,0,0,0,0,0
0.023773,0.024609,0.024374,0,0,0,0,0,0,0,0,0,0,0,0
0.023776,0.024755,0.024462,0,0,0,0,0,0,0,0,0,0,0,0
0.023832,0.024672,0.02449,0,0,0,0,0,0,0,0,0,0,0,0
0.024213,0.025269,0.024918,0,0,0,0,0,0,0,0,0,0,0,0
0.024279,0.024999,0.024791,0,0,0,0,0,0,0,0,0,0,0,0
0.023805,0.024874,0.024574,0,0,0,0,0,0,0,0,0,0,0,0
0.024287,0.025083,0.02479,0,0,0,0,0,0,0,0,0,0,0,0
0.024316,0.025188,0.024842,0,0,0,0,0,0,0,0,0,0,0,0
0.024606,0.025409,0.025258,0,0,0,0,0,0,0,0,0,0,0,0
0.023843,0.024785,0.024382,0,0,0,0,0,0,0,0,0,0,0,0
0.024184,0.025052,0.024859,0,0,0,0,0,0,0,0,0,0,0,0
0.023726,0.024776,0.024352,0,0,0,0,0,0,0,0,0,0,0,0
0.02409,0.024912,0.024853,0,0,0,0,0,0,0,0,0,0,0,0
0.023713,0.024765,0.024374,0,0,0,0,0,0,0,0,0,0,0,0
0.023816,0.02459,0.024373,0,0,0,0,0,0,0,0,0,0,0,0
0.023834,0.024816,0.024525,0,0,0,0,0,0,0,0,0,0,0,0
0.023738,0.024492,0.024304,0,0,0,0,0,0,0,0,0,0,0,0
0.023695,0.024719,0.024362,0,0,0,0,0,0,0,0,0,0,0,0
0.023798,0.024574,0.024362,0,0,0,0,0,0,0,0,0,0,0,0
0.023746,0.024781,0.024437,0,0,0,0,0,0,0,0,0,0,0,0
0.023817,0.024534,0.024354,0,0,0,0,0,0,0,0,0,0,0,0
0.022856,0.024045,0.023531,0,0,0,0,0,0,0,0,0,0,0,0
0.023062,0.023741,0.023504,0,0,0,0,0,0,0,0,0,0,0,0
0.022882,0.023885,0.023529,0,0,0,0,0,0,0,0,0,0,0,0
0.026449,0.026648,0.026405,0,0,0,0,0,0,0,0,0,0,0,0
0.022835,0.023855,0.023502,0,0,0,0,0,0,0,0,0,0,0,0
0.02288,0.023913,0.023733,0,0,0,0,0,0,0,0,0,0,0,0
0.022981,0.023997,0.023508,0,0,0,0,0,0,0,0,0,0,0,0
0.02327,0.024347,0.024162,0,0,0,0,0,0,0,0,0,0,0,0
0.024732,0.025641,0.025186,0,0,0,0,0,0,0,0,0,0,0,0
0.024313,0.025169,0.025079,0,0,0,0,0,0,0,0,0,0,0,0
0.024015,0.02491,0.024566,0,0,0,0,0,0,0,0,0,0,0,0
0.023734,0.024748,0.0246,0,0,0,0,0,0,0,0,0,0,0,0
0.023819,0.02481,0.02446,0,0,0,0,0,0,0,0,0,0,0,0
0.023854,0.024817,0.024586,0,0,0,0,0,0,0,0,0,0,0,0
0.023835,0.024805,0.024497,0,0,0,0,0,0,0,0,0,0,0,0
0.02384,0.024667,0.024493,0,0,0,0,0,0,0,0,0,0,0,0
0.02421,0.025171,0.024788,0,0,0,0,0,0,0,0,0,0,0,0
0.02379,0.024701,0.024542,0,0,0,0,0,0,0,0,0,0,0,0
0.022752,0.023758,0.023453,0,0,0,0,0,0,0,0,0,0,0,0
0.024009,0.024655,0.024433,0,0,0,0,0,0,0,0,0,0,0,0
0.022766,0.023799,0.023459,0,0,0,0,0,0,0,0,0,0,0,0
0.023712,0.024746,0.024491,0,0,0,0,0,0,0,0,0,0,0,0
0.024406,0.024756,0.02441,0,0,0,0,0,0,0,0,0,0,0,0
0.024232,0.024767,0.024584,0,0,0,0,0,0,0,0,0,0,0,0
0.023809,0.02486,0.02443,0,0,0,0,0,0,0,0,0,0,0,0
0.023818,0.02485,0.024626,0,0,0,0,0,0,0,0,0,0,0,0
0.023847,0.024817,0.024458,0,0,0,0,0,0,0,0,0,0,0,0
0.023956,0.024883,0.024641,0,0,0,0,0,0,0,0,0,0,0,0
0.023905,0.024765,0.024431,0,0,0,0,0,0,0,0,0,0,0,0
0.023947,0.024929,0.024654,0,0,0,0,0,0,0,0,0,0,0,0
0.024354,0.025242,0.024823,0,0,0,0,0,0,0,0,0,0,0,0
0.023856,0.024805,0.024638,0,0,0,0,0,0,0,0,0,0,0,0
0.02347,0.02433,0.023929,0,0,0,0,0,0,0,0,0,0,0,0
0.025359,0.025865,0.025614,0,0,0,0,0,0,0,0,0,0,0,0
0.023697,0.024674,0.024315,0,0,0,0,0,0,0,0,0,0,0,0
0.022779,0.023776,0.02362,0,0,0,0,0,0,0,0,0,0,0,0
0.022798,0.023861,0.022341,0,0,0,0,0,0,0,0,0,0,0,0
0.022806,0.023833,0.023492,0,0,0,0,0,0,0,0,0,0,0,0
0.022868,0.022859,0.023299,0,0,0,0,0,0,0,0,0,0,0,0
0.02299,0.023817,0.023665,0,0,0,0,0,0,0,0,0,0,0,0
0.023004,0.02387,0.023418,0,0,0,0,0,0,0,0,0,0,0,0
0.022946,0.023968,0.023646,0,0,0,0,0,0,0,0,0,0,0,0
0.023131,0.023913,0.023521,0,0,0,0,0,0,0,0,0,0,0,0
0.022911,0.023949,0.023553,0,0,0,0,0,0,0,0,0,0,0,0
0.02292,0.023937,0.023418,0,0,0,0,0,0,0,0,0,0,0,0
0.022965,0.023967,0.023585,0,0,0,0,0,0,0,0,0,0,0,0
0.022968,0.023951,0.023473,0,0,0,0,0,0,0,0,0,0,0,0
0.022982,0.023951,0.023563,0,0,0,0,0,0,0,0,0,0,0,0
0.022953,0.023941,0.02342,0,0,0,0,0,0,0,0,0,0,0,0
0.022953,0.023974,0.023583,0,0,0,0,0,0,0,0,0,0,0,0
0.023138,0.023975,0.023473,0,0,0,0,0,0,0,0,0,0,0,0
0.023006,0.023946,0.023681,0,0,0,0,0,0,0,0,0,0,0,0
0.022925,0.023904,0.02342,0,0,0,0,0,0,0,0,0,0,0,0
0.023044,0.023933,0.023638,0,0,0,0,0,0,0,0,0,0,0,0
0.022888,0.023947,0.023425,0,0,0,0,0,0,0,0,0,0,0,0
0.02292,0.023928,0.023577,0,0,0,0,0,0,0,0,0,0,0,0
0.023422,0.024488,0.02399,0,0,0,0,0,0,0,0,0,0,0,0
0.023179,0.023944,0.023638,0,0,0,0,0,0,0,0,0,0,0,0
0.023023,0.023952,0.023464,0,0,0,0,0,0,0,0,0,0,0,0
0.023261,0.02387,0.023615,0,0,0,0,0,0,0,0,0,0,0,0
0.02339,0.02438,0.023975,0,0,0,0,0,0,0,0,0,0,0,0
0.022933,0.023924,0.023618,0,0,0,0,0,0,0,0,0,0,0,0
0.022998,0.023933,0.023521,0,0,0,0,0,0,0,0,0,0,0,0
0.023055,0.023931,0.023557,0,0,0,0,0,0,0,0,0,0,0,0
0.022947,0.023905,0.023389,0,0,0,0,0,0,0,0,0,0,0,0
0.022949,0.023912,0.023596,0,0,0,0,0,0,0,0,0,0,0,0
0.022996,0.023901,0.02339,0,0,0,0,0,0,0,0,0,0,0,0
0.02312,0.023934,0.02369,0,0,0,0,0,0,0,0,0,0,0,0
0.024012,0.024767,0.024314,0,0,0,0,0,0,0,0,0,0,0,0
0.02312,0.023971,0.023603,0,0,0,0,0,0,0,0,0,0,0,0
0.023046,0.023927,0.023373,0,0,0,0,0,0,0,0,0,0,0,0
0.021901,0.02392,0.023531,0,0,0,0,0,0,0,0,0,0,0,0
0.023,0.023808,0.023347,0,0,0,0,0,0,0,0,0,0,0,0
0.022863,0.023883,0.023627,0,0,0,0,0,0,0,0,0,0,0,0
0.022873,0.023848,0.023321,0,0,0,0,0,0,0,0,0,0,0,0
0.022836,0.023879,0.023554,0,0,0,0,0,0,0,0,0,0,0,0
0.0229,0.023852,0.023276,0,0,0,0,0,0,0,0,0,0,0,0
0.022879,0.023869,0.023488,0,0,0,0,0,0,0,0,0,0,0,0
0.022957,0.023951,0.023333,0,0,0,0,0,0,0,0,0,0,0,0
0.023089,0.023976,0.023687,0,0,0,0,0,0,0,0,0,0,0,0
0.023044,0.024065,0.023474,0,0,0,0,0,0,0,0,0,0,0,0
0.022929,0.023971,0.023622,0,0,0,0,0,0,0,0,0,0,0,0
0.023011,0.024024,0.023447,0,0,0,0,0,0,0,0,0,0,0,0
0.02301,0.023915,0.023636,0,0,0,0,0,0,0,0,0,0,0,0
0.022986,0.023957,0.023485,0,0,0,0,0,0,0,0,0,0,0,0
0.023038,0.023936,0.023626,0,0,0,0,0,0,0,0,0,0,0,0
0.023465,0.024384,0.023875,0,0,0,0,0,0,0,0,0,0,0,0
0.022911,0.023836,0.02358,0,0,0,0,0,0,0,0,0,0,0,0
0.022955,0.023832,0.023425,0,0,0,0,0,0,0,0,0,0,0,0
0.024278,0.025205,0.024868,0,0,0,0,0,0,0,0,0,0,0,0
0.022973,0.023781,0.023406,0,0,0,0,0,0,0,0,0,0,0,0
0.022875,0.023777,0.023483,0,0,0,0,0,0,0,0,0,0,0,0
0.022872,0.02384,0.023312,0,0,0,0,0,0,0,0,0,0,0,0
0.023037,0.023882,0.023603,0,0,0,0,0,0,0,0,0,0,0,0
0.023006,0.024018,0.023464,0,0,0,0,0,0,0,0,0,0,0,0
0.022986,0.023993,0.023625,0,0,0,0,0,0,0,0,0,0,0,0
0.023014,0.02397,0.023365,0,0,0,0,0,0,0,0,0,0,0,0
0.022985,0.024024,0.023572,0,0,0,0,0,0,0,0,0,0,0,0
0.023012,0.024067,0.023434,0,0,0,0,0,0,0,0,0,0,0,0
0.023025,0.024037,0.023705,0,0,0,0,0,0,0,0,0,0,0,0
0.023058,0.023914,0.023552,0,0,0,0,0,0,0,0,0,0,0,0
0.023223,0.023969,0.023738,0,0,0,0,0,0,0,0,0,0,0,0
0.023023,0.024022,0.023579,0,0,0,0,0,0,0,0,0,0,0,0
0.023001,0.023965,0.02372,0,0,0,0,0,0,0,0,0,0,0,0
0.022934,0.023869,0.023619,0,0,0,0,0,0,0,0,0,0,0,0
0.022987,0.023985,0.023831,0,0,0,0,0,0,0,0,0,0,0,0
0.022912,0.02398,0.023564,0,0,0,0,0,0,0,0,0,0,0,0
0.022894,0.023915,0.023857,0,0,0,0,0,0,0,0,0,0,0,0
0.022948,0.023925,0.023522,0,0,0,0,0,0,0,0,0,0,0,0
0.02294,0.023916,0.023784,0,0,0,0,0,0,0,0,0,0,0,0
0.022987,0.024011,0.023521,0,0,0,0,0,0,0,0,0,0,0,0
0.022976,0.023963,0.023705,0,0,0,0,0,0,0,0,0,0,0,0
0.023033,0.023952,0.023572,0,0,0,0,0,0,0,0,0,0,0,0
0.022987,0.023948,0.023734,0,0,0,0,0,0,0,0,0,0,0,0
0.022982,0.024019,0.023511,0,0,0,0,0,0,0,0,0,0,0,0
0.022919,0.024045,0.023739,0,0,0,0,0,0,0,0,0,0,0,0
0.022866,0.024143,0.023541,0,0,0,0,0,0,0,0,0,0,0,0
0.02294,0.024118,0.023722,0,0,0,0,0,0,0,0,0,0,0,0
0.022974,0.024113,0.024182,0,0,0,0,0,0,0,0,0,0,0,0
0.022937,0.024043,0.023815,0,0,0,0,0,0,0,0,0,0,0,0
0.023021,0.02397,0.023643,0,0,0,0,0,0,0,0,0,0,0,0
0.023114,0.023966,0.023884,0,0,0,0,0,0,0,0,0,0,0,0
0.022847,0.024001,0.023658,0,0,0,0,0,0,0,0,0,0,0,0
0.023069,0.023957,0.023793,0,0,0,0,0,0,0,0,0,0,0,0
0.022911,0.023918,0.023671,0,0,0,0,0,0,0,0,0,0,0,0
0.022971,0.023924,0.02388,0,0,0,0,0,0,0,0,0,0,0,0
0.0229,0.024042,0.023664,0,0,0,0,0,0,0,0,0,0,0,0
0.022827,0.02405,0.023872,0,0,0,0,0,0,0,0,0,0,0,0
0.022892,0.024039,0.023755,0,0,0,0,0,0,0,0,0,0,0,0
0.022946,0.02407,0.023842,0,0,0,0,0,0,0,0,0,0,0,0
0.02314,0.024026,0.023714,0,0,0,0,0,0,0,0,0,0,0,0
0.023387,0.024542,0.024324,0,0,0,0,0,0,0,0,0,0,0,0
0.022952,0.024001,0.023676,0,0,0,0,0,0,0,0,0,0,0,0
0.022949,0.024016,0.023835,0,0,0,0,0,0,0,0,0,0,0,0
0.02291,0.023977,0.023642,0,0,0,0,0,0,0,0,0,0,0,0
0.022943,0.023997,0.02383,0,0,0,0,0,0,0,0,0,0,0,0
0.022885,0.023997,0.023652,0,0,0,0,0,0,0,0,0,0,0,0
0.022871,0.023965,0.023868,0,0,0,0,0,0,0,0,0,0,0,0
0.022826,0.023994,0.023613,0,0,0,0,0,0,0,0,0,0,0,0
0.022911,0.02389,0.023741,0,0,0,0,0,0,0,0,0,0,0,0
0.022888,0.023925,0.023562,0,0,0,0,0,0,0,0,0,0,0,0
0.022981,0.023951,0.023784,0,0,0,0,0,0,0,0,0,0,0,0
0.02285,0.024024,0.023514,0,0,0,0,0,0,0,0,0,0,0,0
0.022741,0.023719,0.023668,0,0,0,0,0,0,0,0,0,0,0,0
0.022823,0.023885,0.023497,0,0,0,0,0,0,0,0,0,0,0,0
0.022826,0.023884,0.023681,0,0,0,0,0,0,0,0,0,0,0,0
0.022772,0.023891,0.023492,0,0,0,0,0,0,0,0,0,0,0,0
0.022768,0.023925,0.023703,0,0,0,0,0,0,0,0,0,0,0,0
0.022881,0.023858,0.023514,0,0,0,0,0,0,0,0,0,0,0,0
0.022956,0.023898,0.023825,0,0,0,0,0,0,0,0,0,0,0,0
0.022993,0.023945,0.023685,0,0,0,0,0,0,0,0,0,0,0,0
0.022905,0.023986,0.023758,0,0,0,0,0,0,0,0,0,0,0,0
0.022981,0.02398,0.02359,0,0,0,0,0,0,0,0,0,0,0,0
0.023003,0.023941,0.023884,0,0,0,0,0,0,0,0,0,0,0,0
0.022947,0.023941,0.023636,0,0,0,0,0,0,0,0,0,0,0,0
0.022905,0.023994,0.023907,0,0,0,0,0,0,0,0,0,0,0,0
0.02298,0.023897,0.023602,0,0,0,0,0,0,0,0,0,0,0,0
0.022946,0.023915,0.0238,0,0,0,0,0,0,0,0,0,0,0,0
0.022915,0.023898,0.023529,0,0,0,0,0,0,0,0,0,0,0,0
0.022929,0.023864,0.023727,0,0,0,0,0,0,0,0,0,0,0,0
0.02273,0.023806,0.023415,0,0,0,0,0,0,0,0,0,0,0,0
0.022765,0.02375,0.02354,0,0,0,0,0,0,0,0,0,0,0,0
0.022686,0.023741,0.023418,0,0,0,0,0,0,0,0,0,0,0,0
0.02272,0.023735,0.023501,0,0,0,0,0,0,0,0,0,0,0,0
0.022687,0.023663,0.023217,0,0,0,0,0,0,0,0,0,0,0,0
0.022743,0.023675,0.023437,0,0,0,0,0,0,0,0,0,0,0,0
0.022708,0.023719,0.023214,0,0,0,0,0,0,0,0,0,0,0,0
0.022974,0.023715,0.02345,0,0,0,0,0,0,0,0,0,0,0,0
0.022833,0.023799,0.023366,0,0,0,0,0,0,0,0,0,0,0,0
