1
535.5133,241.1719,41.9401,15.4357
539.0321,245.6791,41.0457,15.1066
540.4303,249.8734,41.0457,15.1066
542.2586,254.4980,41.0457,15.1066
544.0869,257.6168,41.0457,15.1066
548.1526,266.3817,40.1704,14.7844
549.8998,270.0901,39.3138,14.4691
551.4112,273.5208,38.4754,14.1606
553.3266,276.0411,38.4754,14.1606
555.5831,278.0383,37.6549,13.8586
558.0496,285.2406,37.6549,13.8586
559.5296,287.3125,37.6549,13.8586
559.8255,291.5550,37.6549,13.8586
560.9108,295.4029,37.6549,13.8586
562.1934,299.4480,37.6549,13.8586
562.6867,304.2825,37.6549,13.8586
561.9960,308.7223,37.6549,13.8586
562.8840,310.7942,37.6549,13.8586
560.4174,313.6554,37.6549,13.8586
556.9200,319.4139,36.8519,13.5631
558.0150,326.3766,37.6672,13.8632
561.9364,331.9467,36.8640,13.5675
562.9811,335.3498,36.0778,13.2782
561.9991,339.4093,35.3085,12.9950
560.7964,343.9425,35.3085,12.9950
561.0777,350.9975,36.0897,13.2825
559.2068,351.7335,36.8881,13.5764
559.8834,353.9565,36.8881,13.5764
560.5600,360.2390,36.8881,13.5764
559.8834,363.0420,36.8881,13.5764
561.3806,363.3932,37.7043,13.8768
562.5009,367.0321,38.5385,14.1838
561.5921,371.5761,38.5385,14.1838
559.8755,372.0809,38.5385,14.1838
558.0873,367.2096,39.3912,14.4976
560.8740,365.6614,39.3912,14.4976
564.4864,366.7968,39.3912,14.4976
564.0111,364.4643,38.5511,14.1885
565.3243,363.1512,38.5511,14.1885
562.7990,360.6259,38.5511,14.1885
564.1122,363.7573,38.5511,14.1885
562.3233,366.0107,39.4041,14.5024
556.2102,343.8911,40.2759,14.8233
556.9489,342.0971,40.2759,14.8233
555.3660,339.0368,40.2759,14.8233
544.9184,334.0768,40.2759,14.8233
543.5466,329.7501,40.2759,14.8233
542.1747,325.4234,40.2759,14.8233
543.5466,322.9962,40.2759,14.8233
544.0742,319.7248,40.2759,14.8233
539.7230,314.8988,39.4170,14.5071
538.8492,314.5557,38.5764,14.1978
537.1309,315.4654,38.5764,14.1978
534.8061,316.1730,38.5764,14.1978
533.0878,316.8805,38.5764,14.1978
534.6535,318.2965,39.4299,14.5119
533.7237,319.2263,39.4299,14.5119
534.6535,318.5031,39.4299,14.5119
536.2539,325.5241,40.3023,14.8330
534.6029,327.6608,41.1940,15.1612
536.0509,332.0844,42.1054,15.4966
537.6695,334.2700,41.2075,15.1661
537.5497,340.0393,42.1192,15.5017
537.4669,345.6295,41.2210,15.1711
535.3301,349.6078,42.1330,15.5068
537.4983,357.7973,43.0652,15.8498
538.0625,362.1980,43.0652,15.8498
542.0119,363.2136,43.0652,15.8498
538.7395,371.2251,43.0652,15.8498
537.9119,372.5717,44.0181,16.2005
539.1806,371.0723,44.0181,16.2005
538.3732,368.1889,44.0181,16.2005
538.9499,367.8429,44.0181,16.2005
539.0653,363.3448,44.0181,16.2005
540.3339,361.3841,44.0181,16.2005
543.5825,356.5544,43.0794,15.8550
544.8241,352.6037,43.0794,15.8550
545.3885,350.4591,43.0794,15.8550
545.2756,348.9917,43.0794,15.8550
536.9528,349.1677,44.0325,16.2058
541.7592,348.3396,43.0935,15.8602
553.4284,347.5292,42.1745,15.5220
556.1910,346.7557,42.1745,15.5220
558.7326,345.9822,42.1745,15.5220
561.1323,347.0716,43.1076,15.8654
559.5234,349.3093,42.1883,15.5271
560.5476,352.9221,43.1217,15.8706
565.3457,354.5049,44.0758,16.2218
567.3090,357.3921,44.0758,16.2218
571.3510,360.5102,44.0758,16.2218
566.3851,361.0877,44.0758,16.2218
567.6947,366.5396,45.0510,16.5807
568.2849,371.3793,45.0510,16.5807
579.4989,377.1634,45.0510,16.5807
580.8376,380.0417,46.0477,16.9475
583.7080,388.4915,47.0666,17.3225
588.1772,394.0575,48.1079,17.7058
591.2416,396.3117,47.0820,17.3282
593.8322,397.4219,47.0820,17.3282
598.3967,397.7920,47.0820,17.3282
600.4939,397.1752,47.0820,17.3282
600.6172,394.3379,47.0820,17.3282
601.4807,391.2538,47.0820,17.3282
603.2907,386.8013,46.0780,16.9587
604.8602,383.5415,46.0780,16.9587
605.2224,378.5915,46.0780,16.9587
607.2265,376.0958,45.0953,16.5970
607.5810,373.8508,45.0953,16.5970
609.3533,368.2974,45.0953,16.5970
611.8347,365.3435,45.0953,16.5970
610.8350,359.4844,44.1337,16.2431
612.1070,353.8182,44.1337,16.2431
613.8416,348.8457,44.1337,16.2431
614.8823,342.4856,44.1337,16.2431
614.9940,337.1470,45.1101,16.6024
611.9197,328.2567,46.1082,16.9698
612.7884,319.4203,47.1283,17.3452
612.9119,316.5802,47.1283,17.3452
611.1530,310.9331,46.1233,16.9753
611.0624,308.2020,45.1397,16.6133
607.0977,299.8292,44.1771,16.2591
606.9693,293.2845,45.1545,16.6188
605.6679,291.5098,45.1545,16.6188
607.9158,285.0026,45.1545,16.6188
606.6143,281.3349,45.1545,16.6188
605.3129,278.1404,45.1545,16.6188
604.0114,278.0221,45.1545,16.6188
603.3892,273.5420,46.1535,16.9865
601.8171,272.2118,46.1535,16.9865
599.7612,273.5420,46.1535,16.9865
602.7011,266.6130,45.1693,16.6242
600.1027,265.5355,44.2061,16.2697
598.4529,264.4809,43.2634,15.9228
595.6190,262.5538,43.2634,15.9228
591.3821,260.8661,42.3408,15.5832
591.0493,259.8677,42.3408,15.5832
594.6018,257.5744,41.4378,15.2509
591.3272,258.6448,42.3546,15.5883
589.4406,260.7534,42.3546,15.5883
590.4394,260.8643,42.3546,15.5883
592.7699,261.4192,42.3546,15.5883
594.4346,260.6424,42.3546,15.5883
593.2138,259.1997,42.3546,15.5883
593.5467,261.3082,42.3546,15.5883
594.5455,262.3070,42.3546,15.5883
597.2434,266.4310,41.4514,15.2559
598.8726,268.7118,41.4514,15.2559
597.8506,270.6840,42.3685,15.5934
597.2667,272.4695,43.3059,15.9384
595.4927,277.1199,44.2641,16.2911
593.4387,284.0391,45.2434,16.6515
588.5784,285.5802,45.2434,16.6515
586.3260,287.1213,45.2434,16.6515
585.7333,293.6413,45.2434,16.6515
584.8638,302.9274,46.2444,17.0199
595.7920,322.7274,47.2676,17.3965
598.8029,328.5235,46.2596,17.0255
601.1059,335.6748,46.2596,17.0255
602.4804,342.6544,47.2831,17.4022
605.6849,348.2460,48.3292,17.7872
610.4721,359.0544,47.2986,17.4079
614.8097,364.3834,47.2986,17.4079
613.9422,369.4645,47.2986,17.4079
620.5386,375.2644,46.2899,17.0367
625.9965,380.2372,46.2899,17.0367
627.5732,385.6951,46.2899,17.0367
627.9371,389.9402,46.2899,17.0367
629.5138,392.0021,46.2899,17.0367
630.3581,393.2359,45.3028,16.6734
628.5776,396.2034,45.3028,16.6734
630.1700,396.6347,46.3051,17.0423
630.0354,397.8308,47.3296,17.4193
625.9430,398.6989,47.3296,17.4193
625.5710,401.0551,47.3296,17.4193
622.9667,403.4113,47.3296,17.4193
621.1066,401.0551,47.3296,17.4193
620.2385,398.2028,47.3296,17.4193
618.3783,395.5986,47.3296,17.4193
618.0462,392.5570,46.3203,17.0478
609.7665,387.2407,45.3325,16.6843
615.3492,376.6694,45.3325,16.6843
615.9431,373.2248,45.3325,16.6843
613.3353,371.9144,44.3658,16.3285
610.1109,365.2538,43.4197,15.9803
608.4904,357.4193,42.4937,15.6395
606.5976,351.7409,42.4937,15.6395
604.7048,346.5079,42.4937,15.6395
603.2573,344.3924,42.4937,15.6395
602.1007,340.3738,41.5875,15.3060
594.2469,339.8018,40.7007,14.9796
599.0458,330.5239,40.7007,14.9796
597.2329,327.8578,40.7007,14.9796
594.7802,323.6987,40.7007,14.9796
600.0452,318.2051,39.8327,14.6601
601.4020,309.7512,39.8327,14.6601
601.3237,306.3866,38.9833,14.3475
600.6087,304.6502,38.9833,14.3475
598.1640,304.3855,39.8458,14.6649
595.8817,304.5482,40.7274,14.9894
597.9093,302.9475,40.7274,14.9894
598.0160,303.4811,40.7274,14.9894
597.9359,304.3609,39.8588,14.6698
596.7871,303.8387,39.8588,14.6698
598.7714,303.7343,39.8588,14.6698
596.4885,306.9310,40.7407,14.9943
596.8130,307.9834,41.6421,15.3261
594.3035,310.0564,41.6421,15.3261
592.8851,311.9113,41.6421,15.3261
593.2125,314.2026,41.6421,15.3261
588.7898,321.6176,42.5634,15.6652
587.5090,324.3369,43.5052,16.0117
589.4468,327.4147,43.5052,16.0117
591.6127,330.0365,43.5052,16.0117
593.7785,332.6582,43.5052,16.0117
592.5246,338.4718,43.5052,16.0117
586.9579,344.5628,44.4677,16.3660
583.2021,347.4038,45.4516,16.7281
596.4212,350.1429,45.4516,16.7281
600.0051,353.8797,44.4823,16.3714
599.6554,358.4252,44.4823,16.3714
593.2451,363.6700,44.4823,16.3714
593.3616,369.6141,44.4823,16.3714
606.2988,374.6258,44.4823,16.3714
611.0775,379.1713,44.4823,16.3714
615.6230,387.4465,44.4823,16.3714
613.6416,391.0596,44.4823,16.3714
616.9244,394.0426,43.5337,16.0223
617.5079,396.1139,44.4969,16.3767
616.9249,400.6609,44.4969,16.3767
616.0697,405.1972,45.4814,16.7391
620.1412,404.3938,46.4876,17.1094
621.2698,403.8254,47.5162,17.4880
622.8883,401.2109,47.5162,17.4880
624.0088,401.3354,47.5162,17.4880
625.3783,396.7289,47.5162,17.4880
624.7558,395.3594,47.5162,17.4880
623.8843,392.4958,47.5162,17.4880
623.7910,388.2423,46.5029,17.1150
622.4506,387.1457,46.5029,17.1150
618.1314,384.6270,45.5112,16.7501
620.8005,378.2542,44.5407,16.3929
620.2170,372.7691,44.5407,16.3929
620.1295,368.5569,43.5908,16.0433
604.7103,373.0113,43.5908,16.0433
600.7128,370.6128,43.5908,16.0433
599.2280,368.8995,43.5908,16.0433
598.2616,360.1535,42.6612,15.7011
599.7147,354.4527,42.6612,15.7011
618.1585,338.0211,42.6612,15.7011
612.0039,332.6287,43.6051,16.0485
611.6980,329.1657,42.6752,15.7063
615.2785,323.1900,41.7652,15.3714
614.7745,318.8184,40.8745,15.0436
606.5280,330.0637,40.8745,15.0436
620.7720,305.5382,40.8745,15.0436
615.3197,305.0384,41.7788,15.3764
617.3478,302.5646,40.8879,15.0485
616.8122,297.3151,40.8879,15.0485
615.2052,295.9223,40.8879,15.0485
613.9748,293.6440,41.7925,15.3814
616.2743,288.2783,41.7925,15.3814
617.6978,286.6357,41.7925,15.3814
613.2082,287.8403,41.7925,15.3814
615.2370,285.5767,40.9013,15.0534
613.2008,284.6122,40.9013,15.0534
612.6649,285.3624,40.9013,15.0534
611.2718,287.1843,40.9013,15.0534
609.4499,289.0061,40.9013,15.0534
601.8410,293.6144,40.9013,15.0534
596.1627,297.5618,41.8062,15.3865
606.0421,305.4606,42.7312,15.7269
606.8259,310.9468,42.7312,15.7269
606.0944,315.5390,41.8200,15.3915
603.0170,313.8909,42.7452,15.7321
594.5128,326.9049,41.8337,15.3966
602.5144,334.6873,41.8337,15.3966
603.9394,340.4968,41.8337,15.3966
603.4346,348.1620,40.9416,15.0682
601.7574,351.4456,41.8474,15.4016
596.6303,362.3098,42.7733,15.7424
599.2080,372.9568,42.7733,15.7424
600.9441,377.3175,43.7196,16.0907
602.6624,382.0141,43.7196,16.0907
603.2484,384.8074,44.6869,16.4467
600.4459,394.2222,45.6756,16.8106
605.3527,398.4110,45.6756,16.8106
605.7166,399.0942,46.6862,17.1825
606.5962,397.7619,47.7191,17.5627
608.0141,399.5134,48.7749,17.9512
612.9982,402.4528,48.7749,17.9512
615.6820,407.4369,48.7749,17.9512
618.8770,408.8427,48.7749,17.9512
623.0943,409.2261,48.7749,17.9512
625.6043,409.1601,49.8540,18.3484
630.5426,413.2588,48.7909,17.9571
633.9943,412.3639,48.7909,17.9571
635.4006,413.2588,48.7909,17.9571
637.5739,415.6878,48.7909,17.9571
639.6960,416.4954,47.7504,17.5742
637.7399,419.0269,48.8069,17.9630
652.4352,411.2065,47.7661,17.5800
654.2715,411.7558,46.7474,17.2051
656.8437,411.1434,46.7474,17.2051
657.7011,411.2659,46.7474,17.2051
659.9704,410.1507,45.7505,16.8382
659.6108,407.1539,45.7505,16.8382
657.5730,407.2737,45.7505,16.8382
656.7339,406.1949,45.7505,16.8382
655.1755,405.8353,45.7505,16.8382
652.3126,407.0547,44.7749,16.4791
671.6701,400.6022,44.7749,16.4791
655.5975,398.8424,44.7749,16.4791
634.0451,400.9728,45.7655,16.8437
628.1693,402.5316,45.7655,16.8437
622.5334,405.2897,45.7655,16.8437
613.7796,399.6537,45.7655,16.8437
609.3428,406.2490,45.7655,16.8437
589.7969,393.4182,45.7655,16.8437
556.0729,395.8445,46.7781,17.2163
549.5788,398.5788,47.8131,17.5972
531.7629,392.7951,48.8709,17.9866
510.1223,389.0816,48.8709,17.9866
479.6899,394.3296,49.9522,18.3845
477.5733,388.8488,48.8870,17.9925
445.1301,386.6948,47.8444,17.6088
423.6608,393.1332,48.9030,17.9984
405.7803,386.2854,47.8601,17.6146
378.6115,380.0672,46.8395,17.2389
359.5928,378.0034,45.8406,16.8713
2
0
0
0
0
1
125.6589,342.4485,53.1839,16.2514
90.4787,337.0463,53.1839,16.2514
55.5620,334.2793,53.1839,16.2514