0.0409
0.0409
0.0399
0.0399
0.0389
0.0399
0.0399
0.0389
0.0399
0.0389
0.0399
0.0389
0.0409
0.0389
0.0399
0.0389
0.0399
0.0389
0.0389
0.0399
0.0389
0.0399
0.0399
0.0399
0.0399
0.0399
0.0389
0.0399
0.0389
0.0389
0.0399
0.0399
0.0389
0.0399
0.0399
0.0399
0.0399
0.0389
0.0399
0.0399
0.0389
0.0399
0.0399
0.0399
0.0399
0.0399
0.0399
0.0409
0.0399
0.0399
0.0399
0.0389
0.0389
0.0399
0.0389
0.0399
0.0399
0.0399
0.0399
0.0399
0.0389
0.0399
0.0399
0.0399
0.0399
0.0389
0.0399
0.0399
0.0399
0.0399
0.0399
0.0399
0.0399
0.0399
0.0389
0.0399
0.0399
0.0409
0.0399
0.0399
0.0389
0.0389
0.0399
0.0399
0.0389
0.0399
0.0399
0.0399
0.0389
0.0399
0.0399
0.0409
0.0399
0.0399
0.0399
0.0399
0.0399
0.0399
0.0399
0.0399
0.0399
0.0399
0.0399
0.0399
0.0399
0.0399
0.0399
0.0399
0.0399
0.0389
0.0399
0.0399
0.0389
0.0399
0.0389
0.0399
0.0399
0.0409
0.0399
0.0389
0.0399
0.0389
0.0399
0.0389
0.0409
0.0419
0.0399
0.0389
0.0399
0.0399
0.0399
0.0399
0.0399
0.0389
0.0399
0.0389
0.0399
0.0389
0.0399
0.0389
0.0389
0.0409
0.0389
0.0409
0.0399
0.0399
0.0399
0.0389
0.0399
0.0389
0.0399
0.0399
0.0389
0.0399
0.0389
0.0399
0.0399
0.0389
0.0399
0.0399
0.0399
0.0399
0.0389
0.0399
0.0399
0.0409
0.0399
0.0389
0.0399
0.0389
0.0409
0.0389
0.0399
0.0389
0.0399
0.0389
0.0389
0.0399
0.0459
0.0409
0.0399
0.0399
0.0399
0.0399
0.0399
0.0399
0.0399
0.0389
0.0399
0.0399
0.0409
0.0399
0.0399
0.0399
0.0399
0.0399
0.0399
0.0399
0.0399
0.0399
0.0399
0.0399
0.0389
0.0399
0.0399
0.0399
0.0399
0.0389
0.0399
0.0399
0.0399
0.0399
0.0399
0.0409
0.0399
0.0399
0.0399
0.0399
0.0469
0.0399
0.0409
0.0389
0.0409
0.0389
0.0399
0.0399
0.0409
0.0399
0.0409
0.0409
0.0399
0.0399
0.0399
0.0389
0.0529
0.0399
0.0399
0.0399
0.0399
0.0399
0.0399
0.0399
0.0399
0.0409
0.0399
0.0399
0.0399
0.0389
0.0399
0.0399
0.0389
0.0399
0.0399
0.0409
0.0399
0.0389
0.0399
0.0399
0.0399
0.0399
0.0399
0.0399
0.0399
0.0399
0.0429
0.0409
0.0459
0.0399
0.0399
0.0399
0.0399
0.0409
0.0399
0.0399
0.0399
0.0399
0.0399
0.0399
0.0409
0.0399
0.0429
0.0399
0.0399
0.0409
0.0399
0.0419
0.0419
0.0389
0.0399
0.0399
0.0399
0.0399
0.0399
0.0419
0.0409
0.0399
0.0399
0.0399
0.0399
0.0399
0.0399
0.0399
0.0399
0.0409
0.0399
0.0389
0.0409
0.0399
0.0399
0.0399
0.0509
0.0399
0.0399
0.0399
0.0389
0.0409
0.0399
0.0399
0.0399
0.0399
0.0399
0.0399
0.0399
0.0399
0.0399
0.0389
0.0409
0.0399
0.0409
0.0399
0.0399
NaN
NaN
NaN
NaN
0.0409
0.0399
0.0399
0.0399