1
149.9729,67.7412,44.4267,56.7396
149.7741,67.5424,44.4267,56.7396
150.3704,68.1387,44.4267,56.7396
150.1716,67.9399,44.4267,56.7396
149.5753,67.7412,44.4267,56.7396
149.3765,67.5424,44.4267,56.7396
149.5753,67.7412,44.4267,56.7396
149.7741,66.3497,44.4267,56.7396
150.3704,66.1509,44.4267,56.7396
150.5692,65.5546,44.4267,56.7396
151.1655,65.3558,44.4267,56.7396
151.3643,65.1571,44.4267,56.7396
152.3582,64.1632,44.4267,56.7396
153.4372,63.8528,45.8466,58.5530
154.5508,64.3530,47.3119,60.4244
154.4298,63.1758,48.8240,62.3555
155.6157,62.8347,50.3844,64.3484
156.3885,62.0318,51.9947,66.4050
162.0675,64.2085,50.4075,64.3780
167.7059,67.5916,50.4075,64.3780
169.1519,68.7997,48.8688,62.4128
172.4317,72.0795,48.8688,62.4128
174.0560,73.0500,50.4306,64.4075
176.6347,75.4054,52.0424,66.4660
176.9673,74.1104,53.7057,68.5902
177.3105,73.7352,55.4221,70.7824
178.6567,74.3399,57.1934,73.0446
174.8182,71.5250,57.1934,73.0446
168.2700,69.3132,55.4476,70.8149
168.3721,70.1459,53.7550,68.6532
168.9520,71.4343,52.1141,66.5576
169.1852,71.2011,52.1141,66.5576
169.8847,71.9006,52.1141,66.5576
170.1178,71.6674,52.1141,66.5576
170.3510,71.4343,52.1141,66.5576
170.5842,69.8021,52.1141,66.5576
169.2810,70.5847,50.5233,64.5259
170.4113,70.3587,50.5233,64.5259
170.7342,69.5536,52.1380,66.5881
170.6009,68.2563,53.8044,68.7163
170.6999,68.5828,52.1620,66.6187
153.1959,63.6817,52.1620,66.6187
150.0244,61.1977,50.5697,64.5852
162.1133,67.6323,52.1859,66.6493
161.9798,68.6687,53.8538,68.7794
163.0428,70.9232,52.2099,66.6799
162.3419,70.6896,52.2099,66.6799
160.8068,69.3905,53.8785,68.8110
158.1551,68.1851,53.8785,68.8110
155.5034,66.4977,53.8785,68.8110
154.2980,66.2566,53.8785,68.8110
151.9865,66.5836,52.2339,66.7105
150.6803,67.3681,50.6394,64.6741
150.0977,67.0143,52.2578,66.7411
148.7909,66.8639,50.6627,64.7038
149.0176,67.0906,50.6627,64.7038
149.2443,67.3173,50.6627,64.7038
149.1147,67.4167,52.2818,66.7718
147.4773,67.1828,52.2818,66.7718
148.1790,66.9488,52.2818,66.7718
147.4773,66.7149,52.2818,66.7718
148.1790,66.4810,52.2818,66.7718
148.5132,67.0515,53.9528,68.9058
149.2374,66.8101,53.9528,68.9058
150.3023,66.6547,52.3058,66.8024
151.4724,66.8888,52.3058,66.8024
154.9829,67.1228,52.3058,66.8024
153.4449,66.2893,53.9775,68.9374
156.6880,64.9462,55.7027,71.1407
161.4234,66.1923,55.7027,71.1407
164.6634,67.9369,55.7027,71.1407
169.2520,69.7704,54.0023,68.9691
172.9798,69.3932,55.7282,71.1733
176.2213,69.6425,55.7282,71.1733
180.0683,68.2558,57.5093,73.4480
183.4133,69.0277,57.5093,73.4480
185.3248,67.0821,59.3473,75.7954
185.5903,65.7544,59.3473,75.7954
186.7616,66.1147,57.5357,73.4818
187.3823,66.4639,55.7794,71.2387
186.2414,65.0759,57.5621,73.5155
184.9537,63.2731,57.5621,73.5155
177.3331,67.7433,55.8050,71.2714
150.9690,62.0895,54.1015,69.0958
151.5527,60.9655,52.4501,66.9866
151.3180,58.3841,52.4501,66.9866
165.1639,68.4751,52.4501,66.9866
160.8056,70.4555,54.1264,69.1275
156.3080,68.6243,55.8563,71.3369
152.1665,65.7349,57.6414,73.6168
147.7821,64.4454,57.6414,73.6168
143.9136,65.7349,57.6414,73.6168
139.6397,64.8164,59.4837,75.9696
134.1647,64.9332,61.3848,78.3976
132.7914,65.2078,61.3848,78.3976
119.7211,55.1436,59.5110,76.0045
115.3086,54.1954,61.4129,78.4336
114.0524,59.2619,63.3757,80.9403
111.0548,62.7890,65.4012,83.5271
102.9817,56.1630,63.4048,80.9775
101.9636,59.9522,61.4693,78.5056
101.5266,62.5255,59.5930,76.1092
101.6362,63.4205,57.7739,73.7859
101.3777,63.6790,57.7739,73.7859
101.6362,63.4205,57.7739,73.7859
102.4117,62.6450,57.7739,73.7859
103.5520,63.5127,56.0103,71.5336
105.3062,63.2621,56.0103,71.5336
106.5593,63.0115,56.0103,71.5336
108.3135,63.2621,56.0103,71.5336
109.0653,63.0115,56.0103,71.5336
109.8171,63.2621,56.0103,71.5336
111.5714,63.0115,56.0103,71.5336
112.3232,62.7609,56.0103,71.5336
112.5738,62.5103,56.0103,71.5336
113.3256,62.2597,56.0103,71.5336
113.5762,62.0091,56.0103,71.5336
114.8292,62.2597,56.0103,71.5336
115.5811,62.0091,56.0103,71.5336
116.8341,62.2597,56.0103,71.5336
118.0871,61.0066,56.0103,71.5336
119.8414,61.2572,56.0103,71.5336
123.0992,60.5054,56.0103,71.5336
125.8559,61.2572,56.0103,71.5336
130.1162,60.0042,56.0103,71.5336
131.7229,58.8406,54.3006,69.3500
138.8727,58.9471,56.0360,71.5664
139.6248,57.6935,56.0360,71.5664
136.9743,56.8006,57.8269,73.8537
135.2740,55.8792,59.6751,76.2141
142.8599,67.4555,57.8535,73.8876
146.5903,68.8421,56.0875,71.6322
150.7087,68.1787,54.3754,69.4456
154.2148,69.4819,52.7156,67.3257
158.0856,70.7454,51.1064,65.2706
161.8383,72.8849,49.5464,63.2782
164.2768,72.6632,49.5464,63.2782
167.1587,73.7716,49.5464,63.2782
170.0406,73.9933,49.5464,63.2782
173.3658,72.4415,49.5464,63.2782
176.6911,72.6632,49.5464,63.2782
180.0163,72.4415,49.5464,63.2782
181.5681,71.3331,49.5464,63.2782
183.1199,71.1114,49.5464,63.2782
185.5584,70.4464,49.5464,63.2782
187.1102,70.2247,49.5464,63.2782
187.7753,70.4464,49.5464,63.2782
188.4403,71.1114,49.5464,63.2782
190.4355,71.3331,49.5464,63.2782
191.1955,70.9870,51.1299,65.3005
191.4243,71.2157,51.1299,65.3005
191.6531,71.4445,51.1299,65.3005
190.9668,70.7582,51.1299,65.3005
191.1955,70.9870,51.1299,65.3005
190.9668,71.2157,51.1299,65.3005
190.7380,71.4445,51.1299,65.3005
190.5092,70.7582,51.1299,65.3005
190.2804,70.9870,51.1299,65.3005
190.5092,71.6733,51.1299,65.3005
190.2804,71.4445,51.1299,65.3005
190.5092,69.8431,51.1299,65.3005
189.0059,69.4859,52.7640,67.3876
187.8255,68.7777,52.7640,67.3876
184.8576,68.8812,54.4503,69.5413
186.9067,70.1862,52.7882,67.4185
187.4762,71.9238,51.1768,65.3605
188.0284,71.7765,49.6146,63.3654
187.8064,72.8864,49.6146,63.3654
187.5844,72.2204,49.6146,63.3654
188.2504,71.9985,49.6146,63.3654
188.4723,72.2204,49.6146,63.3654
189.5823,72.4424,49.6146,63.3654
188.9163,73.1084,49.6146,63.3654
186.5695,71.8738,51.2003,65.3905
185.0641,71.0580,52.8367,67.4804
183.9834,70.6889,54.5253,69.6371
184.0837,69.5561,52.8609,67.5114
184.3202,70.2656,52.8609,67.5114
184.0837,70.5021,52.8609,67.5114
183.3741,70.7386,52.8609,67.5114
183.9444,71.5325,51.2473,65.4506
184.1737,71.7618,51.2473,65.4506
184.8616,71.9911,51.2473,65.4506
185.0909,72.2204,51.2473,65.4506
184.8616,71.9911,51.2473,65.4506
185.1891,70.7159,52.8852,67.5424
184.1074,69.8732,54.5754,69.7010
186.6497,70.2045,52.9095,67.5734
187.2205,72.4195,51.2944,65.5107
186.9910,72.1900,51.2944,65.5107
184.9254,71.5015,51.2944,65.5107
183.7779,71.7310,51.2944,65.5107
183.5484,71.5015,51.2944,65.5107
181.4829,70.8129,51.2944,65.5107
179.4173,70.1244,51.2944,65.5107
177.6757,71.3538,49.7286,63.5110
175.2282,71.1313,49.7286,63.5110
172.3357,71.7988,49.7286,63.5110
170.7782,71.5763,49.7286,63.5110
169.3160,70.7839,51.3180,65.5408
166.3311,69.6358,51.3180,65.5408
164.7238,69.8654,51.3180,65.5408
163.5757,69.1766,51.3180,65.5408
161.9685,68.9470,51.3180,65.5408
159.9020,68.7174,51.3180,65.5408
159.2132,68.9470,51.3180,65.5408
158.5243,68.2582,51.3180,65.5408
157.8355,68.4878,51.3180,65.5408
158.3891,69.7177,49.7515,63.5401
156.8309,69.0499,49.7515,63.5401
157.0535,69.2725,49.7515,63.5401
156.8309,68.6047,49.7515,63.5401
156.6083,68.3821,49.7515,63.5401
156.3857,68.1595,49.7515,63.5401
156.1631,68.8273,49.7515,63.5401
155.9405,68.6047,49.7515,63.5401
157.0535,68.8273,49.7515,63.5401
157.2761,69.0499,49.7515,63.5401
157.0535,69.2725,49.7515,63.5401
157.7213,68.6047,49.7515,63.5401
157.9439,68.8273,49.7515,63.5401
158.6117,69.0499,49.7515,63.5401
158.8343,69.2725,49.7515,63.5401
159.5021,69.0499,49.7515,63.5401
159.7247,69.2725,49.7515,63.5401
160.3925,69.0499,49.7515,63.5401
160.1699,69.2725,49.7515,63.5401
160.3925,69.0499,49.7515,63.5401
160.6151,69.2725,49.7515,63.5401
161.2829,68.6047,49.7515,63.5401
161.0603,68.8273,49.7515,63.5401
161.2829,68.6047,49.7515,63.5401
160.6151,68.8273,49.7515,63.5401
160.8377,68.6047,49.7515,63.5401
161.0603,68.8273,49.7515,63.5401
161.7281,69.0499,49.7515,63.5401
161.5055,69.7177,49.7515,63.5401
162.1734,69.9403,49.7515,63.5401
163.2864,70.1629,49.7515,63.5401
164.9399,70.2606,51.3415,65.5709
166.0885,70.0308,51.3415,65.5709
169.0748,69.8011,51.3415,65.5709
171.6017,69.5714,51.3415,65.5709
177.2094,71.2613,49.7743,63.5693
178.3229,70.1478,49.7743,63.5693
181.2180,70.8159,49.7743,63.5693
182.7769,70.5932,49.7743,63.5693
183.9859,69.8001,51.3651,65.6010
184.2157,68.6510,51.3651,65.6010
186.7437,68.8808,51.3651,65.6010
187.8929,68.6510,51.3651,65.6010
187.6630,68.8808,51.3651,65.6010
188.8121,68.6510,51.3651,65.6010
189.0420,68.8808,51.3651,65.6010
188.3525,68.6510,51.3651,65.6010
188.5823,69.3405,51.3651,65.6010
188.8121,69.1106,51.3651,65.6010
188.5823,68.8808,51.3651,65.6010
188.3525,68.6510,51.3651,65.6010
188.1227,69.3405,51.3651,65.6010
187.8929,69.1106,51.3651,65.6010
188.1227,68.8808,51.3651,65.6010
188.8121,69.1106,51.3651,65.6010
189.5016,69.3405,51.3651,65.6010
189.7314,69.5703,51.3651,65.6010
189.9612,69.8001,51.3651,65.6010
