0.19484
0.2212
0.055441
0.027144
0.036319
0.030874
0.025272
0.021831
0.021981
0.021944
0.021498
0.021846
0.02086
0.020575
0.021163
0.021056
0.021678
0.021222
0.020821
0.020983
0.021645
0.020854
0.020648
0.020348
0.020671
0.022482
0.021895
0.022435
0.022178
0.022607
0.021952
0.021935
0.020979
0.020695
0.02043
0.020322
0.020442
0.020904
0.020998
0.020436
0.020788
0.022088
0.02127
0.020541
0.021557
0.020408
0.020371
0.020894
0.020302
0.020286
0.020254
0.020244
0.020365
0.020655
0.020414
0.020369
0.020363
0.020446
0.020573
0.020336
0.020227
0.020334
0.020298
0.020494
0.020499
0.020265
0.020296
0.020266
0.020217
0.020353
0.020618
0.021457
0.021272
0.021233
0.021715
0.021712
0.021683
0.02141
0.022118
0.021513
0.021686
0.021144
0.021644
0.021404
0.021571
0.020319
0.020375
0.02065
0.020194
0.020175
0.020081
0.020098
0.020465
0.020147
0.021786
0.021511
0.021076
0.020609
0.02054
0.021865
0.022484
0.02242
0.022509
0.022314
0.021327
0.020769
0.020799
0.021135
0.020963
0.020984
0.020831
0.020619
0.020749
0.020685
0.020547
0.020643
0.020441
0.020206
0.020143
0.020152
0.020087
0.020136
0.020224
0.020214
0.020229
0.020784
0.020865
0.020726
0.020694
0.020995
0.021005
0.020651
0.02139
0.020434
0.020384
0.020351
0.020429
0.020411
0.020546
0.020171
0.02015
0.02016
0.020156
0.02124
0.021193
0.021332
0.021256
0.02129
0.021413
0.021249
0.021279
0.021108
0.020983
0.022486
0.021018
0.021169
0.021022
0.020947
0.020941
0.021028
0.021076
0.021084
0.021038
0.021271
0.0214
0.021868
0.021009
0.021456
0.021825
0.021428
0.021346
0.021016
0.021031
0.021134
0.021045
0.021288
0.021582
0.022069
0.021441
0.021868
0.021225
0.020914
0.021029
0.020638
0.020989
0.020938
0.021077
0.020697
0.021157
0.020684
0.02108
0.020671
0.02107
0.020984
0.021031
0.020673
0.021087
0.020256
0.020251
0.019987
0.02067
0.020102
0.020299
0.020032
0.020252
0.020025
0.020245
0.019975
0.020227
0.020001
0.020439
0.019967
0.020304
0.01999
0.020502
0.019881
0.020284
0.02006
0.020326
0.020054
0.020341
0.020006
0.020298
0.019947
0.020321
0.019974
0.020304
0.020088
0.020325
0.019998
0.020226
0.020022
0.020316
0.020008
0.020414
0.019993
0.020338
0.019987
0.020308
0.01996
0.020297
0.019915
0.020256
0.019987
0.020341
0.019929
0.021113
0.02095
0.021516
0.020863
0.022098
0.021868
0.022146
0.02148
0.02136
0.021129
0.021075
0.020783
0.021222
0.020806
0.021095
0.020772
0.021105
0.020764
0.02108
0.020743
0.021029
