0.0150
0.0240
0.0229
0.0249
0.0229
0.0240
0.0240
0.0240
0.0230
0.0229
0.0240
0.0240
0.0240
0.0240
0.0230
0.0240
0.0240
0.0230
0.0230
0.0240
0.0230
0.0229
0.0240
0.0240
0.0230
0.0230
0.0240
0.0240
0.0230
0.0240
0.0240
0.0240
0.0240
0.0240
0.0240
0.0240
0.0240
0.0230
0.0229
0.0240
0.0240
0.0240
0.0240
0.0230
0.0230
0.0230
0.0240
0.0240
0.0240
0.0240
0.0240
0.0240
0.0240
0.0230
0.0229
0.0239
0.0230
0.0229
0.0239
0.0240
0.0240
0.0240
0.0240
0.0240
0.0229
0.0240
0.0240
0.0240
0.0240
0.0240
0.0230
0.0240
0.0240
0.0230
0.0240
0.0240
0.0240
0.0230
0.0229
0.0240
0.0230
0.0240
0.0230
0.0230
0.0229
0.0230
0.0230
0.0230
0.0230
0.0230
0.0230
0.0230
0.0230
0.0230
0.0230
0.0230
0.0230
0.0230
0.0230
0.0240
0.0240
0.0230
0.0230
0.0240
0.0230
0.0240
0.0240
0.0240
0.0240
0.0240
0.0239
0.0240
0.0240
0.0240
0.0239
0.0239
0.0250
0.0240
0.0250
0.0240
0.0240
0.0250
0.0240
0.0250
0.0240
0.0250
0.0240
0.0250
0.0240
0.0240
0.0250
0.0240
0.0240
0.0249
0.0250
0.0239
0.0250
0.0250
0.0240
0.0250
0.0240
0.0240
0.0250
0.0240
0.0240
0.0240
0.0240
0.0250
0.0240
0.0240
0.0229
0.0240
0.0240
0.0240
0.0240
0.0240
0.0250
0.0240
0.0240
0.0239
0.0240
0.0240
0.0240
0.0240
0.0240
0.0240
0.0240
0.0240
0.0230
0.0229
0.0240
0.0240
0.0230
0.0240
0.0240
0.0240
0.0230
0.0230
0.0230
0.0219
0.0219
0.0220
0.0220
0.0220
0.0219
0.0230
0.0230
0.0230
0.0230
0.0230
0.0240
0.0239
0.0239
0.0240
0.0250
0.0240
0.0240
0.0230
0.0240
0.0230
0.0240
0.0240
0.0230
0.0240
0.0230
0.0230
0.0240
0.0220
0.0220
0.0220
0.0220
0.0220
0.0220
0.0220
0.0240
0.0219
0.0219
0.0210
0.0210
0.0220
0.0210
0.0209
0.0220
0.0210
0.0220
0.0220
0.0220
0.0220
0.0210
0.0210
0.0220
0.0220
0.0210
0.0220
0.0220
0.0220
0.0220
0.0220
0.0219
0.0230
0.0219
0.0219
0.0219
0.0220
0.0220
0.0220
0.0220
0.0219
0.0220
0.0219
0.0219
0.0220
0.0230
0.0220
0.0220
0.0219
0.0219
0.0230
0.0220
0.0210
0.0220
0.0210
0.0220
0.0210
0.0210
0.0209
0.0200
0.0200
0.0200
0.0190
0.0200
0.0190
0.0190
0.0190
0.0190
0.0190
0.0190
0.0190
0.0189
0.0200
0.0189
0.0190
0.0189
0.0190
0.0189
0.0190
0.0190
0.0190
0.0189
0.0190
0.0190
0.0200
0.0190
0.0190
0.0190
0.0190
0.0190
0.0190
0.0190
0.0190
0.0190
0.0180
0.0190
0.0190
0.0190
0.0190
0.0190
0.0190
0.0190
0.0190
0.0180
0.0180
0.0180
0.0190
0.0190
0.0189
0.0189
0.0190
0.0190
0.0180
0.0190
0.0180
0.0180
0.0190
0.0180
0.0190
0.0180
0.0189
0.0189
0.0180
0.0190
0.0180
0.0190
0.0179
0.0180
0.0190
0.0180
0.0180
0.0180
0.0180
0.0180
0.0180
0.0190
0.0180
0.0180
0.0180
0.0180
0.0179
0.0180
0.0190
0.0180
0.0180
0.0190
0.0180
0.0180
0.0180
0.0180
0.0180
0.0180
0.0180
0.0180
0.0190
0.0180
0.0180
0.0180
0.0180
0.0190
0.0180
0.0180
0.0180
0.0180
0.0180
0.0180
0.0180
0.0180
0.0180
0.0180
0.0180
0.0180
0.0180
0.0190
0.0180
0.0180
0.0179
0.0180
0.0180
0.0180
0.0180
0.0180
0.0190
0.0180
0.0180
0.0180
0.0180
0.0180
0.0170
0.0170
0.0170
0.0180
0.0170
0.0170
0.0180
0.0180
0.0180
0.0180
0.0180
0.0180
0.0180
0.0180
0.0180
0.0180
0.0170
0.0180
0.0180
0.0180
0.0170
0.0169
0.0180
0.0180
0.0180
0.0180
0.0180
0.0170
0.0169
0.0180
0.0180
0.0180
0.0180
0.0180
0.0180
0.0170
0.0170
0.0170
0.0189
0.0170
0.0180
0.0170
0.0180
0.0180
0.0180
0.0180
0.0180
0.0170
0.0170
0.0170
0.0180
0.0180
0.0180
0.0180
0.0180
0.0180
0.0180
0.0180
0.0180
0.0180
0.0180
0.0170
0.0180
0.0190
0.0180
0.0180
0.0170
0.0200
0.0180
0.0180
0.0180
0.0180
0.0180
0.0180
0.0180
0.0180
0.0180
0.0170
0.0180
0.0180
0.0180
0.0180
0.0180
0.0180
0.0180
0.0170
0.0180
0.0180
0.0180
0.0180
0.0180
0.0180
0.0180
0.0180
0.0180
0.0180
0.0180
0.0180
0.0190
0.0180
0.0180
0.0180
0.0180
0.0180
0.0180
0.0180
0.0180
0.0180
0.0180
0.0180
0.0180
0.0179
0.0180
0.0180
0.0180
0.0180
0.0180
0.0180
0.0180
0.0180
0.0180
0.0180
0.0180
0.0180
0.0180
0.0180
0.0180
0.0180
0.0180
0.0180
0.0170
0.0180
0.0180
0.0180
0.0180
0.0180
0.0180
0.0180
0.0180
0.0190
0.0180
0.0180
0.0180
0.0180
0.0180
0.0180
0.0180
0.0180
0.0180
0.0180
0.0180
0.0180
0.0180
0.0180
0.0180
0.0180
0.0180
0.0180
0.0180
0.0180
0.0180
0.0180
0.0180
0.0180
0.0180
0.0190
0.0180
0.0180
0.0180
0.0180
0.0180
0.0180
0.0180
0.0180
0.0180
0.0180
0.0180
0.0180
0.0180
0.0180
0.0180
0.0190
0.0180
0.0180
0.0180
0.0180
0.0180
0.0180
0.0180
0.0180
0.0180
0.0180
0.0180
0.0190
0.0180
0.0180
0.0180
0.0180
0.0180
0.0180
0.0180
0.0180
0.0180
0.0180
0.0180
0.0180
0.0180
0.0180
0.0180
0.0180
0.0180
0.0180
0.0180
0.0180
0.0180
0.0190
0.0180
0.0180
0.0180
0.0180
0.0180
0.0180
0.0190
0.0180
0.0180
0.0180
0.0180
0.0180
0.0179
0.0180
0.0180
0.0180
0.0180
0.0180
0.0180
0.0190
0.0180
0.0180
0.0180
NaN
NaN
NaN
NaN
0.0149
0.0179
0.0180
0.0179
0.0189
0.0180
0.0179
0.0179
0.0190
0.0179
0.0180
0.0180
0.0189
0.0179
0.0189
0.0180
0.0180
0.0179
0.0180
0.0189
0.0180
0.0189
0.0179
0.0180
0.0180
0.0190
0.0179
0.0179
0.0180
0.0180
0.0190
0.0180
0.0180
0.0180
0.0180
0.0179
0.0179
0.0180
0.0179
0.0179
0.0190
0.0180
0.0179
0.0239
0.0180
0.0179
0.0179
0.0180
0.0180
0.0189
0.0189
0.0170
0.0189
0.0180
0.0180
0.0179
0.0179
0.0179
0.0179
0.0179
0.0180
0.0180
0.0180
0.0180
0.0179
0.0179
0.0189
0.0180
0.0179
0.0180