1
343.9201,222.2087,229.5109,153.1426
343.1706,221.4592,229.5109,153.1426
343.9201,220.7097,229.5109,153.1426
344.6695,218.4612,229.5109,153.1426
345.4190,216.2127,229.5109,153.1426
344.6695,213.9643,229.5109,153.1426
343.9201,211.7158,229.5109,153.1426
341.6716,212.4653,229.5109,153.1426
343.9201,210.2168,229.5109,153.1426
343.1706,209.4673,229.5109,153.1426
343.9201,208.7178,229.5109,153.1426
344.6695,206.4694,229.5109,153.1426
345.4190,207.2188,229.5109,153.1426
344.6695,207.9683,229.5109,153.1426
346.9180,205.7199,229.5109,153.1426
346.1685,204.9704,229.5109,153.1426
345.4191,202.7219,229.5109,153.1426
344.6696,203.4714,229.5109,153.1426
346.9181,202.7219,229.5109,153.1426
346.1686,201.9724,229.5109,153.1426
345.4191,202.7219,229.5109,153.1426
347.6676,200.4734,229.5109,153.1426
346.9181,201.2229,229.5109,153.1426
344.6696,201.9724,229.5109,153.1426
348.4171,208.7178,229.5109,153.1426
349.1666,213.9643,229.5109,153.1426
348.4171,220.7098,229.5109,153.1426
347.6676,224.4572,229.5109,153.1426
346.9181,226.7057,229.5109,153.1426
347.6676,228.9542,229.5109,153.1426
346.9181,229.7037,229.5109,153.1426
343.1706,228.9542,229.5109,153.1426
349.9161,228.2047,229.5109,153.1426
344.6696,225.9562,229.5109,153.1426
322.9343,223.7077,229.5109,153.1426
314.6898,224.4572,229.5109,153.1426
327.4313,225.2067,229.5109,153.1426
340.1727,222.9582,229.5109,153.1426
336.4252,222.2087,229.5109,153.1426
331.1788,222.9582,229.5109,153.1426
331.9282,222.2087,229.5109,153.1426
329.6798,221.4593,229.5109,153.1426
331.9282,220.7098,229.5109,153.1426
331.1788,221.4593,229.5109,153.1426
328.9303,220.7098,229.5109,153.1426
331.1788,219.9603,229.5109,153.1426
328.9303,219.2108,229.5109,153.1426
320.6858,219.9603,229.5109,153.1426
318.4374,219.2108,229.5109,153.1426
314.6899,218.4613,229.5109,153.1426
310.9424,219.2108,229.5109,153.1426
305.6960,218.4613,229.5109,153.1426
301.9485,217.7119,229.5109,153.1426
298.2010,218.4613,229.5109,153.1426
294.4536,217.7119,229.5109,153.1426
290.7061,218.4613,229.5109,153.1426
288.4576,216.2129,229.5109,153.1426
283.2112,215.4634,229.5109,153.1426
279.4637,214.7139,229.5109,153.1426
277.2152,212.4654,229.5109,153.1426
273.4678,211.7160,229.5109,153.1426
271.2193,209.4675,229.5109,153.1426
267.4718,207.2190,229.5109,153.1426
268.2213,206.4695,229.5109,153.1426
271.9688,205.7200,229.5109,153.1426
271.2193,204.9706,229.5109,153.1426
277.9647,202.7221,229.5109,153.1426
280.2132,203.4716,229.5109,153.1426
280.9627,201.2231,229.5109,153.1426
278.7142,201.9726,229.5109,153.1426
277.9647,201.2231,229.5109,153.1426
274.2173,201.9726,229.5109,153.1426
276.4658,201.2231,229.5109,153.1426
275.7163,198.9746,229.5109,153.1426
273.4678,199.7241,229.5109,153.1426
272.7183,198.9746,229.5109,153.1426
270.4698,198.2251,229.5109,153.1426
268.2214,195.9767,229.5109,153.1426
264.4739,192.2292,229.5109,153.1426
266.7224,188.4817,229.5109,153.1426
267.4719,184.7343,229.5109,153.1426
266.7224,180.9868,229.5109,153.1426
265.9729,177.2393,229.5109,153.1426
263.7244,173.4918,229.5109,153.1426
262.9749,175.7403,229.5109,153.1426
262.2255,171.9928,229.5109,153.1426
262.9749,169.7443,229.5109,153.1426
271.2194,168.9949,229.5109,153.1426
279.4638,166.7464,229.5109,153.1426
275.7164,165.9969,229.5109,153.1426
273.4679,163.7484,229.5109,153.1426
272.7184,164.4979,229.5109,153.1426
271.9689,165.2474,229.5109,153.1426
274.2174,165.9969,229.5109,153.1426
274.9669,169.7443,229.5109,153.1426
275.7164,171.9928,229.5109,153.1426
277.9648,174.2413,229.5109,153.1426
281.7123,180.9868,229.5109,153.1426
283.9608,190.7302,229.5109,153.1426
284.7103,201.9727,229.5109,153.1426
283.9608,210.2171,229.5109,153.1426
284.7103,219.9605,229.5109,153.1426
286.9587,228.2050,229.5109,153.1426
284.7103,234.9504,229.5109,153.1426
289.9567,240.1969,229.5109,153.1426
295.2032,248.4414,229.5109,153.1426
295.9527,255.1868,229.5109,153.1426
298.2011,255.9363,229.5109,153.1426
301.3707,261.1812,224.6165,149.8768
307.9724,261.9147,224.6165,149.8768
310.1729,267.0493,224.6165,149.8768
312.3734,272.1839,224.6165,149.8768
313.1069,275.8515,224.6165,149.8768
318.2415,279.5191,224.6165,149.8768
323.3761,281.7196,224.6165,149.8768
329.9777,283.9201,224.6165,149.8768
329.2442,286.1206,224.6165,149.8768
329.9777,288.3212,224.6165,149.8768
333.6453,287.5877,224.6165,149.8768
331.4448,288.3212,224.6165,149.8768
330.7113,289.0547,224.6165,149.8768
334.3788,286.8542,224.6165,149.8768
333.6453,286.1206,224.6165,149.8768
335.8458,283.9201,224.6165,149.8768
333.6453,283.1866,224.6165,149.8768
331.4448,283.9201,224.6165,149.8768
332.1783,281.7196,224.6165,149.8768
332.9118,279.5191,224.6165,149.8768
329.2442,281.7196,224.6165,149.8768
327.0437,278.0520,224.6165,149.8768
332.1783,274.3844,224.6165,149.8768
328.5107,278.0520,224.6165,149.8768
329.2442,280.2525,224.6165,149.8768
328.5107,283.9201,224.6165,149.8768
330.7113,286.1206,224.6165,149.8768
330.9853,288.4257,219.8265,146.6806
331.7031,284.8364,219.8265,146.6806
328.1138,288.4257,219.8265,146.6806
333.1388,281.9649,219.8265,146.6806
335.2924,285.5543,219.8265,146.6806
337.4460,283.4007,219.8265,146.6806
333.8567,284.1185,219.8265,146.6806
331.7031,281.9649,219.8265,146.6806
332.4210,279.8113,219.8265,146.6806
337.4460,277.6578,219.8265,146.6806
341.0354,274.0684,219.8265,146.6806
338.8818,273.3505,219.8265,146.6806
346.0692,268.6872,215.1386,143.5526
352.3922,267.9847,215.1386,143.5526
360.1204,275.7128,215.1386,143.5526
364.4459,288.7553,210.5507,140.4913
363.7583,296.3187,210.5507,140.4913
363.0707,298.3814,210.5507,140.4913
362.3831,303.1945,210.5507,140.4913
360.3203,305.2572,210.5507,140.4913
358.2576,305.9448,210.5507,140.4913
354.8197,308.0076,210.5507,140.4913
351.3818,305.9448,210.5507,140.4913
364.4458,302.5069,210.5507,140.4913
374.7595,305.9448,210.5507,140.4913
371.3216,301.1318,210.5507,140.4913
368.9275,307.2689,206.0607,137.4953
372.2921,301.2126,206.0607,137.4953
363.5442,297.8480,206.0607,137.4953
353.4505,297.1751,206.0607,137.4953
358.1609,299.1939,206.0607,137.4953
369.6005,294.4834,206.0607,137.4953
375.6567,292.4647,206.0607,137.4953
365.5630,285.0626,206.0607,137.4953
352.7775,277.6606,206.0607,137.4953
346.7213,268.9127,206.0607,137.4953
342.0109,260.1648,206.0607,137.4953
337.3005,252.7627,206.0607,137.4953
332.5900,260.1648,206.0607,137.4953
329.2255,262.1835,206.0607,137.4953
332.5900,254.7814,206.0607,137.4953
331.9171,247.3794,206.0607,137.4953
342.0109,234.5940,206.0607,137.4953
345.3755,209.6961,206.0607,137.4953
350.0859,183.4524,206.0607,137.4953
354.7963,165.2836,206.0607,137.4953
359.5067,148.4608,206.0607,137.4953
365.5630,122.2170,206.0607,137.4953
362.1984,114.8150,206.0607,137.4953
362.8713,123.5629,206.0607,137.4953
371.6192,125.5816,206.0607,137.4953
385.7504,116.8337,206.0607,137.4953
382.3858,104.0483,206.0607,137.4953
370.9463,80.4963,206.0607,137.4953
362.1173,69.6391,201.6664,134.5632
358.8245,58.4435,201.6664,134.5632
366.6877,47.8178,197.3658,131.6936
374.3831,38.6611,193.1569,128.8852
377.0507,36.9955,189.0378,126.1367
366.5561,45.0207,189.0378,126.1367
361.0002,54.2806,189.0378,126.1367
361.6175,59.8366,189.0378,126.1367
367.1735,53.0460,189.0378,126.1367
364.0868,48.7247,189.0378,126.1367
361.0002,55.5153,189.0378,126.1367
370.7510,53.8852,185.0065,123.4468
373.7718,60.5309,185.0065,123.4468
379.2092,69.5933,185.0065,123.4468
385.8550,84.6974,185.0065,123.4468
388.8758,108.2596,185.0065,123.4468
395.5216,124.5720,185.0065,123.4468
397.3341,148.1342,185.0065,123.4468
390.6883,160.8216,185.0065,123.4468
398.5424,179.5506,185.0065,123.4468
410.0215,187.4047,185.0065,123.4468
409.4173,183.1756,185.0065,123.4468
395.5216,177.7381,185.0065,123.4468
377.1130,185.4600,181.0612,120.8142
371.7915,190.7814,181.0612,120.8142
383.0257,185.4600,181.0612,120.8142
388.3472,180.1385,181.0612,120.8142
380.5894,187.6956,177.2000,118.2378
370.7521,195.2183,177.2000,118.2378
365.5441,201.5837,177.2000,118.2378
359.1787,206.7917,177.2000,118.2378
353.9707,214.3143,177.2000,118.2378
348.7627,221.8370,177.2000,118.2378
347.0267,227.0450,177.2000,118.2378
355.0514,233.3255,173.4212,115.7164
361.2810,232.7592,173.4212,115.7164
368.0429,237.8141,169.7229,113.2487
371.9226,231.7173,169.7229,113.2487
373.5854,226.7291,169.7229,113.2487
373.0311,230.6088,169.7229,113.2487
375.8024,224.5121,169.7229,113.2487
371.9226,233.9343,169.7229,113.2487
379.6087,242.0867,166.1035,110.8336
379.0663,246.9686,166.1035,110.8336
377.4390,250.7656,166.1035,110.8336
375.8117,255.6474,166.1035,110.8336
369.8450,254.0202,166.1035,110.8336
361.7085,261.0718,166.1035,110.8336
370.2763,269.0503,162.5613,108.4701
373.9923,274.8898,162.5613,108.4701
371.3380,279.6675,162.5613,108.4701
370.8072,284.4453,162.5613,108.4701
367.0911,290.2848,162.5613,108.4701
365.4985,294.0009,162.5613,108.4701
371.8370,292.5991,159.0947,106.1569
371.3174,297.2749,159.0947,106.1569
378.5222,295.9030,155.7019,103.8931
376.9968,298.4454,155.7019,103.8931
383.0678,299.0630,152.3815,101.6776
382.5701,296.5750,152.3815,101.6776
381.0773,301.0535,152.3815,101.6776
387.9780,300.6988,149.1319,99.5092
385.5430,304.1078,149.1319,99.5092
390.4190,302.8218,145.9517,97.3872
385.1761,298.5322,145.9517,97.3872
379.8414,297.2737,142.8392,95.3104
372.8445,294.0085,142.8392,95.3104
370.5122,287.9445,142.8392,95.3104
377.8801,282.2168,139.7931,93.2778
374.6845,274.4561,139.7931,93.2778
366.0108,266.6954,139.7931,93.2778
360.9892,259.8478,139.7931,93.2778
366.9238,251.1741,139.7931,93.2778
364.6412,241.5873,139.7931,93.2778
366.9238,232.9136,139.7931,93.2778
371.4944,226.4280,136.8120,91.2887
371.0476,220.6199,136.8120,91.2887
372.3880,213.9183,136.8120,91.2887
369.2605,206.3231,136.8120,91.2887
371.4944,199.6215,136.8120,91.2887
373.7283,195.6005,136.8120,91.2887
375.9622,195.1537,136.8120,91.2887
379.0896,193.8134,136.8120,91.2887
379.5364,196.9408,136.8120,91.2887
378.1961,193.8134,136.8120,91.2887
378.6429,196.0473,136.8120,91.2887
379.9832,191.1327,136.8120,91.2887
375.9622,194.2602,136.8120,91.2887
376.4090,191.1327,136.8120,91.2887
371.4945,193.3666,136.8120,91.2887
369.2606,196.4940,136.8120,91.2887
368.8138,192.4731,136.8120,91.2887
362.1122,191.1327,136.8120,91.2887
355.4105,189.7924,136.8120,91.2887
348.7089,192.0263,136.8120,91.2887
344.6879,190.6859,136.8120,91.2887
341.5605,194.7069,136.8120,91.2887
336.6459,192.4730,136.8120,91.2887
332.6249,194.7069,136.8120,91.2887
335.3756,192.6659,133.8944,89.3419
325.3189,191.3542,133.8944,89.3419
322.2582,195.2894,133.8944,89.3419
317.4484,193.9777,133.8944,89.3419
317.8857,196.1639,133.8944,89.3419
313.0760,193.9777,133.8944,89.3419
308.2663,195.2894,133.8944,89.3419
304.2152,195.8206,131.0391,87.4367
298.6521,197.9602,131.0391,87.4367
297.9871,201.7797,128.2447,85.5721
304.6021,203.9031,125.5098,83.7472
309.9304,204.3130,125.5098,83.7472
315.2586,206.3623,125.5098,83.7472
321.4067,205.9524,125.5098,83.7472
327.5547,203.9031,125.5098,83.7472
325.5053,206.7722,125.5098,83.7472
320.1770,203.0834,125.5098,83.7472
317.1697,206.7417,122.8333,81.9613
313.5596,204.7361,122.8333,81.9613
310.6164,204.4501,120.2138,80.2134
305.5130,202.4872,120.2138,80.2134
301.1947,199.7392,120.2138,80.2134
299.8278,204.0000,117.6502,78.5029
296.3700,201.3106,117.6502,78.5029
301.3646,199.3896,117.6502,78.5029
306.3592,199.0054,117.6502,78.5029
310.2058,200.9534,115.1413,76.8288
307.5738,199.0733,115.1413,76.8288
312.0633,197.3556,112.6859,75.1904
316.8471,196.2516,112.6859,75.1904
320.8950,193.6757,112.6859,75.1904
326.4148,191.0998,112.6859,75.1904
333.4066,188.5238,112.6859,75.1904
337.8003,192.5178,110.2828,73.5869
342.4822,189.9968,110.2828,73.5869
352.3362,193.9055,107.9310,72.0177
359.7379,191.4383,107.9310,72.0177
362.2051,190.3809,107.9310,72.0177
367.4921,188.6186,107.9310,72.0177
369.6620,189.0468,105.6293,70.4819
368.4610,190.1308,103.3768,68.9788
366.0979,187.7676,103.3768,68.9788
364.2716,188.1777,101.1722,67.5078
363.2805,184.5435,101.1722,67.5078
362.7670,184.9448,99.0147,66.0682
362.4436,182.6814,99.0147,66.0682
362.7670,182.3581,99.0147,66.0682
362.2644,182.7509,96.9032,64.6593
362.5809,181.8015,96.9032,64.6593
362.0891,180.9659,94.8367,63.2804
362.2048,183.7302,92.8143,61.9309
361.2955,181.6085,92.8143,61.9309
360.3862,179.4868,92.8143,61.9309
361.0837,182.1922,90.8350,60.6102
359.0073,179.5225,90.8350,60.6102
359.1181,182.7419,88.8979,59.3177
358.1072,184.7735,87.0021,58.0527
356.6867,187.3305,87.0021,58.0527
356.2451,190.4141,85.1468,56.8147
353.1865,193.4727,85.1468,56.8147
356.5064,191.1305,83.3310,55.6032
352.9688,193.5796,83.3310,55.6032
352.0212,196.0085,81.5539,54.4174
353.1475,194.2785,79.8148,53.2569
350.2804,197.1456,79.8148,53.2569
347.4133,198.9701,79.8148,53.2569
344.5462,201.3159,79.8148,53.2569
346.1509,200.1252,78.1127,52.1212
343.2958,203.3854,76.4469,51.0097
340.0504,206.1316,76.4469,51.0097
336.8050,209.3770,76.4469,51.0097
338.8233,207.2740,74.8167,49.9219
337.9726,209.4547,73.2212,48.8573
337.1400,213.4327,71.6597,47.8154
335.8741,215.9726,70.1316,46.7957
335.9597,218.4583,68.6360,45.7978
333.0459,220.9238,68.6360,45.7978
334.4258,222.4923,67.1723,44.8212
332.8163,225.7188,65.7398,43.8653
331.6550,229.2903,64.3379,42.9299
330.1842,231.6015,64.3379,42.9299
331.6550,230.1308,64.3379,42.9299
330.1134,234.0312,62.9659,42.0144
327.4403,237.9380,62.9659,42.0144
327.1207,243.3407,61.6231,41.1184
325.3096,247.1643,61.6231,41.1184
322.6935,252.1952,61.6231,41.1184
321.6049,259.0345,60.3090,40.2416
322.9835,261.5948,60.3090,40.2416
321.9181,265.2509,59.0229,39.3834
320.8754,272.1731,57.7642,38.5436
323.4914,273.8569,56.5324,37.7216
322.1991,276.2568,56.5324,37.7216
324.0474,278.6164,55.3268,36.9172
322.7218,282.6670,54.1469,36.1299
323.8104,285.2679,52.9922,35.3594
323.9835,288.5559,52.9922,35.3594
321.7129,291.7685,51.8622,34.6054
315.5731,294.9125,50.7562,33.8674
308.6055,297.3505,49.6738,33.1452
301.6303,300.4326,49.6738,33.1452
297.9384,303.4440,48.6145,32.4383
293.1011,306.0852,47.5778,31.7466
286.5700,309.2690,46.5632,31.0696
282.8162,311.7987,45.5702,30.4070
280.5768,314.5614,44.5984,29.7586
277.2270,316.1634,44.5984,29.7586
275.8777,318.8671,43.6473,29.1240
274.2823,321.2384,42.7165,28.5029
272.7210,323.8280,41.8056,27.8951
270.4001,325.8759,41.8056,27.8951
270.9774,327.6208,40.9141,27.3002
271.9127,329.8921,40.9141,27.3002
272.8480,331.3618,40.9141,27.3002
273.6706,332.8119,40.0416,26.7180
272.7553,334.2503,40.0416,26.7180
273.5333,335.4470,40.9275,27.3091
276.6750,337.9282,40.0547,26.7268
279.2453,340.1043,39.2005,26.1568
280.5270,341.9872,38.3645,25.5990
281.5399,344.0715,37.5464,25.0531
282.2948,345.4023,36.7457,24.5188
283.0336,347.1673,35.9621,23.9960
284.6621,348.2155,35.1952,23.4842
285.5845,349.0289,35.9739,24.0038
286.9871,349.3981,35.2067,23.4919
287.5620,350.2029,35.2067,23.4919
288.8267,351.6975,35.2067,23.4919
288.2518,352.7323,35.2067,23.4919
287.2170,353.7671,35.2067,23.4919
287.3320,353.4222,35.2067,23.4919
287.9069,353.0772,35.2067,23.4919
289.5012,354.7683,34.4560,22.9910
290.6278,354.9050,33.7212,22.5007
291.8391,355.8961,33.7212,22.5007
293.2707,357.1074,33.7212,22.5007
297.5654,358.0985,33.7212,22.5007
301.6398,359.5060,33.0021,22.0208
303.3421,359.8447,32.2983,21.5512
305.0081,360.9894,31.6095,21.0917
308.6210,361.5058,32.3089,21.5583
312.5248,362.4553,32.3089,21.5583
314.5294,362.1388,32.3089,21.5583
315.9926,362.6738,31.6199,21.0986
316.7154,362.5705,31.6199,21.0986
317.4382,361.8477,31.6199,21.0986
319.6066,361.3314,31.6199,21.0986
322.2329,360.2625,30.9456,20.6486
323.4395,359.8008,30.2856,20.2083
322.3516,358.3173,30.2856,20.2083
322.9605,357.1029,29.6398,19.7774
322.9966,356.1010,29.0077,19.3556
324.1277,355.1204,28.3891,18.9428
324.8772,352.3736,27.7837,18.5389
323.5162,350.8312,27.7837,18.5389
319.5376,347.1431,28.3984,18.9490
318.8572,345.6468,27.7928,18.5449
317.6773,342.1072,27.7928,18.5449
316.8364,339.2431,27.2001,18.1495
316.1846,338.1524,26.6201,17.7624
316.8823,336.7834,27.2091,18.1554
316.4016,333.9795,26.6288,17.7683
317.4399,331.4030,26.0609,17.3893
316.9795,330.1940,25.5052,17.0185
316.3684,329.3318,24.9613,16.6556
313.7275,328.3308,24.4290,16.3004
312.9884,327.6588,23.9080,15.9528
314.0711,326.7001,23.3982,15.6126
314.8428,323.5943,23.9159,15.9580
314.4203,322.9364,23.4058,15.6177
313.4477,321.2569,23.9237,15.9633
313.0571,319.7725,23.9237,15.9633
312.2250,316.2727,24.4530,16.3164
313.1785,313.4449,23.9315,15.9685
314.5635,312.4853,23.4212,15.6280
314.1811,311.7969,23.4212,15.6280
313.5253,310.4338,23.9394,15.9737
313.6660,308.5538,24.4691,16.3271
313.3124,305.4715,25.0104,16.6884
315.0748,304.4686,24.4771,16.3325
314.3894,302.5464,25.0186,16.6939
312.3724,302.0157,24.4851,16.3379
310.1936,300.4247,25.0268,16.6993
307.0731,300.5240,24.4931,16.3432
304.1734,299.8502,23.9708,15.9947
301.3356,299.0399,23.4596,15.6536
300.0351,298.0992,22.9593,15.3198
300.2076,295.8777,22.4697,14.9931
300.8008,295.1182,21.9906,14.6733
302.0736,292.7136,21.5216,14.3604
302.1439,291.3782,21.5216,14.3604
301.6870,288.5215,21.9978,14.6782
302.2635,286.7940,22.4845,15.0029
303.4233,285.7508,22.0050,14.6830
305.1124,283.2061,21.5357,14.3699
306.6300,282.2070,21.0765,14.0634
309.3142,279.6604,21.0765,14.0634
311.9935,277.3558,20.6270,13.7635
314.3511,274.8635,20.6270,13.7635
315.6748,272.2184,20.1871,13.4700
315.7407,267.5379,20.1871,13.4700
316.7296,262.8573,20.1871,13.4700
317.9821,260.4181,20.1871,13.4700
318.7073,258.6382,20.1871,13.4700
321.6548,257.8287,19.7566,13.1827
324.2907,257.0365,19.3353,12.9016
328.5212,256.4682,19.3353,12.9016
333.0042,256.4051,19.3353,12.9016
337.3610,256.5945,19.3353,12.9016
341.7178,257.5416,19.3353,12.9016
346.0746,258.6150,19.3353,12.9016
350.4313,259.6884,19.3353,12.9016
354.9144,261.0144,19.3353,12.9016
357.6295,262.3404,19.3353,12.9016
358.8703,263.3909,18.9230,12.6265
359.9208,264.4414,18.9230,12.6265
362.5646,265.5885,18.5194,12.3572
364.8067,265.0126,18.9292,12.6306
365.9812,264.9508,18.9292,12.6306
366.9085,265.1363,18.9292,12.6306
367.4648,265.4453,18.9292,12.6306
367.9646,265.8779,18.5255,12.3613
367.8705,265.6016,18.1304,12.0977
367.8927,266.1300,17.7438,11.8397
368.8079,267.0940,17.3654,11.5872
370.1409,268.1468,16.9951,11.3401
370.3559,270.0366,17.3711,11.5910
371.9081,271.6365,17.0007,11.3438
372.8920,273.7374,16.6381,11.1019
373.7070,274.5524,16.6381,11.1019
374.3047,274.6067,16.6381,11.1019
376.0936,274.0893,17.0062,11.3475
376.9267,274.1448,17.0062,11.3475
377.6486,274.2004,17.0062,11.3475
377.2411,273.3043,16.6436,11.1055
377.8390,272.2717,16.6436,11.1055
378.6975,271.8138,16.2887,10.8687
380.5592,270.7554,16.6490,11.1092
380.7699,268.7710,17.0174,11.3550
381.6477,267.5530,16.6545,11.1128
382.3547,266.5197,16.6545,11.1128
383.0618,265.5951,16.6545,11.1128
383.8776,264.2354,16.6545,11.1128
384.3140,263.3789,17.0230,11.3587
385.2590,262.3227,17.0230,11.3587
387.3201,261.4473,17.3996,11.6100
388.1297,260.3167,17.7846,11.8669
389.2710,259.3796,17.4053,11.6138
391.2604,258.5270,17.4053,11.6138
391.7165,257.2781,17.7904,11.8708
392.4718,256.2904,17.7904,11.8708
392.5299,255.3028,17.7904,11.8708
391.8908,253.3856,17.7904,11.8708
391.2517,252.6303,17.7904,11.8708
390.3775,253.2609,17.4110,11.6176
388.4258,254.0972,17.0397,11.3699
385.0141,254.9157,16.6763,11.1274
382.5634,255.7325,16.6763,11.1274
379.1194,257.7933,16.3207,10.8901
375.4419,259.7653,16.3207,10.8901
371.7644,260.3516,16.3207,10.8901
369.0956,259.9546,16.6818,11.1311
368.1708,260.0208,16.3261,10.8937
366.3048,260.8205,16.3261,10.8937
365.6117,260.3407,16.3261,10.8937
363.9872,260.1999,15.9779,10.6614
363.3232,259.8113,16.3314,10.8973
361.3898,259.8761,15.9832,10.6649
360.2019,259.6376,15.6423,10.4374
360.5164,260.2905,15.3087,10.2149
361.3663,262.0402,15.3087,10.2149
362.1161,262.4902,15.3087,10.2149
364.1658,264.5399,15.3087,10.2149
365.9155,264.4899,15.3087,10.2149
367.6653,263.5400,15.3087,10.2149
368.6477,262.8298,14.9823,9.9970
370.3601,261.0195,14.9823,9.9970
371.0940,259.2092,14.9823,9.9970
372.3171,251.0385,14.9823,9.9970
373.0510,245.9013,14.9823,9.9970
375.1548,242.2318,14.9823,9.9970
377.8458,240.2258,14.9823,9.9970
382.0045,241.0576,14.9823,9.9970
385.7011,237.7216,14.6628,9.7838
389.1965,235.9500,14.6628,9.7838
392.3089,233.8910,14.6628,9.7838
395.5746,231.5472,14.9872,10.0003
399.8326,229.3448,14.9872,10.0003
403.7969,228.7086,14.9872,10.0003
407.6633,227.0935,14.9872,10.0003
411.1028,225.3072,15.3188,10.2216
414.9788,221.8963,14.9921,10.0036
418.4193,220.8206,15.3238,10.2249
420.4710,220.3702,15.3238,10.2249
422.4190,220.1416,14.9970,10.0069
422.6639,219.7988,14.9970,10.0069
423.4965,219.3580,14.9970,10.0069
422.8733,219.6030,15.3288,10.2283
422.2225,219.3527,15.3288,10.2283
421.9517,218.7380,15.0019,10.0101
422.2432,217.9665,15.3338,10.2316
422.5515,217.5447,15.0068,10.0134
422.0125,217.8878,15.0068,10.0134
420.8853,216.8586,15.0068,10.0134
421.7184,216.3195,15.0068,10.0134
422.1595,215.4864,15.0068,10.0134
422.3065,215.6334,15.0068,10.0134
424.0253,214.4649,14.6868,9.7999
425.8924,213.6910,14.3736,9.5909
427.6291,212.8931,14.3736,9.5909
429.6474,210.7808,14.3736,9.5909
431.2903,209.2318,14.3736,9.5909
434.9046,208.3400,14.3736,9.5909
436.8223,207.4017,14.0671,9.3864
438.7876,206.8376,13.7671,9.1862
442.3577,205.2456,13.4735,8.9903
444.3377,204.3216,13.4735,8.9903
447.5772,202.5939,13.1862,8.7986
451.9098,199.5749,12.9050,8.6109
455.2391,195.0656,12.9050,8.6109
459.5605,192.0297,12.6298,8.4273
454.9824,188.9364,12.6298,8.4273
446.3273,182.8953,12.9092,8.6138
447.1905,181.1817,13.1949,8.8044
447.8045,179.1620,13.4868,8.9991
447.3200,177.3562,13.4868,8.9991
443.7438,175.5660,13.7852,9.1983
437.0058,174.7637,14.0902,9.4018
428.4957,172.5114,14.4019,9.6098
423.3106,171.3804,14.7206,9.8224
417.8112,170.6234,15.0463,10.0397
417.2707,169.3950,15.0463,10.0397
410.5281,166.7860,15.3792,10.2618
400.8351,164.8274,15.3792,10.2618
393.4524,163.9736,15.3792,10.2618
385.7270,163.0785,15.7194,10.4889
377.1543,162.2058,15.7194,10.4889
377.4703,162.8619,15.3842,10.2652
381.3136,163.5302,15.7246,10.4923
386.9468,160.9102,16.0725,10.7245
397.3916,156.9737,16.0725,10.7245
411.7532,161.3748,16.4281,10.9618
417.1509,160.5092,16.0778,10.7280
409.6193,159.7913,16.4335,10.9653
2
0
0
0
0
1
369.1237,154.3417,17.7436,17.0613
378.9207,152.9030,17.7436,17.0613
388.8547,152.4234,17.7436,17.0613
393.4449,151.6698,17.7436,17.0613
399.2683,150.6421,17.7436,17.0613
398.6517,150.1625,17.7436,17.0613
392.9653,149.2719,17.7436,17.0613
387.2790,148.9294,17.7436,17.0613
380.4964,148.5868,17.7436,17.0613
375.2211,147.4221,17.7436,17.0613
369.6718,148.0387,17.7436,17.0613
363.5744,147.0111,17.7436,17.0613
359.8063,146.9426,17.7436,17.0613
352.6127,149.7515,17.7436,17.0613
348.2965,150.3681,17.7436,17.0613
344.8025,150.1626,17.7436,17.0613
339.2532,151.1902,17.7436,17.0613
342.4732,151.3957,17.7436,17.0613
344.1859,152.1494,17.7436,17.0613
346.5838,152.4919,17.7436,17.0613
348.0225,152.9715,17.7436,17.0613
351.1055,151.6698,17.7436,17.0613
355.0106,151.3272,17.7436,17.0613
359.1897,147.9702,17.7436,17.0613
365.0131,146.3945,17.7436,17.0613
370.5625,145.5038,17.7436,17.0613
376.2488,144.6132,17.7436,17.0613
381.5257,143.7847,18.1362,17.4388
386.6376,143.9948,18.1362,17.4388
389.5086,143.6447,18.1362,17.4388
392.2396,143.4346,18.1362,17.4388
395.2508,144.2049,18.1362,17.4388
398.5420,143.4346,18.1362,17.4388
403.7940,143.7847,18.1362,17.4388
405.4046,144.2749,18.1362,17.4388
410.2364,145.0452,18.1362,17.4388
413.1074,145.5354,18.1362,17.4388
413.7377,143.7848,18.1362,17.4388
413.5276,143.9948,18.1362,17.4388
412.1971,144.2049,18.1362,17.4388
410.8666,142.5943,18.1362,17.4388
409.9563,141.2638,18.1362,17.4388
406.8051,139.9334,18.1362,17.4388
405.6146,140.2835,18.1362,17.4388
404.1441,138.9530,18.1362,17.4388
401.4131,138.8830,18.1362,17.4388
400.2226,137.6925,18.1362,17.4388
399.3123,136.9222,18.1362,17.4388
397.9817,136.4320,18.1362,17.4388
397.0714,136.2220,18.1362,17.4388
395.7810,136.6829,18.5374,17.8247
393.1327,136.6113,18.5374,17.8247
391.6652,136.9340,18.9476,18.2190
388.2267,136.8608,18.9476,18.2190
386.6904,138.5435,18.9476,18.2190
384.7151,139.6408,18.9476,18.2190
382.0082,142.3477,18.9476,18.2190
380.9108,143.1525,18.9476,18.2190
378.6429,144.2499,18.9476,18.2190
376.6676,145.3473,18.9476,18.2190
375.2776,146.2983,18.9476,18.2190
374.0338,147.1031,18.9476,18.2190
371.1806,147.9078,18.9476,18.2190
366.8643,148.2736,18.9476,18.2190
361.6699,147.4689,18.9476,18.2190
356.6220,147.5420,18.9476,18.2190
353.6225,147.7615,18.9476,18.2190
351.6472,147.8347,18.9476,18.2190
349.2329,148.6394,18.9476,18.2190