0.19901
0.23021
0.066197
0.039302
0.047076
0.041875
0.035759
0.032392
0.032596
0.032309
0.03212
0.032077
0.031352
0.031219
0.031323
0.031204
0.031253
0.031236
0.031147
0.03122
0.031319
0.031498
0.031335
0.0308
0.030675
0.030818
0.030986
0.030868
0.030712
0.030814
0.030657
0.031443
0.030835
0.03092
0.030658
0.030578
0.030704
0.031033
0.030759
0.030676
0.031354
0.030926
0.031328
0.031109
0.030809
0.030553
0.030529
0.030604
0.030773
0.030694
0.030718
0.030919
0.030636
0.030978
0.030782
0.030713
0.030656
0.030752
0.030922
0.030822
0.031068
0.031017
0.031176
0.031103
0.030763
0.030814
0.030834
0.030843
0.030777
0.030865
0.030808
0.030712
0.030614
0.030605
0.030778
0.030851
0.03091
0.030373
0.030353
0.030583
0.029966
0.030031
0.029899
0.030138
0.029943
0.030254
0.029989
0.030162
0.030088
0.030129
0.030119
0.030174
0.030427
0.030405
0.03039
0.030349
0.03007
0.030264
0.030258
0.030327
0.030982
0.030932
0.030405
0.030225
0.030034
0.030372
0.030689
0.030369
0.030433
0.030365
0.030439
0.030827
0.031111
0.030584
0.030279
0.030584
0.030448
0.030241
0.030148
0.030287
0.03009
0.030086
0.030341
0.030238
0.030231
0.030775
0.030705
0.030729
0.030694
0.030857
0.030586
0.030528
0.030342
0.03049
0.030513
0.030162
0.030112
0.030108
0.030111
0.030456
0.030358
0.030023
0.030153
0.030058
0.029882
0.029831
0.029925
0.030088
0.02876
0.029874
0.030211
0.030314
0.030525
0.030229
0.030039
0.03003
0.030123
0.030578
0.03061
0.030653
0.030301
0.02993
0.030018
0.03018
0.029969
0.03008
0.030076
0.03019
0.031073
0.031109
0.030915
0.031001
0.031223
0.030784
0.030362
0.03031
0.030472
0.030097
0.030142
0.03059
0.030262
0.030401
0.030535
0.030188
0.030037
0.030001
0.030007
0.029873
0.030326
0.030253
0.030434
0.030596
0.030553
0.030595
0.030429
0.03079
0.030968
NaN
NaN
NaN
NaN
0.20618
0.2348
0.068405
0.04059
0.049054
0.044638
0.037355
0.034208
NaN
NaN
NaN
NaN
0.19779
0.23397
0.068076
0.039764
0.04855
0.041862
0.035818
0.033644
0.033912
0.033477
0.033556
0.033398
0.035931
NaN
NaN
NaN
NaN
0.20419
0.23449
0.068539
0.039573
0.049228
0.044196
0.037469
0.03364
0.033594
0.033476
