0.2116,0.21888,0.21043,0,0,0,0,0,0,0,0,0,0,0,0
0.22411,0.22545,0.22798,0,0,0,0,0,0,0,0,0,0,0,0
0.068079,0.068406,0.069531,0,0,0,0,0,0,0,0,0,0,0,0
0.041551,0.042034,0.043195,0,0,0,0,0,0,0,0,0,0,0,0
0.048979,0.049408,0.048325,0,0,0,0,0,0,0,0,0,0,0,0
0.043775,0.0443,0.045131,0,0,0,0,0,0,0,0,0,0,0,0
NaN,NaN,NaN,0,0,0,0,0,0,0,0,0,0,0,0
NaN,NaN,NaN,0,0,0,0,0,0,0,0,0,0,0,0
NaN,NaN,NaN,0,0,0,0,0,0,0,0,0,0,0,0
NaN,NaN,NaN,0,0,0,0,0,0,0,0,0,0,0,0
0.19957,0.20119,0.20108,0,0,0,0,0,0,0,0,0,0,0,0
0.23045,0.23004,0.23029,0,0,0,0,0,0,0,0,0,0,0,0
0.064973,0.065482,0.066691,0,0,0,0,0,0,0,0,0,0,0,0
0.038925,0.039644,0.040607,0,0,0,0,0,0,0,0,0,0,0,0
0.047522,0.047742,0.048709,0,0,0,0,0,0,0,0,0,0,0,0
0.041203,0.042108,0.04256,0,0,0,0,0,0,0,0,0,0,0,0
0.03519,0.035786,0.036728,0,0,0,0,0,0,0,0,0,0,0,0
0.072499,0.073311,0.075352,0,0,0,0,0,0,0,0,0,0,0,0
0.033612,0.03414,0.03481,0,0,0,0,0,0,0,0,0,0,0,0
0.031106,0.031753,0.032414,0,0,0,0,0,0,0,0,0,0,0,0
NaN,NaN,NaN,0,0,0,0,0,0,0,0,0,0,0,0
NaN,NaN,NaN,0,0,0,0,0,0,0,0,0,0,0,0
NaN,NaN,NaN,0,0,0,0,0,0,0,0,0,0,0,0
NaN,NaN,NaN,0,0,0,0,0,0,0,0,0,0,0,0
0.20125,0.20312,0.20979,0,0,0,0,0,0,0,0,0,0,0,0
0.23002,0.23093,0.23095,0,0,0,0,0,0,0,0,0,0,0,0
0.065157,0.065767,0.065895,0,0,0,0,0,0,0,0,0,0,0,0
0.038064,0.039218,0.036994,0,0,0,0,0,0,0,0,0,0,0,0
0.047427,0.048296,0.048517,0,0,0,0,0,0,0,0,0,0,0,0
0.041503,0.042318,0.042416,0,0,0,0,0,0,0,0,0,0,0,0
0.0352,0.036164,0.036123,0,0,0,0,0,0,0,0,0,0,0,0
0.032245,0.033011,0.033215,0,0,0,0,0,0,0,0,0,0,0,0
0.032167,0.033178,0.033084,0,0,0,0,0,0,0,0,0,0,0,0
0.031646,0.032525,0.03275,0,0,0,0,0,0,0,0,0,0,0,0
0.031399,0.03257,0.032337,0,0,0,0,0,0,0,0,0,0,0,0
0.031246,0.032074,0.032205,0,0,0,0,0,0,0,0,0,0,0,0
0.031239,0.032368,0.032135,0,0,0,0,0,0,0,0,0,0,0,0
0.031639,0.031922,0.032159,0,0,0,0,0,0,0,0,0,0,0,0
0.031511,0.031868,0.032323,0,0,0,0,0,0,0,0,0,0,0,0
0.031246,0.031457,0.032289,0,0,0,0,0,0,0,0,0,0,0,0
0.031322,0.031713,0.031566,0,0,0,0,0,0,0,0,0,0,0,0
0.031205,0.031389,0.031621,0,0,0,0,0,0,0,0,0,0,0,0
0.031304,0.031634,0.031644,0,0,0,0,0,0,0,0,0,0,0,0
0.031205,0.031551,0.031606,0,0,0,0,0,0,0,0,0,0,0,0
0.031372,0.031812,0.031778,0,0,0,0,0,0,0,0,0,0,0,0
0.031824,0.03199,0.031858,0,0,0,0,0,0,0,0,0,0,0,0
0.031256,0.031484,0.031263,0,0,0,0,0,0,0,0,0,0,0,0
0.031245,0.031317,0.031131,0,0,0,0,0,0,0,0,0,0,0,0
0.031157,0.031423,0.031183,0,0,0,0,0,0,0,0,0,0,0,0
0.030831,0.030967,0.030963,0,0,0,0,0,0,0,0,0,0,0,0
0.031022,0.031426,0.031085,0,0,0,0,0,0,0,0,0,0,0,0
0.031094,0.031248,0.031178,0,0,0,0,0,0,0,0,0,0,0,0
0.031308,0.031831,0.03143,0,0,0,0,0,0,0,0,0,0,0,0
0.030979,0.031035,0.031211,0,0,0,0,0,0,0,0,0,0,0,0
0.031419,0.031569,0.031797,0,0,0,0,0,0,0,0,0,0,0,0
0.031652,0.031647,0.031519,0,0,0,0,0,0,0,0,0,0,0,0
0.030258,0.031111,0.030744,0,0,0,0,0,0,0,0,0,0,0,0
0.031269,0.031035,0.030884,0,0,0,0,0,0,0,0,0,0,0,0
0.031077,0.031079,0.030741,0,0,0,0,0,0,0,0,0,0,0,0
0.030916,0.03082,0.030749,0,0,0,0,0,0,0,0,0,0,0,0
0.030994,0.031086,0.030911,0,0,0,0,0,0,0,0,0,0,0,0
0.031328,0.031181,0.031233,0,0,0,0,0,0,0,0,0,0,0,0
0.031089,0.031148,0.030817,0,0,0,0,0,0,0,0,0,0,0,0
0.030883,0.030758,0.030945,0,0,0,0,0,0,0,0,0,0,0,0
0.031247,0.031335,0.031314,0,0,0,0,0,0,0,0,0,0,0,0
0.031019,0.030892,0.030941,0,0,0,0,0,0,0,0,0,0,0,0
NaN,NaN,NaN,0,0,0,0,0,0,0,0,0,0,0,0
NaN,NaN,NaN,0,0,0,0,0,0,0,0,0,0,0,0
NaN,NaN,NaN,0,0,0,0,0,0,0,0,0,0,0,0
NaN,NaN,NaN,0,0,0,0,0,0,0,0,0,0,0,0
0.20041,0.19921,0.20104,0,0,0,0,0,0,0,0,0,0,0,0
0.27247,0.27084,0.27386,0,0,0,0,0,0,0,0,0,0,0,0
0.072019,0.071745,0.071895,0,0,0,0,0,0,0,0,0,0,0,0
0.04722,0.047159,0.047133,0,0,0,0,0,0,0,0,0,0,0,0
0.049928,0.049663,0.050108,0,0,0,0,0,0,0,0,0,0,0,0
0.052376,0.05193,0.05218,0,0,0,0,0,0,0,0,0,0,0,0
0.037858,0.037576,0.037881,0,0,0,0,0,0,0,0,0,0,0,0
0.032403,0.032341,0.032446,0,0,0,0,0,0,0,0,0,0,0,0
0.032236,0.031992,0.032405,0,0,0,0,0,0,0,0,0,0,0,0
0.031347,0.030915,0.031117,0,0,0,0,0,0,0,0,0,0,0,0
0.031486,0.031221,0.031475,0,0,0,0,0,0,0,0,0,0,0,0
0.031481,0.031234,0.031621,0,0,0,0,0,0,0,0,0,0,0,0
0.03154,0.031101,0.031327,0,0,0,0,0,0,0,0,0,0,0,0
0.031578,0.031077,0.031326,0,0,0,0,0,0,0,0,0,0,0,0
0.031581,0.031232,0.03596,0,0,0,0,0,0,0,0,0,0,0,0
0.033723,0.033352,0.034,0,0,0,0,0,0,0,0,0,0,0,0
0.03353,0.033175,0.03352,0,0,0,0,0,0,0,0,0,0,0,0
0.034044,0.033776,0.034057,0,0,0,0,0,0,0,0,0,0,0,0
0.03183,0.031487,0.032123,0,0,0,0,0,0,0,0,0,0,0,0
0.031506,0.031255,0.031781,0,0,0,0,0,0,0,0,0,0,0,0
0.031526,0.031242,0.033861,0,0,0,0,0,0,0,0,0,0,0,0
0.033642,0.033374,0.033576,0,0,0,0,0,0,0,0,0,0,0,0
0.033399,0.033041,0.033411,0,0,0,0,0,0,0,0,0,0,0,0
0.031281,0.031115,0.031388,0,0,0,0,0,0,0,0,0,0,0,0
0.033044,0.032931,0.032921,0,0,0,0,0,0,0,0,0,0,0,0
NaN,NaN,NaN,0,0,0,0,0,0,0,0,0,0,0,0
NaN,NaN,NaN,0,0,0,0,0,0,0,0,0,0,0,0
NaN,NaN,NaN,0,0,0,0,0,0,0,0,0,0,0,0
NaN,NaN,NaN,0,0,0,0,0,0,0,0,0,0,0,0
0.20009,0.19916,0.20284,0,0,0,0,0,0,0,0,0,0,0,0
0.23018,0.2303,0.23141,0,0,0,0,0,0,0,0,0,0,0,0
0.065514,0.064404,0.064592,0,0,0,0,0,0,0,0,0,0,0,0
0.038644,0.037784,0.037754,0,0,0,0,0,0,0,0,0,0,0,0
0.047349,0.046264,0.046349,0,0,0,0,0,0,0,0,0,0,0,0
0.04191,0.040601,0.040584,0,0,0,0,0,0,0,0,0,0,0,0
0.035826,0.034474,0.034598,0,0,0,0,0,0,0,0,0,0,0,0
0.032258,0.030892,0.031068,0,0,0,0,0,0,0,0,0,0,0,0
0.032867,0.03159,0.031515,0,0,0,0,0,0,0,0,0,0,0,0
0.032318,0.03091,0.031018,0,0,0,0,0,0,0,0,0,0,0,0
0.031666,0.030333,0.030415,0,0,0,0,0,0,0,0,0,0,0,0
0.031663,0.030437,0.030459,0,0,0,0,0,0,0,0,0,0,0,0
0.032183,0.03094,0.030931,0,0,0,0,0,0,0,0,0,0,0,0
0.031686,0.030509,0.030466,0,0,0,0,0,0,0,0,0,0,0,0
