1
193.1014,24.2880,75.7552,79.6848
193.4074,24.5940,75.7552,79.6848
193.7133,24.9000,75.7552,79.6848
192.7955,24.5940,75.7552,79.6848
192.4895,24.9000,75.7552,79.6848
192.7955,25.2059,75.7552,79.6848
191.8776,25.5119,75.7552,79.6848
191.5716,25.8178,75.7552,79.6848
191.2657,25.5119,75.7552,79.6848
190.9597,26.4298,75.7552,79.6848
190.0418,26.7357,75.7552,79.6848
190.8921,28.2579,73.4428,77.2524
190.5955,29.1477,73.4428,77.2524
189.7185,29.3964,75.7900,79.7214
188.1880,30.3147,75.7900,79.7214
187.2830,31.1834,78.2122,82.2693
186.9671,32.7628,78.2122,82.2693
186.6512,32.4469,78.2122,82.2693
185.0855,30.8164,80.7119,84.8987
185.4115,28.5345,80.7119,84.8987
186.3894,26.2527,80.7119,84.8987
186.0775,25.8739,83.2915,87.6120
186.4140,22.8464,83.2915,87.6120
188.0216,22.5016,80.7490,84.9376
188.3477,22.8277,80.7490,84.9376
188.6739,22.5016,80.7490,84.9376
187.6955,22.8277,80.7490,84.9376
188.6018,23.1457,78.2841,82.3449
188.2993,22.1460,80.7860,84.9766
188.6256,22.4723,80.7860,84.9766
187.6468,22.7985,80.7860,84.9766
188.5535,23.1167,78.3200,82.3827
188.8835,22.1165,80.8231,85.0156
189.2100,21.7901,80.8231,85.0156
190.1171,22.7612,78.3560,82.4205
189.8006,23.0777,78.3560,82.4205
191.3130,24.0192,75.9641,79.9046
191.0062,24.3260,75.9641,79.9046
191.3130,24.0192,75.9641,79.9046
191.6198,24.3260,75.9641,79.9046
191.9266,24.0192,75.9641,79.9046
192.2467,23.6627,78.3919,82.4583
191.9301,23.3461,78.3919,82.4583
190.9803,23.0295,78.3919,82.4583
190.6637,22.7129,78.3919,82.4583
190.9803,23.0295,78.3919,82.4583
190.6637,22.7129,78.3919,82.4583
190.9803,23.0295,78.3919,82.4583
190.6637,22.7129,78.3919,82.4583
190.9803,23.0295,78.3919,82.4583
190.6637,22.7129,78.3919,82.4583
190.9803,22.3963,78.3919,82.4583
190.0305,22.0797,78.3919,82.4583
189.0807,21.1299,78.3919,82.4583
188.7641,20.8132,78.3919,82.4583
189.0107,21.7552,75.9990,79.9413
188.7038,22.0621,75.9990,79.9413
189.6246,22.3691,75.9990,79.9413
189.3176,22.6760,75.9990,79.9413
189.0107,23.5968,75.9990,79.9413
188.7038,23.9038,75.9990,79.9413
189.6379,23.5471,78.4279,82.4962
189.3211,23.8639,78.4279,82.4962
188.3709,23.5471,78.4279,82.4962
187.4344,23.1791,80.9345,85.1328
186.4537,22.1985,80.9345,85.1328
185.4873,22.4725,83.5212,87.8536
186.4247,22.8014,80.9716,85.1719
188.0598,23.7824,80.9716,85.1719
188.4010,24.0565,83.5595,87.8940
188.6640,21.0108,81.0088,85.2110
190.2275,20.6755,78.5360,82.6099
191.1090,21.6191,76.1387,80.0882
191.4165,23.1567,76.1387,80.0882
191.7240,23.4642,76.1387,80.0882
192.0315,23.7717,76.1387,80.0882
191.7240,24.0792,76.1387,80.0882
192.0315,24.3867,76.1387,80.0882
191.7240,24.0792,76.1387,80.0882
192.0315,23.7717,76.1387,80.0882
191.7240,24.0792,76.1387,80.0882
191.4165,23.1567,76.1387,80.0882
191.1090,22.8491,76.1387,80.0882
2
0
0
0
0
1
96.1242,85.5179,93.3680,80.6349
95.7820,87.2294,93.3680,80.6349
94.0705,88.2563,93.3680,80.6349
91.6744,91.3370,93.3680,80.6349
88.4709,92.4445,96.3521,83.2120
86.7047,94.9172,96.3521,83.2120
85.6450,97.3898,96.3521,83.2120
83.8788,101.2754,96.3521,83.2120
80.5729,103.1248,99.4315,85.8714
79.4794,107.1346,99.4315,85.8714
77.6567,108.2281,99.4315,85.8714
78.8098,112.0905,96.3963,83.2502
76.2092,110.4067,99.4771,85.9109
76.5739,113.6890,99.4771,85.9109
76.0783,112.6808,102.6564,88.6566
77.9601,113.0571,102.6564,88.6566
80.5945,114.1862,102.6564,88.6566
87.0538,117.4211,99.5228,85.9503
88.1484,117.0562,99.5228,85.9503
95.1403,119.4626,96.4848,83.3266
97.6164,117.6940,96.4848,83.3266
104.3948,118.6121,93.5396,80.7831
108.2230,117.4445,90.6843,78.3171
108.5554,115.1173,90.6843,78.3171
114.2614,115.9802,87.9161,75.9265
115.9256,116.1721,85.2325,73.6088
118.7378,115.2347,85.2325,73.6088
118.9381,111.8712,87.9565,75.9613
118.5000,111.6247,90.7676,78.3891
101.4097,92.0701,93.6685,80.8944
100.2562,87.0000,96.6622,83.4798
99.9019,83.8106,96.6622,83.4798
97.4213,83.4563,96.6622,83.4798
95.7072,80.8323,93.7115,80.9315
96.7940,81.7240,90.8509,78.4611
97.7932,82.0570,90.8509,78.4611
98.1262,82.3901,90.8509,78.4611
2
0
0
0
0
1
212.7764,45.4470,44.8363,105.2578
213.6447,45.7364,44.8363,105.2578
213.3553,46.6047,44.8363,105.2578
213.5070,45.7909,46.2693,108.6218
213.6636,43.7565,47.7480,112.0934
212.7390,42.8318,47.7480,112.0934
213.0472,43.1400,47.7480,112.0934
213.8252,41.6570,49.2741,115.6759
212.8710,41.3389,49.2741,115.6759
212.5530,41.6570,49.2741,115.6759
212.2349,41.9751,49.2741,115.6759
212.0328,43.4225,47.7699,112.1449
212.8112,42.5555,49.2967,115.7290
212.4930,41.6009,49.2967,115.7290
211.5384,41.2827,49.2967,115.7290
211.3362,42.0944,47.7919,112.1963
212.2616,43.0199,47.7919,112.1963
211.9531,43.3284,47.7919,112.1963
211.6447,43.6368,47.7919,112.1963
211.3362,43.3284,47.7919,112.1963
211.7571,45.3493,46.3330,108.7715
211.3158,43.3120,47.8138,112.2478
211.0071,43.0034,47.8138,112.2478
211.4283,44.4080,46.3543,108.8214
212.1836,44.1650,47.8358,112.2994
210.7523,44.9527,46.3756,108.8714
211.6503,44.6534,46.3756,108.8714
211.3510,44.3540,46.3756,108.8714
211.0516,45.2521,46.3756,108.8714
210.7523,45.5514,46.3756,108.8714
211.6503,45.2521,46.3756,108.8714
211.3510,44.9527,46.3756,108.8714
211.0516,44.6534,46.3756,108.8714
210.7523,44.3540,46.3756,108.8714
212.1066,43.5123,47.8577,112.3509
210.5620,43.8212,47.8577,112.3509
210.8710,43.5123,47.8577,112.3509
211.1799,43.8212,47.8577,112.3509
210.8710,44.1301,47.8577,112.3509
211.1799,43.2034,47.8577,112.3509
210.8710,43.5123,47.8577,112.3509
211.1799,43.8212,47.8577,112.3509
210.2531,44.1301,47.8577,112.3509
209.9442,43.8212,47.8577,112.3509
210.2531,44.1301,47.8577,112.3509
209.9442,43.2034,47.8577,112.3509
210.2531,42.8945,47.8577,112.3509
209.9442,42.5855,47.8577,112.3509
210.2531,43.5123,47.8577,112.3509
209.9442,43.2034,47.8577,112.3509
210.8710,42.8945,47.8577,112.3509
211.1799,43.2034,47.8577,112.3509
210.2531,42.8945,47.8577,112.3509
209.9442,42.5855,47.8577,112.3509
210.8710,42.8945,47.8577,112.3509
210.5620,42.5855,47.8577,112.3509
210.2531,42.8945,47.8577,112.3509
209.3264,42.5855,47.8577,112.3509
209.6353,42.8945,47.8577,112.3509
209.3264,42.5855,47.8577,112.3509
208.2527,42.9526,49.3873,115.9417
208.5715,42.6338,49.3873,115.9417
208.2527,42.3150,49.3873,115.9417
2
0
0
0
0
1
102.6974,62.1934,78.3789,97.4625
101.6605,61.8477,78.3789,97.4625
101.3149,60.8108,78.3789,97.4625
99.5867,59.7739,78.3789,97.4625
99.2411,58.0457,78.3789,97.4625
100.2780,57.7001,78.3789,97.4625
99.9323,57.3545,78.3789,97.4625
100.7830,58.4964,75.9863,94.4874
100.4479,58.8315,75.9863,94.4874
99.5687,56.9865,78.4148,97.5073
98.6614,55.0825,80.9210,100.6236
98.3046,56.8667,80.9210,100.6236
97.9477,57.2236,80.9210,100.6236
98.8260,58.4025,78.4508,97.5520
98.4800,59.4404,78.4508,97.5520
97.5723,58.9193,80.9581,100.6698
98.4509,60.8128,78.4869,97.5968
98.7971,60.4667,78.4869,97.5968
98.4509,60.1206,78.4869,97.5968
97.5428,59.5994,80.9953,100.7160
96.6057,57.6327,83.5839,103.9349
94.9014,56.3405,86.2552,107.2567
94.5211,57.4816,86.2552,107.2567
94.9014,57.1012,86.2552,107.2567
93.7603,56.7208,86.2552,107.2567
94.9014,57.1012,86.2552,107.2567
96.5983,59.1186,83.6223,103.9826
98.2433,59.5994,81.0697,100.8085
98.6009,59.9569,81.0697,100.8085
97.6629,58.7034,83.6607,104.0303
97.2939,58.3345,83.6607,104.0303
97.6629,57.2277,83.6607,104.0303
100.0465,57.7087,81.1069,100.8548
100.4042,57.3511,81.1069,100.8548
101.4772,57.7087,81.1069,100.8548
101.1195,57.3511,81.1069,100.8548
101.9998,59.2480,78.6311,97.7762
102.3465,58.9013,78.6311,97.7762
102.6932,59.2480,78.6311,97.7762
103.0400,58.9013,78.6311,97.7762
104.0802,59.2480,78.6311,97.7762
104.4270,58.9013,78.6311,97.7762
104.7737,60.6350,78.6311,97.7762
104.4270,60.9818,78.6311,97.7762
104.7737,61.3285,78.6311,97.7762
105.1205,60.2883,78.6311,97.7762
105.4672,60.6350,78.6311,97.7762
105.8140,60.2883,78.6311,97.7762
105.4672,60.6350,78.6311,97.7762
106.5075,60.2883,78.6311,97.7762
106.8542,59.9415,78.6311,97.7762
105.9444,58.7258,81.1441,100.9011
106.3023,59.0836,81.1441,100.9011
106.6601,59.4415,81.1441,100.9011
105.5866,59.7993,81.1441,100.9011
105.2288,58.7258,81.1441,100.9011
105.3938,59.9080,78.6672,97.8211
105.7407,60.2549,78.6672,97.8211
105.3938,59.9080,78.6672,97.8211
105.1774,59.3855,81.1814,100.9474
105.5354,60.4595,81.1814,100.9474
105.1774,60.1015,81.1814,100.9474
105.5354,59.7435,81.1814,100.9474
105.1774,59.3855,81.1814,100.9474
105.5354,59.7435,81.1814,100.9474
105.1774,59.3855,81.1814,100.9474
106.0584,60.5683,78.7033,97.8660
105.7114,58.8330,78.7033,97.8660
105.3643,59.1800,78.7033,97.8660
105.0172,58.8330,78.7033,97.8660
105.3643,58.4859,78.7033,97.8660
105.7114,58.8330,78.7033,97.8660
106.0584,58.4859,78.7033,97.8660
106.4055,58.8330,78.7033,97.8660
2
0
0
0
0
1
223.3863,138.8298,78.7942,48.5684
224.1331,137.5851,78.7942,48.5684
223.3863,135.8425,78.7942,48.5684
223.3719,129.8385,81.3124,50.1206
221.0598,124.9575,81.3124,50.1206
219.5035,119.7893,83.9112,51.7225
216.5873,115.8126,83.9112,51.7225
213.3907,104.6469,86.5930,53.3755
214.4387,95.3390,83.9497,51.7462
214.3938,92.6808,81.3871,50.1666
211.0511,90.8808,81.3871,50.1666
214.6075,92.9322,78.9027,48.6353
212.0725,94.4223,76.4942,47.1507
211.0649,98.2838,74.1592,45.7114
209.1769,89.8214,76.5293,47.1723
205.5501,86.6782,76.5293,47.1723
202.1511,86.6498,78.9752,48.6799
194.6512,89.6146,81.4993,50.2358
192.8488,89.3571,81.4993,50.2358
189.5015,89.0996,81.4993,50.2358
184.8518,103.4887,84.1040,51.8413
183.2125,103.4827,81.5367,50.2588
181.1081,103.4770,79.0477,48.7247
174.5725,101.4735,76.6348,47.2373
175.9843,99.0469,74.2955,45.7954
173.1539,99.9582,76.6700,47.2590
166.1292,104.0761,76.6700,47.2590
162.9802,103.8339,76.6700,47.2590
160.5439,102.8365,79.1203,48.7694
157.0298,101.8072,81.6490,50.3281
152.8875,100.2290,84.2585,51.9366
150.2100,98.6005,86.9514,53.5965
146.8975,96.3704,89.7304,55.3094
2
0
0
0
0
1
109.6247,43.1192,85.6885,83.9689
109.2908,43.4532,85.6885,83.9689
108.2889,43.7871,85.6885,83.9689
107.9549,43.4532,85.6885,83.9689
106.9530,43.1192,85.6885,83.9689
