0.19438
0.22834
0.061526
0.033005
0.042365
0.037965
0.031084
0.027647
0.027514
0.027032
0.026969
0.026547
0.026661
0.027716
0.029795
0.025934
0.025615
0.02542
0.025968
0.025527
0.028066
0.026364
0.027144
0.026363
0.027173
0.025782
0.025554
0.026169
0.025496
0.024793
0.024815
0.030407
0.025636
0.0273
0.02485
0.025334
0.026283
0.025127
0.025284
0.024738
0.031652
0.026593
0.031692
0.025626
0.028211
0.025374
0.02599
0.025272
0.025672
0.025406
0.025721
0.025825
0.025651
0.025514
0.025918
0.026435
0.027506
0.026009
0.025631
0.025932
0.025761
0.026145
0.026597
0.028958
0.025842
0.026762
0.025896
0.02596
0.025591
0.025648
0.024467
0.02438
0.025439
0.026495
0.02557
0.025631
0.025554
0.025482
0.025385
0.024506
0.024581
0.025068
0.026549
0.031321
0.032005
0.031642
0.032029
0.031682
0.031769
0.032216
0.031485
0.027517
0.026927
0.02505
0.024321
0.025243
0.02422
0.025596
0.025519
0.025089
0.032059
0.033168
0.028855
0.025683
0.025638
0.024442
0.025743
0.025051
0.025397
0.025845
0.025315
0.031811
0.032888
0.031877
0.026225
0.029275
0.024722
0.025993
0.024691
0.025232
0.024863
0.024463
0.024919
0.02592
0.02469
0.031808
0.033589
0.032793
0.032975
0.031337
0.031635
0.031674
0.031975
0.026409
0.026143
0.026094
0.025563
0.025455
0.025642
0.024752
0.026095
0.025559
0.024752
0.025141
0.025348
0.025472
0.026067
0.026194
0.025946
0.026171
0.025492
0.025546
0.02615
0.025166
0.025696
0.02586
0.026003
0.025512
0.025525
0.024746
0.026196
0.025771
0.025441
0.024751
0.026385
0.024801
0.026248
0.026151
0.033453
0.027782
0.025022
0.026243
0.026407
0.027316
0.027988
0.027863
0.026948
0.030056
0.027888
0.032941
0.028315
0.02717
0.02837
0.027851
0.02664
0.026859
0.028613
0.028057
0.027879
0.027737
0.027079
0.027499
0.029045
0.03015
0.029568
0.029889
0.029017
0.02906
0.030327
0.029972
0.032341
0.02917
0.02957
0.028635
0.029359
0.030029
0.030503
0.030259
0.031093
0.030942
0.029782
0.030907
0.031135
0.030936
0.031133
0.030902
0.030523
0.030525
0.031138
0.031063
0.030739
0.030885
0.030741
0.030759
0.030798
0.029926
0.029827
0.02915
0.028911
0.030741
0.030819
0.029718
0.030662
0.030314
0.030969
0.026352
0.026148
0.026127
0.028941
0.027935
0.029721
0.029755
0.030949
0.031312
0.029995
0.029997
0.031374
0.030152
0.029994
0.031822
0.036621
0.038476
0.038288
0.035109
0.030028
0.029913
0.031219
0.031035
0.029928
0.029167
0.031201
0.030995
0.030866
0.030881
0.030165
0.030462
0.030953
0.030942
0.030957
0.029736
0.029499
0.029791
0.030109
0.030446
0.030007
0.029103
0.030465
0.03006
0.030661
0.029459
0.028349
0.027364
0.029671
0.030218
0.031036
0.031525
0.03134
0.029473
0.028875
0.03063
0.02975
0.029769
