1
142.9609,127.5240,82.7009,191.7911
139.2539,126.9945,82.7009,191.7911
135.5470,126.4649,82.7009,191.7911
133.9583,124.8762,82.7009,191.7911
130.2513,122.2284,82.7009,191.7911
128.4002,118.6340,85.3440,197.9207
126.7608,119.1805,85.3440,197.9207
124.0283,119.7270,85.3440,197.9207
121.2959,122.4594,85.3440,197.9207
118.5634,124.0989,85.3440,197.9207
113.8547,127.6662,82.7389,191.8791
112.2652,129.2556,82.7389,191.8791
111.7354,131.9046,82.7389,191.8791
109.0864,135.6133,82.7389,191.8791
106.4374,139.3219,82.7389,191.8791
105.9076,141.9709,82.7389,191.8791
103.2585,142.5007,82.7389,191.8791
103.9915,151.2572,80.2132,186.0220
106.3052,146.7437,82.7769,191.9672
103.3922,141.0258,85.4224,198.1025
102.8453,143.7607,85.4224,198.1025
102.2983,145.4017,85.4224,198.1025
101.9611,150.0662,82.8149,192.0554
101.4308,150.5965,82.8149,192.0554
102.1645,156.1793,80.2869,186.1928
101.6504,155.6652,80.2869,186.1928
101.1362,155.1510,80.2869,186.1928
101.6504,155.6652,80.2869,186.1928
101.1362,155.1510,80.2869,186.1928
101.6504,156.6934,80.2869,186.1928
101.1362,156.1793,80.2869,186.1928
101.6504,157.7216,80.2869,186.1928
102.1645,158.2357,80.2869,186.1928
102.6786,158.7498,80.2869,186.1928
105.4463,163.1339,77.8361,180.5092
105.9447,163.6323,77.8361,180.5092
106.4431,164.1307,77.8361,180.5092
106.9415,164.6291,77.8361,180.5092
107.4399,166.1244,77.8361,180.5092
107.9383,165.6260,77.8361,180.5092
107.4399,167.1212,77.8361,180.5092
107.9383,166.6228,77.8361,180.5092
107.4399,167.1212,77.8361,180.5092
106.9415,166.6228,77.8361,180.5092
110.6216,169.8763,75.4602,174.9991
111.1048,167.4603,75.4602,174.9991
111.5879,164.0779,75.4602,174.9991
110.8653,160.7982,77.8719,180.5921
114.3558,153.3186,77.8719,180.5921
119.5937,147.9395,80.3606,186.3638
120.1083,153.5999,80.3606,186.3638
119.5937,156.1727,80.3606,186.3638
128.0865,160.9133,82.9290,192.3200
127.2923,166.8674,85.5794,198.4665
125.3768,155.4760,88.3145,204.8095
120.2872,146.9934,88.3145,204.8095
126.2276,136.3689,91.1370,211.3552
127.6891,132.4079,94.0498,218.1102
132.8108,123.5024,97.0556,225.0809
130.6383,123.0130,100.1575,232.2745
133.5272,117.3772,103.3585,239.6980
122.5298,119.0501,100.2035,232.3812
124.1367,113.4118,103.4060,239.8081
122.1503,107.4524,103.4060,239.8081
129.4339,106.7903,103.4060,239.8081
130.0960,104.8039,103.4060,239.8081
126.7853,105.4660,103.4060,239.8081
127.4474,106.1282,103.4060,239.8081
126.7853,105.4660,103.4060,239.8081
126.1231,107.4524,103.4060,239.8081
125.4610,106.7903,103.4060,239.8081
126.3771,111.1126,100.2495,232.4879
127.0190,111.7545,100.2495,232.4879
127.6610,112.3964,100.2495,232.4879
128.3029,113.0384,100.2495,232.4879
127.6610,113.6803,100.2495,232.4879
128.3029,114.3222,100.2495,232.4879
127.6610,114.9641,100.2495,232.4879
127.0190,114.3222,100.2495,232.4879
126.3771,114.9641,100.2495,232.4879
125.7352,116.8900,100.2495,232.4879
126.3771,117.5319,100.2495,232.4879
125.7352,119.4577,100.2495,232.4879
126.3771,120.0996,100.2495,232.4879
127.0190,120.7415,100.2495,232.4879
126.3771,122.6673,100.2495,232.4879
127.0190,123.3093,100.2495,232.4879
127.6610,123.9512,100.2495,232.4879
128.3029,124.5931,100.2495,232.4879
128.9448,125.2351,100.2495,232.4879
128.3029,127.1609,100.2495,232.4879
128.9448,127.8028,100.2495,232.4879
129.5868,128.4447,100.2495,232.4879
130.2287,129.0867,100.2495,232.4879
130.8706,129.7286,100.2495,232.4879
131.5126,131.6544,100.2495,232.4879
132.1545,132.2963,100.2495,232.4879
132.7964,132.9383,100.2495,232.4879
133.4384,133.5802,100.2495,232.4879
134.0803,134.2221,100.2495,232.4879
134.7222,134.8641,100.2495,232.4879
135.3642,134.2221,100.2495,232.4879
136.0061,134.8641,100.2495,232.4879
136.6480,135.5060,100.2495,232.4879
137.2899,134.8641,100.2495,232.4879
137.9319,134.2221,100.2495,232.4879
138.5738,134.8641,100.2495,232.4879
139.2158,134.2221,100.2495,232.4879
139.8577,134.8641,100.2495,232.4879
140.4996,134.2221,100.2495,232.4879
141.1416,133.5802,100.2495,232.4879
141.7835,134.2221,100.2495,232.4879
142.4254,133.5802,100.2495,232.4879
141.7835,134.2221,100.2495,232.4879
142.4254,133.5802,100.2495,232.4879
143.0674,134.2221,100.2495,232.4879
142.4254,133.5802,100.2495,232.4879
143.0674,132.9383,100.2495,232.4879
142.4254,132.2963,100.2495,232.4879
143.0674,132.9383,100.2495,232.4879
143.7093,132.2963,100.2495,232.4879
144.3512,132.9383,100.2495,232.4879
143.7093,132.2963,100.2495,232.4879
144.3512,131.6544,100.2495,232.4879
144.9931,132.2963,100.2495,232.4879
145.6351,131.6544,100.2495,232.4879
146.2770,131.0125,100.2495,232.4879
145.6351,130.3705,100.2495,232.4879
146.2770,129.7286,100.2495,232.4879
146.9189,129.0867,100.2495,232.4879
146.2770,128.4447,100.2495,232.4879
146.9189,127.8028,100.2495,232.4879
147.8071,130.7093,97.1893,225.3911
148.4294,130.0869,97.1893,225.3911
147.8071,128.2199,97.1893,225.3911
147.1848,126.3529,97.1893,225.3911
146.5624,124.4859,97.1893,225.3911
145.9401,123.8635,97.1893,225.3911
145.3177,121.9965,97.1893,225.3911
145.9401,121.3742,97.1893,225.3911
145.3177,119.5072,97.1893,225.3911
143.4507,118.8848,97.1893,225.3911
142.8284,119.5072,97.1893,225.3911
140.9614,118.8848,97.1893,225.3911
139.0944,119.5072,97.1893,225.3911
139.9554,123.5696,94.2226,218.5110
138.1454,125.3796,94.2226,218.5110
136.3353,127.1896,94.2226,218.5110
134.5253,127.7930,94.2226,218.5110
132.4163,123.6978,97.2340,225.4946
130.5484,124.3204,97.2340,225.4946
129.9258,123.6978,97.2340,225.4946
126.8127,123.0752,97.2340,225.4946
127.6741,127.1395,94.2659,218.6113
122.2416,125.3286,94.2659,218.6113
122.8452,122.3105,94.2659,218.6113
121.0343,121.7069,94.2659,218.6113
120.4307,121.1033,94.2659,218.6113
118.6199,119.2924,94.2659,218.6113
120.6622,122.0254,91.3884,211.9381
120.0770,121.4402,91.3884,211.9381
120.6622,120.8550,91.3884,211.9381
121.2474,121.4402,91.3884,211.9381
120.6622,122.0254,91.3884,211.9381
118.9067,121.4402,91.3884,211.9381
118.5459,125.2602,88.5987,205.4686
121.3825,123.5582,88.5987,205.4686
120.8152,126.3948,88.5987,205.4686
119.1132,119.0195,88.5987,205.4686
112.5915,117.4381,91.4303,212.0354
109.6642,119.1945,91.4303,212.0354
107.9078,119.7800,91.4303,212.0354
102.3485,121.6608,94.3524,218.8121
97.8199,119.9767,97.3679,225.8053
93.4555,123.0941,97.3679,225.8053
88.7822,123.8501,100.4798,233.0220
85.5651,124.4935,100.4798,233.0220
74.8740,128.6935,97.4126,225.9090
70.7469,137.7553,94.4391,219.0130
70.1421,129.8939,94.4391,219.0130
65.6094,116.1137,97.4574,226.0127
73.9614,125.1797,94.4825,219.1136
120.5467,180.2351,94.4825,219.1136
107.8417,183.2601,94.4825,219.1136
96.5786,193.2595,91.5983,212.4251
99.5113,191.4998,91.5983,212.4251
97.7517,190.9133,91.5983,212.4251
98.3382,185.6345,91.5983,212.4251
108.3093,186.2210,91.5983,212.4251
107.4321,177.5476,94.5258,219.2142
101.6846,173.4393,97.5469,226.2202
103.7981,178.7659,94.5692,219.3148
104.4036,178.1604,94.5692,219.3148
91.3868,108.6497,97.5917,226.3241
89.2024,91.9098,100.7107,233.5574
84.3686,74.6350,103.9294,241.0219
67.7312,68.6455,103.9294,241.0219
76.6379,74.3206,100.7569,233.6647
81.1541,82.7080,100.7569,233.6647
72.4470,70.5867,103.9771,241.1326
83.7657,65.9260,103.9771,241.1326
91.3449,72.9354,100.8032,233.7719
90.3795,68.5542,104.0248,241.2433
90.7155,58.7042,107.3495,248.9534
90.0281,58.0168,107.3495,248.9534
89.0001,51.9763,110.7804,256.9100
86.5204,47.1615,114.3209,265.1208
85.4256,40.7288,117.9746,273.5941
84.6702,35.4408,117.9746,273.5941
82.0295,27.2916,121.7451,282.3381
82.4228,22.0002,125.6361,291.3617
89.6632,21.1957,125.6361,291.3617
86.8510,18.9533,129.6514,300.6736
92.9809,27.6933,125.6937,291.4954
90.1674,22.2304,129.7109,300.8116
90.9980,21.3998,129.7109,300.8116
84.7723,15.7623,133.8565,310.4256
92.8152,21.3573,129.7705,300.9497
98.9507,26.7816,125.8092,291.7632
99.7563,25.9760,125.8092,291.7632
100.5619,25.1704,125.8092,291.7632
101.3675,22.7536,125.8092,291.7632
102.1731,21.9480,125.8092,291.7632
102.9787,22.7536,125.8092,291.7632
107.0067,20.3368,125.8092,291.7632
107.8123,19.5312,125.8092,291.7632
110.2291,17.1144,125.8092,291.7632
112.6459,17.9200,125.8092,291.7632
115.0627,15.5032,125.8092,291.7632
117.4795,13.0864,125.8092,291.7632
119.8963,13.8920,125.8092,291.7632
122.3131,11.4752,125.8092,291.7632
123.1187,12.2808,125.8092,291.7632
122.3131,11.4752,125.8092,291.7632
123.1187,12.2808,125.8092,291.7632
122.3131,11.4752,125.8092,291.7632
121.5075,12.2808,125.8092,291.7632
122.3131,13.0864,125.8092,291.7632
121.5075,15.5032,125.8092,291.7632
117.0803,11.6464,129.8300,301.0879
115.8369,10.9917,133.9794,310.7107
114.5539,8.6003,138.2614,320.6410
117.2099,11.2563,138.2614,320.6410
118.0952,12.1417,138.2614,320.6410
115.0005,9.6738,142.6802,330.8887
112.2596,12.4147,142.6802,330.8887
115.0005,11.5011,142.6802,330.8887
113.6341,8.9544,147.2403,341.4639
116.4625,9.8972,147.2403,341.4639
119.2910,8.9544,147.2403,341.4639
120.2339,9.8972,147.2403,341.4639
121.1767,8.9544,147.2403,341.4639
124.0052,6.1259,147.2403,341.4639
134.7380,2.8521,142.7457,331.0406
139.6588,3.3344,138.3884,320.9355
142.6571,7.3465,134.1640,311.1388
134.9252,8.2056,134.1640,311.1388
125.4751,5.6283,134.1640,311.1388
128.3819,7.7999,130.0686,301.6412
129.5342,4.9078,126.0982,292.4335
128.7268,7.3302,126.0982,292.4335
124.2894,6.6943,130.1283,301.7797
123.4561,7.5276,130.1283,301.7797
120.9564,6.6943,130.1283,301.7797
120.1231,4.1946,130.1283,301.7797
119.2898,1.6948,130.1283,301.7797
118.4566,0.8615,130.1283,301.7797
117.6233,0.0283,130.1283,301.7797
116.7901,-0.8050,130.1283,301.7797
115.9568,-1.6382,130.1283,301.7797
122.1092,-1.1986,126.1561,292.5677
122.9170,-0.3907,126.1561,292.5677
126.9561,0.4171,126.1561,292.5677
129.3796,1.2249,126.1561,292.5677
130.1874,2.0327,126.1561,292.5677
128.9793,3.0123,130.1881,301.9182
131.4802,3.8459,130.1881,301.9182
135.6484,4.6795,130.1881,301.9182
141.4839,5.5132,130.1881,301.9182
147.3194,6.3468,130.1881,301.9182
149.8203,8.8477,130.1881,301.9182
150.2408,8.1913,134.3489,311.5675
157.5570,9.2344,138.6427,321.5252
165.1071,10.3109,143.0737,331.8012
165.5692,9.5895,147.6463,342.4055
166.5146,10.5349,147.6463,342.4055
176.9144,13.3712,147.6463,342.4055
195.2402,51.6873,143.1394,331.9535
223.6539,69.1022,143.1394,331.9535
145.7453,4.0256,143.1394,331.9535
145.1803,-0.9902,138.7700,321.8205
