1
171.6017,65.7270,89.0000,65.0000
139.8678,95.6475,89.0000,65.0000
118.9690,113.5275,87.1021,63.6139
103.2925,123.8799,87.1021,63.6139
86.4329,129.4998,87.1021,63.6139
75.4889,143.9932,87.1021,63.6139
78.1509,156.1203,87.1021,63.6139
84.9539,162.3317,87.1021,63.6139
109.5039,157.3034,87.1021,63.6139
133.4623,141.6269,87.1021,63.6139
166.2942,130.0914,87.1021,63.6139
206.8165,129.2041,87.1021,63.6139
236.6905,136.0071,87.1021,63.6139
258.2827,130.9788,87.1021,63.6139
286.9736,134.8239,87.1021,63.6139
300.8754,137.4860,87.1021,63.6139
303.2874,140.1579,89.0292,65.0213
298.8522,135.9883,90.9990,66.4599
320.1743,145.5678,90.9990,66.4599
355.3959,151.5652,93.0123,67.9303
366.4507,158.1981,93.0123,67.9303
368.0300,169.2530,93.0123,67.9303
367.0824,175.2542,93.0123,67.9303
371.1885,171.7798,93.0123,67.9303
365.7871,161.2400,91.0288,66.4817
349.0653,141.5827,93.0428,67.9526
325.9990,134.0848,91.0586,66.5035
292.2942,126.9727,91.0586,66.5035
269.1237,132.7485,89.1168,65.0853
258.6982,139.5679,87.2164,63.6973
253.0624,146.8128,85.3564,62.3390
238.0480,146.0806,83.5362,61.0096
222.2600,144.8172,81.7548,59.7085
209.4847,141.4400,80.0113,58.4352
193.9976,136.2777,80.0113,58.4352
176.3368,137.0928,80.0113,58.4352
166.9765,137.9777,78.3050,57.1891
164.4796,139.8690,76.6352,55.9695
169.5609,135.7000,75.0009,54.7759
179.9344,125.2373,73.4015,53.6078
182.8793,125.0881,71.8362,52.4646
185.7614,134.3472,70.3042,51.3458
196.8661,139.2668,68.8050,50.2508
207.2835,141.3790,67.3377,49.1792
232.0253,136.8342,65.9017,48.1305
249.7683,141.0143,64.4963,47.1041
267.9468,144.2995,64.4963,47.1041
287.4225,148.3905,63.1209,46.0996
299.4586,149.9151,61.7749,45.1165
300.5074,149.2857,61.7749,45.1165
298.9420,147.5427,60.4575,44.1544
308.0956,145.0452,59.1682,43.2127
329.4483,137.5658,57.9064,42.2912
336.3307,138.9423,57.9064,42.2912
326.5095,140.3106,59.1876,43.2269
328.3184,140.5116,59.1876,43.2269
334.5451,141.4931,60.4971,44.1833
337.2158,143.3420,60.4971,44.1833
338.6538,139.4387,60.4971,44.1833
342.2690,138.5237,59.2070,43.2411
344.8828,139.5290,59.2070,43.2411
347.0944,136.5132,59.2070,43.2411
337.8870,139.1638,60.5170,44.1978
335.2154,144.3014,60.5170,44.1978
333.4799,144.8785,61.8559,45.1757
334.9503,147.1891,61.8559,45.1757
333.1764,146.4714,63.2245,46.1752
334.0362,143.9558,64.6233,47.1968
338.7441,148.4779,63.2452,46.1903
338.7974,147.9354,61.8965,45.2053
336.0650,149.4067,61.8965,45.2053
334.7260,146.0717,63.2659,46.2055
336.0322,144.0003,64.6657,47.2278
336.4560,142.7943,66.0964,48.2727
336.8891,146.6848,67.5588,49.3407
332.0954,149.2332,69.0536,50.4324
333.2679,146.6538,69.0536,50.4324
336.1533,138.0675,70.5814,51.5482
340.3711,139.3101,69.0762,50.4489
277.7409,170.9771,69.0762,50.4489
258.2715,168.3968,69.0762,50.4489
241.6170,170.0388,69.0762,50.4489
225.8489,168.9941,67.6031,49.3731
217.4976,167.0866,66.1615,48.3202
223.6169,165.2198,64.7506,47.2897
234.3910,160.1625,64.7506,47.2897
245.4662,155.7923,63.3697,46.2813
265.8462,153.1745,62.0184,45.2943
283.3557,159.5442,60.6958,44.3284
299.6972,169.7513,59.4015,43.3831
313.3571,173.5191,58.1347,42.4579
329.7426,164.6355,58.1347,42.4579
335.8805,156.1450,56.8950,41.5525
338.0058,158.2703,56.8950,41.5525
340.5174,161.9412,56.8950,41.5525
348.8252,174.8859,56.8950,41.5525
349.5990,177.8339,58.1538,42.4719
364.7318,179.6178,59.4404,43.4115
376.4551,184.1663,58.1728,42.4858
379.4183,189.1049,58.1728,42.4858
364.9975,180.2154,58.1728,42.4858
348.6718,178.1932,56.9323,41.5798
336.4919,180.7065,56.9323,41.5798
2
0
0
0
0
1
167.7579,201.3333,40.7017,60.7374
169.1631,205.4030,41.6022,62.0812
176.9209,207.8771,42.5227,63.4547
193.8965,212.1289,43.4635,64.8587
219.1729,220.4374,44.4251,66.2937
249.3199,219.7868,44.4251,66.2937
270.7915,212.6296,44.4251,66.2937
301.5776,215.7215,45.4081,67.7604
317.3172,210.6228,45.4081,67.7604
328.5447,211.0232,46.4127,69.2596
313.6910,203.9097,47.4396,70.7920
311.2948,202.2090,46.4279,69.2823
323.3688,203.1662,45.4378,67.8049
340.7444,194.2677,44.4689,66.3589
340.0931,191.0112,44.4689,66.3589
321.9438,160.5403,43.5205,64.9438
296.1122,162.6875,44.4834,66.3807
291.1173,172.8945,44.4834,66.3807
288.2941,174.8490,44.4834,66.3807
2
0
0
0
0
1
317.7334,190.9903,50.0412,73.8659
325.4921,193.4477,51.1484,75.5002
325.6986,191.8401,52.2800,77.1706
326.9669,191.0792,52.2800,77.1706
321.1331,189.8110,52.2800,77.1706
314.7920,183.9772,52.2800,77.1706
303.8853,177.1288,52.2800,77.1706
293.9932,169.2658,52.2800,77.1706
285.6229,164.4466,52.2800,77.1706
281.3110,159.6274,52.2800,77.1706
282.6018,155.8052,51.1651,75.5249
274.4101,157.5428,51.1651,75.5249
276.1520,153.8021,50.0740,73.9143
285.8181,149.2046,49.0062,72.3381
287.9448,152.4967,47.9611,70.7955
284.9199,156.9178,47.9611,70.7955
278.0300,155.2056,46.9383,69.2857
273.2478,151.7897,46.9383,69.2857
272.5646,154.7502,46.9383,69.2857
259.6758,147.3676,45.9374,67.8082
252.7667,144.4702,45.9374,67.8082
2
0
0
0
0
1
381.8546,165.7995,59.7448,51.0840
383.3806,183.4576,59.7448,51.0840
375.3146,180.6236,59.7448,51.0840
378.1486,177.7896,59.7448,51.0840
370.0826,173.2115,59.7448,51.0840
363.7606,169.9415,59.7448,51.0840
372.2627,174.0835,59.7448,51.0840
381.2007,176.4815,59.7448,51.0840
384.4707,174.0835,59.7448,51.0840
374.6607,171.6855,59.7448,51.0840
369.6467,175.3916,59.7448,51.0840
379.0207,189.5616,59.7448,51.0840
397.1147,200.2436,59.7448,51.0840