0.21294
0.24041
0.070728
0.044141
0.052619
0.048683
0.040609
0.038287
0.038077
0.038065
0.037964
0.038047
0.037907
0.037928
0.03805
0.037837
0.038638
0.037937
0.037949
0.037976
0.038126
0.038109
0.037871
0.037851
0.037861
0.038054
0.038087
0.038376
0.038093
0.03805
0.038212
0.038561
0.03828
0.038174
0.038147
0.038313
0.038621
0.038381
0.038058
0.038493
0.038376
0.038464
0.038799
0.038488
0.038789
0.03799
0.038033
0.038448
0.03804
0.038215
0.037933
0.038078
0.038012
0.038313
0.038015
0.038049
0.037988
0.038224
0.038064
0.038017
0.037956
0.038107
0.038081
0.038445
0.038051
0.038309
0.037949
0.037945
0.038112
0.037998
0.037987
0.037894
0.038098
0.037903
0.037839
0.03806
0.037911
0.037882
0.037742
0.037544
0.037444
0.037559
0.037429
0.037568
0.037537
0.037758
0.03769
0.037668
0.037618
0.037598
0.037598
0.037819
0.037629
0.037606
0.037508
0.037421
0.037455
0.037444
0.0375
0.03752
0.038237
0.037764
0.037521
0.037392
0.037382
0.037512
0.037376
0.0374
0.037355
0.037384
0.037432
0.037681
0.037742
0.037548
0.037489
0.037901
0.037616
0.037497
0.037325
0.037403
0.037322
0.037381
0.037513
0.037409
0.037512
0.037877
0.038208
0.037754
0.038235
0.037747
0.037492
0.03744
0.03753
0.037397
0.037432
0.037468
0.037416
0.037652
0.037438
0.037527
0.037468
0.037439
0.037437
0.037418
0.037491
0.037436
0.037473
0.037383
0.037392
0.0374
0.037314
0.037462
0.037395
0.037357
0.037388
0.037425
0.037475
0.037442
0.037362
0.03739
0.037486
0.03738
0.037439
0.037347
0.037362
0.037364
0.037462
0.037572
0.038337
0.038027
0.037938
0.038169
0.037892
0.037485
0.037326
0.037483
0.037379
0.038333
0.037922
0.03762
0.037633
0.037492
0.037555
0.037384
0.037457
0.037359
0.037434
0.037434
0.037431
0.03758
0.037361
0.037448
0.037416
0.037317
0.037441
0.037397
0.0376
0.037763
0.037572
0.037399
0.037622
0.037413
0.037423
0.03751
0.037398
0.037417
0.037389
0.037317
0.03783
0.037498
0.037421
0.037356
0.037397
0.037466
0.037695
0.037329
0.037575
0.0377
0.037818
0.037506
0.037361
0.037444
0.037437
0.038077
0.037862
0.037575
0.037453
0.037623
0.037542
0.037789
0.037432
0.037621
0.037382
0.037399
0.037362
0.037424
0.037464
0.037359
0.037341
0.037552
0.037369
0.037554
0.037541
0.037425
0.037263
0.037488
0.037592
0.036006
0.037395
0.037435
0.038304
0.038109
0.037542
0.037289
0.037356
0.037681
0.03755
0.037297
0.037456
0.037328
0.037391
0.037508
0.037299
0.037545
0.037415
0.037364
0.037439
0.037675
0.037643
0.037366
0.037505
0.037569
0.03743
0.037437
0.03758
0.037671
0.037423
0.037306
0.037597
0.037557
0.037747
0.0377
0.037615
0.037758
0.037717
0.037755
0.037599
0.037718
0.039097
0.037719
0.037665
0.037611
0.037656
0.038049
0.037836
0.037881
0.037501
0.037724
0.03768
0.037729
0.037578
0.037802
0.037561
0.037694
0.037912
0.037679
0.037659
0.03772
0.037909
0.037644
0.037784
0.037845
0.037666
0.037596
0.037737
0.037737
0.037835
0.037787
0.03776
0.037747
0.037773
0.037777
0.037631
0.037731
0.037728
