1
33.6990,60.2487,70.0162,84.8978
39.9458,66.1134,67.8790,82.3063
47.1831,73.5709,65.8070,79.7939
53.7677,76.1474,65.8070,79.7939
64.7920,79.3693,63.7982,77.3581
76.0350,83.6030,61.8507,74.9967
84.7821,87.1693,59.9627,72.7075
91.3036,88.4736,59.9627,72.7075
100.9554,91.8648,59.9627,72.7075
112.0442,95.8440,58.1323,70.4880
118.7481,95.1495,56.3578,68.3364
127.8196,93.4333,56.3578,68.3364
134.4394,90.7363,56.3578,68.3364
139.9580,88.5920,54.6375,66.2504
144.4742,85.0266,54.6375,66.2504
151.3673,81.9366,54.6375,66.2504
156.8342,78.3712,54.6375,66.2504
166.1043,76.2319,54.6375,66.2504
180.6036,75.5189,54.6375,66.2504
197.4798,75.7566,54.6375,66.2504
212.5322,75.8863,56.3837,68.3677
228.0656,74.5485,58.1857,70.5528
243.5065,73.7891,58.1857,70.5528
259.9600,72.5235,58.1857,70.5528
276.7952,74.3597,56.4096,68.3991
287.8383,72.6419,56.4096,68.3991
294.4642,70.9241,56.4096,68.3991
298.0246,69.2686,54.6877,66.3112
297.3109,68.5548,54.6877,66.3112
291.8389,69.2686,54.6877,66.3112
279.7054,69.9823,54.6877,66.3112
264.1241,70.2807,53.0183,64.2870
249.9411,70.5699,51.3999,62.3247
234.9593,67.2158,51.3999,62.3247
220.8720,68.7810,51.3999,62.3247
203.9914,72.6392,49.8309,60.4222
189.1042,75.7925,51.4235,62.3533
194.7701,81.7312,53.0670,64.3461
187.9616,83.8676,51.4471,62.3819
154.0556,63.5573,49.8767,60.4777
150.6942,65.1313,48.3542,58.6316
144.9111,67.4987,46.8781,56.8418
138.8966,74.6883,45.4472,55.1067
135.2047,93.7767,46.8997,56.8679
115.8217,96.8371,46.8997,56.8679
113.0690,97.9091,45.4680,55.1320
110.1020,97.7113,45.4680,55.1320
106.0127,95.0501,46.9212,56.8940
103.7674,94.0295,46.9212,56.8940
101.4216,94.6937,45.4889,55.1573
105.0843,96.5250,44.1003,53.4736
112.1829,97.1006,44.1003,53.4736
105.1470,96.0542,45.5098,55.1827
150.1542,93.3905,46.9643,56.9463
174.1255,91.8676,48.4653,58.7663
192.5377,89.0309,50.0142,60.6445
211.9735,85.6684,51.6127,62.5827
231.5080,85.8930,51.6127,62.5827
246.5518,83.8722,51.6127,62.5827
261.1465,83.1986,51.6127,62.5827
276.7128,80.6267,53.2622,64.5828
290.3837,76.6877,53.2622,64.5828
299.4204,72.7486,53.2622,64.5828
306.6034,68.3461,53.2622,64.5828
309.6914,64.7652,54.9645,66.6469
310.4087,63.5697,54.9645,66.6469
307.3002,63.8088,54.9645,66.6469
298.9312,67.3955,54.9645,66.6469
284.4232,71.8302,56.7211,68.7769
263.4488,77.9991,56.7211,68.7769
243.5420,82.5755,58.5339,70.9750
221.4711,84.7517,60.4047,73.2434
189.5452,89.8113,58.5608,71.0076
172.0498,91.9885,60.4324,73.2770
166.0890,93.7095,62.3638,75.6189
142.8945,91.8793,60.4602,73.3106
118.9593,86.8818,60.4602,73.3106
101.9487,80.7129,62.3925,75.6536
80.5944,73.2610,64.3865,78.0715
61.3586,68.9323,66.4443,80.5667
32.7419,68.0651,66.4443,80.5667
18.5780,77.0259,66.4443,80.5667
1.9596,81.4352,64.4161,78.1074
-8.3175,84.3905,66.4748,80.6037
-13.7176,84.5484,68.5994,83.1798
-13.9185,84.1145,70.7918,85.8382
-10.5308,83.1906,70.7918,85.8382
-4.5787,71.6559,73.0543,88.5816
2.5747,60.6131,70.8243,85.8776
19.6216,55.2354,73.0878,88.6223
21.8473,54.2815,73.0878,88.6223
20.3614,54.4551,75.4237,91.4546
18.0645,72.5018,75.4237,91.4546
22.3301,75.4549,75.4237,91.4546
29.3279,78.2590,77.8343,94.3775
44.3988,85.4558,75.4584,91.4966
50.4746,87.8371,73.1550,88.7037
47.4538,86.9632,70.9219,85.9960
60.5692,90.4355,68.7570,83.3709
75.6772,93.2035,66.6581,80.8260
92.2065,94.0735,66.6581,80.8260
115.5530,99.6569,64.6234,78.3587
132.2319,100.3727,66.6888,80.8631
152.3450,102.8521,68.8201,83.4475
175.8499,104.4251,66.7194,80.9002
194.2308,107.4861,68.8517,83.4858
222.0872,110.7810,68.8517,83.4858
250.3953,111.1566,66.7500,80.9374
274.4975,110.8662,66.7500,80.9374
296.8573,109.9951,66.7500,80.9374
317.4749,109.7047,66.7500,80.9374
336.2073,108.3265,64.7124,78.4667
346.0606,105.2297,64.7124,78.4667
352.0646,100.8791,66.7806,80.9745
354.6793,94.7782,66.7806,80.9745
353.2267,90.4203,66.7806,80.9745
342.4774,84.9004,66.7806,80.9745
330.5660,77.6374,66.7806,80.9745
318.7496,71.9856,68.9150,83.5625
312.5516,70.9501,71.1175,86.2331
299.2480,70.6407,71.1175,86.2331
289.1393,70.1909,73.3904,88.9891
275.5147,72.9194,75.7359,91.8332
269.3623,67.1687,78.1565,94.7682
266.3022,63.4286,78.1565,94.7682
259.9531,67.6943,80.6544,97.7970
261.1204,79.1140,83.2321,100.9226
254.9648,82.3728,83.2321,100.9226
239.2169,79.9302,80.6914,97.8419
227.6327,71.8563,80.6914,97.8419
196.9198,73.7007,78.2282,94.8552
188.9250,72.7661,75.8403,91.9598
172.5961,72.5200,73.5253,89.1527
164.4423,74.2006,71.2809,86.4312
170.3341,79.4723,71.2809,86.4312
183.6684,79.7824,71.2809,86.4312
196.3824,83.8136,71.2809,86.4312
214.5258,89.7843,69.1050,83.7929
230.4593,93.6925,69.1050,83.7929
249.3992,96.9995,69.1050,83.7929
254.5099,96.0976,69.1050,83.7929
256.4666,96.4746,66.9956,81.2351
257.1976,98.5888,64.9505,78.7554
256.2110,100.0734,62.9679,76.3513
251.5542,103.0867,62.9679,76.3513
243.4754,105.0738,61.0457,74.0207
239.3613,105.4068,59.1823,71.7612
234.8578,104.6998,57.3757,69.5707
226.4980,98.0239,55.6243,67.4470
224.8041,94.3941,55.6243,67.4470
232.7897,89.3124,55.6243,67.4470
246.9480,88.6479,53.9264,65.3882
264.8968,89.4113,52.2803,63.3922
283.2075,89.6965,50.6844,61.4571
295.3348,87.7120,50.6844,61.4571
303.1242,82.9815,52.3043,63.4213
309.7230,74.5624,52.3043,63.4213
311.2039,65.2909,50.7077,61.4853
311.3161,60.7144,49.1598,59.6084
308.5358,60.9283,49.1598,59.6084
305.3279,66.2749,49.1598,59.6084
300.9066,74.0907,50.7309,61.5135
291.9301,87.4532,52.3523,63.4795
282.6667,101.6982,54.0255,65.5083
274.5174,109.8176,55.7521,67.6020
277.7497,112.3754,57.5340,69.7625
274.5776,109.5086,59.3728,71.9921
260.9725,98.8012,61.2703,74.2930
249.5980,88.8179,63.2285,76.6674
240.0605,78.5155,65.2493,79.1177
226.8118,72.4256,67.3347,81.6463
220.6603,70.9610,67.3347,81.6463
223.8825,67.1529,67.3347,81.6463
227.1048,66.2741,67.3347,81.6463
222.7108,66.5670,67.3347,81.6463
199.0791,70.2421,69.4867,84.2557
182.5518,75.8485,71.7075,86.9485
169.8636,82.8818,73.9993,89.7274
166.1641,91.6556,71.7404,86.9884
172.7182,93.2160,71.7404,86.9884
177.8704,93.6074,69.5505,84.3331
178.7781,91.4894,69.5505,84.3331
181.5012,91.7920,69.5505,84.3331
187.8552,93.9100,69.5505,84.3331
194.2092,93.0023,69.5505,84.3331
199.3529,88.4637,69.5505,84.3331
204.3479,84.6072,67.4275,81.7588
208.0170,82.6283,65.3692,79.2631
218.9680,76.1598,63.3738,76.8436
224.6222,71.5430,61.4393,74.4979
218.8778,65.4633,59.5638,72.2238
214.5573,64.5683,61.4675,74.5321
214.8248,68.0446,61.4675,74.5321
226.3232,71.5209,61.4675,74.5321
227.6603,71.2535,61.4675,74.5321
228.8658,75.8673,59.5912,72.2570
226.5326,78.7190,59.5912,72.2570
226.7919,80.5337,59.5912,72.2570
229.7283,78.6013,61.4957,74.5663
233.8286,77.1422,63.4611,76.9494
245.7001,75.7618,63.4611,76.9494
257.1095,75.9126,65.4893,79.4087
268.8837,77.2078,67.5824,81.9466
273.9779,74.4282,69.7423,84.5657
271.2472,69.2703,69.7423,84.5657
258.8076,69.5737,69.7423,84.5657
246.3680,71.6976,69.7423,84.5657
241.8169,76.2486,69.7423,84.5657
244.6467,80.0552,71.9713,87.2684
246.9407,84.6096,74.2715,90.0575
255.0185,89.4562,74.2715,90.0575
224.3231,86.5482,74.2715,90.0575
209.2426,85.4322,76.6452,92.9357
191.6795,83.6137,79.0948,95.9059
174.9314,85.8661,81.6226,98.9711
158.7778,97.6742,79.1311,95.9500
146.0405,103.5265,79.1311,95.9500
146.9041,108.7777,76.7156,93.0211
151.0786,108.5287,74.3738,90.1816
157.7142,103.1105,72.1035,87.4287
169.9476,95.8959,72.1035,87.4287
180.2990,85.5446,72.1035,87.4287
190.6503,78.9573,72.1035,87.4287
195.3555,72.3701,72.1035,87.4287
213.7082,59.5890,69.9025,84.7600
225.4187,53.8883,67.7687,82.1726
233.2339,54.2580,65.7001,79.6643
238.5239,58.6180,63.6946,77.2325
238.8010,62.7744,63.6946,77.2325
235.6167,68.1096,61.7503,74.8750
227.2890,71.0646,61.7503,74.8750
219.4985,76.7060,61.7503,74.8750
206.8726,87.7201,61.7503,74.8750
194.3344,96.4631,63.7238,77.2680
187.9583,100.0670,63.7238,77.2680
188.8806,100.7729,65.7604,79.7374
190.4045,99.2126,67.8621,82.2859
191.3866,94.6502,70.0310,84.9157
196.0561,89.3326,72.2692,87.6296
203.3900,83.8451,74.5789,90.4303
220.4261,73.8697,72.3024,87.6699
224.9896,66.7151,70.0953,84.9937
226.3644,70.1469,67.9556,82.3992
230.8955,79.1773,70.1275,85.0327
236.0818,91.6857,70.1275,85.0327
242.9487,96.3394,67.9868,82.4371
243.8360,96.6351,67.9868,82.4371
238.8080,95.1563,67.9868,82.4371
227.7191,92.5695,65.9115,79.9207
222.1301,94.6495,63.8995,77.4811
216.7117,102.2258,61.9490,75.1159
210.5131,106.2683,61.9490,75.1159
207.5486,110.3109,61.9490,75.1159
204.4516,114.9608,60.0580,72.8230
206.1521,117.9012,58.2247,70.6000
208.4318,117.1413,58.2247,70.6000
213.3272,115.2533,60.0856,72.8564
219.4247,108.5997,62.0059,75.1849
225.1776,102.8125,63.9876,77.5878
228.7964,85.8320,63.9876,77.5878
222.4848,79.3031,66.0326,80.0675
215.3970,74.2891,68.1430,82.6265
209.2685,69.7078,70.3209,85.2672
197.4375,71.7104,72.5684,87.9924
201.6447,95.8759,74.8876,90.8046
197.9009,93.6782,72.6017,88.0328
194.4266,80.7286,72.6017,88.0328
194.2139,68.8989,74.9220,90.8463
196.6020,57.3431,77.3165,93.7497
198.3937,51.4723,79.7876,96.7460
194.5755,46.2658,79.7876,96.7460
191.4516,44.5302,79.7876,96.7460
184.2758,41.9429,82.3376,99.8380
174.0050,41.4221,84.9691,103.0288
167.7210,41.7917,84.9691,103.0288
161.9946,50.3875,82.3754,99.8838
152.8593,55.8540,79.8608,96.8348
144.2872,55.3489,82.4132,99.9297
134.0070,56.9788,85.0471,103.1234
128.4572,53.6489,85.0471,103.1234
136.2270,46.6191,85.0471,103.1234
143.9967,41.0693,85.0471,103.1234
159.1662,37.7394,85.0471,103.1234
175.9364,37.9415,87.7652,106.4193
199.9906,42.9050,87.7652,106.4193
220.8025,58.6563,85.0862,103.1708
238.3208,65.5212,87.8055,106.4681
254.1071,69.5497,90.6118,109.8708
266.9218,72.4092,87.8458,106.5170
261.9536,67.4411,87.8458,106.5170
256.7976,57.2198,85.1643,103.2655
250.6203,60.3860,87.8862,106.5659
244.8852,60.7684,87.8862,106.5659
241.2562,60.4832,85.2034,103.3129
242.1859,65.3960,82.6025,100.1593
239.4938,68.7215,80.0811,97.1019
237.5806,70.5519,77.6366,94.1378
230.9973,70.2999,75.2667,91.2642
221.3407,73.9849,72.9692,88.4784
213.2485,78.1923,70.7418,85.7775
209.0964,83.5023,68.5823,83.1591
213.4251,88.0535,66.4888,80.6207
222.3919,93.5493,66.4888,80.6207
233.1887,97.1782,68.6138,83.1973
241.8451,98.6707,68.6138,83.1973
247.0171,96.4457,70.8067,85.8563
246.8097,89.8371,73.0697,88.6003
241.5096,86.1961,75.4050,91.4319
239.3205,83.7509,77.8150,94.3541
240.4467,81.9046,80.3019,97.3697
238.0013,76.6645,80.3019,97.3697
231.4779,70.5670,82.8684,100.4816
196.5085,58.6703,82.8684,100.4816
173.9143,61.7512,85.5168,103.6930
163.1254,62.8673,85.5168,103.6930
161.2653,63.2393,85.5168,103.6930
172.1757,59.7221,88.2500,107.0070
196.1740,55.5965,85.5561,103.7406
234.5107,58.9463,85.5561,103.7406
269.6868,54.9467,82.9445,100.5739
292.2423,53.2342,80.4126,97.5038
292.4201,50.1746,77.9580,94.5275
264.2710,47.1223,77.9580,94.5275
227.3040,52.2095,77.9580,94.5275
195.0851,72.2191,77.9580,94.5275
179.6568,89.6017,75.5783,91.6420
177.1936,97.9051,73.2712,88.8446
180.8041,108.9169,75.6130,91.6841
191.0014,105.9564,75.6130,91.6841
203.1723,101.0222,75.6130,91.6841
222.4183,79.7244,73.3049,88.8854
241.0769,71.8328,71.0672,86.1721
244.9440,70.3655,68.8979,83.5417
227.1125,71.9403,66.7947,80.9916
209.3870,89.6658,66.7947,80.9916
201.3984,97.0042,64.7558,78.5193
199.9899,105.1738,64.7558,78.5193
223.2335,118.4859,62.7791,76.1225
236.1590,120.2737,64.7855,78.5553
264.6250,114.9187,64.7855,78.5553
303.6624,104.5621,62.8079,76.1574
334.5383,90.6270,62.8079,76.1574
338.5025,73.4824,60.8907,73.8327
313.4238,67.2695,62.8368,76.1924
284.8100,69.0590,64.8450,78.6275
257.5384,74.2908,66.9175,81.1404
225.2245,76.3286,66.9175,81.1404
191.2591,77.6520,69.0562,83.7337
159.5672,88.8439,66.9482,81.1777
141.0753,98.5291,64.9046,78.6997
137.9694,103.3292,64.9046,78.6997
147.2872,108.6941,64.9046,78.6997
169.1212,120.7073,66.9789,81.2149
187.4783,120.9987,66.9789,81.2149
193.0146,103.8071,66.9789,81.2149
197.4806,107.4628,69.1196,83.8106
191.6195,97.6162,67.0097,81.2522
172.0878,89.1622,67.0097,81.2522
152.4129,90.1108,64.9642,78.7720
139.2221,92.5261,67.0404,81.2895
130.1809,95.7342,67.0404,81.2895
135.7223,97.1925,67.0404,81.2895
148.9419,93.8519,69.1831,83.8875
163.6896,83.3179,69.1831,83.8875
