1
664.4039,683.7399,41.1219,24.1506
664.5314,685.1414,41.1219,24.1506
666.0400,682.8444,42.4361,24.9224
668.0120,682.1871,42.4361,24.9224
2
0
0
0
0
1
686.8010,603.7139,42.9295,13.5479
690.3546,593.9372,41.6191,13.1344
692.9158,583.2161,42.9492,13.5541
696.2032,576.0186,44.3219,13.9873
687.4476,580.1193,44.3219,13.9873
688.6234,575.1301,45.7384,14.4344
688.6234,575.1301,45.7384,14.4344
696.5270,571.5760,44.3422,13.9937
2
0
0
0
0
1
736.0123,505.4980,20.4471,21.7875
740.9168,503.0872,20.4471,21.7875
745.4947,498.8321,21.1006,22.4838
750.5560,495.3148,21.1006,22.4838
757.3330,492.3124,21.1006,22.4838
759.8268,490.1516,21.7750,23.2024
765.2330,484.2036,22.4709,23.9439
771.3603,477.8828,23.1891,24.7092
779.1620,473.6404,22.4812,23.9549
784.9265,477.5533,23.1997,24.7205
794.8068,474.2522,22.4916,23.9659
801.4595,450.7521,21.8050,23.2344
807.3989,446.5856,21.8050,23.2344
813.4939,442.5964,21.1394,22.5251
815.6425,436.3225,21.1394,22.5251
818.4786,429.5331,21.1394,22.5251
819.9396,422.9154,21.1394,22.5251
824.3228,417.1573,21.1394,22.5251
825.9345,412.9461,20.4941,21.8375
829.9967,409.1967,19.8685,21.1709
832.5007,406.5311,19.8685,21.1709
834.3387,403.0577,19.2620,20.5247
837.5549,402.0250,19.8776,21.1807
840.3834,401.2976,19.8776,21.1807
844.6466,402.8331,19.2709,20.5341
849.2498,402.9115,18.6826,19.9073
854.4720,405.2661,18.1123,19.2996
861.0256,407.5488,18.1123,19.2996
865.7939,409.3898,17.5594,18.7105
869.4172,411.0317,17.0234,18.1394
873.3451,410.6857,16.5038,17.5856
875.5639,409.5324,17.0313,18.1477
873.2790,412.7867,17.0313,18.1477
870.4449,416.7205,17.5756,18.7277
871.2133,420.0788,17.0391,18.1560
868.6332,427.9067,16.5189,17.6018
866.4216,434.1398,17.0469,18.1644
863.0305,440.7107,17.5917,18.7449
860.5097,444.0721,17.0547,18.1727
861.2554,436.5144,16.5341,17.6180
2
0
0
0
0
1
809.6058,480.6988,20.6766,17.5529
803.8160,481.5258,20.6766,17.5529
796.0712,482.3530,20.6766,17.5529
789.3792,482.7289,20.6766,17.5529
782.5367,482.5034,20.6766,17.5529
775.6646,481.0950,21.3374,18.1139
767.9827,481.1726,21.3374,18.1139
759.9904,479.8535,21.3374,18.1139
751.8429,478.3792,21.3374,18.1139
745.4025,477.2152,21.3374,18.1139
738.1862,475.2754,21.3374,18.1139
731.1250,471.7836,21.3374,18.1139
724.3743,469.2229,21.3374,18.1139
718.5699,466.4732,20.6860,17.5609
712.4766,462.7871,20.6860,17.5609
706.0823,460.1542,20.6860,17.5609
699.7029,458.6920,20.0546,17.0249
693.0662,454.5350,20.0546,17.0249
687.0131,453.1493,20.0546,17.0249
683.7025,448.7202,20.6955,17.5690
679.8641,448.9460,20.6955,17.5690
681.4149,449.6436,21.3570,18.1305
685.8572,448.2894,20.7050,17.5771
2
0
0
0
0
1
647.7649,417.3797,15.4666,16.5795
645.8096,414.0368,15.4666,16.5795
641.9621,412.0815,15.4666,16.5795
639.7546,408.9909,15.4666,16.5795
638.0516,405.7742,15.4666,16.5795
635.7178,402.4313,15.4666,16.5795
635.2601,399.2153,14.9945,16.0734
634.3429,396.4637,14.9945,16.0734
634.2817,393.4674,14.9945,16.0734
634.3429,390.5934,14.9945,16.0734
634.6329,388.4540,14.5368,15.5827
634.9293,386.6163,14.5368,15.5827
636.6332,385.2535,14.0930,15.1071
