0.21505
0.22728
0.068322
0.042013
0.046656
0.043687
NaN
NaN
NaN
NaN
0.20478
0.23132
0.12044
0.04075
0.048864
0.043027
0.036908
0.075421
NaN
0.033733
NaN
NaN
NaN
NaN
0.20435
0.23166
0.067371
0.040127
0.049108
0.043497
0.037377
0.034778
0.034742
0.034164
0.037025
0.033273
0.033305
0.033364
0.03377
0.033226
0.033268
0.033257
0.033319
0.033229
0.033611
0.034027
0.033174
0.032985
0.032699
0.032399
0.032591
0.032805
0.033092
0.033161
0.032864
0.033136
0.032354
0.032415
0.032469
0.032307
0.032192
0.032455
0.032056
0.031927
0.032248
0.032116
NaN
NaN
NaN
NaN
0.20477
0.27117
0.072546
0.047203
0.04987
0.052311
0.037779
0.032561
0.032298
0.031335
0.03158
0.03151
0.031547
0.031415
0.031586
0.033576
0.033372
0.033821
0.031964
0.031693
0.031537
0.033379
0.033206
0.031351
0.032806
NaN
NaN
NaN
NaN
0.20281
0.23175
0.065321
0.038631
0.046992
0.041506
0.035868
0.032009
0.032577
0.032048
0.031444
0.031398
0.032024
0.03141
