0.19888
0.21888
0.059592
0.029331
0.041064
0.036693
0.030221
0.027003
0.025685
0.025616
0.02486
0.024265
0.023419
0.023742
0.023784
0.023559
0.023649
0.023554
0.022898
0.023392
0.023644
0.023013
0.022211
0.023651
0.02241
0.022685
0.022247
0.022505
0.022352
0.021937
0.022371
0.022784
0.022263
0.02216
0.022187
0.022218
0.022313
0.022313
0.021941
0.023119
0.022614
0.022595
0.023091
0.022145
0.022919
0.022033
0.023216
0.023644
0.024093
0.023138
0.023767
0.023789
0.023717
0.023992
0.023207
0.024007
0.023754
0.023737
0.025162
0.025134
0.025271
0.02519
0.025377
0.025474
0.02472
0.024663
0.024684
0.024682
0.024851
0.025525
0.02523
0.025222
0.023829
0.02465
0.023918
0.024119
0.025503
0.024591
0.023912
0.024939
0.0239
0.024728
0.024819
0.024578
0.024796
0.024008
0.024814
0.024634
0.024156
0.024434
0.025558
0.02478
0.025036
0.0239
0.024901
0.024543
0.02409
0.023822
0.023942
0.024995
0.024861
0.025024
0.025823
0.024978
0.024681
0.024939
0.025173
0.024708
0.024658
0.024988
0.024587
0.024607
0.026823
0.024467
0.024193
0.025556
0.023926
0.024074
0.024572
0.024362
0.024873
0.025255
0.024543
0.025126
0.024135
0.025131
0.024364
0.024294
0.024298
0.024228
0.024351
0.023783
0.023963
0.023786
0.023119
0.02296
0.022975
0.022923
0.022997
0.022948
0.023231
0.023551
0.022869
0.022951
0.022046
0.022174
0.022406
0.022247
0.022213
0.022212
0.022244
