1
162.4563,51.9329,44.5891,174.3643
163.8020,48.7349,46.0142,179.9370
163.3772,48.3101,46.0142,179.9370
163.0667,44.1603,47.4848,185.6878
162.7463,40.7546,49.0024,191.6224
163.1987,41.2070,49.0024,191.6224
162.7463,41.6594,49.0024,191.6224
163.9466,45.0365,47.5066,185.7731
165.1102,47.4333,46.0564,180.1023
160.2856,48.9065,44.6505,174.6046
160.6979,48.4943,44.6505,174.6046
154.5146,48.9065,44.6505,174.6046
157.2572,51.9837,43.2876,169.2747
151.9234,53.3683,41.9662,164.1076
152.3108,53.7558,41.9662,164.1076
148.0490,54.1432,41.9662,164.1076
147.6616,53.7558,41.9662,164.1076
145.7244,54.1432,41.9662,164.1076
146.1119,53.7558,41.9662,164.1076
144.1747,53.3683,41.9662,164.1076
143.7873,52.9809,41.9662,164.1076
144.1747,52.5935,41.9662,164.1076
143.7873,52.2060,41.9662,164.1076
143.3998,52.5935,41.9662,164.1076
143.0124,52.9809,41.9662,164.1076
144.1747,52.5935,41.9662,164.1076
143.8915,51.1333,43.3074,169.3524
143.4917,50.7335,43.3074,169.3524
143.8915,51.1333,43.3074,169.3524
144.1527,51.7190,41.9855,164.1829
143.7651,51.3314,41.9855,164.1829
143.3775,50.9438,41.9855,164.1829
142.9898,50.5562,41.9855,164.1829
141.1561,47.5449,43.3273,169.4302
140.7561,47.9449,43.3273,169.4302
139.5561,46.7449,43.3273,169.4302
139.9561,47.1449,43.3273,169.4302
138.7561,46.7449,43.3273,169.4302
139.9561,46.3449,43.3273,169.4302
137.9561,46.7449,43.3273,169.4302
137.5561,47.1449,43.3273,169.4302
138.7561,46.7449,43.3273,169.4302
139.1561,46.3449,43.3273,169.4302
137.1561,46.7449,43.3273,169.4302
137.5561,47.1449,43.3273,169.4302
136.3561,46.7449,43.3273,169.4302
136.7561,47.1449,43.3273,169.4302
143.4174,50.9309,42.0047,164.2583
142.2540,50.5431,42.0047,164.2583
145.6096,55.7646,40.7225,159.2443
145.9856,55.3887,40.7225,159.2443
152.2464,56.6913,39.4795,154.3833
151.8819,56.3268,39.4795,154.3833
148.6016,55.2334,39.4795,154.3833
149.0642,53.1308,40.7412,159.3174
156.0801,56.6908,39.4976,154.4541
156.4448,56.3262,39.4976,154.4541
158.9973,55.9615,39.4976,154.4541
158.0015,53.8580,40.7599,159.3905
166.5258,56.6670,39.5157,154.5251
165.5296,54.5625,40.7786,159.4637
166.7603,50.8849,42.0819,164.5602
166.4763,48.6437,43.4269,169.8195
168.5888,46.3309,44.8148,175.2469
169.8300,46.7447,44.8148,175.2469
172.8374,45.1854,46.2471,180.8478
174.8241,47.5187,44.8354,175.3274
178.6608,44.3030,46.2683,180.9308
178.3486,41.8389,47.7470,186.7134
183.9262,45.1294,46.2895,181.0139
184.2054,47.4648,44.8765,175.4884
190.4199,47.0505,44.8765,175.4884
190.8342,47.4648,44.8765,175.4884
196.2201,47.8791,44.8765,175.4884
196.6344,47.4648,44.8765,175.4884
203.7890,44.2462,46.3108,181.0970
204.2166,43.8187,46.3108,181.0970
211.5999,41.3523,47.7909,186.8849
212.9235,40.9111,47.7909,186.8849
215.2483,33.0714,49.3183,192.8577
214.0049,30.4448,50.8945,199.0214
219.1733,30.9147,50.8945,199.0214
217.8902,28.2042,52.5211,205.3822
218.3750,26.7496,52.5211,205.3822
218.8599,26.2647,52.5211,205.3822
217.4053,26.7496,52.5211,205.3822
216.9204,26.2647,52.5211,205.3822
214.4960,26.7496,52.5211,205.3822
214.0111,27.2344,52.5211,205.3822
213.5263,25.7798,52.5211,205.3822
214.0111,25.2949,52.5211,205.3822
211.4186,33.7633,50.9179,199.1128
212.8288,33.2932,50.9179,199.1128
211.4186,35.6436,50.9179,199.1128
212.8288,35.1735,50.9179,199.1128
209.5383,35.6436,50.9179,199.1128
209.0682,35.1735,50.9179,199.1128
209.5383,35.6436,50.9179,199.1128
210.0084,35.1735,50.9179,199.1128
208.7246,34.3420,52.5452,205.4765
207.3999,29.6032,54.2245,212.0435
206.8993,29.1026,54.2245,212.0435
205.3974,29.6032,54.2245,212.0435
203.8956,30.1038,54.2245,212.0435
203.5297,28.2172,55.9576,218.8204
203.1521,25.2370,57.7460,225.8139
202.7625,18.9630,59.5915,233.0309
205.3224,23.0698,57.7725,225.9176
206.7376,27.0513,56.0089,219.0214
211.2120,30.9112,54.2993,212.3357
208.5317,34.6533,52.6418,205.8540
208.1764,31.8497,54.3242,212.4332
205.8038,28.9566,56.0604,219.2225
203.2160,27.4039,56.0604,219.2225
206.6594,31.2674,54.3491,212.5307
209.1682,33.7761,54.3491,212.5307
214.5135,37.5217,52.6901,206.0431
214.0270,38.0081,52.6901,206.0431
221.3236,36.5488,52.6901,206.0431
208.1898,37.0352,52.6901,206.0431
200.8932,37.5217,52.6901,206.0431
191.7818,30.8240,54.3741,212.6283
182.0700,28.5475,52.7143,206.1377
170.0344,24.7668,54.3990,212.7259
158.4835,20.2468,54.3990,212.7259
152.9591,19.7446,54.3990,212.7259
144.4214,22.2557,54.3990,212.7259
138.0278,19.3585,56.1376,219.5246
129.3567,14.2957,57.9318,226.5406
123.4736,14.8306,57.9318,226.5406
122.9388,18.5744,57.9318,226.5406
123.4736,18.0395,57.9318,226.5406
123.8229,23.1016,56.1634,219.6254
129.3467,26.9722,54.4490,212.9212
131.8601,26.4695,54.4490,212.9212
135.3788,25.9669,54.4490,212.9212
141.7393,29.7193,52.7869,206.4218
152.7789,33.3572,51.1756,200.1207
157.9759,32.8847,51.1756,200.1207
162.2280,32.4122,51.1756,200.1207
191.8289,34.9942,49.6134,194.0119
196.8673,35.4522,49.6134,194.0119
201.9057,36.8263,49.6134,194.0119
206.9440,34.5361,49.6134,194.0119
218.5181,30.9778,51.1991,200.2125
228.5714,28.2511,52.8354,206.6113
231.9859,27.7633,52.8354,206.6113
235.4004,28.2511,52.8354,206.6113
235.0438,23.4861,54.5240,213.2146
237.6961,19.5755,56.2666,220.0290
243.2300,23.4532,54.5491,213.3125
244.7408,23.9568,54.5491,213.3125
244.2372,24.4604,54.5491,213.3125
244.7408,23.9568,54.5491,213.3125
243.2300,24.4604,54.5491,213.3125
241.8547,20.5481,56.2924,220.1300
240.2956,18.9890,56.2924,220.1300
239.7759,19.5087,56.2924,220.1300
239.2562,18.9890,56.2924,220.1300
238.7365,19.5087,56.2924,220.1300
237.1775,20.0284,56.2924,220.1300
235.7582,17.0304,58.0916,227.1653
234.1493,16.4941,58.0916,227.1653
234.4996,19.4249,56.3183,220.2310
226.7006,19.9449,56.3183,220.2310
218.9016,20.4648,56.3183,220.2310
213.1823,19.9449,56.3183,220.2310
188.8854,15.9056,58.1182,227.2696
182.9833,15.3691,58.1182,227.2696
183.5199,15.9056,58.1182,227.2696
182.9833,15.3691,58.1182,227.2696
182.2607,18.3013,56.3442,220.3322
178.7594,14.2602,58.1449,227.3740
177.2935,11.1636,60.0032,234.6408
177.8474,10.6096,60.0032,234.6408
171.9030,9.6298,61.9209,242.1400
165.6148,10.2015,61.9209,242.1400
167.1315,14.4688,60.0308,234.7486
168.7941,15.0230,60.0308,234.7486
171.3730,19.1601,58.1983,227.5828
172.9849,18.6228,58.1983,227.5828
176.5596,22.6336,56.4218,220.6358
182.2894,21.0710,56.4218,220.6358
183.8520,20.5501,56.4218,220.6358
182.4295,17.5452,58.2250,227.6873
188.3424,17.0077,58.2250,227.6873
191.1747,12.8317,60.0859,234.9642
188.5504,10.7411,62.0062,242.4736
182.4075,9.7286,63.9880,250.2231
182.9983,10.3194,63.9880,250.2231
188.3150,10.9101,63.9880,250.2231
191.4276,5.1393,66.0330,258.2202
195.6950,5.7489,66.0330,258.2202
196.3046,3.9201,66.0330,258.2202
197.0782,-0.8159,68.1434,266.4729
197.7073,-1.4450,68.1434,266.4729
198.3364,-0.8159,68.1434,266.4729
196.4491,-1.4450,68.1434,266.4729
194.5618,-0.8159,68.1434,266.4729
193.9327,-0.1868,68.1434,266.4729
193.4729,-5.0741,70.3213,274.9894
190.2268,-4.4249,70.3213,274.9894
191.0507,-8.1701,72.5688,283.7780
191.7207,-8.8400,72.5688,283.7780
191.2310,-12.7048,74.8881,292.8476
189.1569,-12.0135,74.8881,292.8476
205.0584,-12.7048,74.8881,292.8476
210.0840,-16.6932,77.2815,302.2070
223.3925,-17.0749,74.9224,292.9821
225.4676,-14.9999,74.9224,292.9821
227.3028,-11.2199,72.6354,284.0387
231.9968,-11.8905,72.6354,284.0387
232.6674,-12.5610,72.6354,284.0387
232.1772,-16.4294,74.9568,293.1165
230.1012,-17.1214,74.9568,293.1165
222.4891,-17.8134,74.9568,293.1165
219.0291,-18.5054,74.9568,293.1165
210.0330,-19.1974,74.9568,293.1165
206.5730,-19.8894,74.9568,293.1165
198.9609,-20.5814,74.9568,293.1165
196.8849,-21.2734,74.9568,293.1165
190.6569,-20.5814,74.9568,293.1165
189.9649,-21.2734,74.9568,293.1165
185.1208,-21.9654,74.9568,293.1165
180.2768,-22.6574,74.9568,293.1165
179.5848,-21.9654,74.9568,293.1165
180.2768,-22.6574,74.9568,293.1165
182.5390,-25.2654,77.3525,302.4846
178.9684,-27.4078,77.3525,302.4846
182.7312,-31.5274,79.8247,312.1520
180.5203,-32.2643,79.8247,312.1520
182.9295,-36.5156,82.3758,322.1284
182.1690,-35.7551,82.3758,322.1284
182.6657,-30.0780,79.8613,312.2953
183.4030,-30.8153,79.8613,312.2953
184.1403,-31.5526,79.8613,312.2953
184.8776,-32.2899,79.8613,312.2953
185.6149,-31.5526,79.8613,312.2953
187.8267,-30.8153,79.8613,312.2953
190.0386,-30.0780,79.8613,312.2953
193.7250,-29.3408,79.8613,312.2953
197.4114,-30.0780,79.8613,312.2953
208.6691,-32.8567,82.4137,322.2762
209.4299,-32.0958,82.4137,322.2762
211.7124,-31.3350,82.4137,322.2762
220.0818,-30.5741,82.4137,322.2762
222.1005,-26.4162,79.8980,312.4387
233.1648,-24.2033,79.8980,312.4387
242.7539,-24.9409,79.8980,312.4387
249.3925,-24.2033,79.8980,312.4387
250.1301,-23.4657,79.8980,312.4387
253.8182,-24.2033,79.8980,312.4387
230.9519,-26.4162,79.8980,312.4387
237.5905,-25.6786,79.8980,312.4387
242.9524,-29.9337,82.4515,322.4242
251.3255,-29.1725,82.4515,322.4242
2
0
0
0
0
1
204.1109,84.3209,71.8906,117.0276
198.9314,84.9994,69.6962,113.4553
203.5847,85.3573,69.6962,113.4553
201.0791,84.9994,69.6962,113.4553
200.0052,84.6414,69.6962,113.4553
200.3632,84.9994,69.6962,113.4553
201.4370,85.3573,69.6962,113.4553
202.1428,86.7310,67.5687,109.9921
201.4101,84.6263,69.7282,113.5074
198.1871,84.9844,69.7282,113.5074
196.7147,83.5287,71.9567,117.1351
186.7365,83.8983,71.9567,117.1351
195.2364,85.7461,71.9567,117.1351
200.3691,85.7221,74.2564,120.8787
193.4936,87.1856,71.9897,117.1889
192.7437,89.3440,69.7922,113.6117
178.0475,88.2686,69.7922,113.6117
190.2245,91.0780,67.6618,110.1436
202.0298,93.8016,65.5964,106.7815
202.6661,91.7583,67.6928,110.1942
197.4511,92.8013,67.6928,110.1942
195.0175,93.1490,67.6928,110.1942
193.9745,93.4966,67.6928,110.1942
196.0506,94.1355,65.6265,106.8305
193.3167,92.0913,67.7239,110.2448
194.3601,91.0478,67.7239,110.2448
191.5388,89.6339,69.8884,113.7682
192.9346,86.7391,72.1220,117.4042
194.7866,84.1462,72.1220,117.4042
194.7762,88.5310,69.9205,113.8204
195.8535,88.1719,69.9205,113.8204
196.5615,90.9864,67.7861,110.3460
201.4257,93.0187,65.7169,106.9777
207.4915,94.9890,63.7109,103.7122
210.0727,93.0045,65.7471,107.0268
210.4104,91.9915,65.7471,107.0268
212.0987,91.6538,65.7471,107.0268
212.7645,92.9496,63.7401,103.7598
212.4371,91.9676,63.7401,103.7598
212.7645,91.6402,63.7401,103.7598
211.7824,91.3128,63.7401,103.7598
216.0381,90.3307,63.7401,103.7598
219.9300,87.6906,65.7773,107.0759
212.4883,90.3383,63.7694,103.8074
215.0719,88.3520,65.8075,107.1251
214.3864,89.6490,63.7987,103.8551
214.7141,88.6660,63.7987,103.8551
220.6028,89.9234,61.8512,100.6849
221.2027,89.2675,63.8280,103.9027
221.8491,89.8699,61.8796,100.7311
222.1669,89.5521,61.8796,100.7311
225.0272,88.5986,61.8796,100.7311
224.0737,88.2808,61.8796,100.7311
226.9340,89.2342,61.8796,100.7311
228.5230,89.5521,61.8796,100.7311
224.3915,88.5986,61.8796,100.7311
222.8025,88.9164,61.8796,100.7311
222.4847,90.5055,61.8796,100.7311
220.8957,90.8233,61.8796,100.7311
219.9422,91.7767,61.8796,100.7311
220.2600,92.0945,61.8796,100.7311
219.9422,91.7767,61.8796,100.7311
220.5689,92.9963,59.9907,97.6562
220.2608,92.0720,59.9907,97.6562
220.2521,93.8706,58.1595,94.6752
227.4125,93.2247,56.3841,91.7853
245.3584,93.1777,54.6630,88.9835
262.7566,95.3780,52.9944,86.2672
2
0
0
0
0
1
218.7728,89.7639,66.2490,129.9202
219.1538,90.1449,66.2490,129.9202
221.0590,90.5259,66.2490,129.9202
223.7263,90.1449,66.2490,129.9202
227.1557,89.7639,66.2490,129.9202
231.3471,89.3828,66.2490,129.9202
235.2420,87.6877,68.3663,134.0724
237.2081,87.2945,68.3663,134.0724
240.7471,86.9013,68.3663,134.0724
245.0725,88.0810,68.3663,134.0724
245.4657,86.9013,68.3663,134.0724
248.6986,85.1520,70.5513,138.3574
250.1812,86.8580,68.3977,134.1340
252.6288,85.1079,70.5837,138.4209
253.5307,81.6780,72.8396,142.8448
255.8993,85.1150,70.6161,138.4845
259.0079,87.6348,68.4606,134.2572
263.3392,87.2411,68.4606,134.2572
263.9904,90.4715,66.3708,130.1589
263.6086,90.0897,66.3708,130.1589
263.6932,87.6281,68.4920,134.3188
263.2993,87.2341,68.4920,134.3188
264.7386,89.6781,66.4012,130.2187
270.7170,92.0475,64.3743,126.2437
279.9734,93.1583,64.3743,126.2437
279.3150,91.5112,66.4317,130.2785
275.8762,91.1291,66.4317,130.2785
268.6164,89.9828,66.4317,130.2785
262.3706,91.5891,64.4039,126.3017
258.7484,89.2004,66.4622,130.3383
258.0686,87.4999,68.5864,134.5039
251.8443,84.1670,70.7784,138.8026
240.3047,85.8784,68.6179,134.5657
232.8061,86.2731,68.6179,134.5657
225.3074,85.8784,68.6179,134.5657
216.2301,85.4838,68.6179,134.5657
207.6350,82.9387,70.8109,138.8664
201.5258,83.3460,70.8109,138.8664
196.7287,77.4614,73.0740,143.3045
190.9378,73.9105,75.4094,147.8846
183.2268,70.2462,77.8195,152.6109
181.8840,42.0480,77.8195,152.6109
175.1702,41.6004,77.8195,152.6109
169.3515,42.0480,77.8195,152.6109
163.5328,42.4956,77.8195,152.6109
162.1901,42.0480,77.8195,152.6109
159.9521,39.8100,77.8195,152.6109
154.6802,37.8189,80.3066,157.4884
148.6756,37.3570,80.3066,157.4884
149.1375,37.8189,80.3066,157.4884
149.2399,57.0113,82.8732,162.5217
146.8566,57.4880,82.8732,162.5217
145.4266,57.0113,82.8732,162.5217
142.0900,59.3946,82.8732,162.5217
141.2424,55.3675,85.5219,167.7159
139.3838,53.1793,88.2551,173.0761
138.8762,52.6717,88.2551,173.0761
137.3534,50.1336,88.2551,173.0761
136.4507,46.8603,91.0758,178.6076
135.5191,44.5300,93.9866,184.3159
136.0597,45.0705,93.9866,184.3159
135.5191,43.4488,93.9866,184.3159
137.1409,42.9082,93.9866,184.3159
137.2607,40.5034,96.9904,190.2067
140.4146,42.8486,94.0297,184.4005
139.8737,42.3078,94.0297,184.4005
139.3329,45.0119,94.0297,184.4005
137.7104,43.3895,94.0297,184.4005
139.6864,46.7447,91.1594,178.7717
141.6021,52.0948,88.3767,173.3146
141.0938,51.5865,88.3767,173.3146
140.1898,48.3086,91.2013,178.8537
139.6653,48.8332,91.2013,178.8537
140.1898,49.3578,91.2013,178.8537
140.7144,50.9314,91.2013,178.8537
140.1898,51.4560,91.2013,178.8537
141.7635,51.9805,91.2013,178.8537
142.2880,52.5051,91.2013,178.8537
143.8617,54.0788,91.2013,178.8537
145.7782,58.3822,88.4173,173.3942
139.7884,56.1199,91.2431,178.9359
137.8056,52.7357,94.1593,184.6546
137.2640,52.1942,94.1593,184.6546
180.4021,57.7203,91.2850,179.0180
175.6767,57.1953,91.2850,179.0180
170.9514,56.6703,91.2850,179.0180
167.2761,58.2454,91.2850,179.0180
161.5007,58.7704,91.2850,179.0180
159.5169,55.3847,94.2025,184.7394
158.2456,58.7461,91.3269,179.1002
156.6697,58.2208,91.3269,179.1002
155.0939,58.7461,91.3269,179.1002
152.8108,64.1061,88.5392,173.6331
151.2831,63.5968,88.5392,173.6331
150.0882,67.7747,85.8365,168.3329
149.5945,68.2683,85.8365,168.3329
145.7543,65.0847,88.5798,173.7128
139.7535,60.7803,91.4108,179.2647
139.2277,60.2546,91.4108,179.2647
137.6505,58.6773,91.4108,179.2647
136.7155,55.2869,94.3323,184.9940
151.7194,57.5678,91.4528,179.3470
153.2974,54.9378,91.4528,179.3470
157.3232,57.1491,88.6612,173.8723
169.3853,60.3128,85.9548,168.5648
176.8010,60.8072,85.9548,168.5648
187.5062,63.8743,83.3310,163.4193
187.3401,66.8478,80.7872,158.4309
189.9672,68.8012,78.3212,153.5948
190.9680,65.8963,80.8243,158.5037
193.2923,65.4314,80.8243,158.5037
191.8977,64.9665,80.8243,158.5037
191.4328,64.5017,80.8243,158.5037
192.4656,60.5742,83.4075,163.5694
188.7341,55.5617,86.0732,168.7971
185.8735,50.3890,88.8241,174.1919
190.8054,52.5367,86.1127,168.8746
194.2724,53.0320,86.1127,168.8746
224.4851,54.5179,86.1127,168.8746
220.3512,57.5907,83.4841,163.7197
214.4228,59.6093,80.9357,158.7221
227.9227,61.0058,80.9357,158.7221
227.4572,60.5403,80.9357,158.7221
226.6293,55.6764,83.5224,163.7948
233.4613,51.6177,86.1918,169.0297
234.2811,55.6848,83.5608,163.8700
233.8005,54.2430,83.5608,163.8700
228.1397,51.1437,86.2314,169.1073
229.9518,53.2288,83.5991,163.9453
224.6626,52.7480,83.5991,163.9453
219.3734,52.2671,83.5991,163.9453
211.1993,51.7863,83.5991,163.9453
207.1861,56.6927,81.0472,158.9408
203.9230,56.2265,81.0472,158.9408
196.9307,57.6250,81.0472,158.9408
190.2430,60.5170,78.5732,154.0891
187.3750,63.3207,76.1748,149.3854
196.8620,67.7914,73.8495,144.8254
194.7383,67.3667,73.8495,144.8254
189.2164,67.7914,73.8495,144.8254
196.7149,71.2761,71.5952,140.4046
194.9251,74.6544,69.4098,136.1187
191.0214,72.0800,71.6281,140.4690
184.5211,68.5994,73.9173,144.9584
192.5988,68.1742,73.9173,144.9584
191.8428,65.4327,76.2797,149.5913
185.7978,62.6035,78.7176,154.3722
180.4651,59.6838,81.2335,159.3060
168.7844,59.2166,81.2335,159.3060
162.7105,58.7494,81.2335,159.3060
184.3064,58.5398,83.8297,164.3974
182.8600,58.0577,83.8297,164.3974
176.9070,62.0133,81.2707,159.3791
173.6350,61.5458,81.2707,159.3791
188.1256,62.9481,81.2707,159.3791
190.4628,63.4156,81.2707,159.3791
183.4512,63.8830,81.2707,159.3791
180.1791,64.3505,81.2707,159.3791
181.5815,64.8179,81.2707,159.3791
182.3544,67.7179,78.7899,154.5140
180.3848,71.4357,76.3848,149.7974
177.3094,72.7537,76.3848,149.7974
178.9146,75.4794,74.0532,145.2248
181.3226,77.2700,71.7927,140.7918
180.9097,76.8570,71.7927,140.7918
183.4788,75.8460,74.0872,145.2915
197.8193,81.0463,71.8256,140.8564
199.8849,80.6332,71.8256,140.8564
205.5254,84.0224,69.6331,136.5567
206.1877,85.7061,67.5076,132.3883
212.7885,85.3179,67.5076,132.3883
211.3214,81.2609,69.6651,136.6194
207.7152,80.0588,69.6651,136.6194
205.3999,77.4750,71.8916,140.9858
200.2947,79.2133,69.6971,136.6821
196.9489,81.7003,67.5696,132.5099
191.8966,78.9798,67.5696,132.5099
189.1762,78.5912,67.5696,132.5099
191.3734,81.0023,65.5070,128.4650
191.7501,80.6255,65.5070,128.4650
191.0801,76.6888,67.6006,132.5707
188.0558,73.4039,69.7611,136.8077
186.5398,70.0139,71.9907,141.1800
184.1472,66.5157,74.2915,145.6922
181.1561,65.2338,74.2915,145.6922
180.7288,63.0973,74.2915,145.6922
179.9689,60.3419,76.6658,150.3485
181.2918,58.1371,76.6658,150.3485
181.7327,58.5780,76.6658,150.3485
185.7013,58.1371,76.6658,150.3485
186.1423,57.6961,76.6658,150.3485
187.4651,56.3733,76.6658,150.3485
191.7219,58.2270,74.3256,145.7590
195.5694,56.0896,74.3256,145.7590
196.8519,53.9521,74.3256,145.7590
201.2216,50.3404,76.7010,150.4175
203.0840,47.4955,79.1524,155.2248
222.3057,41.8283,81.6821,160.1858
230.2924,42.2981,81.6821,160.1858
234.1550,39.2685,84.2927,165.3054
236.8960,41.3067,81.7196,160.2594
241.1262,39.8966,81.7196,160.2594
244.0505,34.9855,84.3314,165.3813
244.8526,38.9648,81.7571,160.3329
244.0163,31.2301,84.3701,165.4572
249.6714,34.2407,81.7947,160.4066
251.0828,32.8293,81.7947,160.4066
250.6123,33.2998,81.7947,160.4066
251.0828,34.7111,81.7947,160.4066
251.8607,37.6298,79.2979,155.5101
250.4925,36.2615,79.2979,155.5101
250.9485,35.8054,79.2979,155.5101
255.6106,32.8643,81.8322,160.4802
262.6706,34.2763,81.8322,160.4802
263.7163,30.2998,84.4476,165.6091
262.8525,27.1677,87.1465,170.9020
265.9711,23.9354,89.9317,176.3640
265.4538,23.4182,89.9317,176.3640
267.3437,26.6272,87.1865,170.9805
267.8451,27.1287,87.1865,170.9805
266.3407,26.6272,87.1865,170.9805
265.1641,26.7295,84.5251,165.7612
263.7056,26.2433,84.5251,165.7612
262.2471,26.7295,84.5251,165.7612
259.8163,26.2433,84.5251,165.7612
257.9795,23.1083,87.2266,171.0590
257.8057,23.2106,84.5639,165.8373
256.6645,26.2281,81.9826,160.7751
256.5011,28.2105,79.4801,155.8674
254.5142,30.1323,77.0539,151.1095
254.9574,30.5755,77.0539,151.1095
256.2870,32.7914,77.0539,151.1095
255.8438,33.2346,77.0539,151.1095
248.8510,30.3767,79.5165,155.9389
240.1614,29.9193,79.5165,155.9389
235.1305,30.3767,79.5165,155.9389
232.8438,29.9193,79.5165,155.9389
225.9835,30.3767,79.5165,155.9389
219.6820,28.3421,82.0579,160.9228
207.8828,29.7580,82.0579,160.9228
194.7723,25.7706,84.6805,166.0659
180.2687,19.7075,87.3868,171.3733
166.3068,11.4401,90.1797,176.8504
152.9360,8.0954,93.0619,182.5025
141.2790,4.6437,96.0361,188.3353
126.3651,2.9866,96.0361,188.3353
115.8702,-1.9847,96.0361,188.3353
104.9453,-2.2324,99.1055,194.3545
90.6948,-5.0825,99.1055,194.3545
85.5646,-5.6526,99.1055,194.3545
83.0871,-0.9761,96.0802,188.4218
79.2188,-0.4235,96.0802,188.4218
76.4557,3.4448,96.0802,188.4218
78.7887,4.3022,99.1509,194.4438
74.3528,2.9058,102.3198,200.6582
72.5873,3.4943,102.3198,200.6582
66.8327,46.7799,105.5900,207.0712
63.7961,47.3872,105.5900,207.0712
67.2296,52.3696,102.3668,200.7503
72.5286,51.7808,102.3668,200.7503
68.7920,56.6111,99.2420,194.6223
65.4937,56.3551,102.4138,200.8425
46.7748,66.6937,105.6869,207.2614
48.9957,65.6020,102.4608,200.9347
53.5061,77.5085,99.3332,194.8011
72.7334,61.6279,96.3010,188.8547
73.6493,59.5253,93.3614,183.0899
71.3154,72.5224,90.5115,177.5010
73.5132,66.0418,93.4042,183.1739
77.9301,63.6519,96.3894,189.0282
76.9442,57.8592,99.4700,195.0695
82.7921,51.8814,102.6491,201.3039
82.2017,50.1102,102.6491,201.3039
87.0558,43.9414,105.9298,207.7376
85.6262,48.9398,102.6962,201.3963
91.6639,38.0428,105.9784,207.8330
90.5799,35.3311,109.3655,214.4753
92.8781,32.9433,106.0270,207.9284
93.4880,33.5532,106.0270,207.9284
100.5947,37.3365,102.7905,201.5813
101.5723,41.0044,99.6528,195.4280
98.7065,41.5776,99.6528,195.4280
100.8006,43.9872,96.6109,189.4625
104.6903,43.4315,96.6109,189.4625
103.0233,42.8758,96.6109,189.4625
106.1649,45.2118,93.6618,183.6791
106.7036,45.7506,93.6618,183.6791
109.3971,44.1344,93.6618,183.6791
109.9358,43.5957,93.6618,183.6791
117.2912,44.7830,90.8028,178.0722
116.7689,43.2162,90.8028,178.0722
117.2912,39.5604,90.8028,178.0722
121.2884,41.7560,88.0310,172.6365
121.1130,48.9478,85.3438,167.3667
120.6221,48.4569,85.3438,167.3667
120.1313,49.9295,85.3438,167.3667
120.2401,46.7641,88.0714,172.7158
126.4310,41.4713,90.8862,178.2358
126.5469,38.1004,93.7909,183.9322
136.7965,32.1664,93.7909,183.9322
138.4148,31.6270,93.7909,183.9322
137.1491,33.8948,90.9279,178.3176
136.6261,32.3258,90.9279,178.3176
138.5369,36.6164,88.1523,172.8744
139.0439,36.1094,88.1523,172.8744
143.9385,45.3392,85.4614,167.5973
143.7682,49.3718,82.8527,162.4814
152.1808,56.1405,80.3236,157.5216
153.5668,55.6785,80.3236,157.5216
154.5932,52.6993,82.8907,162.5560
152.2094,52.2226,82.8907,162.5560
156.1292,48.1947,85.5399,167.7513
156.6212,48.6867,85.5399,167.7513
156.7302,48.4660,88.2737,173.1126
157.2379,47.9583,88.2737,173.1126
163.8383,50.4968,88.2737,173.1126
164.3460,49.9891,88.2737,173.1126
164.1702,53.1390,85.5792,167.8283
165.9685,56.1927,82.9668,162.7053
159.7650,53.8068,82.9668,162.7053
160.2422,52.3752,82.9668,162.7053
165.8032,55.3357,80.4342,157.7386
166.2659,53.9478,80.4342,157.7386
166.1056,54.0422,77.9790,152.9236
