0.18751,0.1896,0.19571,0,0,0,0,0,0,0,0,0,0,0,0
0.22404,0.22447,0.22308,0,0,0,0,0,0,0,0,0,0,0,0
0.058038,0.057508,0.057181,0,0,0,0,0,0,0,0,0,0,0,0
0.029006,0.028279,0.028186,0,0,0,0,0,0,0,0,0,0,0,0
0.037547,0.037013,0.036671,0,0,0,0,0,0,0,0,0,0,0,0
0.034005,0.033521,0.033233,0,0,0,0,0,0,0,0,0,0,0,0
0.027124,0.027178,0.026785,0,0,0,0,0,0,0,0,0,0,0,0
0.024247,0.023565,0.022833,0,0,0,0,0,0,0,0,0,0,0,0
0.022014,0.022377,0.022107,0,0,0,0,0,0,0,0,0,0,0,0
0.022553,0.023118,0.022313,0,0,0,0,0,0,0,0,0,0,0,0
0.022205,0.022561,0.022326,0,0,0,0,0,0,0,0,0,0,0,0
0.022661,0.023089,0.022332,0,0,0,0,0,0,0,0,0,0,0,0
0.022415,0.023057,0.022689,0,0,0,0,0,0,0,0,0,0,0,0
0.022502,0.022912,0.022158,0,0,0,0,0,0,0,0,0,0,0,0
0.022951,0.023697,0.02313,0,0,0,0,0,0,0,0,0,0,0,0
0.022706,0.023091,0.022361,0,0,0,0,0,0,0,0,0,0,0,0
0.022582,0.021073,0.022767,0,0,0,0,0,0,0,0,0,0,0,0
0.02247,0.022968,0.022191,0,0,0,0,0,0,0,0,0,0,0,0
0.022486,0.022935,0.022535,0,0,0,0,0,0,0,0,0,0,0,0
0.022403,0.023021,0.022201,0,0,0,0,0,0,0,0,0,0,0,0
0.022906,0.023642,0.022944,0,0,0,0,0,0,0,0,0,0,0,0
0.022275,0.022871,0.02199,0,0,0,0,0,0,0,0,0,0,0,0
0.022472,0.02311,0.02264,0,0,0,0,0,0,0,0,0,0,0,0
0.022062,0.022454,0.021743,0,0,0,0,0,0,0,0,0,0,0,0
0.02209,0.02259,0.022367,0,0,0,0,0,0,0,0,0,0,0,0
0.021577,0.021978,0.021312,0,0,0,0,0,0,0,0,0,0,0,0
0.022146,0.022734,0.022491,0,0,0,0,0,0,0,0,0,0,0,0
0.021754,0.022118,0.021557,0,0,0,0,0,0,0,0,0,0,0,0
0.022595,0.023211,0.022915,0,0,0,0,0,0,0,0,0,0,0,0
0.022486,0.023131,0.022422,0,0,0,0,0,0,0,0,0,0,0,0
0.021467,0.021837,0.021791,0,0,0,0,0,0,0,0,0,0,0,0
0.022499,0.023149,0.022547,0,0,0,0,0,0,0,0,0,0,0,0
0.022331,0.022913,0.022704,0,0,0,0,0,0,0,0,0,0,0,0
0.021847,0.022239,0.021648,0,0,0,0,0,0,0,0,0,0,0,0
0.022128,0.022639,0.022415,0,0,0,0,0,0,0,0,0,0,0,0
0.022206,0.022735,0.022086,0,0,0,0,0,0,0,0,0,0,0,0
0.022617,0.023226,0.023006,0,0,0,0,0,0,0,0,0,0,0,0
0.022749,0.023434,0.02281,0,0,0,0,0,0,0,0,0,0,0,0
0.022161,0.022533,0.022473,0,0,0,0,0,0,0,0,0,0,0,0
0.02265,0.023155,0.02251,0,0,0,0,0,0,0,0,0,0,0,0
0.022685,0.023334,0.023214,0,0,0,0,0,0,0,0,0,0,0,0
0.021944,0.022409,0.021826,0,0,0,0,0,0,0,0,0,0,0,0
0.023217,0.024015,0.023742,0,0,0,0,0,0,0,0,0,0,0,0
0.021598,0.021941,0.021371,0,0,0,0,0,0,0,0,0,0,0,0
0.021997,0.022498,0.022388,0,0,0,0,0,0,0,0,0,0,0,0
0.022114,0.022608,0.022167,0,0,0,0,0,0,0,0,0,0,0,0
0.02142,0.021939,0.021694,0,0,0,0,0,0,0,0,0,0,0,0
0.022698,0.023283,0.022596,0,0,0,0,0,0,0,0,0,0,0,0
0.021675,0.022062,0.0218,0,0,0,0,0,0,0,0,0,0,0,0
0.021493,0.021854,0.021173,0,0,0,0,0,0,0,0,0,0,0,0
0.021365,0.021768,0.021515,0,0,0,0,0,0,0,0,0,0,0,0
0.022619,0.023318,0.022673,0,0,0,0,0,0,0,0,0,0,0,0
0.021636,0.021897,0.021643,0,0,0,0,0,0,0,0,0,0,0,0
0.02281,0.023578,0.022879,0,0,0,0,0,0,0,0,0,0,0,0
0.021536,0.021901,0.021643,0,0,0,0,0,0,0,0,0,0,0,0
0.022612,0.023242,0.022552,0,0,0,0,0,0,0,0,0,0,0,0
0.022739,0.023405,0.023226,0,0,0,0,0,0,0,0,0,0,0,0
0.022472,0.022999,0.022756,0,0,0,0,0,0,0,0,0,0,0,0
0.02158,0.02204,0.021818,0,0,0,0,0,0,0,0,0,0,0,0
0.022662,0.023227,0.022497,0,0,0,0,0,0,0,0,0,0,0,0
0.022603,0.023188,0.022451,0,0,0,0,0,0,0,0,0,0,0,0
0.02272,0.02344,0.022537,0,0,0,0,0,0,0,0,0,0,0,0
0.02279,0.023344,0.022538,0,0,0,0,0,0,0,0,0,0,0,0
0.02299,0.023715,0.023014,0,0,0,0,0,0,0,0,0,0,0,0
0.022552,0.022999,0.022193,0,0,0,0,0,0,0,0,0,0,0,0
0.022207,0.022765,0.021991,0,0,0,0,0,0,0,0,0,0,0,0
0.022924,0.02363,0.02261,0,0,0,0,0,0,0,0,0,0,0,0
0.023003,0.023605,0.022802,0,0,0,0,0,0,0,0,0,0,0,0
0.022468,0.022948,0.022153,0,0,0,0,0,0,0,0,0,0,0,0
0.02205,0.022563,0.022424,0,0,0,0,0,0,0,0,0,0,0,0
0.022283,0.023292,0.023274,0,0,0,0,0,0,0,0,0,0,0,0
0.022867,0.022933,0.023277,0,0,0,0,0,0,0,0,0,0,0,0
0.022223,0.02339,0.023204,0,0,0,0,0,0,0,0,0,0,0,0
0.022642,0.02287,0.023129,0,0,0,0,0,0,0,0,0,0,0,0
0.022157,0.023261,0.023147,0,0,0,0,0,0,0,0,0,0,0,0
0.02282,0.023207,0.023379,0,0,0,0,0,0,0,0,0,0,0,0
0.021928,0.023163,0.022843,0,0,0,0,0,0,0,0,0,0,0,0
0.022863,0.022986,0.023294,0,0,0,0,0,0,0,0,0,0,0,0
0.021498,0.021908,0.021821,0,0,0,0,0,0,0,0,0,0,0,0
0.022029,0.022115,0.022415,0,0,0,0,0,0,0,0,0,0,0,0
0.021761,0.023005,0.022863,0,0,0,0,0,0,0,0,0,0,0,0
0.022151,0.022839,0.023222,0,0,0,0,0,0,0,0,0,0,0,0
0.022327,0.02292,0.023468,0,0,0,0,0,0,0,0,0,0,0,0
0.021439,0.022007,0.022439,0,0,0,0,0,0,0,0,0,0,0,0
0.022577,0.023395,0.023883,0,0,0,0,0,0,0,0,0,0,0,0
0.023558,0.02469,0.02507,0,0,0,0,0,0,0,0,0,0,0,0
0.023612,0.024666,0.024998,0,0,0,0,0,0,0,0,0,0,0,0
0.02302,0.023958,0.023923,0,0,0,0,0,0,0,0,0,0,0,0
0.022246,0.022806,0.023106,0,0,0,0,0,0,0,0,0,0,0,0
0.022858,0.023938,0.023846,0,0,0,0,0,0,0,0,0,0,0,0
0.022274,0.022803,0.022948,0,0,0,0,0,0,0,0,0,0,0,0
0.022302,0.022912,0.022981,0,0,0,0,0,0,0,0,0,0,0,0
0.022501,0.022975,0.023107,0,0,0,0,0,0,0,0,0,0,0,0
0.021414,0.02214,0.022238,0,0,0,0,0,0,0,0,0,0,0,0
0.021976,0.02203,0.022159,0,0,0,0,0,0,0,0,0,0,0,0
0.022045,0.022073,0.022319,0,0,0,0,0,0,0,0,0,0,0,0
0.022069,0.021999,0.022173,0,0,0,0,0,0,0,0,0,0,0,0
0.02171,0.021445,0.021736,0,0,0,0,0,0,0,0,0,0,0,0
0.021539,0.021399,0.021824,0,0,0,0,0,0,0,0,0,0,0,0
0.021393,0.021038,0.021498,0,0,0,0,0,0,0,0,0,0,0,0
0.022111,0.022093,0.022271,0,0,0,0,0,0,0,0,0,0,0,0
0.021857,0.021917,0.022017,0,0,0,0,0,0,0,0,0,0,0,0
0.023083,0.023637,0.023278,0,0,0,0,0,0,0,0,0,0,0,0
0.064736,0.067783,0.064862,0,0,0,0,0,0,0,0,0,0,0,0
0.02625,0.026665,0.026516,0,0,0,0,0,0,0,0,0,0,0,0
0.030936,0.03121,0.031104,0,0,0,0,0,0,0,0,0,0,0,0
0.025019,0.025229,0.025257,0,0,0,0,0,0,0,0,0,0,0,0
0.025015,0.025452,0.025383,0,0,0,0,0,0,0,0,0,0,0,0
0.025533,0.026424,0.025912,0,0,0,0,0,0,0,0,0,0,0,0
0.025775,0.026672,0.026003,0,0,0,0,0,0,0,0,0,0,0,0
0.024547,0.025155,0.02489,0,0,0,0,0,0,0,0,0,0,0,0
0.02423,0.025175,0.024494,0,0,0,0,0,0,0,0,0,0,0,0
0.022855,0.023856,0.023148,0,0,0,0,0,0,0,0,0,0,0,0
0.022822,0.023816,0.023079,0,0,0,0,0,0,0,0,0,0,0,0
0.024384,0.025463,0.024776,0,0,0,0,0,0,0,0,0,0,0,0
0.024251,0.025111,0.024423,0,0,0,0,0,0,0,0,0,0,0,0
0.024002,0.024728,0.024364,0,0,0,0,0,0,0,0,0,0,0,0
0.023156,0.023769,0.023359,0,0,0,0,0,0,0,0,0,0,0,0
0.023053,0.023518,0.023263,0,0,0,0,0,0,0,0,0,0,0,0
0.022538,0.023157,0.022708,0,0,0,0,0,0,0,0,0,0,0,0
0.021475,0.02174,0.02176,0,0,0,0,0,0,0,0,0,0,0,0
0.022346,0.022905,0.022442,0,0,0,0,0,0,0,0,0,0,0,0
0.02144,0.021783,0.021693,0,0,0,0,0,0,0,0,0,0,0,0
0.021497,0.021805,0.021811,0,0,0,0,0,0,0,0,0,0,0,0
0.023132,0.023911,0.023511,0,0,0,0,0,0,0,0,0,0,0,0
0.022966,0.023845,0.023202,0,0,0,0,0,0,0,0,0,0,0,0
0.024367,0.025619,0.024614,0,0,0,0,0,0,0,0,0,0,0,0
0.024867,0.026234,0.025144,0,0,0,0,0,0,0,0,0,0,0,0
0.025171,0.026665,0.02559,0,0,0,0,0,0,0,0,0,0,0,0
0.024321,0.025736,0.02458,0,0,0,0,0,0,0,0,0,0,0,0
0.024774,0.02624,0.025044,0,0,0,0,0,0,0,0,0,0,0,0
0.024919,0.025723,0.025003,0,0,0,0,0,0,0,0,0,0,0,0
0.024263,0.024773,0.024404,0,0,0,0,0,0,0,0,0,0,0,0
0.024212,0.024868,0.024403,0,0,0,0,0,0,0,0,0,0,0,0
0.025797,0.026684,0.025839,0,0,0,0,0,0,0,0,0,0,0,0
0.024209,0.024995,0.024412,0,0,0,0,0,0,0,0,0,0,0,0
0.023972,0.024918,0.024188,0,0,0,0,0,0,0,0,0,0,0,0
0.023974,0.024857,0.023701,0,0,0,0,0,0,0,0,0,0,0,0
0.023636,0.02421,0.023716,0,0,0,0,0,0,0,0,0,0,0,0
0.023427,0.024163,0.022965,0,0,0,0,0,0,0,0,0,0,0,0
0.022674,0.023266,0.022812,0,0,0,0,0,0,0,0,0,0,0,0
0.023192,0.024059,0.022831,0,0,0,0,0,0,0,0,0,0,0,0
0.023376,0.024281,0.023481,0,0,0,0,0,0,0,0,0,0,0,0
0.022584,0.023196,0.022224,0,0,0,0,0,0,0,0,0,0,0,0
0.023238,0.024041,0.023322,0,0,0,0,0,0,0,0,0,0,0,0
0.022533,0.023219,0.022233,0,0,0,0,0,0,0,0,0,0,0,0
0.022737,0.023436,0.022847,0,0,0,0,0,0,0,0,0,0,0,0
0.023065,0.023894,0.022852,0,0,0,0,0,0,0,0,0,0,0,0
0.022045,0.022314,0.022181,0,0,0,0,0,0,0,0,0,0,0,0
0.022749,0.023274,0.022171,0,0,0,0,0,0,0,0,0,0,0,0
0.024268,0.025121,0.023825,0,0,0,0,0,0,0,0,0,0,0,0
0.024569,0.026051,0.024209,0,0,0,0,0,0,0,0,0,0,0,0
0.023038,0.024308,0.023141,0,0,0,0,0,0,0,0,0,0,0,0
0.02349,0.024229,0.02305,0,0,0,0,0,0,0,0,0,0,0,0
0.024402,0.026015,0.024429,0,0,0,0,0,0,0,0,0,0,0,0
0.022704,0.02318,0.02237,0,0,0,0,0,0,0,0,0,0,0,0
0.022268,0.023159,0.022477,0,0,0,0,0,0,0,0,0,0,0,0
0.023477,0.02424,0.023197,0,0,0,0,0,0,0,0,0,0,0,0
0.023036,0.024177,0.023107,0,0,0,0,0,0,0,0,0,0,0,0
0.023495,0.024343,0.023092,0,0,0,0,0,0,0,0,0,0,0,0
0.023143,0.024169,0.023166,0,0,0,0,0,0,0,0,0,0,0,0
0.02263,0.023079,0.02225,0,0,0,0,0,0,0,0,0,0,0,0
0.022436,0.02333,0.022581,0,0,0,0,0,0,0,0,0,0,0,0
0.023701,0.024675,0.023253,0,0,0,0,0,0,0,0,0,0,0,0
0.024169,0.025329,0.024243,0,0,0,0,0,0,0,0,0,0,0,0
0.023824,0.024517,0.023418,0,0,0,0,0,0,0,0,0,0,0,0
0.023404,0.024599,0.023487,0,0,0,0,0,0,0,0,0,0,0,0
0.022665,0.023027,0.022248,0,0,0,0,0,0,0,0,0,0,0,0
0.02378,0.025261,0.023775,0,0,0,0,0,0,0,0,0,0,0,0
0.023814,0.024588,0.023773,0,0,0,0,0,0,0,0,0,0,0,0
0.023033,0.024443,0.023622,0,0,0,0,0,0,0,0,0,0,0,0
0.022922,0.023842,0.023581,0,0,0,0,0,0,0,0,0,0,0,0
0.02208,0.02301,0.022767,0,0,0,0,0,0,0,0,0,0,0,0
0.02458,0.026577,0.025275,0,0,0,0,0,0,0,0,0,0,0,0
0.022916,0.024269,0.023704,0,0,0,0,0,0,0,0,0,0,0,0
0.024051,0.025767,0.024724,0,0,0,0,0,0,0,0,0,0,0,0
0.025258,0.026962,0.026035,0,0,0,0,0,0,0,0,0,0,0,0
0.02588,0.027964,0.026475,0,0,0,0,0,0,0,0,0,0,0,0
0.025541,0.026927,0.0263,0,0,0,0,0,0,0,0,0,0,0,0
0.024349,0.025814,0.024845,0,0,0,0,0,0,0,0,0,0,0,0
0.024841,0.025292,0.025044,0,0,0,0,0,0,0,0,0,0,0,0
0.025004,0.026278,0.025224,0,0,0,0,0,0,0,0,0,0,0,0
0.023815,0.023799,0.02401,0,0,0,0,0,0,0,0,0,0,0,0
0.023682,0.024253,0.024046,0,0,0,0,0,0,0,0,0,0,0,0
0.023537,0.023893,0.023743,0,0,0,0,0,0,0,0,0,0,0,0
0.022956,0.023328,0.023135,0,0,0,0,0,0,0,0,0,0,0,0
0.023571,0.02386,0.023779,0,0,0,0,0,0,0,0,0,0,0,0
0.024528,0.025112,0.024732,0,0,0,0,0,0,0,0,0,0,0,0
0.024434,0.024699,0.024588,0,0,0,0,0,0,0,0,0,0,0,0
0.024641,0.025551,0.024806,0,0,0,0,0,0,0,0,0,0,0,0
0.026093,0.026841,0.026208,0,0,0,0,0,0,0,0,0,0,0,0
0.025183,0.026129,0.025491,0,0,0,0,0,0,0,0,0,0,0,0
0.023933,0.023954,0.023043,0,0,0,0,0,0,0,0,0,0,0,0
0.02614,0.027679,0.026321,0,0,0,0,0,0,0,0,0,0,0,0
0.025048,0.026746,0.026348,0,0,0,0,0,0,0,0,0,0,0,0
0.024823,0.024858,0.025071,0,0,0,0,0,0,0,0,0,0,0,0
0.026176,0.026894,0.026468,0,0,0,0,0,0,0,0,0,0,0,0
0.026076,0.026688,0.026356,0,0,0,0,0,0,0,0,0,0,0,0
0.024673,0.024671,0.02474,0,0,0,0,0,0,0,0,0,0,0,0
0.02463,0.024704,0.024815,0,0,0,0,0,0,0,0,0,0,0,0
0.024816,0.025352,0.025005,0,0,0,0,0,0,0,0,0,0,0,0
0.024994,0.025139,0.025092,0,0,0,0,0,0,0,0,0,0,0,0
0.02538,0.026836,0.025578,0,0,0,0,0,0,0,0,0,0,0,0
0.026185,0.027438,0.026318,0,0,0,0,0,0,0,0,0,0,0,0
0.026387,0.026939,0.02652,0,0,0,0,0,0,0,0,0,0,0,0
0.026328,0.026834,0.026597,0,0,0,0,0,0,0,0,0,0,0,0
0.0256,0.025271,0.0257,0,0,0,0,0,0,0,0,0,0,0,0
0.025699,0.02542,0.0258,0,0,0,0,0,0,0,0,0,0,0,0
0.025329,0.025223,0.025532,0,0,0,0,0,0,0,0,0,0,0,0
0.025315,0.02551,0.025495,0,0,0,0,0,0,0,0,0,0,0,0
0.025919,0.026502,0.026127,0,0,0,0,0,0,0,0,0,0,0,0
0.024729,0.025633,0.024913,0,0,0,0,0,0,0,0,0,0,0,0
0.026428,0.028695,0.026582,0,0,0,0,0,0,0,0,0,0,0,0
0.026333,0.027013,0.026563,0,0,0,0,0,0,0,0,0,0,0,0
0.024656,0.025129,0.024859,0,0,0,0,0,0,0,0,0,0,0,0
0.024646,0.02443,0.024887,0,0,0,0,0,0,0,0,0,0,0,0
0.025806,0.025627,0.026109,0,0,0,0,0,0,0,0,0,0,0,0
0.025734,0.025334,0.025898,0,0,0,0,0,0,0,0,0,0,0,0
0.024725,0.02439,0.024846,0,0,0,0,0,0,0,0,0,0,0,0
0.025709,0.024199,0.025816,0,0,0,0,0,0,0,0,0,0,0,0
0.025833,0.025554,0.025917,0,0,0,0,0,0,0,0,0,0,0,0
0.02564,0.025407,0.025869,0,0,0,0,0,0,0,0,0,0,0,0
0.02362,0.023475,0.023837,0,0,0,0,0,0,0,0,0,0,0,0
0.024711,0.024565,0.024929,0,0,0,0,0,0,0,0,0,0,0,0
0.024756,0.025236,0.02492,0,0,0,0,0,0,0,0,0,0,0,0
0.025751,0.026236,0.025965,0,0,0,0,0,0,0,0,0,0,0,0
0.024114,0.024488,0.02439,0,0,0,0,0,0,0,0,0,0,0,0
0.024209,0.02463,0.024586,0,0,0,0,0,0,0,0,0,0,0,0
0.024114,0.023939,0.024277,0,0,0,0,0,0,0,0,0,0,0,0
0.025547,0.025352,0.025818,0,0,0,0,0,0,0,0,0,0,0,0
0.025854,0.025692,0.026157,0,0,0,0,0,0,0,0,0,0,0,0
0.026622,0.026537,0.026778,0,0,0,0,0,0,0,0,0,0,0,0
0.026737,0.026472,0.026871,0,0,0,0,0,0,0,0,0,0,0,0
0.026597,0.028352,0.026906,0,0,0,0,0,0,0,0,0,0,0,0
0.026074,0.026575,0.026412,0,0,0,0,0,0,0,0,0,0,0,0
0.025857,0.025666,0.026064,0,0,0,0,0,0,0,0,0,0,0,0
0.024561,0.024466,0.024801,0,0,0,0,0,0,0,0,0,0,0,0
0.024818,0.024614,0.025074,0,0,0,0,0,0,0,0,0,0,0,0
0.024837,0.024785,0.024993,0,0,0,0,0,0,0,0,0,0,0,0
0.023754,0.023614,0.024012,0,0,0,0,0,0,0,0,0,0,0,0
0.024905,0.024644,0.024982,0,0,0,0,0,0,0,0,0,0,0,0
0.025306,0.025047,0.025418,0,0,0,0,0,0,0,0,0,0,0,0
0.024826,0.025078,0.025075,0,0,0,0,0,0,0,0,0,0,0,0
0.024966,0.025181,0.025107,0,0,0,0,0,0,0,0,0,0,0,0
0.026436,0.027161,0.026715,0,0,0,0,0,0,0,0,0,0,0,0
0.026054,0.026628,0.026344,0,0,0,0,0,0,0,0,0,0,0,0
0.024946,0.025165,0.025239,0,0,0,0,0,0,0,0,0,0,0,0
0.024933,0.025226,0.025137,0,0,0,0,0,0,0,0,0,0,0,0
0.025593,0.026353,0.025928,0,0,0,0,0,0,0,0,0,0,0,0
0.024841,0.025131,0.025131,0,0,0,0,0,0,0,0,0,0,0,0
0.025515,0.026284,0.025685,0,0,0,0,0,0,0,0,0,0,0,0
0.0256,0.026016,0.025914,0,0,0,0,0,0,0,0,0,0,0,0
0.026143,0.025934,0.026429,0,0,0,0,0,0,0,0,0,0,0,0
0.025055,0.024937,0.025275,0,0,0,0,0,0,0,0,0,0,0,0
0.025,0.024784,0.025264,0,0,0,0,0,0,0,0,0,0,0,0
0.024933,0.024795,0.02521,0,0,0,0,0,0,0,0,0,0,0,0
0.0251,0.024766,0.025293,0,0,0,0,0,0,0,0,0,0,0,0
0.023817,0.023595,0.024098,0,0,0,0,0,0,0,0,0,0,0,0
NaN,NaN,NaN,0,0,0,0,0,0,0,0,0,0,0,0
NaN,NaN,NaN,0,0,0,0,0,0,0,0,0,0,0,0
NaN,NaN,NaN,0,0,0,0,0,0,0,0,0,0,0,0
NaN,NaN,NaN,0,0,0,0,0,0,0,0,0,0,0,0
0.19323,0.19435,0.18792,0,0,0,0,0,0,0,0,0,0,0,0
0.22561,0.22285,0.22364,0,0,0,0,0,0,0,0,0,0,0,0
0.057543,0.0578,0.057024,0,0,0,0,0,0,0,0,0,0,0,0
0.027709,0.028594,0.027557,0,0,0,0,0,0,0,0,0,0,0,0
0.037139,0.037902,0.03693,0,0,0,0,0,0,0,0,0,0,0,0
0.031952,0.033013,0.032089,0,0,0,0,0,0,0,0,0,0,0,0
0.024852,0.02646,0.025408,0,0,0,0,0,0,0,0,0,0,0,0
0.021312,0.022838,0.021733,0,0,0,0,0,0,0,0,0,0,0,0
0.021428,0.023147,0.022062,0,0,0,0,0,0,0,0,0,0,0,0
0.022376,0.02296,0.022971,0,0,0,0,0,0,0,0,0,0,0,0
0.021337,0.02178,0.021833,0,0,0,0,0,0,0,0,0,0,0,0
0.020968,0.02145,0.021571,0,0,0,0,0,0,0,0,0,0,0,0
0.022018,0.022477,0.022521,0,0,0,0,0,0,0,0,0,0,0,0
0.020893,0.021512,0.021568,0,0,0,0,0,0,0,0,0,0,0,0
0.021729,0.022513,0.02228,0,0,0,0,0,0,0,0,0,0,0,0
0.021996,0.022581,0.022573,0,0,0,0,0,0,0,0,0,0,0,0
0.021547,0.022207,0.022128,0,0,0,0,0,0,0,0,0,0,0,0
0.021934,0.022649,0.022538,0,0,0,0,0,0,0,0,0,0,0,0
0.021439,0.022112,0.022189,0,0,0,0,0,0,0,0,0,0,0,0
0.021608,0.022213,0.022012,0,0,0,0,0,0,0,0,0,0,0,0
0.022176,0.023169,0.022741,0,0,0,0,0,0,0,0,0,0,0,0
0.021643,0.022462,0.022146,0,0,0,0,0,0,0,0,0,0,0,0
0.021423,0.022166,0.021949,0,0,0,0,0,0,0,0,0,0,0,0
0.020866,0.021511,0.021506,0,0,0,0,0,0,0,0,0,0,0,0
0.021412,0.02221,0.021995,0,0,0,0,0,0,0,0,0,0,0,0
0.020839,0.021556,0.021437,0,0,0,0,0,0,0,0,0,0,0,0
0.020915,0.021495,0.021423,0,0,0,0,0,0,0,0,0,0,0,0
0.021108,0.021797,0.02156,0,0,0,0,0,0,0,0,0,0,0,0
0.021404,0.022136,0.022074,0,0,0,0,0,0,0,0,0,0,0,0
0.021945,0.02271,0.022483,0,0,0,0,0,0,0,0,0,0,0,0
0.020859,0.021584,0.02147,0,0,0,0,0,0,0,0,0,0,0,0
0.021962,0.022797,0.022531,0,0,0,0,0,0,0,0,0,0,0,0
0.021125,0.021868,0.021637,0,0,0,0,0,0,0,0,0,0,0,0
0.021906,0.022685,0.022415,0,0,0,0,0,0,0,0,0,0,0,0
0.021538,0.0222,0.02204,0,0,0,0,0,0,0,0,0,0,0,0
0.022034,0.022827,0.022672,0,0,0,0,0,0,0,0,0,0,0,0
0.021653,0.022326,0.02222,0,0,0,0,0,0,0,0,0,0,0,0
0.02163,0.022472,0.022186,0,0,0,0,0,0,0,0,0,0,0,0
0.021384,0.022148,0.022108,0,0,0,0,0,0,0,0,0,0,0,0
0.021851,0.022693,0.022441,0,0,0,0,0,0,0,0,0,0,0,0
0.021929,0.022913,0.022569,0,0,0,0,0,0,0,0,0,0,0,0
0.021354,0.021955,0.021875,0,0,0,0,0,0,0,0,0,0,0,0
0.021818,0.022433,0.022336,0,0,0,0,0,0,0,0,0,0,0,0
0.019194,0.021541,0.021655,0,0,0,0,0,0,0,0,0,0,0,0
0.021505,0.022135,0.022022,0,0,0,0,0,0,0,0,0,0,0,0
0.020868,0.021529,0.021553,0,0,0,0,0,0,0,0,0,0,0,0
0.020858,0.021452,0.021445,0,0,0,0,0,0,0,0,0,0,0,0
0.020801,0.021477,0.019238,0,0,0,0,0,0,0,0,0,0,0,0
0.020854,0.021471,0.021433,0,0,0,0,0,0,0,0,0,0,0,0
0.021982,0.02284,0.022525,0,0,0,0,0,0,0,0,0,0,0,0
0.020808,0.021441,0.021474,0,0,0,0,0,0,0,0,0,0,0,0
0.020722,0.021466,0.021416,0,0,0,0,0,0,0,0,0,0,0,0
0.020773,0.021549,0.021385,0,0,0,0,0,0,0,0,0,0,0,0
0.020977,0.021652,0.021626,0,0,0,0,0,0,0,0,0,0,0,0
0.020727,0.021504,0.021408,0,0,0,0,0,0,0,0,0,0,0,0
0.020798,0.02141,0.021539,0,0,0,0,0,0,0,0,0,0,0,0
0.020858,0.021449,0.021453,0,0,0,0,0,0,0,0,0,0,0,0
0.020935,0.021722,0.021593,0,0,0,0,0,0,0,0,0,0,0,0
0.020932,0.021625,0.021608,0,0,0,0,0,0,0,0,0,0,0,0
0.02135,0.022172,0.021968,0,0,0,0,0,0,0,0,0,0,0,0
0.020794,0.021415,0.021434,0,0,0,0,0,0,0,0,0,0,0,0
0.020785,0.021329,0.021347,0,0,0,0,0,0,0,0,0,0,0,0
0.020862,0.021499,0.021395,0,0,0,0,0,0,0,0,0,0,0,0
0.020902,0.021669,0.021542,0,0,0,0,0,0,0,0,0,0,0,0
0.02148,0.022277,0.022069,0,0,0,0,0,0,0,0,0,0,0,0
0.021325,0.022067,0.022066,0,0,0,0,0,0,0,0,0,0,0,0
0.021352,0.021963,0.02191,0,0,0,0,0,0,0,0,0,0,0,0
0.021337,0.022039,0.02199,0,0,0,0,0,0,0,0,0,0,0,0
0.021516,0.022113,0.022176,0,0,0,0,0,0,0,0,0,0,0,0
0.022037,0.022861,0.022679,0,0,0,0,0,0,0,0,0,0,0,0
NaN,NaN,NaN,0,0,0,0,0,0,0,0,0,0,0,0
NaN,NaN,NaN,0,0,0,0,0,0,0,0,0,0,0,0
NaN,NaN,NaN,0,0,0,0,0,0,0,0,0,0,0,0
NaN,NaN,NaN,0,0,0,0,0,0,0,0,0,0,0,0
0.18684,0.18758,0.19348,0,0,0,0,0,0,0,0,0,0,0,0
0.2223,0.22238,0.22195,0,0,0,0,0,0,0,0,0,0,0,0
0.055539,0.056141,0.056663,0,0,0,0,0,0,0,0,0,0,0,0
0.026731,0.027319,0.027903,0,0,0,0,0,0,0,0,0,0,0,0
0.03612,0.036491,0.037194,0,0,0,0,0,0,0,0,0,0,0,0
0.031346,0.031944,0.033087,0,0,0,0,0,0,0,0,0,0,0,0
0.024512,0.025017,0.026182,0,0,0,0,0,0,0,0,0,0,0,0
0.021566,0.022023,0.023265,0,0,0,0,0,0,0,0,0,0,0,0
0.022243,0.022786,0.024114,0,0,0,0,0,0,0,0,0,0,0,0
0.020998,0.021451,0.022798,0,0,0,0,0,0,0,0,0,0,0,0
0.021738,0.02224,0.023345,0,0,0,0,0,0,0,0,0,0,0,0
0.021627,0.022156,0.022565,0,0,0,0,0,0,0,0,0,0,0,0
0.020629,0.02114,0.021497,0,0,0,0,0,0,0,0,0,0,0,0
0.021701,0.022314,0.022817,0,0,0,0,0,0,0,0,0,0,0,0
0.02178,0.022469,0.022577,0,0,0,0,0,0,0,0,0,0,0,0
0.021621,0.022162,0.022446,0,0,0,0,0,0,0,0,0,0,0,0
0.021729,0.022402,0.022577,0,0,0,0,0,0,0,0,0,0,0,0
0.021585,0.022047,0.022868,0,0,0,0,0,0,0,0,0,0,0,0
0.021288,0.021762,0.022232,0,0,0,0,0,0,0,0,0,0,0,0
0.021158,0.021687,0.022036,0,0,0,0,0,0,0,0,0,0,0,0
0.021638,0.022432,0.022502,0,0,0,0,0,0,0,0,0,0,0,0
0.021404,0.021995,0.022173,0,0,0,0,0,0,0,0,0,0,0,0
0.020703,0.021283,0.02151,0,0,0,0,0,0,0,0,0,0,0,0
0.020817,0.021342,0.021771,0,0,0,0,0,0,0,0,0,0,0,0
0.020564,0.02115,0.021482,0,0,0,0,0,0,0,0,0,0,0,0
0.021711,0.022363,0.02255,0,0,0,0,0,0,0,0,0,0,0,0
0.021659,0.022282,0.022492,0,0,0,0,0,0,0,0,0,0,0,0
0.021849,0.022655,0.022624,0,0,0,0,0,0,0,0,0,0,0,0
0.021084,0.021679,0.022007,0,0,0,0,0,0,0,0,0,0,0,0
0.021181,0.021743,0.021966,0,0,0,0,0,0,0,0,0,0,0,0
0.021852,0.022439,0.02264,0,0,0,0,0,0,0,0,0,0,0,0
0.021143,0.021752,0.021897,0,0,0,0,0,0,0,0,0,0,0,0
0.021615,0.022115,0.022319,0,0,0,0,0,0,0,0,0,0,0,0
0.022208,0.022986,0.023024,0,0,0,0,0,0,0,0,0,0,0,0
0.021771,0.022261,0.022491,0,0,0,0,0,0,0,0,0,0,0,0
0.021217,0.021704,0.022129,0,0,0,0,0,0,0,0,0,0,0,0
0.020726,0.021269,0.021558,0,0,0,0,0,0,0,0,0,0,0,0
0.020819,0.021349,0.021661,0,0,0,0,0,0,0,0,0,0,0,0
0.021561,0.022114,0.022345,0,0,0,0,0,0,0,0,0,0,0,0
0.021228,0.021781,0.022044,0,0,0,0,0,0,0,0,0,0,0,0
0.022338,0.023283,0.023268,0,0,0,0,0,0,0,0,0,0,0,0
0.022377,0.023254,0.023192,0,0,0,0,0,0,0,0,0,0,0,0
0.022763,0.023755,0.023596,0,0,0,0,0,0,0,0,0,0,0,0
0.023235,0.023837,0.024021,0,0,0,0,0,0,0,0,0,0,0,0
0.023708,0.024462,0.024324,0,0,0,0,0,0,0,0,0,0,0,0
0.022662,0.023364,0.023394,0,0,0,0,0,0,0,0,0,0,0,0
0.022642,0.023338,0.022905,0,0,0,0,0,0,0,0,0,0,0,0
0.022204,0.022847,0.022899,0,0,0,0,0,0,0,0,0,0,0,0
0.023157,0.023924,0.023455,0,0,0,0,0,0,0,0,0,0,0,0
0.022598,0.023309,0.023447,0,0,0,0,0,0,0,0,0,0,0,0
0.023336,0.024123,0.023936,0,0,0,0,0,0,0,0,0,0,0,0
0.022308,0.022759,0.023029,0,0,0,0,0,0,0,0,0,0,0,0
0.022045,0.022775,0.022536,0,0,0,0,0,0,0,0,0,0,0,0
0.022273,0.022967,0.023245,0,0,0,0,0,0,0,0,0,0,0,0
0.022197,0.022968,0.023243,0,0,0,0,0,0,0,0,0,0,0,0
0.022055,0.022822,0.022716,0,0,0,0,0,0,0,0,0,0,0,0
0.022036,0.022749,0.022415,0,0,0,0,0,0,0,0,0,0,0,0
0.022221,0.022909,0.022667,0,0,0,0,0,0,0,0,0,0,0,0
0.022109,0.02313,0.022301,0,0,0,0,0,0,0,0,0,0,0,0
0.021909,0.023252,0.022321,0,0,0,0,0,0,0,0,0,0,0,0
0.022057,0.023422,0.022572,0,0,0,0,0,0,0,0,0,0,0,0
0.024326,0.025717,0.024854,0,0,0,0,0,0,0,0,0,0,0,0
0.023338,0.023986,0.02367,0,0,0,0,0,0,0,0,0,0,0,0
0.023966,0.024957,0.024667,0,0,0,0,0,0,0,0,0,0,0,0
0.023696,0.024397,0.024632,0,0,0,0,0,0,0,0,0,0,0,0
0.023787,0.024601,0.02481,0,0,0,0,0,0,0,0,0,0,0,0
0.025157,0.025956,0.026177,0,0,0,0,0,0,0,0,0,0,0,0
0.023897,0.025344,0.024976,0,0,0,0,0,0,0,0,0,0,0,0
0.023274,0.024468,0.023893,0,0,0,0,0,0,0,0,0,0,0,0
0.023207,0.023879,0.023828,0,0,0,0,0,0,0,0,0,0,0,0
0.023849,0.02459,0.024553,0,0,0,0,0,0,0,0,0,0,0,0
0.023404,0.02424,0.024133,0,0,0,0,0,0,0,0,0,0,0,0
0.023017,0.023766,0.023626,0,0,0,0,0,0,0,0,0,0,0,0
0.022787,0.023428,0.023347,0,0,0,0,0,0,0,0,0,0,0,0
0.022891,0.023346,0.023483,0,0,0,0,0,0,0,0,0,0,0,0
0.023385,0.024599,0.024115,0,0,0,0,0,0,0,0,0,0,0,0
0.024479,0.026245,0.02503,0,0,0,0,0,0,0,0,0,0,0,0
0.022915,0.024274,0.023599,0,0,0,0,0,0,0,0,0,0,0,0
0.023589,0.025274,0.024195,0,0,0,0,0,0,0,0,0,0,0,0
0.022206,0.02342,0.022904,0,0,0,0,0,0,0,0,0,0,0,0
0.023837,0.025631,0.024515,0,0,0,0,0,0,0,0,0,0,0,0
0.024164,0.025407,0.024197,0,0,0,0,0,0,0,0,0,0,0,0
0.023256,0.023953,0.023274,0,0,0,0,0,0,0,0,0,0,0,0
0.022964,0.023584,0.023085,0,0,0,0,0,0,0,0,0,0,0,0
0.023716,0.024417,0.023782,0,0,0,0,0,0,0,0,0,0,0,0
0.023502,0.025071,0.024146,0,0,0,0,0,0,0,0,0,0,0,0
0.022646,0.023583,0.023098,0,0,0,0,0,0,0,0,0,0,0,0
0.02328,0.024349,0.0238,0,0,0,0,0,0,0,0,0,0,0,0
0.023274,0.02434,0.023628,0,0,0,0,0,0,0,0,0,0,0,0
0.022504,0.023594,0.02309,0,0,0,0,0,0,0,0,0,0,0,0
0.023486,0.024633,0.023742,0,0,0,0,0,0,0,0,0,0,0,0
0.023283,0.024457,0.023673,0,0,0,0,0,0,0,0,0,0,0,0
0.023134,0.025652,0.023283,0,0,0,0,0,0,0,0,0,0,0,0
0.022735,0.023758,0.023138,0,0,0,0,0,0,0,0,0,0,0,0
0.025025,0.025456,0.024374,0,0,0,0,0,0,0,0,0,0,0,0
0.024308,0.024761,0.023879,0,0,0,0,0,0,0,0,0,0,0,0
0.023464,0.023848,0.023233,0,0,0,0,0,0,0,0,0,0,0,0
0.022591,0.023039,0.022699,0,0,0,0,0,0,0,0,0,0,0,0
0.023416,0.024624,0.023637,0,0,0,0,0,0,0,0,0,0,0,0
0.02339,0.024502,0.023681,0,0,0,0,0,0,0,0,0,0,0,0
0.022461,0.023555,0.022934,0,0,0,0,0,0,0,0,0,0,0,0
0.025621,0.026649,0.025018,0,0,0,0,0,0,0,0,0,0,0,0
0.023357,0.025028,0.024112,0,0,0,0,0,0,0,0,0,0,0,0
0.022738,0.024193,0.023451,0,0,0,0,0,0,0,0,0,0,0,0
0.023028,0.024665,0.023751,0,0,0,0,0,0,0,0,0,0,0,0
0.023452,0.024754,0.023912,0,0,0,0,0,0,0,0,0,0,0,0
0.023562,0.024758,0.022635,0,0,0,0,0,0,0,0,0,0,0,0
0.023769,0.024801,0.023955,0,0,0,0,0,0,0,0,0,0,0,0
0.024447,0.025461,0.024661,0,0,0,0,0,0,0,0,0,0,0,0
0.023041,0.024001,0.023273,0,0,0,0,0,0,0,0,0,0,0,0
0.023176,0.024235,0.0234,0,0,0,0,0,0,0,0,0,0,0,0
0.022966,0.02395,0.023057,0,0,0,0,0,0,0,0,0,0,0,0
0.023957,0.024922,0.023599,0,0,0,0,0,0,0,0,0,0,0,0
0.023379,0.02469,0.023566,0,0,0,0,0,0,0,0,0,0,0,0
0.021916,0.023334,0.022583,0,0,0,0,0,0,0,0,0,0,0,0
0.022079,0.023595,0.022707,0,0,0,0,0,0,0,0,0,0,0,0
0.021992,0.023446,0.022529,0,0,0,0,0,0,0,0,0,0,0,0
0.022026,0.023317,0.022707,0,0,0,0,0,0,0,0,0,0,0,0
0.024146,0.025696,0.024775,0,0,0,0,0,0,0,0,0,0,0,0
0.021742,0.023068,0.022432,0,0,0,0,0,0,0,0,0,0,0,0
0.021728,0.023062,0.022411,0,0,0,0,0,0,0,0,0,0,0,0
0.022425,0.024145,0.023142,0,0,0,0,0,0,0,0,0,0,0,0
0.02151,0.022765,0.022205,0,0,0,0,0,0,0,0,0,0,0,0
0.022691,0.024206,0.023303,0,0,0,0,0,0,0,0,0,0,0,0
0.020906,0.021986,0.021616,0,0,0,0,0,0,0,0,0,0,0,0
0.022823,0.023764,0.023003,0,0,0,0,0,0,0,0,0,0,0,0
0.024291,0.025429,0.024056,0,0,0,0,0,0,0,0,0,0,0,0
0.02224,0.023855,0.022958,0,0,0,0,0,0,0,0,0,0,0,0
0.022279,0.023993,0.022947,0,0,0,0,0,0,0,0,0,0,0,0
0.022849,0.024875,0.023419,0,0,0,0,0,0,0,0,0,0,0,0
0.023149,0.024991,0.02378,0,0,0,0,0,0,0,0,0,0,0,0
0.022811,0.025042,0.023496,0,0,0,0,0,0,0,0,0,0,0,0
0.022208,0.023405,0.022687,0,0,0,0,0,0,0,0,0,0,0,0
0.021813,0.023096,0.022436,0,0,0,0,0,0,0,0,0,0,0,0
0.021952,0.023219,0.022502,0,0,0,0,0,0,0,0,0,0,0,0
0.02122,0.022299,0.021917,0,0,0,0,0,0,0,0,0,0,0,0
0.021843,0.023242,0.022302,0,0,0,0,0,0,0,0,0,0,0,0
0.022739,0.024364,0.023227,0,0,0,0,0,0,0,0,0,0,0,0
0.02262,0.024157,0.023042,0,0,0,0,0,0,0,0,0,0,0,0
0.023329,0.024632,0.023616,0,0,0,0,0,0,0,0,0,0,0,0
0.022419,0.023404,0.022814,0,0,0,0,0,0,0,0,0,0,0,0
0.022807,0.023833,0.023028,0,0,0,0,0,0,0,0,0,0,0,0
0.022382,0.023377,0.022713,0,0,0,0,0,0,0,0,0,0,0,0
0.022606,0.023642,0.022973,0,0,0,0,0,0,0,0,0,0,0,0
0.022171,0.023124,0.022581,0,0,0,0,0,0,0,0,0,0,0,0
0.022437,0.023328,0.022692,0,0,0,0,0,0,0,0,0,0,0,0
0.020962,0.022036,0.021727,0,0,0,0,0,0,0,0,0,0,0,0
0.023174,0.024133,0.023164,0,0,0,0,0,0,0,0,0,0,0,0
0.022453,0.023488,0.022799,0,0,0,0,0,0,0,0,0,0,0,0
0.023522,0.024473,0.023552,0,0,0,0,0,0,0,0,0,0,0,0
0.023204,0.024252,0.023336,0,0,0,0,0,0,0,0,0,0,0,0
0.023273,0.024185,0.023283,0,0,0,0,0,0,0,0,0,0,0,0
0.023402,0.024263,0.023472,0,0,0,0,0,0,0,0,0,0,0,0
0.022327,0.0229,0.022638,0,0,0,0,0,0,0,0,0,0,0,0
0.022239,0.023147,0.022722,0,0,0,0,0,0,0,0,0,0,0,0
0.023005,0.023704,0.023189,0,0,0,0,0,0,0,0,0,0,0,0
0.02302,0.023555,0.02325,0,0,0,0,0,0,0,0,0,0,0,0
0.021433,0.022451,0.022185,0,0,0,0,0,0,0,0,0,0,0,0
0.023328,0.02433,0.023403,0,0,0,0,0,0,0,0,0,0,0,0
0.021702,0.022368,0.022302,0,0,0,0,0,0,0,0,0,0,0,0
0.023883,0.024322,0.023464,0,0,0,0,0,0,0,0,0,0,0,0
0.022099,0.022432,0.022265,0,0,0,0,0,0,0,0,0,0,0,0
0.024027,0.02444,0.023488,0,0,0,0,0,0,0,0,0,0,0,0
0.024237,0.024076,0.023817,0,0,0,0,0,0,0,0,0,0,0,0
0.023971,0.023842,0.023489,0,0,0,0,0,0,0,0,0,0,0,0
0.024496,0.024331,0.024017,0,0,0,0,0,0,0,0,0,0,0,0
0.022382,0.022868,0.022745,0,0,0,0,0,0,0,0,0,0,0,0
0.024427,0.024155,0.024022,0,0,0,0,0,0,0,0,0,0,0,0
0.025171,0.024445,0.02421,0,0,0,0,0,0,0,0,0,0,0,0
0.022045,0.022286,0.022168,0,0,0,0,0,0,0,0,0,0,0,0
0.023006,0.023233,0.022852,0,0,0,0,0,0,0,0,0,0,0,0
0.022334,0.022676,0.022484,0,0,0,0,0,0,0,0,0,0,0,0
0.021809,0.02236,0.022079,0,0,0,0,0,0,0,0,0,0,0,0
0.021668,0.022166,0.021858,0,0,0,0,0,0,0,0,0,0,0,0
0.021772,0.022364,0.022163,0,0,0,0,0,0,0,0,0,0,0,0
0.023855,0.024537,0.023364,0,0,0,0,0,0,0,0,0,0,0,0
0.023129,0.023555,0.022866,0,0,0,0,0,0,0,0,0,0,0,0
0.023672,0.024238,0.023218,0,0,0,0,0,0,0,0,0,0,0,0
0.021823,0.022261,0.022053,0,0,0,0,0,0,0,0,0,0,0,0
0.02233,0.022873,0.022321,0,0,0,0,0,0,0,0,0,0,0,0
0.023548,0.024212,0.023246,0,0,0,0,0,0,0,0,0,0,0,0
0.021788,0.022472,0.022099,0,0,0,0,0,0,0,0,0,0,0,0
0.021773,0.022403,0.022084,0,0,0,0,0,0,0,0,0,0,0,0
0.024058,0.02475,0.023662,0,0,0,0,0,0,0,0,0,0,0,0
0.023214,0.023641,0.022975,0,0,0,0,0,0,0,0,0,0,0,0
0.024325,0.025075,0.023837,0,0,0,0,0,0,0,0,0,0,0,0
0.023152,0.023903,0.023097,0,0,0,0,0,0,0,0,0,0,0,0
0.023707,0.024806,0.023701,0,0,0,0,0,0,0,0,0,0,0,0
0.023622,0.024579,0.022964,0,0,0,0,0,0,0,0,0,0,0,0
0.023298,0.024231,0.023512,0,0,0,0,0,0,0,0,0,0,0,0
0.022131,0.022828,0.021954,0,0,0,0,0,0,0,0,0,0,0,0
0.023969,0.022856,0.023488,0,0,0,0,0,0,0,0,0,0,0,0
0.021782,0.022461,0.021539,0,0,0,0,0,0,0,0,0,0,0,0
0.024271,0.024984,0.023642,0,0,0,0,0,0,0,0,0,0,0,0
0.023176,0.024118,0.022619,0,0,0,0,0,0,0,0,0,0,0,0
0.023523,0.024896,0.023706,0,0,0,0,0,0,0,0,0,0,0,0
0.021839,0.022512,0.021593,0,0,0,0,0,0,0,0,0,0,0,0
0.022144,0.022802,0.022467,0,0,0,0,0,0,0,0,0,0,0,0
0.023667,0.024364,0.022775,0,0,0,0,0,0,0,0,0,0,0,0
0.024617,0.025216,0.024404,0,0,0,0,0,0,0,0,0,0,0,0
0.024542,0.025457,0.023833,0,0,0,0,0,0,0,0,0,0,0,0
0.024192,0.025527,0.023804,0,0,0,0,0,0,0,0,0,0,0,0
0.023765,0.0248,0.023494,0,0,0,0,0,0,0,0,0,0,0,0
0.023579,0.02461,0.023286,0,0,0,0,0,0,0,0,0,0,0,0
0.024562,0.02584,0.024131,0,0,0,0,0,0,0,0,0,0,0,0
0.023866,0.025003,0.023443,0,0,0,0,0,0,0,0,0,0,0,0
0.024003,0.024787,0.023296,0,0,0,0,0,0,0,0,0,0,0,0
0.024242,0.025014,0.023423,0,0,0,0,0,0,0,0,0,0,0,0
0.024039,0.024738,0.023396,0,0,0,0,0,0,0,0,0,0,0,0
0.02275,0.023305,0.022364,0,0,0,0,0,0,0,0,0,0,0,0
0.022771,0.022886,0.022366,0,0,0,0,0,0,0,0,0,0,0,0
0.024496,0.025024,0.023524,0,0,0,0,0,0,0,0,0,0,0,0
0.024115,0.024222,0.023361,0,0,0,0,0,0,0,0,0,0,0,0
0.024188,0.024731,0.023328,0,0,0,0,0,0,0,0,0,0,0,0
0.025616,0.025657,0.024202,0,0,0,0,0,0,0,0,0,0,0,0
0.024153,0.024755,0.023416,0,0,0,0,0,0,0,0,0,0,0,0
0.024354,0.024505,0.02344,0,0,0,0,0,0,0,0,0,0,0,0
0.024472,0.024933,0.023622,0,0,0,0,0,0,0,0,0,0,0,0
0.025497,0.025684,0.024924,0,0,0,0,0,0,0,0,0,0,0,0
0.024534,0.025166,0.024219,0,0,0,0,0,0,0,0,0,0,0,0
0.023974,0.023595,0.023435,0,0,0,0,0,0,0,0,0,0,0,0
0.025641,0.026237,0.024817,0,0,0,0,0,0,0,0,0,0,0,0
0.024311,0.024467,0.023946,0,0,0,0,0,0,0,0,0,0,0,0
0.025397,0.026084,0.024812,0,0,0,0,0,0,0,0,0,0,0,0
0.024757,0.024901,0.024948,0,0,0,0,0,0,0,0,0,0,0,0
0.024343,0.024752,0.024084,0,0,0,0,0,0,0,0,0,0,0,0
0.024305,0.024282,0.024003,0,0,0,0,0,0,0,0,0,0,0,0
0.024635,0.024472,0.024024,0,0,0,0,0,0,0,0,0,0,0,0
0.025486,0.025439,0.024875,0,0,0,0,0,0,0,0,0,0,0,0
0.025505,0.025435,0.024851,0,0,0,0,0,0,0,0,0,0,0,0
0.024697,0.024409,0.024188,0,0,0,0,0,0,0,0,0,0,0,0
0.024886,0.024091,0.024261,0,0,0,0,0,0,0,0,0,0,0,0
0.023323,0.023173,0.023338,0,0,0,0,0,0,0,0,0,0,0,0
0.024507,0.023968,0.023996,0,0,0,0,0,0,0,0,0,0,0,0
0.025762,0.024544,0.024793,0,0,0,0,0,0,0,0,0,0,0,0
0.024367,0.023785,0.023912,0,0,0,0,0,0,0,0,0,0,0,0
0.024437,0.023726,0.023918,0,0,0,0,0,0,0,0,0,0,0,0
0.024608,0.024399,0.023933,0,0,0,0,0,0,0,0,0,0,0,0
0.024371,0.024476,0.023912,0,0,0,0,0,0,0,0,0,0,0,0
0.023348,0.023217,0.023303,0,0,0,0,0,0,0,0,0,0,0,0
0.024425,0.023744,0.023878,0,0,0,0,0,0,0,0,0,0,0,0
0.025549,0.024537,0.024648,0,0,0,0,0,0,0,0,0,0,0,0
0.025643,0.024504,0.024612,0,0,0,0,0,0,0,0,0,0,0,0
0.025808,0.024835,0.024957,0,0,0,0,0,0,0,0,0,0,0,0
0.02703,0.025607,0.025817,0,0,0,0,0,0,0,0,0,0,0,0
0.027044,0.025839,0.026044,0,0,0,0,0,0,0,0,0,0,0,0
0.025839,0.024597,0.024736,0,0,0,0,0,0,0,0,0,0,0,0
0.024699,0.024572,0.024272,0,0,0,0,0,0,0,0,0,0,0,0
0.024315,0.024159,0.023863,0,0,0,0,0,0,0,0,0,0,0,0
0.027395,0.026215,0.025819,0,0,0,0,0,0,0,0,0,0,0,0
0.028272,0.026895,0.026457,0,0,0,0,0,0,0,0,0,0,0,0
0.026798,0.027132,0.026809,0,0,0,0,0,0,0,0,0,0,0,0
0.026421,0.026798,0.026554,0,0,0,0,0,0,0,0,0,0,0,0
0.026013,0.026258,0.025981,0,0,0,0,0,0,0,0,0,0,0,0
0.024718,0.025071,0.024765,0,0,0,0,0,0,0,0,0,0,0,0
0.026026,0.026157,0.025761,0,0,0,0,0,0,0,0,0,0,0,0
0.025058,0.02539,0.024884,0,0,0,0,0,0,0,0,0,0,0,0
0.024921,0.025147,0.024636,0,0,0,0,0,0,0,0,0,0,0,0
0.026444,0.026795,0.026291,0,0,0,0,0,0,0,0,0,0,0,0
0.027711,0.027774,0.027337,0,0,0,0,0,0,0,0,0,0,0,0
0.0281,0.028159,0.027812,0,0,0,0,0,0,0,0,0,0,0,0
0.027267,0.02758,0.027017,0,0,0,0,0,0,0,0,0,0,0,0
0.025985,0.026323,0.025927,0,0,0,0,0,0,0,0,0,0,0,0
0.026595,0.026903,0.026431,0,0,0,0,0,0,0,0,0,0,0,0
0.027155,0.027467,0.027131,0,0,0,0,0,0,0,0,0,0,0,0
0.027341,0.027705,0.0272,0,0,0,0,0,0,0,0,0,0,0,0
0.027202,0.027585,0.027114,0,0,0,0,0,0,0,0,0,0,0,0
0.027015,0.027771,0.027347,0,0,0,0,0,0,0,0,0,0,0,0
0.027583,0.027868,0.027429,0,0,0,0,0,0,0,0,0,0,0,0
0.025586,0.026333,0.025963,0,0,0,0,0,0,0,0,0,0,0,0
0.027789,0.028062,0.02766,0,0,0,0,0,0,0,0,0,0,0,0
0.027597,0.028381,0.028008,0,0,0,0,0,0,0,0,0,0,0,0
0.027543,0.027254,0.026726,0,0,0,0,0,0,0,0,0,0,0,0
0.028134,0.02798,0.027547,0,0,0,0,0,0,0,0,0,0,0,0
0.026976,0.027337,0.026891,0,0,0,0,0,0,0,0,0,0,0,0
0.026933,0.027467,0.026979,0,0,0,0,0,0,0,0,0,0,0,0
0.026462,0.026848,0.026576,0,0,0,0,0,0,0,0,0,0,0,0
0.029103,0.02857,0.028302,0,0,0,0,0,0,0,0,0,0,0,0
0.028068,0.027883,0.027546,0,0,0,0,0,0,0,0,0,0,0,0
0.028997,0.02871,0.028471,0,0,0,0,0,0,0,0,0,0,0,0
0.028232,0.028781,0.028413,0,0,0,0,0,0,0,0,0,0,0,0
0.027624,0.028021,0.027791,0,0,0,0,0,0,0,0,0,0,0,0
0.026847,0.027297,0.027012,0,0,0,0,0,0,0,0,0,0,0,0
0.027648,0.028219,0.027782,0,0,0,0,0,0,0,0,0,0,0,0
0.025816,0.026297,0.026129,0,0,0,0,0,0,0,0,0,0,0,0
0.026289,0.026848,0.026411,0,0,0,0,0,0,0,0,0,0,0,0
0.025805,0.026178,0.025867,0,0,0,0,0,0,0,0,0,0,0,0
0.025043,0.026279,0.026095,0,0,0,0,0,0,0,0,0,0,0,0
0.027057,0.027531,0.027268,0,0,0,0,0,0,0,0,0,0,0,0
0.026124,0.026644,0.026375,0,0,0,0,0,0,0,0,0,0,0,0
0.025392,0.025897,0.025785,0,0,0,0,0,0,0,0,0,0,0,0
0.025909,0.026423,0.026215,0,0,0,0,0,0,0,0,0,0,0,0
0.024504,0.025044,0.024942,0,0,0,0,0,0,0,0,0,0,0,0
0.02466,0.025086,0.024902,0,0,0,0,0,0,0,0,0,0,0,0
0.024596,0.025024,0.024842,0,0,0,0,0,0,0,0,0,0,0,0
0.026151,0.026682,0.02638,0,0,0,0,0,0,0,0,0,0,0,0
0.022607,0.023107,0.022794,0,0,0,0,0,0,0,0,0,0,0,0
0.023047,0.023504,0.023284,0,0,0,0,0,0,0,0,0,0,0,0
0.024866,0.025249,0.024992,0,0,0,0,0,0,0,0,0,0,0,0
0.024781,0.025256,0.024938,0,0,0,0,0,0,0,0,0,0,0,0
0.025755,0.02632,0.026005,0,0,0,0,0,0,0,0,0,0,0,0
0.024666,0.025135,0.024808,0,0,0,0,0,0,0,0,0,0,0,0
0.024776,0.025351,0.025148,0,0,0,0,0,0,0,0,0,0,0,0
0.024812,0.02544,0.025039,0,0,0,0,0,0,0,0,0,0,0,0
0.023321,0.023683,0.022845,0,0,0,0,0,0,0,0,0,0,0,0
0.023194,0.023689,0.023406,0,0,0,0,0,0,0,0,0,0,0,0
0.023375,0.023879,0.022953,0,0,0,0,0,0,0,0,0,0,0,0
0.025533,0.025962,0.025693,0,0,0,0,0,0,0,0,0,0,0,0
0.025567,0.026111,0.02523,0,0,0,0,0,0,0,0,0,0,0,0
0.025479,0.025952,0.025693,0,0,0,0,0,0,0,0,0,0,0,0
0.024002,0.024479,0.022613,0,0,0,0,0,0,0,0,0,0,0,0
0.024522,0.024999,0.02455,0,0,0,0,0,0,0,0,0,0,0,0
0.024313,0.024814,0.024009,0,0,0,0,0,0,0,0,0,0,0,0
0.024408,0.024971,0.02454,0,0,0,0,0,0,0,0,0,0,0,0
0.024095,0.024612,0.023806,0,0,0,0,0,0,0,0,0,0,0,0
0.025587,0.026134,0.025692,0,0,0,0,0,0,0,0,0,0,0,0
0.026239,0.026845,0.025958,0,0,0,0,0,0,0,0,0,0,0,0
0.02526,0.025819,0.02547,0,0,0,0,0,0,0,0,0,0,0,0
0.025272,0.025718,0.024897,0,0,0,0,0,0,0,0,0,0,0,0
0.026186,0.026663,0.026319,0,0,0,0,0,0,0,0,0,0,0,0
0.023181,0.023625,0.022802,0,0,0,0,0,0,0,0,0,0,0,0
0.024811,0.025382,0.024932,0,0,0,0,0,0,0,0,0,0,0,0
0.024529,0.025114,0.024249,0,0,0,0,0,0,0,0,0,0,0,0
0.024419,0.024803,0.024466,0,0,0,0,0,0,0,0,0,0,0,0
0.024079,0.024447,0.023646,0,0,0,0,0,0,0,0,0,0,0,0
