0.19556
0.22403
0.057725
0.028939
0.040149
0.034951
0.028885
0.023725
0.024401
0.022878
0.023882
0.023383
0.022048
0.022294
0.02283
0.023534
0.023677
0.023174
0.023086
0.022825
0.023865
0.025472
0.024733
0.023355
0.022963
0.023765
0.023653
0.023761
0.02336
0.023376
0.023051
0.023478
0.023406
0.023647
0.02394
0.023581
0.023936
0.023078
0.023073
0.02285
0.023814
0.024047
0.024934
0.023785
0.024054
0.022804
0.023402
0.023063
0.024566
0.023629
0.023735
0.024138
0.023893
0.022798
0.023079
0.023085
0.023339
0.025124
0.02517
0.024218
0.025312
0.024858
0.024469
0.024445
0.024401
0.024271
0.024431
0.024779
0.023927
0.024327
0.024597
0.024472
0.02455
0.024154
0.024518
0.025026
0.024494
0.022828
0.022766
0.022567
0.025192
0.021661
0.0238
0.023284
0.022675
0.022409
0.02268
0.022482
0.022728
0.02251
0.022997
0.022468
0.023589
0.022884
0.021686
0.022419
0.021634
0.021656
0.02213
0.021387
