0.20482
0.23466
0.068163
0.036203
0.047835
0.044883
0.038306
0.034372
0.034545
0.034995
0.035917
0.034733
0.035078
0.035178
0.03552
0.035115
0.035322
0.035235
0.034881
0.034821
0.034881
0.035182
0.034851
0.03533
0.035531
0.033712
0.033974
0.033925
0.033775
0.033117
0.033711
0.033859
0.033759
0.033857
0.033883
0.033808
0.033766
0.034224
0.033771
0.032689
0.033215
0.032865
0.033387
0.032784
0.03312
0.03233
0.032484
0.032503
0.032401
0.032371
0.032552
0.03224
0.032364
0.032544
0.032385
0.032392
0.03244
NaN
NaN
NaN
NaN
0.20235
0.23313
0.066062
0.039254
0.047839
0.042069
0.03609
0.032729
0.032527
0.032572
0.032111
0.032353
0.032074
0.032781
0.037014
0.032283
0.032085
0.032227
0.032049
0.032236
0.034281
0.032442
0.032208
0.032056
0.031855
0.032103
0.032131
0.033323
0.031925
0.032031
0.031902
0.037002
0.032464
0.034252
0.032264
0.032158
0.032381
0.0736
0.034299
0.032563
0.040087
0.033898
0.03886
0.033284
0.035771
0.032419
0.032335
0.032328
0.032347
0.03231
0.03211
0.032161
0.032335
0.032384
0.032223
0.032311
0.032335
0.032347
0.032329
0.032218
0.032163
0.032151
0.032914
0.033655
0.032256
0.031882
0.032212
0.032352
0.032287
0.032131
0.032236
0.032141
0.032144
0.032106
0.032293
0.032646
0.032098
0.032079
0.032091
0.031949
0.03171
0.031902
0.031928
0.032162
0.03257
0.031992
