1
278.4288,126.9990,81.5618,66.0130
277.5585,127.2891,81.5618,66.0130
277.2684,129.3198,81.5618,66.0130
274.6576,129.6099,81.5618,66.0130
273.7873,131.0604,81.5618,66.0130
272.3368,130.1901,81.5618,66.0130
270.8863,130.4802,81.5618,66.0130
270.5962,130.1901,81.5618,66.0130
269.1457,129.3198,81.5618,66.0130
269.4358,129.6099,81.5618,66.0130
267.9853,130.4802,81.5618,66.0130
268.8556,130.7703,81.5618,66.0130
269.1457,131.6406,81.5618,66.0130
268.8556,131.3505,81.5618,66.0130
267.9853,131.0604,81.5618,66.0130
267.6952,131.3505,81.5618,66.0130
267.9853,131.0604,81.5618,66.0130
268.8556,130.7703,81.5618,66.0130
269.1457,131.6406,81.5618,66.0130
268.8556,131.3505,81.5618,66.0130
268.5655,131.0604,81.5618,66.0130
267.7797,132.3580,79.0721,63.9979
268.0609,132.0768,79.0721,63.9979
268.3421,131.7955,79.0721,63.9979
266.3734,132.0768,79.0721,63.9979
265.5297,132.3580,79.0721,63.9979
262.4360,132.6393,79.0721,63.9979
262.1548,131.7955,79.0721,63.9979
259.6236,130.3893,79.0721,63.9979
255.9675,128.4206,79.0721,63.9979
253.4363,127.0144,79.0721,63.9979
250.3426,125.0457,79.0721,63.9979
247.2489,123.0770,79.0721,63.9979
244.1553,122.2333,79.0721,63.9979
241.6241,120.2646,79.0721,63.9979
237.9679,118.2959,79.0721,63.9979
236.6436,117.8664,76.6584,62.0443
234.1897,116.5031,76.6584,62.0443
231.7358,114.5945,76.6584,62.0443
228.7365,113.2313,76.6584,62.0443
226.8279,112.9586,76.6584,62.0443
224.3740,111.5953,76.6584,62.0443
222.4654,111.3227,76.6584,62.0443
220.5568,112.6859,76.6584,62.0443
218.6482,111.8680,76.6584,62.0443
217.2849,111.5953,76.6584,62.0443
215.3763,111.3227,76.6584,62.0443
214.0130,111.5953,76.6584,62.0443
213.1950,111.3227,76.6584,62.0443
210.7411,111.5953,76.6584,62.0443
209.9231,110.7773,76.6584,62.0443
208.5599,110.5047,76.6584,62.0443
207.1966,110.2320,76.6584,62.0443
205.8333,109.4140,76.6584,62.0443
205.0153,108.0508,76.6584,62.0443
200.2458,104.6054,79.1084,64.0273
197.7134,102.6358,79.1084,64.0273
192.2287,98.5175,81.6367,66.0736
189.0347,95.9042,81.6367,66.0736
185.8407,92.7102,81.6367,66.0736
182.0659,88.9355,81.6367,66.0736
177.7104,85.7415,81.6367,66.0736
173.3550,81.9668,81.6367,66.0736
167.8381,77.6113,81.6367,66.0736
163.4826,74.9980,81.6367,66.0736
158.5464,70.6425,81.6367,66.0736
154.1909,68.6100,81.6367,66.0736
149.2547,65.9967,81.6367,66.0736
144.3185,62.8027,81.6367,66.0736
140.5438,62.5123,81.6367,66.0736
136.1883,61.0605,81.6367,66.0736
131.8329,60.1894,81.6367,66.0736
128.6389,59.8990,81.6367,66.0736
124.2834,60.1894,81.6367,66.0736
119.9279,59.8990,81.6367,66.0736
115.5725,60.7701,81.6367,66.0736
111.2170,61.0605,81.6367,66.0736
106.8615,60.1894,81.6367,66.0736
104.8290,59.8990,81.6367,66.0736
101.0542,60.7701,81.6367,66.0736
99.6024,61.0605,81.6367,66.0736
96.4084,60.7701,81.6367,66.0736
94.9566,61.0605,81.6367,66.0736
94.0855,60.1894,81.6367,66.0736
92.6337,60.4798,81.6367,66.0736
90.6011,62.5123,81.6367,66.0736
88.4255,62.9083,84.2458,68.1853
87.5265,64.4065,84.2458,68.1853
87.2269,65.3055,84.2458,68.1853
86.3280,66.8037,84.2458,68.1853
86.6276,68.3019,84.2458,68.1853
84.9817,68.1112,86.9383,70.3645
84.6725,69.0389,86.9383,70.3645
83.7448,70.5850,86.9383,70.3645
84.0540,73.9864,86.9383,70.3645
83.7448,76.7694,86.9383,70.3645
83.4356,80.7893,86.9383,70.3645
83.7448,82.9538,86.9383,70.3645
84.1441,84.3370,84.2844,68.2166
83.8443,86.4355,84.2844,68.2166
82.7972,87.4439,86.9782,70.3968
81.8691,89.6094,86.9782,70.3968
81.5598,91.7749,86.9782,70.3968
81.2504,93.9405,86.9782,70.3968
81.5598,94.2498,86.9782,70.3968
81.2504,95.7967,86.9782,70.3968
81.5598,97.9622,86.9782,70.3968
81.2504,98.2716,86.9782,70.3968
81.5598,99.8184,86.9782,70.3968
81.2504,101.3652,86.9782,70.3968
81.5598,102.2933,86.9782,70.3968
81.2504,103.8401,86.9782,70.3968
81.5598,104.7682,86.9782,70.3968
80.6317,106.3150,86.9782,70.3968
80.3223,107.2431,86.9782,70.3968
80.6317,107.5525,86.9782,70.3968
79.7036,108.4806,86.9782,70.3968
80.0129,108.7899,86.9782,70.3968
80.3223,110.9555,86.9782,70.3968
80.6317,111.2648,86.9782,70.3968
80.3223,113.4304,86.9782,70.3968
80.6317,115.5959,86.9782,70.3968
80.3223,117.1427,86.9782,70.3968
80.6317,118.0708,86.9782,70.3968
79.7036,118.9989,86.9782,70.3968
79.3942,120.5457,86.9782,70.3968
79.7036,122.7113,86.9782,70.3968
79.3942,124.2581,86.9782,70.3968
79.7036,125.1862,86.9782,70.3968
78.7755,126.7330,86.9782,70.3968
78.4661,128.8985,86.9782,70.3968
79.3942,129.2079,86.9782,70.3968
79.0848,130.7547,86.9782,70.3968
78.7755,132.9202,86.9782,70.3968
78.4661,133.2296,86.9782,70.3968
78.7755,134.1577,86.9782,70.3968
78.4661,134.4671,86.9782,70.3968
78.1568,135.3951,86.9782,70.3968
77.2287,136.3232,86.9782,70.3968
73.6732,136.1264,89.7580,72.6467
70.1615,136.4456,89.7580,72.6467
68.5652,136.7649,89.7580,72.6467
66.3305,137.7226,89.7580,72.6467
63.4572,138.6804,89.7580,72.6467
61.8610,138.9996,89.7580,72.6467
58.9877,139.9574,89.7580,72.6467
58.0299,140.2766,89.7580,72.6467
56.4337,141.2344,89.7580,72.6467
55.4759,142.8306,89.7580,72.6467
53.2412,144.4269,89.7580,72.6467
52.2834,144.1076,89.7580,72.6467
51.3257,145.7039,89.7580,72.6467
51.0064,146.6616,89.7580,72.6467
50.6872,148.2579,89.7580,72.6467
50.3679,149.8541,89.7580,72.6467
48.7717,152.7274,89.7580,72.6467
45.2599,154.9622,89.7580,72.6467
44.9407,157.8354,89.7580,72.6467
42.7059,158.7932,89.7580,72.6467
40.4712,159.1124,89.7580,72.6467
39.5134,160.7087,89.7580,72.6467
37.2787,161.6664,89.7580,72.6467
35.0439,162.6242,89.7580,72.6467
34.0862,164.8589,89.7580,72.6467
32.4899,165.8167,89.7580,72.6467
31.5322,166.7744,89.7580,72.6467
31.2129,167.0937,89.7580,72.6467
30.8937,168.0514,89.7580,72.6467
30.5744,167.7322,89.7580,72.6467
30.8937,168.0514,89.7580,72.6467
30.5744,169.0092,89.7580,72.6467
30.8937,169.3284,89.7580,72.6467
30.5744,169.0092,89.7580,72.6467
30.8937,169.3284,89.7580,72.6467
30.5744,169.0092,89.7580,72.6467
30.8937,169.9669,89.7580,72.6467
30.5744,170.2862,89.7580,72.6467
30.8937,169.9669,89.7580,72.6467
30.5744,170.2862,89.7580,72.6467
29.4593,170.0830,92.6267,74.9685
29.1299,170.4125,92.6267,74.9685
28.1415,170.7419,92.6267,74.9685
27.8121,170.4125,92.6267,74.9685
27.4826,171.4008,92.6267,74.9685
27.8121,171.7303,92.6267,74.9685
27.4826,171.4008,92.6267,74.9685
27.1532,171.7303,92.6267,74.9685
26.8237,171.4008,92.6267,74.9685
26.4943,171.7303,92.6267,74.9685
27.5785,172.5451,89.7992,72.6801
27.2591,172.8645,89.7992,72.6801
26.3009,173.1839,89.7992,72.6801
25.9815,172.8645,89.7992,72.6801
25.6621,173.1839,89.7992,72.6801
25.3428,172.8645,89.7992,72.6801
25.0234,173.1839,89.7992,72.6801
24.0652,173.5033,89.7992,72.6801
22.4682,173.8226,89.7992,72.6801
18.9548,174.7808,89.7992,72.6801
14.8027,177.0166,89.7992,72.6801
11.2893,180.5300,89.7992,72.6801
7.1371,182.7658,89.7992,72.6801
1.0686,185.6403,89.7992,72.6801
-4.2682,188.3466,87.0581,70.4615
-8.9129,190.5141,87.0581,70.4615
-13.5576,190.2045,87.0581,70.4615
-16.3444,191.7527,87.0581,70.4615
-19.7505,192.0624,87.0581,70.4615
-28.2636,193.7232,89.8404,72.7134
-31.7786,194.6819,89.8404,72.7134
-32.0981,195.6405,89.8404,72.7134
-35.7706,197.3544,92.7117,75.0373
-34.6853,199.4890,89.8817,72.7468
-36.2838,201.0874,89.8817,72.7468
-37.8822,203.3252,89.8817,72.7468
-37.5625,204.2843,89.8817,72.7468
-38.5216,205.8828,89.8817,72.7468
-40.9170,208.8762,92.7543,75.0718
-41.9067,212.5052,92.7543,75.0718
-42.8964,214.8146,92.7543,75.0718
-44.5460,217.7837,92.7543,75.0718
-43.4602,219.2594,89.9229,72.7802
-42.4076,221.3298,87.1780,70.5586
-44.7309,222.9929,89.9642,72.8136
-45.0509,224.5928,89.9642,72.8136
-44.7309,225.5528,89.9642,72.8136
-45.6908,225.8728,89.9642,72.8136
-46.0108,226.1927,89.9642,72.8136
-45.6908,226.5127,89.9642,72.8136
-46.0108,227.4727,89.9642,72.8136
-46.3308,227.7927,89.9642,72.8136
-47.2908,228.1127,89.9642,72.8136
-48.7975,229.5440,87.2180,70.5910
-46.5357,235.2746,84.5557,68.4361
-46.1474,237.8229,81.9746,66.3471
-44.0215,237.9608,79.4723,64.3218
-40.2646,236.3985,77.0464,62.3584
-40.4589,239.2686,74.6945,60.4549
-37.9904,242.5823,72.4144,58.6095
-36.1125,245.2798,70.2040,56.8204
-35.2907,248.8937,68.0610,55.0860
-34.4940,252.3973,65.9834,53.4044
-34.7287,253.5708,65.9834,53.4044
-35.4328,257.5605,65.9834,53.4044
-37.0756,259.2033,65.9834,53.4044
-36.9566,260.9315,68.0922,55.1112
-36.8337,262.7149,70.2684,56.8726
-37.7067,262.0560,72.5142,58.6902
-38.6075,262.4077,74.8318,60.5660
-37.7316,264.1306,72.5475,58.7172
-37.9896,265.4208,72.5475,58.7172
-39.4070,266.2888,74.8661,60.5938
-40.8696,265.5868,77.2589,62.5304
-41.2798,266.5111,79.7280,64.5288
-40.9962,266.2275,79.7280,64.5288
-41.4196,266.6142,82.2762,66.5912
-39.8712,267.3379,79.7646,64.5585
-39.5875,267.6216,79.7646,64.5585
-37.5189,269.4581,77.3298,62.5878
-38.3441,270.8333,77.3298,62.5878
-39.3048,269.5581,79.8013,64.5881
-39.5886,269.8419,79.8013,64.5881
-39.3048,270.1258,79.8013,64.5881
-38.3706,271.3954,77.3653,62.6165
-39.3317,270.6700,79.8379,64.6178
-38.3972,271.3722,77.4008,62.6453
-39.9093,270.6465,79.8746,64.6474
-39.6252,270.9306,79.8746,64.6474
-39.3411,271.2147,79.8746,64.6474
-39.6252,270.9306,79.8746,64.6474
-37.5538,272.2014,77.4364,62.6740
-37.8293,271.3751,77.4364,62.6740
-38.7913,270.6490,79.9112,64.6771
-37.8558,270.7834,77.4719,62.7028
-38.8183,269.5059,79.9479,64.7068
-39.1027,269.2215,79.9479,64.7068
-38.8183,269.5059,79.9479,64.7068
-39.6714,269.7903,79.9479,64.7068
-39.9557,269.5059,79.9479,64.7068
-39.6714,269.7903,79.9479,64.7068
-39.9557,269.5059,79.9479,64.7068
-40.2401,269.7903,79.9479,64.7068
-39.9557,269.5059,79.9479,64.7068
-40.2401,269.7903,79.9479,64.7068
-39.9557,270.0746,79.9479,64.7068
-40.2401,269.7903,79.9479,64.7068
-39.9557,270.0746,79.9479,64.7068
-40.2401,270.3589,79.9479,64.7068
-39.3870,270.6433,79.9479,64.7068
-39.1027,270.9277,79.9479,64.7068
-38.8183,270.6433,79.9479,64.7068
-39.1027,270.3589,79.9479,64.7068
-38.8183,270.6433,79.9479,64.7068
-39.6714,270.9277,79.9479,64.7068
-40.6646,269.0406,82.5031,66.7748
-40.9580,269.3340,82.5031,66.7748
-40.6646,269.0406,82.5031,66.7748
-39.6988,270.9401,79.9846,64.7365
-40.6925,269.0521,82.5409,66.8055
-40.9861,268.1714,82.5409,66.8055
-41.2796,267.2906,82.5409,66.8055
-40.9861,266.9971,82.5409,66.8055
-42.0115,264.4616,85.1789,68.9406
-42.3144,263.5527,85.1789,68.9406
-42.6174,260.8260,85.1789,68.9406
-42.3144,258.0994,85.1789,68.9406
-42.6174,257.7964,85.1789,68.9406
-42.3144,256.2816,85.1789,68.9406
-42.6174,255.3727,85.1789,68.9406
