0.20133
0.2226
0.056381
0.028843
0.03747
0.031842
0.026003
0.022402
0.022662
0.022105
0.022119
0.022073
0.02203
0.021993
0.022425
0.022058
0.02209
0.022034
0.02208
0.022028
0.02237
0.022202
0.022072
0.022162
0.0224
0.021841
0.021933
0.022039
0.02196
0.021895
0.021969
0.022268
0.02213
0.022035
0.021986
0.02191
0.021954
0.023344
0.022
0.021848
0.023174
0.023716
0.023664
0.023342
0.023941
0.022831
0.022661
0.022654
0.02265
0.022608
0.022641
0.022629
0.022681
0.022741
0.02314
0.023194
0.023024
0.022962
0.023061
0.022982
0.022972
0.02308
0.023141
0.023554
0.023294
0.023313
0.023106
0.023275
0.023189
0.023512
0.023544
0.022512
0.023205
0.023139
0.023193
0.022747
0.02257
0.022436
0.023082
0.023062
0.023158
0.02311
0.0227
0.023106
0.023215
0.023214
0.023274
0.022583
0.023453
0.022853
0.023316
0.02326
0.023813
0.023896
0.023354
0.023313
0.022806
0.022792
0.023341
0.022658
0.024067
0.02427
0.023914
0.023474
0.023435
0.023324
0.023461
0.022641
0.023498
0.023353
0.023501
0.024011
0.024469
0.024304
0.023797
0.024076
0.023719
0.023514
0.0235
0.022756
0.023479
0.023509
0.023433
0.022986
0.023631
0.0251
0.024575
0.024546
0.024569
0.024048
0.024057
0.023865
0.023911
0.02396
0.02453
0.023541
0.023915
0.023249
0.023225
0.022741
0.023308
0.023049
0.022963
0.023262
0.023301
0.023583
0.023134
0.023585
0.022699
0.023511
0.023361
0.023639
0.02332
0.023522
0.022409
0.022675
0.022459
0.023456
0.023238
0.024964
0.024481
0.026358
0.025887
0.026977
0.024055
0.024866
0.025834
0.025906
0.025058
0.02573
0.025764
0.024182
0.025016
0.024152
0.024095
0.024125
0.024106
0.024559
0.025102
0.024699
0.024318
0.025452
0.024201
0.02609
0.025444
0.025494
0.025526
0.024539
0.025303
0.024259
0.025122
0.025856
0.024184
0.023509
0.025021
0.02416
0.025046
0.025087
0.025621
0.025793
0.026459
0.026796
0.025226
0.025861
0.026424
0.026612
0.026573
0.025404
0.025353
0.025438
0.026319
0.026979
0.025408
0.026104
0.027457
0.026252
0.026299
0.024514
0.02727
0.027046
0.026635
0.026433
0.026374
0.026697
0.025292
0.025299
0.025482
0.025347
0.025562
0.025364
0.024675
0.025541
0.025659
0.026736
0.02469
0.025961
0.026208
0.027385
0.025378
0.025968
0.025659
0.025477
0.025515
0.025621
0.025599
0.025484
0.026054
0.025516
0.02524
0.025329
0.026584
0.027724
0.02697
0.026564
0.026364
0.026299
0.026643
0.027187
0.027095
0.025745
0.027209
0.02751
0.027398
0.027999
0.025847
0.025809
0.027211
0.025794
0.027026
0.025799
0.026902
0.025714
0.027052
0.025825
0.026416
0.025717
0.026108
0.025748
0.025752
0.025683
0.025781
0.025762
0.025712
0.02708
0.025881
0.025763
0.02574
0.025755
0.025875
0.02607
0.026287
0.026985
0.025754
0.025866
0.025752
0.025726
0.027066
0.027138
0.025757
0.027049
0.02606
0.028384
0.028201
0.026961
0.028047
0.026357
0.02805
0.027409
0.025873
0.028264
