0.19603
0.22084
0.055461
0.026498
0.036607
0.033981
0.026307
0.023689
0.023035
0.02365
0.022702
0.02296
0.023111
0.024808
0.024008
0.023308
0.023538
0.023686
0.024086
0.024222
0.023925
0.023362
0.022945
0.022964
0.023625
0.023771
0.023819
0.024344
0.024445
0.024217
0.023635
0.023596
0.02322
0.023551
0.022837
0.023279
0.023272
0.024778
0.024504
0.024271
0.024518
0.024655
0.024823
0.024309
0.023293
0.023566
0.022356
0.024046
0.023847
0.024258
0.023318
0.023493
0.02327
0.024786
0.023913
0.023646
0.024488
0.023801
0.023445
0.023501
0.023399
0.023909
0.023967
0.023848
0.023874
0.024181
0.024174
0.02432
0.024481
0.024338
0.022634
0.02351
0.023258
0.024007
0.023824
0.024272
0.024031
0.023759
0.023938
0.023119
0.024349
0.023418
0.022133
0.02218
0.022347
0.022251
0.02238
0.022601
0.022279
0.022427
0.022949
0.022214
0.022488
0.022334
0.022356
0.023718
0.02316
0.0231
0.023078
0.023166
0.023114
0.022648
0.022886
0.022926
0.022802
0.023391
NaN
NaN
NaN
NaN
0.19942
0.22129
0.053769
0.029806
0.038103
0.032581
0.026465
0.023202
NaN
NaN
NaN
NaN
0.19374
0.22146
0.056529
0.029675
0.038938
0.032246
0.028656
0.024597
0.024296
0.024123
0.024272
0.02384
0.023517
0.022814
0.022984
NaN
NaN
NaN
NaN
0.19326
0.22394
0.057222
0.029589
0.038052
0.033441
0.027704
0.025333
0.02535
0.024737
0.024544
0.023935
0.024195
0.023172
0.025065
0.024786
0.023888
0.023094
0.023586
0.023542
0.024162
0.023301
0.023775
0.023006
0.023176
0.022635
0.022963
0.024142
0.023138
0.022817
0.023796
0.023274
0.023154
0.022965
0.023024
0.022846
0.02306
0.022885
0.023002
0.022693
0.023786
0.023298
0.024082
0.022298
0.024526
0.022965
0.02315
0.022838
0.022459
0.02288
0.023137
0.023002
0.023148
0.022703
0.023339
0.022907
0.023242
0.022386
0.022631
0.022924
0.022683
0.022884
0.022816
0.023481
0.021986
0.0231
0.022688
0.022302
0.02244
0.022886
0.023143
0.022883
0.022532
0.020192
0.022258
0.02286
0.02285
0.02289
0.022544
0.022316
0.022543
0.022529
0.022015
0.022086
0.022269
0.021308
0.023237
0.021536
0.021698
0.021469
0.021729
0.021461
0.021937
0.021824
0.022092
0.021501
0.021665
0.021302
0.021719
0.02172
0.022598
0.022068
0.021993
0.021932
0.021746
0.021501
0.021754
0.02182
0.02206
0.021446
0.021677
0.022112
0.022415
0.021918
0.022109
0.022063
0.021861
0.02226
0.022449
0.022118
0.022335
0.021928
0.022376
0.022081
0.022297
0.022194
0.022364
0.021979
0.02223
0.02202
0.022334
0.021951
0.022294
0.021387
0.02186
0.021699
0.021717
0.021552
0.021725
0.021636
0.021773
0.021451
0.021711
0.021373
0.021629
0.021346
0.021594
0.021386
0.021651
0.021572
0.021623
0.021377
0.02161
0.02137
0.021706
0.021806
0.021597
0.021246
0.02173
0.021394
0.021625
0.021426
0.02155
0.021455
0.021533
0.02187
0.021775
0.021662
0.022189
0.02151
0.021588
0.021499
0.021586
0.021685
0.02171
0.021511
0.022319
0.021847
0.021752
0.021864
0.022937
0.021325
0.021959
0.021729
0.021998
0.02154
0.021778
0.021412
0.021944
0.021497
0.021756
0.021444
0.021689
0.021294
0.021761
0.021463
0.02178
0.021496
0.021694
0.021456
0.021957
0.021513
0.021727
0.021444
0.021668
0.021262
0.021586
0.021553
0.021841
0.021445
0.02161
0.021412
0.021587
0.021419
0.021674
0.021438
0.021821
0.021379
0.021608
0.021407
0.021599
0.021412
0.021615
0.021419
0.021573
0.021381
0.021835
0.060783
0.027152
0.029297
0.022042
0.023744
0.021661
0.021363
0.02161
0.021338
0.021692
0.021373
0.021531
0.031432
0.023548
0.023232
0.023105
0.021524
0.021449
0.021496
0.021453
0.021673
0.021524
0.021642
0.021958
