0.19701
0.22387
0.056704
0.029467
0.038189
0.033596
0.027009
0.023539
0.023249
0.023124
0.023004
0.022994
0.024141
0.023799
0.023872
0.022893
0.023234
0.023274
0.023202
0.022569
0.024238
0.023697
0.023428
0.023172
0.023252
0.023354
0.023224
0.022117
0.022526
0.021926
0.021783
0.022502
0.02209
0.022302
0.02254
0.022606
0.023263
0.02271
0.023135
0.02261
0.023206
0.023247
0.024407
0.022826
0.023302
0.023113
0.023076
0.021506
0.021526
0.021486
0.021769
0.021697
0.021597
0.022093
0.021632
0.021601
0.023057
0.022269
0.022112
0.022111
0.022142
0.022372
0.022659
0.022539
0.021355
0.021379
0.02163
0.022092
0.021577
0.021466
0.021461
0.02145
0.021552
0.021578
0.02171
0.019579
0.021543
0.02167
0.021778
0.021322
0.022294
0.022179
0.022241
0.022875
0.022828
0.022817
0.022876
0.022882
0.022187
0.022206
0.022207
0.022222
0.023249
0.022893
0.022138
0.022192
0.022182
0.022393
0.022855
0.022321
0.023632
0.023188
0.02275
0.022351
0.022404
0.022983
0.02299
0.022965
0.022851
0.023026
0.022258
0.023703
0.023756
0.023105
0.022432
0.023749
0.022462
0.022189
0.022155
0.022196
0.022185
0.022281
0.023067
0.022561
0.022414
0.022994
0.023644
0.02313
0.023142
0.023729
0.024128
0.023231
0.024204
0.023118
0.024021
0.023179
0.023055
0.02286
0.023133
0.023073
0.023195
0.022255
0.022553
0.022193
0.022281
0.022207
0.022495
0.022218
0.022188
0.022502
0.022385
0.022199
0.022198
0.02226
0.02221
0.02219
0.022462
0.02224
0.022153
0.023164
0.022505
0.021433
0.021416
0.022608
0.022269
0.022399
0.022209
0.02233
0.023007
0.022328
0.022457
0.022633
0.022433
0.022554
0.022266
0.02315
0.022258
0.023531
0.02235
0.023639
0.023307
0.022516
0.022271
0.02304
0.02232
0.022246
0.022298
0.022299
0.022316
0.022293
0.022255
0.022395
0.022267
0.022562
0.022542
0.0222
0.022243
0.02221
0.022189
0.022887
0.022881
0.023099
0.023083
0.023022
0.02232
0.022293
0.023094
0.023091
0.022435
0.023069
0.022398
0.022366
0.022372
0.023039
0.02244
0.022312
0.022368
0.022328
0.022389
0.022322
0.022456
0.022261
0.022313
0.022227
0.022248
0.022327
0.023078
0.022352
0.022305
0.022976
0.023931
0.023891
0.023948
0.023932
0.024051
0.024046
0.023207
0.024003
0.023127
0.022315
0.023313
0.022211
0.02308
0.022341
0.022129
0.02257
0.02203
0.02385
0.023457
0.024069
0.024535
0.024039
0.024673
0.024807
0.023749
0.024056
0.022835
0.022302
0.022905
0.022245
0.022859
0.022281
0.021984
0.022173
0.023248
0.023034
0.021955
0.02231
0.021919
0.022051
0.022847
0.022469
0.02369
0.023894
0.022876
0.023867
0.023614
0.02381
0.023365
0.022707
0.0229
0.022717
0.022787
0.023635
0.022818
0.022843
0.022792
0.021975
0.022005
0.022758
0.021903
0.021866
0.022146
0.022704
0.023177
0.023871
0.023687
0.022888
0.023471
0.023805
0.022714
0.022792
0.023664
0.023742
0.022723
0.023784
0.021816
0.022022
0.022795
0.022846
0.021898
0.021964
0.022701
0.022341
0.022326
0.022263
0.022256
0.022325
0.022285
0.023101
0.022835
0.022868
0.022927
0.022951
0.022923
0.023024
0.022975
0.022912
0.022883
0.02287
0.024093
0.023987
0.023458
0.022685
0.02301
0.024119
0.02299
0.022964
0.023076
0.022315
0.022286
0.0223
0.02306
0.023119
0.023042
0.023136
0.023143
0.023165
0.023123
0.023081
0.023031
0.023105
0.023125
0.023088
0.023029
0.023105
0.022212
0.022249
0.021958
0.02249
0.022339
0.022289
0.022554
0.022291
0.022432
