1
164.1029,53.5795,44.5891,174.3643
166.1611,51.5212,44.5891,174.3643
166.5728,51.9329,44.5891,174.3643
166.1611,50.6980,44.5891,174.3643
166.5728,51.1096,44.5891,174.3643
167.4450,53.3656,43.6382,170.6460
167.0421,52.9627,43.6382,170.6460
165.5659,54.3939,42.7076,167.0069
165.1716,53.2111,42.7076,167.0069
161.6231,52.0283,42.7076,167.0069
162.4585,55.7091,41.7969,163.4454
158.2139,53.7798,41.7969,163.4454
157.8281,53.3939,41.7969,163.4454
153.5835,52.2363,41.7969,163.4454
154.7411,52.6222,41.7969,163.4454
149.7248,51.4646,41.7969,163.4454
149.3389,51.0787,41.7969,163.4454
148.1813,49.9211,41.7969,163.4454
147.7954,51.0787,41.7969,163.4454
147.1253,53.9372,40.9055,159.9599
146.7477,53.5596,40.9055,159.9599
146.8199,55.6292,40.0332,156.5487
147.6029,58.3671,39.1795,153.2103
146.5178,56.5586,39.1795,153.2103
147.9815,58.5408,38.3440,149.9430
149.4139,59.1160,37.5263,146.7454
148.6393,56.4144,38.3565,149.9922
150.4099,55.3520,38.3565,149.9922
149.6182,52.5906,39.2052,153.3108
148.0579,49.7680,40.0726,156.7028
147.9984,47.6507,40.9592,160.1698
148.3766,45.7600,40.9592,160.1698
147.9984,46.1381,40.9592,160.1698
148.3766,45.0037,40.9592,160.1698
147.2422,45.3818,40.9592,160.1698
147.1814,40.0791,41.8654,163.7136
145.5152,36.2630,42.7917,167.3357
146.7004,33.4976,42.7917,167.3357
147.8856,33.1026,42.7917,167.3357
146.7004,34.2877,42.7917,167.3357
146.3054,33.8927,42.7917,167.3357
148.2806,36.6581,42.7917,167.3357
147.0955,34.6828,42.7917,167.3357
148.6941,42.9402,41.8792,163.7673
146.5320,47.2950,40.9861,160.2749
152.4397,43.5333,40.1120,156.8570
153.9170,38.3403,40.9995,160.3274
151.0707,39.6850,40.1252,156.9084
149.9594,40.7963,40.1252,156.9084
154.7750,42.6485,40.1252,156.9084
153.4176,43.2504,39.2695,153.5623
156.6805,43.6129,39.2695,153.5623
156.3180,44.7005,39.2695,153.5623
155.2303,40.7126,39.2695,153.5623
155.9985,39.9040,38.4321,150.2875
157.0629,44.5164,38.4321,150.2875
157.0059,43.2220,39.2824,153.6126
154.6900,44.9090,40.1515,157.0113
154.0463,47.6550,39.2953,153.6630
160.2135,36.4089,39.2953,153.6630
162.7529,31.6928,39.2953,153.6630
160.9391,30.6045,39.2953,153.6630
161.0084,33.2919,38.4573,150.3861
171.3424,46.8727,37.6372,147.1791
173.4183,54.8053,36.8345,144.0404
174.0692,50.0365,37.6495,147.2273
175.1120,48.9938,37.6495,147.2273
174.3349,49.8894,38.4825,150.4847
173.9796,51.6658,38.4825,150.4847
183.6356,45.3944,37.6619,147.2756
187.0533,41.2676,36.8587,144.1349
192.8381,46.3718,36.8587,144.1349
195.9006,50.7955,36.8587,144.1349
198.6703,46.0236,37.6742,147.3239
200.4093,48.4583,37.6742,147.3239
195.3014,48.6328,38.5077,150.5834
192.2936,46.5981,39.3597,153.9151
189.2192,45.2724,40.2306,157.3204
186.8474,42.3760,41.1207,160.8011
192.3005,37.0524,42.0305,164.3589
190.6278,34.0265,42.9604,167.9953
2
0
0
0
0
1
214.0031,58.9610,47.9103,159.1429
212.0400,57.7832,47.9103,159.1429
218.7143,62.1018,47.9103,159.1429
220.6774,61.7092,47.9103,159.1429
212.4081,61.1707,48.9703,162.6639
211.4501,59.7875,50.0537,166.2628
215.1416,61.8384,50.0537,166.2628
216.0706,65.5879,48.9863,162.7172
214.8664,64.3837,48.9863,162.7172
214.4649,64.7851,48.9863,162.7172
218.8806,65.1865,48.9863,162.7172
221.6906,65.5880,48.9863,162.7172
229.0617,60.8726,50.0702,166.3173
231.1133,61.2829,50.0702,166.3173
226.5999,60.8726,50.0702,166.3173
222.0866,62.1035,50.0702,166.3173
220.8556,62.5138,50.0702,166.3173
235.2312,64.6826,49.0024,162.7706
240.0111,66.8052,47.9574,159.2994
236.4742,70.3422,47.9574,159.2994
232.9372,71.5211,47.9574,159.2994
227.1062,70.9821,49.0185,162.8239
223.6467,64.5966,50.1030,166.4264
222.4150,67.4706,50.1030,166.4264
219.5410,71.9869,50.1030,166.4264
223.2362,79.7878,50.1030,166.4264
226.1102,84.3041,50.1030,166.4264
223.8743,84.8915,49.0345,162.8773
221.6860,89.3392,47.9889,159.4039
226.0118,81.8675,47.9889,159.4039
223.4409,73.1681,49.0506,162.9307
222.4813,74.2849,50.1359,166.5356
207.5721,72.4966,49.0667,162.9842
199.9325,68.8779,49.0667,162.9842
197.9221,70.0842,49.0667,162.9842
193.4992,66.4654,49.0667,162.9842
187.4680,64.4550,49.0667,162.9842
179.8335,58.8976,50.1523,166.5902
177.7786,57.6646,50.1523,166.5902
173.3863,54.5425,51.2619,170.2760
174.6465,58.3232,51.2619,170.2760
168.3454,56.2228,51.2619,170.2760
163.7246,54.1225,51.2619,170.2760
166.2083,55.2895,52.3961,174.0434
163.4013,49.3550,53.5554,177.8941
169.1066,51.5493,53.5554,177.8941
170.4232,53.7436,53.5554,177.8941
172.1073,47.6778,54.7403,181.8300
177.0417,50.8178,54.7403,181.8300
189.0018,50.2025,55.9514,185.8530
200.2752,51.4763,57.1893,189.9650
202.6184,56.6314,57.1893,189.9650
206.3901,59.1087,55.9697,185.9139
211.4353,60.4846,55.9697,185.9139
215.5631,61.8606,55.9697,185.9139
221.5256,57.7327,55.9697,185.9139
226.5707,55.4395,55.9697,185.9139
231.6159,58.6500,55.9697,185.9139
236.6610,54.5222,55.9697,185.9139
239.8715,54.9808,55.9697,185.9139
243.0821,50.8530,55.9697,185.9139
248.1272,54.9808,55.9697,185.9139
247.0322,47.6898,57.2081,190.0273
249.8040,44.1285,58.4738,194.2316
247.4081,46.5243,58.4738,194.2316
244.0539,43.1701,58.4738,194.2316
247.4081,47.4827,58.4738,194.2316
244.0539,44.1285,58.4738,194.2316
246.4498,49.3994,58.4738,194.2316
246.6114,53.7796,57.2268,190.0896
245.2045,53.3107,57.2268,190.0896
244.7356,57.5312,57.2268,190.0896
248.0182,54.2486,57.2268,190.0896
246.6114,59.4071,57.2268,190.0896
249.3841,50.9792,58.4930,194.2953
245.2559,51.3163,59.7871,198.5941
249.1989,60.5172,58.5122,194.3590
248.4364,61.2031,57.2644,190.2142
247.0286,59.7954,57.2644,190.2142
242.8053,61.2031,57.2644,190.2142
225.4427,62.6109,57.2644,190.2142
214.7458,65.9960,56.0432,186.1579
206.0477,63.9971,54.8481,182.1880
196.5810,57.7848,56.0616,186.2189
189.6899,65.5946,56.0616,186.2189
184.6365,59.6224,56.0616,186.2189
178.5923,70.9067,54.8660,182.2477
175.4451,66.8603,54.8660,182.2477
174.0963,74.5036,54.8660,182.2477
172.0899,74.8198,56.0800,186.2800
172.8999,75.1430,57.3207,190.4014
171.2474,77.6259,56.0983,186.3410
173.1748,82.7144,54.9020,182.3673
164.6267,84.0641,54.9020,182.3673
155.1788,80.9148,54.9020,182.3673
147.5250,82.4257,53.7312,178.4782
144.2784,88.1483,52.5854,174.6721
147.7204,84.8747,53.7488,178.5368
160.4935,82.6725,53.7488,178.5368
168.2836,88.3969,52.6026,174.7294
174.7495,87.1037,52.6026,174.7294
178.6290,88.3969,52.6026,174.7294
182.5085,86.2416,52.6026,174.7294
185.9777,91.8440,51.4809,171.0033
190.1862,93.2607,50.3830,167.3566
195.1008,95.4431,49.3086,163.7876
198.3528,96.0212,48.2571,160.2948
200.0108,97.3492,47.2280,156.8765
198.0757,98.5102,47.2280,156.8765
195.3666,100.4453,47.2280,156.8765
193.4316,101.6063,47.2280,156.8765
191.4965,102.7674,47.2280,156.8765
191.1095,103.9284,47.2280,156.8765
193.8186,105.0895,47.2280,156.8765
194.2056,103.1544,47.2280,156.8765
192.2705,100.4453,47.2280,156.8765
193.4316,99.2842,47.2280,156.8765
193.0445,97.3492,47.2280,156.8765
194.2056,93.8660,47.2280,156.8765
189.9484,95.8011,47.2280,156.8765
186.3487,100.8311,46.2208,153.5311
181.4248,102.7249,46.2208,153.5311
174.2283,105.3762,46.2208,153.5311
169.3044,104.2399,46.2208,153.5311
165.1381,106.1338,46.2208,153.5311
160.9717,104.2399,46.2208,153.5311
162.1080,104.6187,46.2208,153.5311
158.8459,99.3836,47.2435,156.9279
144.2652,98.8525,48.2887,160.4000
2
0
0
0
0
1
228.3286,52.0993,43.3385,127.5453
227.3506,52.4253,43.3385,127.5453
225.0685,51.4473,43.3385,127.5453
224.7425,51.7733,43.3385,127.5453
224.4165,52.0993,43.3385,127.5453
224.7425,53.0774,43.3385,127.5453
225.7205,54.7074,43.3385,127.5453
227.3506,56.3375,43.3385,127.5453
228.3286,59.2716,43.3385,127.5453
230.9904,64.0882,42.4143,124.8253
232.3652,69.4170,41.5098,122.1634
231.4284,74.7254,41.5098,122.1634
231.2932,76.9376,42.4282,124.8663
231.1550,77.8743,43.3669,127.6289
232.1336,77.5480,43.3669,127.6289
232.4599,77.2218,43.3669,127.6289
233.4386,76.2431,43.3669,127.6289
235.3280,75.1697,44.3264,130.4527
237.6622,73.5024,44.3264,130.4527
237.3287,75.8366,44.3264,130.4527
240.6939,89.1191,43.3811,127.6708
239.7149,94.0142,43.3811,127.6708
235.4594,98.8354,42.4560,124.9482
233.2237,104.9036,42.4560,124.9482
234.5999,117.6257,41.5506,122.2836
229.2863,116.0628,41.5506,122.2836
232.0994,118.8759,41.5506,122.2836
243.6643,126.0649,41.5506,122.2836
248.9779,130.1283,41.5506,122.2836
261.1705,130.5284,40.6646,119.6759
267.2061,129.7405,39.7974,117.1237
278.3070,131.2779,38.9487,114.6260
290.3008,131.6529,38.1181,112.1816
2
0
0
0
0
1
201.3827,90.1116,76.7365,112.7704
204.7249,90.4829,76.7365,112.7704
196.1837,87.1407,76.7365,112.7704
198.7832,88.2548,76.7365,112.7704
197.8118,88.3834,75.1001,110.3655
197.4483,87.2931,75.1001,110.3655
195.6312,85.4760,75.1001,110.3655
198.1752,86.5663,75.1001,110.3655
202.8293,87.3927,73.4986,108.0120
208.1646,91.3053,73.4986,108.0120
199.6020,90.4794,75.1247,110.4017
191.6043,88.1265,76.7868,112.8444
187.7669,86.8226,75.1493,110.4379
198.7336,91.1549,73.5468,108.0828
212.2108,96.0810,71.9784,105.7779
234.8013,98.8875,70.4434,103.5222
189.4615,99.2284,70.4434,103.5222
184.3480,96.1603,70.4434,103.5222
192.1887,97.1830,70.4434,103.5222
204.1202,96.8421,70.4434,103.5222
208.5519,97.8648,70.4434,103.5222
200.7112,96.1603,70.4434,103.5222
197.6431,97.1831,70.4434,103.5222
200.0294,96.8422,70.4434,103.5222
204.3949,98.9317,68.9412,101.3145
208.1321,98.1571,70.4665,103.5561
196.8786,97.8160,70.4665,103.5561
199.2734,99.2489,68.9638,101.3477
193.3167,97.0890,70.4896,103.5901
205.6318,98.4204,72.0492,105.8820
218.2194,97.6109,73.6433,108.2246
232.4013,99.7953,72.0728,105.9167
200.6618,95.9587,72.0728,105.9167
196.8252,94.9123,72.0728,105.9167
201.3594,93.8660,72.0728,105.9167
201.0106,93.5172,72.0728,105.9167
201.3594,93.1684,72.0728,105.9167
205.1960,92.8196,72.0728,105.9167
207.6454,92.9404,70.5358,103.6580
203.8906,92.5991,70.5358,103.6580
196.7223,90.8923,70.5358,103.6580
200.5459,90.8081,72.0964,105.9514
208.0740,92.1699,73.6916,108.2956
214.2886,89.8619,75.3220,110.6917
216.8402,93.1425,75.3220,110.6917
203.3533,89.8619,75.3220,110.6917
205.2104,87.8801,73.7157,108.3311
207.7076,88.9503,73.7157,108.3311
210.9182,89.3070,73.7157,108.3311
214.1289,91.8042,73.7157,108.3311
213.7721,88.5936,73.7157,108.3311
200.0027,86.2848,75.3467,110.7280
195.9917,84.4617,75.3467,110.7280
203.1026,85.8849,77.0137,113.1778
210.9292,84.7668,77.0137,113.1778
217.2651,86.6303,77.0137,113.1778
222.1101,84.7668,77.0137,113.1778
220.9920,88.8664,77.0137,113.1778
210.9292,87.0030,77.0137,113.1778
209.2358,87.8505,75.3714,110.7643
213.2480,92.5923,75.3714,110.7643
209.2358,90.7685,75.3714,110.7643
206.1722,90.8949,73.7641,108.4022
201.5316,89.8240,73.7641,108.4022
199.0328,85.8973,73.7641,108.4022
205.2536,90.2534,75.3961,110.8006
213.1262,91.6776,77.0643,113.2520
226.9250,87.5752,77.0643,113.2520
233.2650,86.4564,77.0643,113.2520
238.0408,85.1477,75.4208,110.8369
265.2297,90.9029,73.8125,108.4733
281.3039,91.9745,73.8125,108.4733
2
0
0
0
0
1
223.1189,90.2947,68.1183,128.1818
228.0832,90.6766,68.1183,128.1818
233.0475,89.5310,68.1183,128.1818
238.0118,88.3854,68.1183,128.1818
242.2123,88.0035,68.1183,128.1818
245.6492,86.8579,68.1183,128.1818
247.5585,86.4761,68.1183,128.1818
250.2316,85.3305,68.1183,128.1818
252.9046,87.2398,68.1183,128.1818
254.0502,85.3305,68.1183,128.1818
252.9046,87.2398,68.1183,128.1818
251.7590,86.0942,68.1183,128.1818
250.6134,87.2398,68.1183,128.1818
250.2316,86.0942,68.1183,128.1818
251.3772,86.4761,68.1183,128.1818
250.2274,83.8695,69.6254,131.0178
249.8371,85.0405,69.6254,131.0178
254.1306,82.3082,69.6254,131.0178
255.3015,82.6986,69.6254,131.0178
259.5950,83.8695,69.6254,131.0178
262.3272,82.6986,69.6254,131.0178
259.5950,80.7470,69.6254,131.0178
256.9515,85.5299,68.1406,128.2238
262.1425,82.1298,69.6483,131.0608
258.6285,87.2056,69.6483,131.0608
245.7438,83.6916,69.6483,131.0608
240.6680,90.3291,69.6483,131.0608
240.2776,90.7196,69.6483,131.0608
232.0782,87.9865,69.6483,131.0608
223.8789,87.5960,69.6483,131.0608
218.8031,91.8909,69.6483,131.0608
217.6641,92.9120,68.1630,128.2659
210.6564,93.9114,66.7094,125.5306
203.0773,94.8894,65.2868,122.8536
195.3914,95.2554,65.2868,122.8536
190.6334,95.6214,65.2868,122.8536
188.8035,94.5234,65.2868,122.8536
181.6260,91.2658,66.7313,125.5717
196.8008,91.0410,68.2077,128.3500
193.3594,93.7176,68.2077,128.3500
198.1407,95.4547,66.7531,125.6129
189.1139,96.4333,65.3296,122.9342
178.1616,98.8031,63.9364,120.3126
172.2794,98.3586,62.5730,117.7469
166.5226,98.5998,61.2386,115.2359
164.8593,102.1448,59.9327,112.7785
163.8792,103.6711,58.6546,110.3734
164.8656,104.6576,58.6546,110.3734
162.6387,105.5175,57.4038,108.0197
164.1812,106.3591,56.1796,105.7161
161.3468,105.4143,56.1796,105.7161
159.7721,105.0994,56.1796,105.7161
161.2818,106.5302,54.9816,103.4617
164.5418,109.7129,53.8091,101.2553
167.1507,109.9203,52.6616,99.0960
177.6714,114.6761,51.5385,96.9828
173.3376,114.9650,51.5385,96.9828
168.4259,114.6761,51.5385,96.9828
164.6699,114.3872,51.5385,96.9828
164.3810,116.4096,51.5385,96.9828
162.9812,116.0513,50.4395,94.9146
161.5673,114.6375,50.4395,94.9146
165.8088,114.9203,50.4395,94.9146
164.9605,116.8996,50.4395,94.9146
163.5467,117.1824,50.4395,94.9146
163.2669,117.3768,49.3638,92.8905
164.6505,116.5466,49.3638,92.8905
167.6946,116.2698,49.3638,92.8905
171.1550,120.1943,48.3111,90.9096
172.9753,120.3805,47.2809,88.9709
174.7568,124.6504,46.2726,87.0736
176.0538,123.3533,46.2726,87.0736
193.2990,127.0321,45.2858,85.2167
189.4909,126.7782,45.2858,85.2167
183.1442,128.0475,45.2858,85.2167
177.6388,126.8414,46.2878,87.1022
170.6326,125.0250,46.2878,87.1022
165.5438,125.9460,47.3119,89.0293
162.0959,125.6808,47.3119,89.0293
159.7088,123.8242,47.3119,89.0293
162.0959,124.6198,47.3119,89.0293
158.6479,125.9460,47.3119,89.0293
158.8967,124.0832,46.3029,87.1307
159.1563,122.7853,46.3029,87.1307
158.3776,124.0832,46.3029,87.1307
157.0797,124.8619,46.3029,87.1307
155.7595,123.6287,47.3274,89.0585
154.4102,122.3683,48.3745,91.0289
152.4683,122.2053,49.4448,93.0429
149.9082,121.4636,50.5388,95.1015
152.3587,122.7507,49.4610,93.0734
154.2996,123.5826,49.4610,93.0734
158.3013,124.3077,48.4062,91.0886
159.1154,125.1218,48.4062,91.0886
161.9855,124.7853,47.3740,89.1461
165.8184,123.4320,46.3637,87.2451
193.6291,126.2910,46.3637,87.2451
191.3677,128.4739,45.3750,85.3845
189.6449,127.1777,44.4073,83.5637
186.5192,125.9092,43.4604,81.7817
187.8079,123.7406,44.4219,83.5911
186.0647,122.4955,44.4219,83.5911
186.8118,123.7406,44.4219,83.5911
191.3659,121.9916,43.4746,81.8085
189.2454,121.6894,42.5475,80.0639
192.3462,120.9738,42.5475,80.0639
197.3551,119.7812,42.5475,80.0639
196.1420,116.6684,43.4889,81.8353
197.8486,114.9618,43.4889,81.8353
205.8939,116.1808,43.4889,81.8353
208.9424,118.6982,42.5614,80.0901
217.2933,118.4596,42.5614,80.0901
220.8723,120.1298,42.5614,80.0901
224.9285,121.3228,42.5614,80.0901
227.5531,120.1298,42.5614,80.0901
230.9965,122.5936,41.6538,78.3822
236.3672,121.4261,41.6538,78.3822
239.7373,123.3872,40.7655,76.7107
241.7940,123.6157,40.7655,76.7107
243.8508,122.4731,40.7655,76.7107
246.8217,123.6157,40.7655,76.7107
256.5660,121.1074,41.6675,78.4079
251.1935,122.2753,41.6675,78.4079
247.2225,122.5089,41.6675,78.4079
238.5798,119.4723,41.6675,78.4079
238.3463,117.3700,41.6675,78.4079
236.7112,115.2677,41.6675,78.4079
236.0079,114.1580,42.5894,80.1427
233.8591,115.8293,42.5894,80.1427
230.2778,114.6355,42.5894,80.1427
224.7864,116.7843,42.5894,80.1427
221.3284,118.3292,41.6811,78.4336
217.8235,117.1609,41.6811,78.4336
219.4591,120.1985,41.6811,78.4336
218.2908,120.4322,41.6811,78.4336
210.3145,120.2918,42.6033,80.1689
206.7320,121.9636,42.6033,80.1689
207.4485,120.2918,42.6033,80.1689
202.9107,121.0083,42.6033,80.1689
195.2535,116.9001,43.5459,81.9427
200.1884,119.4209,42.6173,80.1952
200.9051,120.1376,42.6173,80.1952
199.2328,120.3766,42.6173,80.1952
198.9939,121.5711,42.6173,80.1952
198.7574,123.1170,41.7085,78.4850
198.9913,122.4156,41.7085,78.4850
201.0956,124.9876,41.7085,78.4850
211.1497,124.7537,41.7085,78.4850
205.7719,127.3257,41.7085,78.4850
196.6531,125.2214,41.7085,78.4850
192.6782,126.8581,41.7085,78.4850
195.1512,127.4696,40.8190,76.8113
194.0071,128.6137,40.8190,76.8113
196.4274,126.1244,39.9485,75.1733
197.9326,125.8466,39.0966,73.5702
199.0285,125.1891,39.0966,73.5702
202.1916,127.8749,38.2629,72.0013
203.2641,128.5183,38.2629,72.0013
202.1916,129.5908,38.2629,72.0013
202.3929,131.8058,37.4469,70.4659
201.7631,129.9165,37.4469,70.4659
203.6524,131.8058,37.4469,70.4659
208.2475,130.3729,38.2754,72.0249
221.8489,128.9083,39.1223,73.6185
220.3137,130.4435,39.1223,73.6185
216.1467,131.9787,39.1223,73.6185
210.0253,128.6614,39.9879,75.2473
210.6978,127.0922,39.9879,75.2473
206.3017,125.0968,40.8726,76.9121
205.6118,122.1065,41.7769,78.6138
202.5672,124.2143,41.7769,78.6138
197.1806,121.6381,41.7769,78.6138
192.2625,119.9987,41.7769,78.6138
187.6696,117.4282,42.7012,80.3531
190.3028,116.2313,42.7012,80.3531
191.9785,115.9919,42.7012,80.3531
189.8240,113.8375,42.7012,80.3531
191.5869,111.7068,43.6460,82.1310
194.4041,111.0521,44.6116,83.9481
194.6542,109.8016,44.6116,83.9481
193.3823,109.6513,45.5987,85.8055
193.6221,109.8271,44.6263,83.9756
197.7149,109.9991,43.6746,82.1848
197.9446,109.6955,42.7432,80.4322
196.7837,108.9364,41.8317,78.7170
197.0182,106.8258,41.8317,78.7170
197.7719,104.2519,42.7572,80.4586
201.3674,102.0947,42.7572,80.4586
204.0040,100.4168,42.7572,80.4586
206.5392,99.1954,41.8454,78.7428
209.4725,100.2611,40.9531,77.0636
214.5561,100.4190,40.0797,75.4202
222.7379,98.4191,40.9665,77.0888
225.3822,99.2342,41.8729,78.7944
233.9299,95.6836,42.7993,80.5377
244.1604,93.5480,43.7462,82.3196
242.4437,92.8123,43.7462,82.3196
239.6699,91.1383,44.7141,84.1410
236.8346,88.3870,45.7034,86.0026
238.6281,88.1308,45.7034,86.0026
241.3380,89.7887,44.7288,84.1685
254.1261,89.5379,44.7288,84.1685
257.7450,90.6771,43.7749,82.3736
259.8674,93.6842,42.8414,80.6170
261.5486,94.4047,42.8414,80.6170
265.1511,92.7235,42.8414,80.6170
270.6750,94.4047,42.8414,80.6170
274.7578,95.6055,42.8414,80.6170
306.2197,92.9637,42.8414,80.6170
307.8340,92.6658,41.9278,78.8978
306.6952,91.9212,41.0337,77.2153
304.6938,92.5228,40.1586,75.5686
301.7671,93.6485,40.1586,75.5686
300.6415,95.6746,40.1586,75.5686
299.0656,96.3500,40.1586,75.5686
297.9400,94.7741,40.1586,75.5686
297.2646,94.0987,40.1586,75.5686
296.6078,95.9894,39.3022,73.9571
294.1842,94.8878,39.3022,73.9571
293.5233,94.6675,39.3022,73.9571
291.5403,93.1252,39.3022,73.9571
290.8976,91.5778,38.4641,72.3800
289.8194,91.3622,38.4641,72.3800
288.7412,89.4215,38.4641,72.3800
287.6631,89.6371,38.4641,72.3800
287.0162,88.9903,38.4641,72.3800
288.0944,89.6371,38.4641,72.3800
289.1725,88.9903,38.4641,72.3800
290.6819,89.2059,38.4641,72.3800
292.2698,88.6289,39.3151,73.9814
297.1501,87.9307,38.4767,72.4037
303.1738,88.9106,37.6562,70.8597
310.6967,89.0558,36.8532,69.3486
2
0
0
0
0
1
154.3349,36.8404,96.0534,186.0926
141.7242,33.0024,96.0534,186.0926
129.1136,29.1644,96.0534,186.0926
117.5995,28.6161,96.0534,186.0926
108.2785,30.2609,96.0534,186.0926
97.8610,27.5195,96.0534,186.0926
89.6367,30.2609,96.0534,186.0926
82.5089,30.8092,96.0534,186.0926
74.2846,33.5507,96.0534,186.0926
67.1568,34.0990,96.0534,186.0926
58.9325,37.9370,96.0534,186.0926
52.7502,39.8603,98.1786,190.2099
48.8273,41.5415,98.1786,190.2099
47.1460,46.5853,98.1786,190.2099
43.2231,51.6291,98.1786,190.2099
43.7835,47.7062,98.1786,190.2099
45.3705,56.7565,96.0849,186.1536
49.0382,57.1554,94.0359,182.1838
51.7221,52.3244,94.0359,182.1838
56.3464,62.0276,92.0305,178.2987
59.8594,68.4858,90.0679,174.4964
62.3064,69.8508,88.1472,170.7753
62.7613,73.1267,86.2675,167.1334
65.1050,75.3834,84.4278,163.5693
66.4697,77.5920,82.6273,160.0811
66.8962,75.2074,80.8653,156.6673
69.9829,75.5432,79.1408,153.3264
73.0039,77.6135,77.4531,150.0566
75.1082,79.6396,75.8014,146.8566
81.3380,75.7838,74.1849,143.7249
85.8024,79.3571,72.6029,140.6599
91.1900,74.7984,72.6029,140.6599
94.9199,77.6994,72.6029,140.6599
100.3075,72.3118,72.6029,140.6599
103.8778,76.6078,71.0546,137.6603
105.8082,76.9028,69.5394,134.7246
105.4019,81.0175,68.0564,131.8516
110.2464,77.5557,66.6051,129.0398
109.8572,78.5651,65.1847,126.2880
115.2145,78.1185,63.7946,123.5949
114.8418,79.7873,62.4342,120.9592
119.9730,80.7336,61.1028,118.3797
122.9778,83.0044,59.7997,115.8552
127.2345,83.9107,58.5245,113.3846
129.4685,84.7977,57.2764,110.9666
127.2431,83.7750,56.0550,108.6002
126.9156,85.8582,54.8596,106.2843
124.7236,81.1609,54.8596,106.2843
123.7841,80.8478,54.8596,106.2843
122.8447,78.6558,54.8596,106.2843
123.1578,80.2215,54.8596,106.2843
127.2288,77.4032,54.8596,106.2843
128.7945,79.5952,54.8596,106.2843
136.9252,77.4083,53.6897,104.0177
140.7470,79.4036,52.5448,101.7995
144.0463,77.3041,52.5448,101.7995
146.6302,76.9441,51.4242,99.6286
148.6849,82.5213,51.4242,99.6286
147.2172,85.1632,51.4242,99.6286
153.7071,83.6791,50.3276,97.5040
156.2926,81.6681,50.3276,97.5040
158.3035,81.3809,50.3276,97.5040
158.0162,81.0936,50.3276,97.5040
162.9000,81.9554,50.3276,97.5040
162.6127,80.5190,50.3276,97.5040
166.9219,78.5081,50.3276,97.5040
169.9506,81.4860,49.2543,95.4247
178.1040,85.1410,49.2543,95.4247
182.3213,88.2337,49.2543,95.4247
185.2854,88.4382,48.2040,93.3898
185.5341,90.2296,47.1760,91.3982
183.1105,91.0374,47.1760,91.3982
181.2255,90.7682,47.1760,91.3982
185.2648,93.7303,47.1760,91.3982
186.0727,93.9996,47.1760,91.3982
185.2648,93.7303,47.1760,91.3982
186.0727,93.4610,47.1760,91.3982
189.0349,96.9618,47.1760,91.3982
188.2270,98.8468,47.1760,91.3982
191.1892,96.4232,47.1760,91.3982
190.9199,97.2311,47.1760,91.3982
187.4191,95.3461,47.1760,91.3982