1
284.8827,251.4274,43.8300,43.4276
287.1156,252.9733,43.8300,43.4276
287.6309,255.2062,43.8300,43.4276
288.1462,255.0345,43.8300,43.4276
287.2874,257.9545,43.8300,43.4276
287.4591,258.1263,43.8300,43.4276
287.6309,261.0463,43.8300,43.4276
287.1156,263.2793,43.8300,43.4276
285.9132,265.1687,43.8300,43.4276
282.9932,267.7452,43.8300,43.4276
281.7908,265.8558,43.8300,43.4276
280.2449,268.4323,43.8300,43.4276
279.3861,267.5735,43.8300,43.4276
279.5579,269.4629,43.8300,43.4276
278.6990,269.9782,43.8300,43.4276
279.5579,271.5241,43.8300,43.4276
279.7296,271.0088,43.8300,43.4276
278.8708,272.5547,43.8300,43.4276
279.7296,274.7877,43.8300,43.4276
280.9320,274.2724,43.8300,43.4276
281.1037,273.0700,43.8300,43.4276
280.2449,272.5547,43.8300,43.4276
280.0732,272.7265,43.8300,43.4276
281.2755,271.8677,43.8300,43.4276
278.6990,270.6653,43.8300,43.4276
279.5578,272.8983,43.8300,43.4276
278.0119,273.4136,43.8300,43.4276
278.5272,274.2724,43.8300,43.4276
278.6990,273.7571,43.8300,43.4276
276.4660,273.5853,43.8300,43.4276
278.0119,279.2537,43.8300,43.4276
276.4660,280.4560,43.8300,43.4276
275.2636,277.8795,43.8300,43.4276
276.4660,280.1125,43.8300,43.4276
275.2636,278.5666,43.8300,43.4276
276.1225,280.4560,43.8300,43.4276
276.6378,281.6584,43.8300,43.4276
277.4966,278.3948,43.8300,43.4276
276.2942,277.5360,43.8300,43.4276
277.4966,277.0207,43.8300,43.4276
278.6989,277.8795,43.8300,43.4276
278.1837,274.2724,43.8300,43.4276
277.6684,273.4136,43.8300,43.4276
276.4660,270.4936,43.8300,43.4276
277.3248,271.6959,43.8300,43.4276
273.7177,269.4630,43.8300,43.4276
273.8895,268.9477,43.8300,43.4276
272.3436,269.4630,43.8300,43.4276
272.1718,270.6653,43.8300,43.4276
272.6871,271.5242,43.8300,43.4276
272.8589,270.6653,43.8300,43.4276
272.0001,270.8371,43.8300,43.4276
272.1718,271.6959,43.8300,43.4276
270.6259,272.2112,43.8300,43.4276
271.1412,272.3830,43.8300,43.4276
269.5953,271.1806,43.8300,43.4276
268.7365,272.3830,43.8300,43.4276
267.1906,271.5241,43.8300,43.4276
266.3318,271.3524,43.8300,43.4276
266.5035,271.1806,43.8300,43.4276
265.6447,272.0394,43.8300,43.4276
261.3505,271.8677,43.8300,43.4276
260.1482,272.3830,43.8300,43.4276
259.9764,271.8677,43.8300,43.4276
259.4611,273.4136,43.8300,43.4276
257.2282,274.2724,43.8300,43.4276
255.3387,273.7571,43.8300,43.4276
251.3881,272.5548,43.8300,43.4276
249.8422,272.3830,43.8300,43.4276
249.6704,273.2418,43.8300,43.4276
248.1245,272.7266,43.8300,43.4276
245.8916,271.8677,43.8300,43.4276
245.3763,272.3830,43.8300,43.4276
244.5175,271.5242,43.8300,43.4276
242.9716,270.3218,43.8300,43.4276
243.4868,271.8677,43.8300,43.4276
243.6586,271.3524,43.8300,43.4276
245.5480,273.2419,43.8300,43.4276
248.8116,275.8184,43.8300,43.4276
249.3269,274.2725,43.8300,43.4276
249.1551,274.1007,43.8300,43.4276
250.3575,274.9596,43.8300,43.4276
251.2163,274.7878,43.8300,43.4276
252.0751,275.9902,43.8300,43.4276
252.9340,276.1619,43.8300,43.4276
253.4493,277.0207,43.8300,43.4276
251.2163,275.4748,43.8300,43.4276
250.3575,275.9901,43.8300,43.4276
250.1857,275.8184,43.8300,43.4276
249.6704,275.3031,43.8300,43.4276
249.1551,274.7878,43.8300,43.4276
248.2963,275.9902,43.8300,43.4276
247.7810,274.7878,43.8300,43.4276
247.2657,275.3031,43.8300,43.4276
245.3763,273.0701,43.8300,43.4276
243.4868,272.8984,43.8300,43.4276
242.6280,271.0089,43.8300,43.4276
242.1127,268.7760,43.8300,43.4276
238.1621,272.7266,43.8300,43.4276
239.0209,273.5854,43.8300,43.4276
245.7198,286.8114,43.8300,43.4276
260.6635,306.5646,43.8300,43.4276
279.3860,316.0117,43.8300,43.4276
297.7650,324.0847,43.8300,43.4276
322.3276,336.9672,43.8300,43.4276
345.8596,341.9484,43.8300,43.4276
358.0550,339.3719,43.8300,43.4276
359.9445,336.1084,43.8300,43.4276
361.8339,336.9672,43.8300,43.4276
365.0974,330.2683,43.8300,43.4276
368.7045,322.5388,43.8300,43.4276
373.3422,322.0235,43.8300,43.4276
374.8881,323.9130,43.8300,43.4276
371.2810,321.3365,43.8300,43.4276
368.3610,323.5694,43.8300,43.4276
369.5634,326.1460,43.8300,43.4276
366.9868,328.3789,43.8300,43.4276
365.0974,328.5507,43.8300,43.4276
362.1774,329.4095,43.8300,43.4276
362.6927,329.9248,43.8300,43.4276
360.4597,331.1272,43.8300,43.4276
355.1349,332.6731,43.8300,43.4276
352.5584,331.1272,43.8300,43.4276
346.8901,328.8942,43.8300,43.4276
338.8171,323.9130,43.8300,43.4276
334.1794,320.9929,43.8300,43.4276
334.6947,323.2259,43.8300,43.4276
336.9276,325.8024,43.8300,43.4276
336.4124,323.5694,43.8300,43.4276
332.4617,322.0235,43.8300,43.4276
332.6335,321.5082,43.8300,43.4276
332.1182,320.9929,43.8300,43.4276
332.6335,320.4776,43.8300,43.4276
333.4923,317.2141,43.8300,43.4276
327.8240,313.2635,43.8300,43.4276
323.8734,311.0305,43.8300,43.4276
322.6710,312.9199,43.8300,43.4276
319.4075,317.9012,43.8300,43.4276
309.9603,321.8518,43.8300,43.4276
305.6662,324.0848,43.8300,43.4276
306.5250,323.5695,43.8300,43.4276
308.4144,324.4283,43.8300,43.4276
307.5556,323.2259,43.8300,43.4276
307.7274,322.7107,43.8300,43.4276
309.9603,319.1036,43.8300,43.4276
311.1627,315.1529,43.8300,43.4276
312.7086,309.4846,43.8300,43.4276
313.2239,306.2211,43.8300,43.4276
315.4569,298.8351,43.8300,43.4276
317.6898,297.6328,43.8300,43.4276
319.5793,295.0563,43.8300,43.4276
320.0945,296.9457,43.8300,43.4276
321.6404,296.0869,43.8300,43.4276
321.1252,297.6328,43.8300,43.4276
320.6099,293.6821,43.8300,43.4276
324.5605,291.7927,43.8300,43.4276
325.7628,289.9033,43.8300,43.4276
325.9346,291.4492,43.8300,43.4276
327.4805,288.8727,43.8300,43.4276
327.3087,287.3268,43.8300,43.4276
328.5111,280.6279,43.8300,43.4276
328.2045,281.7514,44.7997,44.3885
328.0289,278.7667,44.7997,44.3885
329.2579,277.5377,44.7997,44.3885
328.3800,278.7667,44.7997,44.3885
330.3113,276.1332,44.7997,44.3885
332.5937,273.8508,44.7997,44.3885
334.8760,271.5684,44.7997,44.3885
336.4561,270.6906,44.7997,44.3885
338.7385,271.5684,44.7997,44.3885
336.8073,273.1485,44.7997,44.3885
334.8760,275.0798,44.7997,44.3885
336.8073,273.1485,44.7997,44.3885
338.7385,270.8662,44.7997,44.3885
342.4254,268.2326,44.7997,44.3885
345.7612,265.5991,44.7997,44.3885
344.5322,265.0724,44.7997,44.3885
342.7615,261.1205,45.7909,45.3706
345.8122,255.9165,45.7909,45.3706
348.5040,253.2247,45.7909,45.3706
348.3245,251.2507,45.7909,45.3706
351.3752,249.6357,45.7909,45.3706
354.7848,246.9439,45.7909,45.3706
357.8354,248.5589,45.7909,45.3706
360.1683,248.0206,45.7909,45.3706
363.2189,250.3534,45.7909,45.3706
365.1929,248.7384,45.7909,45.3706
367.5258,248.2000,45.7909,45.3706
367.3463,248.0206,45.7909,45.3706
367.5258,249.6356,45.7909,45.3706
371.3004,247.5249,44.8144,44.4030
373.2322,246.9980,44.8144,44.4030
372.3541,248.5787,44.8144,44.4030
374.2860,248.7543,44.8144,44.4030
376.2178,249.9837,44.8144,44.4030
375.5398,249.3102,45.8059,45.3854
379.6617,247.8909,44.8291,44.4176
382.2969,246.3098,44.8291,44.4176
382.1212,247.5396,44.8291,44.4176
382.6483,248.0666,44.8291,44.4176
382.4726,249.6477,44.8291,44.4176
383.3510,247.3639,44.8291,44.4176
384.5808,243.6745,44.8291,44.4176
385.4592,241.7420,44.8291,44.4176
386.3376,241.2150,44.8291,44.4176
386.5133,242.0934,44.8291,44.4176
387.3917,244.7286,44.8291,44.4176
386.8647,246.3098,44.8291,44.4176
385.2835,246.8368,44.8291,44.4176
382.6483,249.4721,44.8291,44.4176
382.4726,249.9991,44.8291,44.4176
380.8915,251.5802,44.8291,44.4176
376.1481,252.8100,44.8291,44.4176
375.6210,249.8234,44.8291,44.4176
374.5783,246.5980,45.8209,45.4003
375.4761,244.2636,45.8209,45.4003
372.9199,242.0846,46.8347,46.4048
371.2680,243.3694,46.8347,46.4048
368.2744,243.4274,47.8709,47.4315
365.0852,241.7390,47.8709,47.4315
362.6463,240.8009,47.8709,47.4315
359.5865,238.9138,48.9301,48.4809
358.2442,238.7220,48.9301,48.4809
357.6689,238.5303,48.9301,48.4809
357.0937,238.3385,48.9301,48.4809
356.1349,236.6128,48.9301,48.4809
357.4772,237.5715,48.9301,48.4809
359.6623,239.0126,47.8866,47.4471
359.8499,236.9483,47.8866,47.4471
361.1636,233.0073,47.8866,47.4471
360.6006,230.9430,47.8866,47.4471
362.2896,229.6294,47.8866,47.4471
361.5651,227.7416,48.9461,48.4968
362.9078,226.0152,48.9461,48.4968
363.3614,225.6777,50.0290,49.5698
363.9496,227.4423,50.0290,49.5698
363.7535,226.0699,50.0290,49.5698
365.0308,226.9454,51.1359,50.6666
363.4256,227.4245,52.2673,51.7876
364.4498,229.6776,52.2673,51.7876
365.4739,228.6534,52.2673,51.7876
364.6832,224.8928,53.4237,52.9334
366.5675,222.1711,53.4237,52.9334
365.9394,217.7745,53.4237,52.9334
366.5675,217.9839,53.4237,52.9334
367.1955,215.6809,53.4237,52.9334
367.4049,216.3090,53.4237,52.9334
367.6143,214.0060,53.4237,52.9334
369.0798,215.4715,53.4237,52.9334
367.4027,212.9310,54.6057,54.1045
368.9007,214.8570,54.6057,54.1045
369.5427,216.3549,54.6057,54.1045
369.7567,214.4290,54.6057,54.1045
371.2547,217.6389,54.6057,54.1045
370.8726,219.0386,55.8139,55.3016
372.4038,215.7576,55.8139,55.3016
379.1844,218.6011,55.8139,55.3016
382.9028,221.0071,55.8139,55.3016
382.6841,222.9757,55.8139,55.3016
379.8406,230.1938,55.8139,55.3016
377.6346,229.8090,57.0488,56.5251
373.5242,230.8074,58.3110,57.7757
369.6394,232.4070,58.3110,57.7757
367.3348,232.0049,59.6011,59.0540
366.9178,233.0479,60.9198,60.3606
369.6384,234.3819,59.6206,59.0734
369.2212,234.4556,60.9397,60.3804
368.9824,234.2168,60.9397,60.3804
368.0605,235.7788,62.2880,61.7163
371.3127,238.0838,60.9597,60.4002
370.5960,233.5448,60.9597,60.4002
372.7461,232.8281,60.9597,60.4002
372.5072,233.5448,60.9597,60.4002
372.0807,234.1159,62.3085,61.7365
373.3016,234.3601,62.3085,61.7365
374.5225,233.1391,62.3085,61.7365
375.7434,231.9182,62.3085,61.7365
377.4527,232.6508,62.3085,61.7365
378.1852,228.9880,62.3085,61.7365
379.4062,229.7206,62.3085,61.7365
381.1155,230.9415,62.3085,61.7365
383.4273,234.6594,60.9797,60.4200
384.1442,233.4645,60.9797,60.4200
387.7289,229.8799,60.9797,60.4200
388.9237,232.0307,60.9797,60.4200
391.0745,233.7035,60.9797,60.4200
392.2694,234.8984,60.9797,60.4200
394.4202,237.5271,60.9797,60.4200
397.6041,240.7051,59.6793,59.1315
398.3058,243.2777,59.6793,59.1315
400.4107,245.3826,59.6793,59.1315
402.9833,241.4067,59.6793,59.1315
405.5560,242.1083,59.6793,59.1315
407.6609,242.3422,59.6793,59.1315
410.2336,239.7695,59.6793,59.1315
413.2740,241.8745,59.6793,59.1315
418.1948,252.6248,60.9997,60.4398
418.7600,246.7478,62.3493,61.7770
418.8308,239.7268,63.7288,63.1439
416.8303,234.6233,65.1388,64.5409
418.4933,234.7039,66.5800,65.9689
416.9446,234.7862,68.0531,67.4284
417.0219,232.1035,69.5588,68.9203
420.0204,235.1020,69.5588,68.9203
421.2307,236.8849,71.0977,70.4452
2
0
0
0
0
1
380.6323,233.6551,38.0000,35.0000
379.6266,233.2240,38.0000,35.0000
379.7703,233.9424,38.0000,35.0000
381.6380,231.7873,38.0000,35.0000
381.2070,231.9310,38.0000,35.0000
379.9139,233.2240,38.0000,35.0000
381.7816,233.6551,38.0000,35.0000
381.0633,232.6494,38.0000,35.0000
379.7703,233.3677,38.0000,35.0000
381.3506,231.2127,38.0000,35.0000
382.0690,230.4943,38.0000,35.0000
381.0633,228.9139,38.0000,35.0000
379.1956,225.6095,38.0000,35.0000
381.3506,227.4772,38.0000,35.0000
383.5057,226.1842,38.0000,35.0000
382.2127,224.8912,38.0000,35.0000
367.7020,232.2184,38.0000,35.0000
362.0988,234.9481,38.0000,35.0000
359.6564,235.6665,38.0000,35.0000
358.6507,233.2241,38.0000,35.0000
357.6450,232.7931,38.0000,35.0000
356.6393,232.6494,38.0000,35.0000
356.2083,232.7931,38.0000,35.0000
355.4900,233.5114,38.0000,35.0000
354.6224,233.8695,38.8408,35.7744
355.3567,233.1353,38.8408,35.7744
352.8602,229.4640,38.8408,35.7744
355.0630,231.3731,38.8408,35.7744
355.7972,230.3451,38.8408,35.7744