0.19387,0.19964,0.19904,0,0,0,0,0,0,0,0,0,0,0,0
0.22223,0.22025,0.22001,0,0,0,0,0,0,0,0,0,0,0,0
0.057276,0.056169,0.056026,0,0,0,0,0,0,0,0,0,0,0,0
0.030101,0.029123,0.029026,0,0,0,0,0,0,0,0,0,0,0,0
0.038438,0.037478,0.037251,0,0,0,0,0,0,0,0,0,0,0,0
0.03281,0.031697,0.031669,0,0,0,0,0,0,0,0,0,0,0,0
0.027322,0.026368,0.026278,0,0,0,0,0,0,0,0,0,0,0,0
0.023359,0.022522,0.022405,0,0,0,0,0,0,0,0,0,0,0,0
0.023543,0.022668,0.022666,0,0,0,0,0,0,0,0,0,0,0,0
0.023211,0.022398,0.022403,0,0,0,0,0,0,0,0,0,0,0,0
0.022921,0.022068,0.021899,0,0,0,0,0,0,0,0,0,0,0,0
0.023408,0.022186,0.022035,0,0,0,0,0,0,0,0,0,0,0,0
0.021669,0.021882,0.021819,0,0,0,0,0,0,0,0,0,0,0,0
0.021687,0.021791,0.021703,0,0,0,0,0,0,0,0,0,0,0,0
0.022023,0.022425,0.022287,0,0,0,0,0,0,0,0,0,0,0,0
0.021809,0.022022,0.021829,0,0,0,0,0,0,0,0,0,0,0,0
0.021724,0.022064,0.021846,0,0,0,0,0,0,0,0,0,0,0,0
0.021652,0.021897,0.021735,0,0,0,0,0,0,0,0,0,0,0,0
0.021681,0.021962,0.021737,0,0,0,0,0,0,0,0,0,0,0,0
0.021935,0.021987,0.021668,0,0,0,0,0,0,0,0,0,0,0,0
0.021942,0.022256,0.022067,0,0,0,0,0,0,0,0,0,0,0,0
0.021647,0.022055,0.021916,0,0,0,0,0,0,0,0,0,0,0,0
0.021626,0.021908,0.021692,0,0,0,0,0,0,0,0,0,0,0,0
0.021515,0.021927,0.021689,0,0,0,0,0,0,0,0,0,0,0,0
0.021577,0.021885,0.02169,0,0,0,0,0,0,0,0,0,0,0,0
0.021527,0.021889,0.021687,0,0,0,0,0,0,0,0,0,0,0,0
0.021603,0.021847,0.021715,0,0,0,0,0,0,0,0,0,0,0,0
0.021654,0.022139,0.021901,0,0,0,0,0,0,0,0,0,0,0,0
0.021482,0.021907,0.021781,0,0,0,0,0,0,0,0,0,0,0,0
0.021708,0.022014,0.021826,0,0,0,0,0,0,0,0,0,0,0,0
0.021697,0.022098,0.021917,0,0,0,0,0,0,0,0,0,0,0,0
0.021885,0.02228,0.022182,0,0,0,0,0,0,0,0,0,0,0,0
0.021736,0.022031,0.021971,0,0,0,0,0,0,0,0,0,0,0,0
0.021608,0.022062,0.021922,0,0,0,0,0,0,0,0,0,0,0,0
0.021553,0.021891,0.021685,0,0,0,0,0,0,0,0,0,0,0,0
0.021398,0.021823,0.021586,0,0,0,0,0,0,0,0,0,0,0,0
0.021494,0.021952,0.021805,0,0,0,0,0,0,0,0,0,0,0,0
0.02164,0.022016,0.021898,0,0,0,0,0,0,0,0,0,0,0,0
0.021485,0.021865,0.021678,0,0,0,0,0,0,0,0,0,0,0,0
0.021481,0.021854,0.021666,0,0,0,0,0,0,0,0,0,0,0,0
0.022203,0.022693,0.022518,0,0,0,0,0,0,0,0,0,0,0,0
0.021883,0.022417,0.02223,0,0,0,0,0,0,0,0,0,0,0,0
0.022328,0.0228,0.022637,0,0,0,0,0,0,0,0,0,0,0,0
0.021583,0.021962,0.021756,0,0,0,0,0,0,0,0,0,0,0,0
0.022017,0.022436,0.022298,0,0,0,0,0,0,0,0,0,0,0,0
0.021418,0.021825,0.021722,0,0,0,0,0,0,0,0,0,0,0,0
0.021358,0.021781,0.02157,0,0,0,0,0,0,0,0,0,0,0,0
0.021369,0.02174,0.021518,0,0,0,0,0,0,0,0,0,0,0,0
0.021427,0.021698,0.02154,0,0,0,0,0,0,0,0,0,0,0,0
0.021368,0.021681,0.021507,0,0,0,0,0,0,0,0,0,0,0,0
0.021421,0.021681,0.021454,0,0,0,0,0,0,0,0,0,0,0,0
0.021341,0.021531,0.021382,0,0,0,0,0,0,0,0,0,0,0,0
0.021329,0.021716,0.021436,0,0,0,0,0,0,0,0,0,0,0,0
0.021544,0.021837,0.021716,0,0,0,0,0,0,0,0,0,0,0,0
0.021378,0.021698,0.02145,0,0,0,0,0,0,0,0,0,0,0,0
0.021289,0.021574,0.021574,0,0,0,0,0,0,0,0,0,0,0,0
0.021239,0.021569,0.021438,0,0,0,0,0,0,0,0,0,0,0,0
0.021257,0.021598,0.021501,0,0,0,0,0,0,0,0,0,0,0,0
0.021276,0.021566,0.021453,0,0,0,0,0,0,0,0,0,0,0,0
0.021254,0.021593,0.021425,0,0,0,0,0,0,0,0,0,0,0,0
0.021287,0.021632,0.021431,0,0,0,0,0,0,0,0,0,0,0,0
0.021493,0.021692,0.021627,0,0,0,0,0,0,0,0,0,0,0,0
0.021374,0.021662,0.021527,0,0,0,0,0,0,0,0,0,0,0,0
0.021595,0.02167,0.021699,0,0,0,0,0,0,0,0,0,0,0,0
0.021259,0.021393,0.021448,0,0,0,0,0,0,0,0,0,0,0,0
0.021296,0.021499,0.021386,0,0,0,0,0,0,0,0,0,0,0,0
0.02135,0.021515,0.021533,0,0,0,0,0,0,0,0,0,0,0,0
0.021308,0.021516,0.021407,0,0,0,0,0,0,0,0,0,0,0,0
0.021495,0.021554,0.021501,0,0,0,0,0,0,0,0,0,0,0,0
0.02134,0.021461,0.021457,0,0,0,0,0,0,0,0,0,0,0,0
0.021439,0.021523,0.021459,0,0,0,0,0,0,0,0,0,0,0,0
0.021336,0.021459,0.021464,0,0,0,0,0,0,0,0,0,0,0,0
0.021363,0.021397,0.021507,0,0,0,0,0,0,0,0,0,0,0,0
0.021246,0.02135,0.021457,0,0,0,0,0,0,0,0,0,0,0,0
0.021531,0.021723,0.021707,0,0,0,0,0,0,0,0,0,0,0,0
0.021652,0.021808,0.021776,0,0,0,0,0,0,0,0,0,0,0,0
0.021384,0.021589,0.021594,0,0,0,0,0,0,0,0,0,0,0,0
0.021306,0.021506,0.021434,0,0,0,0,0,0,0,0,0,0,0,0
0.021185,0.021396,0.021431,0,0,0,0,0,0,0,0,0,0,0,0
0.021183,0.02127,0.021351,0,0,0,0,0,0,0,0,0,0,0,0
0.02131,0.021326,0.021309,0,0,0,0,0,0,0,0,0,0,0,0
0.021131,0.021306,0.021294,0,0,0,0,0,0,0,0,0,0,0,0
0.021477,0.021642,0.021542,0,0,0,0,0,0,0,0,0,0,0,0
0.021269,0.02148,0.021438,0,0,0,0,0,0,0,0,0,0,0,0
0.021366,0.02155,0.021485,0,0,0,0,0,0,0,0,0,0,0,0
0.021828,0.02207,0.021984,0,0,0,0,0,0,0,0,0,0,0,0
0.021658,0.021731,0.021732,0,0,0,0,0,0,0,0,0,0,0,0
0.021317,0.02154,0.021483,0,0,0,0,0,0,0,0,0,0,0,0
0.021449,0.021713,0.021756,0,0,0,0,0,0,0,0,0,0,0,0
0.021529,0.021709,0.021785,0,0,0,0,0,0,0,0,0,0,0,0
0.021396,0.021461,0.021482,0,0,0,0,0,0,0,0,0,0,0,0
0.021356,0.021463,0.021458,0,0,0,0,0,0,0,0,0,0,0,0
0.021906,0.022058,0.021976,0,0,0,0,0,0,0,0,0,0,0,0
0.021349,0.021561,0.021621,0,0,0,0,0,0,0,0,0,0,0,0
0.021522,0.021664,0.021957,0,0,0,0,0,0,0,0,0,0,0,0
0.021145,0.021407,0.021707,0,0,0,0,0,0,0,0,0,0,0,0
0.021218,0.021365,0.021671,0,0,0,0,0,0,0,0,0,0,0,0
0.021147,0.021276,0.021325,0,0,0,0,0,0,0,0,0,0,0,0
0.021271,0.021313,0.021288,0,0,0,0,0,0,0,0,0,0,0,0
0.021107,0.021367,0.021345,0,0,0,0,0,0,0,0,0,0,0,0
0.021811,0.021957,0.021888,0,0,0,0,0,0,0,0,0,0,0,0
0.021872,0.02198,0.022049,0,0,0,0,0,0,0,0,0,0,0,0
0.021857,0.021915,0.021773,0,0,0,0,0,0,0,0,0,0,0,0
0.021355,0.021482,0.021447,0,0,0,0,0,0,0,0,0,0,0,0
0.021416,0.021526,0.021571,0,0,0,0,0,0,0,0,0,0,0,0
0.02119,0.021315,0.021311,0,0,0,0,0,0,0,0,0,0,0,0
0.021283,0.021296,0.021389,0,0,0,0,0,0,0,0,0,0,0,0
0.021298,0.021481,0.021476,0,0,0,0,0,0,0,0,0,0,0,0
0.021327,0.021437,0.021463,0,0,0,0,0,0,0,0,0,0,0,0
0.021241,0.021407,0.021485,0,0,0,0,0,0,0,0,0,0,0,0
0.02123,0.021428,0.021476,0,0,0,0,0,0,0,0,0,0,0,0
0.021855,0.021755,0.021958,0,0,0,0,0,0,0,0,0,0,0,0
0.022223,0.021827,0.022227,0,0,0,0,0,0,0,0,0,0,0,0
0.022022,0.021819,0.021991,0,0,0,0,0,0,0,0,0,0,0,0
0.021717,0.021714,0.021792,0,0,0,0,0,0,0,0,0,0,0,0
0.021794,0.021704,0.021711,0,0,0,0,0,0,0,0,0,0,0,0
0.021517,0.021676,0.021585,0,0,0,0,0,0,0,0,0,0,0,0
0.021189,0.021457,0.021332,0,0,0,0,0,0,0,0,0,0,0,0
0.021312,0.021517,0.021461,0,0,0,0,0,0,0,0,0,0,0,0
0.021159,0.021393,0.021402,0,0,0,0,0,0,0,0,0,0,0,0
0.021153,0.021363,0.021335,0,0,0,0,0,0,0,0,0,0,0,0
0.021304,0.021436,0.021401,0,0,0,0,0,0,0,0,0,0,0,0
0.021446,0.021655,0.021622,0,0,0,0,0,0,0,0,0,0,0,0
0.021323,0.021455,0.021428,0,0,0,0,0,0,0,0,0,0,0,0
0.021419,0.021659,0.021638,0,0,0,0,0,0,0,0,0,0,0,0
0.021856,0.021829,0.022153,0,0,0,0,0,0,0,0,0,0,0,0
0.022146,0.021899,0.022182,0,0,0,0,0,0,0,0,0,0,0,0
0.02187,0.021747,0.02197,0,0,0,0,0,0,0,0,0,0,0,0
0.021881,0.021792,0.021999,0,0,0,0,0,0,0,0,0,0,0,0
0.021908,0.02181,0.021989,0,0,0,0,0,0,0,0,0,0,0,0
0.022005,0.021828,0.022068,0,0,0,0,0,0,0,0,0,0,0,0
0.021946,0.021694,0.022027,0,0,0,0,0,0,0,0,0,0,0,0
0.021918,0.02177,0.021943,0,0,0,0,0,0,0,0,0,0,0,0
0.02124,0.021461,0.021385,0,0,0,0,0,0,0,0,0,0,0,0
0.021234,0.021446,0.02135,0,0,0,0,0,0,0,0,0,0,0,0
0.021386,0.021518,0.021509,0,0,0,0,0,0,0,0,0,0,0,0
0.02126,0.021366,0.021305,0,0,0,0,0,0,0,0,0,0,0,0
0.021618,0.021745,0.021673,0,0,0,0,0,0,0,0,0,0,0,0
0.021158,0.021291,0.02137,0,0,0,0,0,0,0,0,0,0,0,0
0.021176,0.0213,0.021362,0,0,0,0,0,0,0,0,0,0,0,0
0.021187,0.021342,0.0214,0,0,0,0,0,0,0,0,0,0,0,0
0.021215,0.021342,0.021307,0,0,0,0,0,0,0,0,0,0,0,0
0.021172,0.021332,0.021397,0,0,0,0,0,0,0,0,0,0,0,0
0.02118,0.021303,0.021343,0,0,0,0,0,0,0,0,0,0,0,0
0.021259,0.021317,0.021342,0,0,0,0,0,0,0,0,0,0,0,0
0.021192,0.021267,0.021252,0,0,0,0,0,0,0,0,0,0,0,0
0.021237,0.02139,0.021338,0,0,0,0,0,0,0,0,0,0,0,0
0.021182,0.021353,0.021396,0,0,0,0,0,0,0,0,0,0,0,0
0.021201,0.021606,0.021469,0,0,0,0,0,0,0,0,0,0,0,0
0.021181,0.021472,0.021404,0,0,0,0,0,0,0,0,0,0,0,0
0.02123,0.021422,0.021426,0,0,0,0,0,0,0,0,0,0,0,0
0.021276,0.021406,0.021358,0,0,0,0,0,0,0,0,0,0,0,0
0.021272,0.021421,0.021388,0,0,0,0,0,0,0,0,0,0,0,0
0.021353,0.021464,0.021417,0,0,0,0,0,0,0,0,0,0,0,0
0.021268,0.021433,0.021398,0,0,0,0,0,0,0,0,0,0,0,0
0.021286,0.021477,0.021465,0,0,0,0,0,0,0,0,0,0,0,0
0.021229,0.021439,0.021433,0,0,0,0,0,0,0,0,0,0,0,0
0.021485,0.021703,0.021595,0,0,0,0,0,0,0,0,0,0,0,0
0.021535,0.021656,0.021598,0,0,0,0,0,0,0,0,0,0,0,0
0.02128,0.0214,0.021525,0,0,0,0,0,0,0,0,0,0,0,0
0.021329,0.021395,0.021497,0,0,0,0,0,0,0,0,0,0,0,0
0.021399,0.02171,0.021563,0,0,0,0,0,0,0,0,0,0,0,0
0.021276,0.021442,0.021425,0,0,0,0,0,0,0,0,0,0,0,0
0.02116,0.021331,0.021294,0,0,0,0,0,0,0,0,0,0,0,0
0.021124,0.021306,0.021401,0,0,0,0,0,0,0,0,0,0,0,0
0.02124,0.021311,0.021429,0,0,0,0,0,0,0,0,0,0,0,0
0.021151,0.02133,0.021407,0,0,0,0,0,0,0,0,0,0,0,0
0.02144,0.021896,0.021479,0,0,0,0,0,0,0,0,0,0,0,0
0.022642,0.022751,0.022784,0,0,0,0,0,0,0,0,0,0,0,0
0.02214,0.022123,0.02212,0,0,0,0,0,0,0,0,0,0,0,0
0.022055,0.021958,0.022148,0,0,0,0,0,0,0,0,0,0,0,0
0.021913,0.021777,0.022096,0,0,0,0,0,0,0,0,0,0,0,0
0.022062,0.021817,0.02208,0,0,0,0,0,0,0,0,0,0,0,0
0.022081,0.021845,0.022087,0,0,0,0,0,0,0,0,0,0,0,0
0.022113,0.021977,0.022168,0,0,0,0,0,0,0,0,0,0,0,0
0.021939,0.021932,0.022024,0,0,0,0,0,0,0,0,0,0,0,0
0.021912,0.021968,0.02204,0,0,0,0,0,0,0,0,0,0,0,0
0.021577,0.021653,0.021808,0,0,0,0,0,0,0,0,0,0,0,0
0.02129,0.02153,0.021523,0,0,0,0,0,0,0,0,0,0,0,0
0.021652,0.021766,0.02186,0,0,0,0,0,0,0,0,0,0,0,0
0.021576,0.021656,0.021752,0,0,0,0,0,0,0,0,0,0,0,0
0.021125,0.021365,0.021355,0,0,0,0,0,0,0,0,0,0,0,0
0.021206,0.021436,0.021438,0,0,0,0,0,0,0,0,0,0,0,0
0.021265,0.021439,0.021371,0,0,0,0,0,0,0,0,0,0,0,0
0.021167,0.021407,0.02143,0,0,0,0,0,0,0,0,0,0,0,0
0.021252,0.021507,0.021435,0,0,0,0,0,0,0,0,0,0,0,0
0.021325,0.021483,0.021423,0,0,0,0,0,0,0,0,0,0,0,0
0.021904,0.02166,0.021656,0,0,0,0,0,0,0,0,0,0,0,0
0.021622,0.021685,0.021603,0,0,0,0,0,0,0,0,0,0,0,0
0.021289,0.021417,0.021451,0,0,0,0,0,0,0,0,0,0,0,0
0.021349,0.021595,0.02144,0,0,0,0,0,0,0,0,0,0,0,0
0.021315,0.021405,0.021481,0,0,0,0,0,0,0,0,0,0,0,0
0.021609,0.021747,0.021701,0,0,0,0,0,0,0,0,0,0,0,0
0.021386,0.021454,0.021506,0,0,0,0,0,0,0,0,0,0,0,0
0.021458,0.021508,0.021524,0,0,0,0,0,0,0,0,0,0,0,0
0.021413,0.021499,0.021587,0,0,0,0,0,0,0,0,0,0,0,0
0.02145,0.021475,0.021527,0,0,0,0,0,0,0,0,0,0,0,0
0.021429,0.021445,0.021393,0,0,0,0,0,0,0,0,0,0,0,0
0.021472,0.021545,0.021431,0,0,0,0,0,0,0,0,0,0,0,0
0.021323,0.02144,0.021406,0,0,0,0,0,0,0,0,0,0,0,0
0.021955,0.022041,0.022051,0,0,0,0,0,0,0,0,0,0,0,0
0.022376,0.022373,0.022319,0,0,0,0,0,0,0,0,0,0,0,0
0.021512,0.021679,0.021617,0,0,0,0,0,0,0,0,0,0,0,0
0.021508,0.021598,0.021425,0,0,0,0,0,0,0,0,0,0,0,0
0.021458,0.021518,0.021466,0,0,0,0,0,0,0,0,0,0,0,0
0.021416,0.021444,0.021501,0,0,0,0,0,0,0,0,0,0,0,0
0.021446,0.021432,0.021485,0,0,0,0,0,0,0,0,0,0,0,0
0.021345,0.021448,0.021434,0,0,0,0,0,0,0,0,0,0,0,0
0.021397,0.019925,0.0198,0,0,0,0,0,0,0,0,0,0,0,0
0.020236,0.02144,0.021434,0,0,0,0,0,0,0,0,0,0,0,0
0.021417,0.021562,0.021467,0,0,0,0,0,0,0,0,0,0,0,0
0.021316,0.021461,0.021415,0,0,0,0,0,0,0,0,0,0,0,0
0.021434,0.02152,0.021455,0,0,0,0,0,0,0,0,0,0,0,0
0.021486,0.021538,0.021417,0,0,0,0,0,0,0,0,0,0,0,0
0.021462,0.021586,0.021399,0,0,0,0,0,0,0,0,0,0,0,0
0.021452,0.021455,0.021417,0,0,0,0,0,0,0,0,0,0,0,0
0.02136,0.021467,0.021501,0,0,0,0,0,0,0,0,0,0,0,0
0.02135,0.021408,0.02148,0,0,0,0,0,0,0,0,0,0,0,0
0.021387,0.021445,0.021516,0,0,0,0,0,0,0,0,0,0,0,0
0.021397,0.021491,0.021436,0,0,0,0,0,0,0,0,0,0,0,0
0.021426,0.021497,0.021527,0,0,0,0,0,0,0,0,0,0,0,0
0.021423,0.021456,0.021405,0,0,0,0,0,0,0,0,0,0,0,0
0.021453,0.021422,0.021435,0,0,0,0,0,0,0,0,0,0,0,0
0.021329,0.021459,0.021433,0,0,0,0,0,0,0,0,0,0,0,0
0.021962,0.022014,0.021987,0,0,0,0,0,0,0,0,0,0,0,0
0.021335,0.021433,0.021372,0,0,0,0,0,0,0,0,0,0,0,0
0.021511,0.021518,0.02146,0,0,0,0,0,0,0,0,0,0,0,0
0.021295,0.021466,0.021454,0,0,0,0,0,0,0,0,0,0,0,0
0.021326,0.021495,0.021469,0,0,0,0,0,0,0,0,0,0,0,0
0.0215,0.021422,0.0215,0,0,0,0,0,0,0,0,0,0,0,0
0.021449,0.021523,0.02157,0,0,0,0,0,0,0,0,0,0,0,0
0.021437,0.021429,0.02149,0,0,0,0,0,0,0,0,0,0,0,0
0.021411,0.021455,0.021432,0,0,0,0,0,0,0,0,0,0,0,0
0.02141,0.021455,0.021405,0,0,0,0,0,0,0,0,0,0,0,0
0.021454,0.021455,0.021514,0,0,0,0,0,0,0,0,0,0,0,0
0.02146,0.021428,0.021413,0,0,0,0,0,0,0,0,0,0,0,0
0.021479,0.021416,0.021433,0,0,0,0,0,0,0,0,0,0,0,0
0.021446,0.021464,0.021425,0,0,0,0,0,0,0,0,0,0,0,0
0.021445,0.021472,0.021473,0,0,0,0,0,0,0,0,0,0,0,0
0.021386,0.021501,0.021489,0,0,0,0,0,0,0,0,0,0,0,0
0.021455,0.021431,0.02152,0,0,0,0,0,0,0,0,0,0,0,0
0.021356,0.021504,0.021406,0,0,0,0,0,0,0,0,0,0,0,0
0.021341,0.021462,0.021521,0,0,0,0,0,0,0,0,0,0,0,0
0.021694,0.02171,0.021661,0,0,0,0,0,0,0,0,0,0,0,0
0.02137,0.021475,0.021455,0,0,0,0,0,0,0,0,0,0,0,0
0.021558,0.021606,0.021629,0,0,0,0,0,0,0,0,0,0,0,0
0.021323,0.021425,0.021436,0,0,0,0,0,0,0,0,0,0,0,0
0.021511,0.021599,0.021659,0,0,0,0,0,0,0,0,0,0,0,0
0.021246,0.02142,0.021356,0,0,0,0,0,0,0,0,0,0,0,0
0.021273,0.021372,0.021265,0,0,0,0,0,0,0,0,0,0,0,0
0.021851,0.021964,0.021885,0,0,0,0,0,0,0,0,0,0,0,0
0.022245,0.022322,0.022206,0,0,0,0,0,0,0,0,0,0,0,0
0.022157,0.022086,0.022126,0,0,0,0,0,0,0,0,0,0,0,0
0.021708,0.021618,0.021718,0,0,0,0,0,0,0,0,0,0,0,0
0.021435,0.02146,0.021418,0,0,0,0,0,0,0,0,0,0,0,0
0.021364,0.021466,0.021415,0,0,0,0,0,0,0,0,0,0,0,0
0.021366,0.021476,0.021446,0,0,0,0,0,0,0,0,0,0,0,0
0.021355,0.021433,0.021535,0,0,0,0,0,0,0,0,0,0,0,0
0.021495,0.021436,0.021441,0,0,0,0,0,0,0,0,0,0,0,0
0.02141,0.021464,0.0215,0,0,0,0,0,0,0,0,0,0,0,0
0.021341,0.021415,0.021376,0,0,0,0,0,0,0,0,0,0,0,0
0.021409,0.02151,0.02132,0,0,0,0,0,0,0,0,0,0,0,0
0.021579,0.021637,0.021695,0,0,0,0,0,0,0,0,0,0,0,0
0.021326,0.021489,0.021404,0,0,0,0,0,0,0,0,0,0,0,0
0.021341,0.021402,0.021341,0,0,0,0,0,0,0,0,0,0,0,0
0.021356,0.021456,0.021377,0,0,0,0,0,0,0,0,0,0,0,0
0.021528,0.021522,0.021612,0,0,0,0,0,0,0,0,0,0,0,0
0.021413,0.021525,0.021406,0,0,0,0,0,0,0,0,0,0,0,0
0.021622,0.021674,0.021674,0,0,0,0,0,0,0,0,0,0,0,0
0.021373,0.021407,0.021392,0,0,0,0,0,0,0,0,0,0,0,0
0.021481,0.021508,0.021421,0,0,0,0,0,0,0,0,0,0,0,0
0.021517,0.021728,0.021568,0,0,0,0,0,0,0,0,0,0,0,0
0.021477,0.021494,0.021411,0,0,0,0,0,0,0,0,0,0,0,0
0.021453,0.021421,0.021441,0,0,0,0,0,0,0,0,0,0,0,0
0.021464,0.021461,0.021508,0,0,0,0,0,0,0,0,0,0,0,0
0.021556,0.021471,0.021482,0,0,0,0,0,0,0,0,0,0,0,0
0.021453,0.021523,0.021448,0,0,0,0,0,0,0,0,0,0,0,0
0.021429,0.021414,0.021499,0,0,0,0,0,0,0,0,0,0,0,0
0.021299,0.021443,0.021503,0,0,0,0,0,0,0,0,0,0,0,0
0.021359,0.021471,0.021447,0,0,0,0,0,0,0,0,0,0,0,0
0.021368,0.021412,0.021463,0,0,0,0,0,0,0,0,0,0,0,0
0.021281,0.021445,0.021368,0,0,0,0,0,0,0,0,0,0,0,0
0.021406,0.021459,0.021425,0,0,0,0,0,0,0,0,0,0,0,0
0.021312,0.021445,0.021366,0,0,0,0,0,0,0,0,0,0,0,0
0.021286,0.021457,0.021456,0,0,0,0,0,0,0,0,0,0,0,0
0.021268,0.021422,0.021445,0,0,0,0,0,0,0,0,0,0,0,0
0.021324,0.021489,0.021384,0,0,0,0,0,0,0,0,0,0,0,0
0.021318,0.021386,0.02142,0,0,0,0,0,0,0,0,0,0,0,0
0.02128,0.021438,0.021425,0,0,0,0,0,0,0,0,0,0,0,0
0.021367,0.021438,0.021391,0,0,0,0,0,0,0,0,0,0,0,0
0.021251,0.021456,0.021472,0,0,0,0,0,0,0,0,0,0,0,0
0.02151,0.021617,0.021595,0,0,0,0,0,0,0,0,0,0,0,0
0.021278,0.021403,0.021469,0,0,0,0,0,0,0,0,0,0,0,0
0.021246,0.021389,0.021299,0,0,0,0,0,0,0,0,0,0,0,0
0.021232,0.021398,0.021448,0,0,0,0,0,0,0,0,0,0,0,0
0.021228,0.021346,0.021422,0,0,0,0,0,0,0,0,0,0,0,0
0.021297,0.021425,0.021348,0,0,0,0,0,0,0,0,0,0,0,0
0.021294,0.021381,0.021356,0,0,0,0,0,0,0,0,0,0,0,0
0.021626,0.021622,0.021595,0,0,0,0,0,0,0,0,0,0,0,0
0.021505,0.021634,0.02157,0,0,0,0,0,0,0,0,0,0,0,0
0.021223,0.021304,0.02139,0,0,0,0,0,0,0,0,0,0,0,0
0.021184,0.021281,0.021344,0,0,0,0,0,0,0,0,0,0,0,0
0.021184,0.021353,0.02143,0,0,0,0,0,0,0,0,0,0,0,0
0.021153,0.021378,0.021279,0,0,0,0,0,0,0,0,0,0,0,0
0.021501,0.021596,0.021586,0,0,0,0,0,0,0,0,0,0,0,0
0.02123,0.021416,0.021467,0,0,0,0,0,0,0,0,0,0,0,0
0.021315,0.021372,0.021351,0,0,0,0,0,0,0,0,0,0,0,0
0.021566,0.021604,0.021606,0,0,0,0,0,0,0,0,0,0,0,0
0.021297,0.021411,0.021445,0,0,0,0,0,0,0,0,0,0,0,0
0.021277,0.021428,0.021468,0,0,0,0,0,0,0,0,0,0,0,0
0.021286,0.021365,0.021431,0,0,0,0,0,0,0,0,0,0,0,0
0.021188,0.021368,0.021298,0,0,0,0,0,0,0,0,0,0,0,0
0.021185,0.021374,0.021339,0,0,0,0,0,0,0,0,0,0,0,0
0.021289,0.02131,0.021396,0,0,0,0,0,0,0,0,0,0,0,0
0.021202,0.021344,0.021331,0,0,0,0,0,0,0,0,0,0,0,0
0.021162,0.02136,0.021258,0,0,0,0,0,0,0,0,0,0,0,0
0.021253,0.021435,0.021354,0,0,0,0,0,0,0,0,0,0,0,0
0.021274,0.021443,0.021325,0,0,0,0,0,0,0,0,0,0,0,0
0.021276,0.021406,0.021389,0,0,0,0,0,0,0,0,0,0,0,0
0.02126,0.02142,0.021434,0,0,0,0,0,0,0,0,0,0,0,0
0.021276,0.021371,0.021425,0,0,0,0,0,0,0,0,0,0,0,0
0.021278,0.021415,0.021324,0,0,0,0,0,0,0,0,0,0,0,0
0.021355,0.021393,0.02129,0,0,0,0,0,0,0,0,0,0,0,0
0.021282,0.021363,0.021239,0,0,0,0,0,0,0,0,0,0,0,0
0.021501,0.021666,0.021635,0,0,0,0,0,0,0,0,0,0,0,0
0.021455,0.02149,0.021441,0,0,0,0,0,0,0,0,0,0,0,0
0.021311,0.021429,0.021328,0,0,0,0,0,0,0,0,0,0,0,0
0.021258,0.021351,0.021244,0,0,0,0,0,0,0,0,0,0,0,0
0.021189,0.021409,0.021317,0,0,0,0,0,0,0,0,0,0,0,0
0.021244,0.021375,0.021293,0,0,0,0,0,0,0,0,0,0,0,0
0.021254,0.021317,0.021296,0,0,0,0,0,0,0,0,0,0,0,0
0.021237,0.021351,0.021222,0,0,0,0,0,0,0,0,0,0,0,0
0.021205,0.021311,0.021352,0,0,0,0,0,0,0,0,0,0,0,0
0.021239,0.021529,0.021323,0,0,0,0,0,0,0,0,0,0,0,0
0.021798,0.021889,0.021874,0,0,0,0,0,0,0,0,0,0,0,0
0.022,0.022113,0.021871,0,0,0,0,0,0,0,0,0,0,0,0
0.02172,0.02166,0.02184,0,0,0,0,0,0,0,0,0,0,0,0
0.021667,0.021501,0.021581,0,0,0,0,0,0,0,0,0,0,0,0
0.021825,0.021703,0.021778,0,0,0,0,0,0,0,0,0,0,0,0
0.021457,0.021593,0.021549,0,0,0,0,0,0,0,0,0,0,0,0
0.021241,0.021284,0.021406,0,0,0,0,0,0,0,0,0,0,0,0
0.021128,0.021156,0.021232,0,0,0,0,0,0,0,0,0,0,0,0
0.021154,0.021215,0.021276,0,0,0,0,0,0,0,0,0,0,0,0
0.021313,0.021311,0.021323,0,0,0,0,0,0,0,0,0,0,0,0
0.021259,0.021295,0.021294,0,0,0,0,0,0,0,0,0,0,0,0
0.021245,0.021243,0.021296,0,0,0,0,0,0,0,0,0,0,0,0
0.021197,0.021266,0.021275,0,0,0,0,0,0,0,0,0,0,0,0
0.021105,0.021377,0.021316,0,0,0,0,0,0,0,0,0,0,0,0
0.021194,0.021273,0.021306,0,0,0,0,0,0,0,0,0,0,0,0
0.021116,0.021252,0.021214,0,0,0,0,0,0,0,0,0,0,0,0
0.021227,0.021293,0.021272,0,0,0,0,0,0,0,0,0,0,0,0
0.021134,0.021231,0.021159,0,0,0,0,0,0,0,0,0,0,0,0
0.021155,0.021227,0.021264,0,0,0,0,0,0,0,0,0,0,0,0
0.021146,0.021242,0.021192,0,0,0,0,0,0,0,0,0,0,0,0
0.021155,0.021171,0.021154,0,0,0,0,0,0,0,0,0,0,0,0
0.021092,0.021237,0.021201,0,0,0,0,0,0,0,0,0,0,0,0
0.021168,0.021157,0.021237,0,0,0,0,0,0,0,0,0,0,0,0
0.02112,0.021197,0.021299,0,0,0,0,0,0,0,0,0,0,0,0
0.021216,0.021253,0.021291,0,0,0,0,0,0,0,0,0,0,0,0
0.021092,0.021189,0.021185,0,0,0,0,0,0,0,0,0,0,0,0
0.021075,0.02123,0.021282,0,0,0,0,0,0,0,0,0,0,0,0
0.021088,0.021196,0.021169,0,0,0,0,0,0,0,0,0,0,0,0
0.021674,0.021247,0.021237,0,0,0,0,0,0,0,0,0,0,0,0
0.021342,0.02121,0.021159,0,0,0,0,0,0,0,0,0,0,0,0
0.021092,0.021154,0.02116,0,0,0,0,0,0,0,0,0,0,0,0
0.021045,0.021168,0.021147,0,0,0,0,0,0,0,0,0,0,0,0
0.021094,0.021193,0.02117,0,0,0,0,0,0,0,0,0,0,0,0
0.021244,0.021464,0.021298,0,0,0,0,0,0,0,0,0,0,0,0
0.021395,0.021409,0.021366,0,0,0,0,0,0,0,0,0,0,0,0
0.02103,0.021212,0.021267,0,0,0,0,0,0,0,0,0,0,0,0
0.0211,0.021267,0.021168,0,0,0,0,0,0,0,0,0,0,0,0
0.02104,0.021289,0.021149,0,0,0,0,0,0,0,0,0,0,0,0
0.021063,0.021236,0.02116,0,0,0,0,0,0,0,0,0,0,0,0
0.021067,0.021188,0.021152,0,0,0,0,0,0,0,0,0,0,0,0
0.021039,0.021235,0.02122,0,0,0,0,0,0,0,0,0,0,0,0
0.021038,0.021159,0.021109,0,0,0,0,0,0,0,0,0,0,0,0
0.021078,0.021248,0.021169,0,0,0,0,0,0,0,0,0,0,0,0
0.021025,0.021159,0.021149,0,0,0,0,0,0,0,0,0,0,0,0
0.02104,0.021179,0.021069,0,0,0,0,0,0,0,0,0,0,0,0
0.021066,0.021255,0.021031,0,0,0,0,0,0,0,0,0,0,0,0
0.02111,0.02125,0.021132,0,0,0,0,0,0,0,0,0,0,0,0
0.021127,0.021282,0.021167,0,0,0,0,0,0,0,0,0,0,0,0
0.021422,0.021473,0.021363,0,0,0,0,0,0,0,0,0,0,0,0
0.021357,0.021477,0.021279,0,0,0,0,0,0,0,0,0,0,0,0
0.021115,0.021201,0.021071,0,0,0,0,0,0,0,0,0,0,0,0
0.021006,0.021124,0.020981,0,0,0,0,0,0,0,0,0,0,0,0
0.021054,0.021195,0.021047,0,0,0,0,0,0,0,0,0,0,0,0
0.021027,0.021164,0.021045,0,0,0,0,0,0,0,0,0,0,0,0
0.021363,0.021429,0.021316,0,0,0,0,0,0,0,0,0,0,0,0
0.021477,0.021441,0.021355,0,0,0,0,0,0,0,0,0,0,0,0
0.02123,0.02124,0.021128,0,0,0,0,0,0,0,0,0,0,0,0
0.021048,0.021135,0.021037,0,0,0,0,0,0,0,0,0,0,0,0
0.021432,0.021461,0.021381,0,0,0,0,0,0,0,0,0,0,0,0
0.021065,0.021282,0.021131,0,0,0,0,0,0,0,0,0,0,0,0
0.021374,0.021524,0.021476,0,0,0,0,0,0,0,0,0,0,0,0
0.023754,0.023899,0.023893,0,0,0,0,0,0,0,0,0,0,0,0
0.022295,0.022486,0.022348,0,0,0,0,0,0,0,0,0,0,0,0
0.022142,0.0226,0.022177,0,0,0,0,0,0,0,0,0,0,0,0
0.02121,0.021295,0.021176,0,0,0,0,0,0,0,0,0,0,0,0
0.022775,0.02291,0.022899,0,0,0,0,0,0,0,0,0,0,0,0
0.02356,0.023631,0.023687,0,0,0,0,0,0,0,0,0,0,0,0
0.022805,0.022818,0.022765,0,0,0,0,0,0,0,0,0,0,0,0
0.022717,0.02282,0.022812,0,0,0,0,0,0,0,0,0,0,0,0
0.0226,0.022661,0.022994,0,0,0,0,0,0,0,0,0,0,0,0
0.022667,0.022854,0.023102,0,0,0,0,0,0,0,0,0,0,0,0
0.022656,0.022802,0.023154,0,0,0,0,0,0,0,0,0,0,0,0
0.022557,0.02269,0.022961,0,0,0,0,0,0,0,0,0,0,0,0
0.021938,0.02211,0.022008,0,0,0,0,0,0,0,0,0,0,0,0
0.021991,0.022135,0.021976,0,0,0,0,0,0,0,0,0,0,0,0
0.022467,0.0226,0.022621,0,0,0,0,0,0,0,0,0,0,0,0
0.021925,0.022077,0.021876,0,0,0,0,0,0,0,0,0,0,0,0
0.022597,0.022585,0.022585,0,0,0,0,0,0,0,0,0,0,0,0
0.021971,0.022056,0.021863,0,0,0,0,0,0,0,0,0,0,0,0
0.022535,0.022624,0.022647,0,0,0,0,0,0,0,0,0,0,0,0
0.02252,0.022886,0.022604,0,0,0,0,0,0,0,0,0,0,0,0
0.022404,0.022731,0.022427,0,0,0,0,0,0,0,0,0,0,0,0
0.02255,0.022887,0.022523,0,0,0,0,0,0,0,0,0,0,0,0
0.022461,0.022738,0.022482,0,0,0,0,0,0,0,0,0,0,0,0
0.02191,0.02228,0.021733,0,0,0,0,0,0,0,0,0,0,0,0
0.022287,0.022464,0.022035,0,0,0,0,0,0,0,0,0,0,0,0
0.022144,0.022437,0.022026,0,0,0,0,0,0,0,0,0,0,0,0
0.021883,0.022263,0.021794,0,0,0,0,0,0,0,0,0,0,0,0
0.022461,0.022759,0.022496,0,0,0,0,0,0,0,0,0,0,0,0
0.02183,0.022242,0.021845,0,0,0,0,0,0,0,0,0,0,0,0
0.022458,0.022819,0.02254,0,0,0,0,0,0,0,0,0,0,0,0
0.02212,0.022441,0.02211,0,0,0,0,0,0,0,0,0,0,0,0
0.022661,0.022973,0.022726,0,0,0,0,0,0,0,0,0,0,0,0
0.022529,0.022879,0.022718,0,0,0,0,0,0,0,0,0,0,0,0
0.022104,0.022243,0.021921,0,0,0,0,0,0,0,0,0,0,0,0
0.0217,0.021715,0.021391,0,0,0,0,0,0,0,0,0,0,0,0
0.02148,0.021921,0.021462,0,0,0,0,0,0,0,0,0,0,0,0
0.021265,0.021603,0.021308,0,0,0,0,0,0,0,0,0,0,0,0
0.021338,0.021617,0.021216,0,0,0,0,0,0,0,0,0,0,0,0
0.021251,0.021729,0.021185,0,0,0,0,0,0,0,0,0,0,0,0
0.022378,0.022656,0.022203,0,0,0,0,0,0,0,0,0,0,0,0
0.02217,0.022428,0.022168,0,0,0,0,0,0,0,0,0,0,0,0
0.022131,0.022484,0.022027,0,0,0,0,0,0,0,0,0,0,0,0
0.022214,0.021356,0.0209,0,0,0,0,0,0,0,0,0,0,0,0
0.022187,0.022489,0.022119,0,0,0,0,0,0,0,0,0,0,0,0
0.019927,0.021599,0.021263,0,0,0,0,0,0,0,0,0,0,0,0
0.021452,0.021737,0.021248,0,0,0,0,0,0,0,0,0,0,0,0
0.021322,0.021723,0.02126,0,0,0,0,0,0,0,0,0,0,0,0
0.021415,0.021704,0.021708,0,0,0,0,0,0,0,0,0,0,0,0
0.021341,0.021858,0.02167,0,0,0,0,0,0,0,0,0,0,0,0
0.021312,0.021651,0.021272,0,0,0,0,0,0,0,0,0,0,0,0
0.02136,0.021602,0.021199,0,0,0,0,0,0,0,0,0,0,0,0
0.021334,0.021667,0.021233,0,0,0,0,0,0,0,0,0,0,0,0
0.021317,0.021655,0.021244,0,0,0,0,0,0,0,0,0,0,0,0
0.021349,0.021668,0.021212,0,0,0,0,0,0,0,0,0,0,0,0
0.021294,0.021746,0.021209,0,0,0,0,0,0,0,0,0,0,0,0
0.021214,0.021605,0.021183,0,0,0,0,0,0,0,0,0,0,0,0
0.02128,0.021513,0.021126,0,0,0,0,0,0,0,0,0,0,0,0
0.021205,0.021596,0.02108,0,0,0,0,0,0,0,0,0,0,0,0
0.021253,0.021521,0.021175,0,0,0,0,0,0,0,0,0,0,0,0
0.021465,0.021701,0.021367,0,0,0,0,0,0,0,0,0,0,0,0
0.021679,0.021932,0.021395,0,0,0,0,0,0,0,0,0,0,0,0
0.021407,0.021772,0.021399,0,0,0,0,0,0,0,0,0,0,0,0
0.0214,0.021772,0.021314,0,0,0,0,0,0,0,0,0,0,0,0
0.021458,0.021711,0.021331,0,0,0,0,0,0,0,0,0,0,0,0
0.021306,0.021534,0.021205,0,0,0,0,0,0,0,0,0,0,0,0
0.021518,0.021715,0.021802,0,0,0,0,0,0,0,0,0,0,0,0
0.021611,0.021996,0.021902,0,0,0,0,0,0,0,0,0,0,0,0
0.021317,0.02163,0.021167,0,0,0,0,0,0,0,0,0,0,0,0
0.021269,0.021588,0.021256,0,0,0,0,0,0,0,0,0,0,0,0
0.021296,0.021593,0.021189,0,0,0,0,0,0,0,0,0,0,0,0
0.021298,0.021798,0.021257,0,0,0,0,0,0,0,0,0,0,0,0
0.021224,0.021682,0.021528,0,0,0,0,0,0,0,0,0,0,0,0
0.021248,0.021696,0.021611,0,0,0,0,0,0,0,0,0,0,0,0
0.021417,0.021663,0.021323,0,0,0,0,0,0,0,0,0,0,0,0
0.021349,0.021621,0.021595,0,0,0,0,0,0,0,0,0,0,0,0
0.021443,0.021684,0.021677,0,0,0,0,0,0,0,0,0,0,0,0
0.021425,0.021843,0.021454,0,0,0,0,0,0,0,0,0,0,0,0
0.021422,0.021771,0.021684,0,0,0,0,0,0,0,0,0,0,0,0
0.021388,0.021827,0.021713,0,0,0,0,0,0,0,0,0,0,0,0
0.021514,0.021781,0.021337,0,0,0,0,0,0,0,0,0,0,0,0
0.021533,0.021787,0.021751,0,0,0,0,0,0,0,0,0,0,0,0
0.021481,0.021836,0.021734,0,0,0,0,0,0,0,0,0,0,0,0
0.021396,0.021802,0.021378,0,0,0,0,0,0,0,0,0,0,0,0
0.021374,0.021746,0.021386,0,0,0,0,0,0,0,0,0,0,0,0
0.021502,0.021757,0.021346,0,0,0,0,0,0,0,0,0,0,0,0
0.021466,0.021825,0.021311,0,0,0,0,0,0,0,0,0,0,0,0
0.021387,0.021704,0.021312,0,0,0,0,0,0,0,0,0,0,0,0
0.021465,0.021707,0.021345,0,0,0,0,0,0,0,0,0,0,0,0
0.021377,0.021706,0.021334,0,0,0,0,0,0,0,0,0,0,0,0
0.021355,0.021805,0.021277,0,0,0,0,0,0,0,0,0,0,0,0
0.021392,0.021768,0.021363,0,0,0,0,0,0,0,0,0,0,0,0
0.021413,0.021741,0.021305,0,0,0,0,0,0,0,0,0,0,0,0
0.021343,0.021976,0.021758,0,0,0,0,0,0,0,0,0,0,0,0
0.02139,0.021776,0.021654,0,0,0,0,0,0,0,0,0,0,0,0
0.021418,0.021698,0.021397,0,0,0,0,0,0,0,0,0,0,0,0
0.021464,0.021809,0.021703,0,0,0,0,0,0,0,0,0,0,0,0
0.021488,0.021786,0.022323,0,0,0,0,0,0,0,0,0,0,0,0
0.021515,0.021741,0.021496,0,0,0,0,0,0,0,0,0,0,0,0
0.021497,0.021808,0.021766,0,0,0,0,0,0,0,0,0,0,0,0
0.02142,0.021712,0.021721,0,0,0,0,0,0,0,0,0,0,0,0
0.021532,0.021753,0.02151,0,0,0,0,0,0,0,0,0,0,0,0
0.021367,0.021936,0.021424,0,0,0,0,0,0,0,0,0,0,0,0
0.021437,0.021758,0.021487,0,0,0,0,0,0,0,0,0,0,0,0
0.021522,0.021747,0.021422,0,0,0,0,0,0,0,0,0,0,0,0
0.021582,0.021841,0.021501,0,0,0,0,0,0,0,0,0,0,0,0
0.021874,0.022094,0.02243,0,0,0,0,0,0,0,0,0,0,0,0
0.022047,0.022252,0.022351,0,0,0,0,0,0,0,0,0,0,0,0
0.022039,0.022412,0.022818,0,0,0,0,0,0,0,0,0,0,0,0
0.021867,0.022082,0.022658,0,0,0,0,0,0,0,0,0,0,0,0
0.021854,0.022189,0.022206,0,0,0,0,0,0,0,0,0,0,0,0
0.021819,0.021991,0.022404,0,0,0,0,0,0,0,0,0,0,0,0
0.021872,0.022141,0.022021,0,0,0,0,0,0,0,0,0,0,0,0
0.021872,0.022021,0.022226,0,0,0,0,0,0,0,0,0,0,0,0
0.021312,0.021553,0.021592,0,0,0,0,0,0,0,0,0,0,0,0
0.021343,0.021511,0.022382,0,0,0,0,0,0,0,0,0,0,0,0
0.021175,0.021517,0.021595,0,0,0,0,0,0,0,0,0,0,0,0
0.021226,0.021611,0.021894,0,0,0,0,0,0,0,0,0,0,0,0
0.021201,0.021573,0.021622,0,0,0,0,0,0,0,0,0,0,0,0
0.021232,0.021516,0.02195,0,0,0,0,0,0,0,0,0,0,0,0
0.021253,0.021573,0.021635,0,0,0,0,0,0,0,0,0,0,0,0
0.021116,0.021468,0.021819,0,0,0,0,0,0,0,0,0,0,0,0
0.021188,0.021534,0.021627,0,0,0,0,0,0,0,0,0,0,0,0
0.02128,0.021531,0.021929,0,0,0,0,0,0,0,0,0,0,0,0
0.021239,0.021804,0.022176,0,0,0,0,0,0,0,0,0,0,0,0
