1
150.7680,68.9338,44.4267,56.7396
151.3643,69.1326,44.4267,56.7396
151.1655,69.3314,44.4267,56.7396
150.5692,69.1326,44.4267,56.7396
150.3704,68.9338,44.4267,56.7396
149.7741,68.3375,44.4267,56.7396
150.3704,68.1387,44.4267,56.7396
150.5692,67.1448,44.4267,56.7396
151.1655,66.1509,44.4267,56.7396
152.9804,65.7980,43.4793,55.5296
155.1203,64.8253,43.4793,55.5296
157.6493,63.0744,43.4793,55.5296
160.5673,60.9345,43.4793,55.5296
162.7073,58.4055,43.4793,55.5296
165.2363,56.6547,43.4793,55.5296
167.7653,57.6274,43.4793,55.5296
169.9052,58.6001,43.4793,55.5296
173.9314,60.1297,42.5521,54.3455
177.5488,63.3663,42.5521,54.3455
178.4608,70.8638,43.4936,55.5478
178.9891,78.9310,44.4559,56.7768
177.0528,87.5894,45.4395,58.0330
175.4954,95.5956,46.4448,59.3170
173.4724,99.0358,47.4724,60.6294
172.8352,101.7971,47.4724,60.6294
173.4724,104.1335,47.4724,60.6294
174.1096,106.4700,47.4724,60.6294
176.0213,107.5320,47.4724,60.6294
177.0387,104.8780,48.5227,61.9708
178.5584,103.3582,48.5227,61.9708
176.4449,100.6455,49.5963,63.3419
177.5545,100.8674,49.5963,63.3419
178.2202,99.3140,49.5963,63.3419
177.5545,99.9798,49.5963,63.3419
179.1078,97.5388,49.5963,63.3419
176.6668,99.9798,49.5963,63.3419
174.6697,99.3140,49.5963,63.3419
174.8916,97.7607,49.5963,63.3419
174.6697,93.5445,49.5963,63.3419
172.6725,85.3339,49.5963,63.3419
168.9001,81.5615,49.5963,63.3419
163.9771,78.3282,50.6936,64.7434
163.2966,76.2869,50.6936,64.7434
164.4307,78.3282,50.6936,64.7434
165.1112,81.2768,50.6936,64.7434
164.4307,84.2255,50.6936,64.7434
164.2039,85.8132,50.6936,64.7434
2
0
0
0
0
1
75.4318,36.8780,36.4751,46.2909
70.0647,38.3417,36.4751,46.2909
66.9746,39.8054,36.4751,46.2909
63.3651,41.8244,37.2821,47.3150
61.2040,47.6427,37.2821,47.3150
60.3728,50.1363,37.2821,47.3150
61.1677,51.8550,38.1069,48.3619
63.3904,54.3168,38.9501,49.4319
67.4642,56.4728,39.8118,50.5256
58.7360,58.3081,40.6927,51.6435
64.9411,60.0830,39.8249,50.5421
2
0
0
0
0
1
181.4165,80.0103,32.9800,53.1990
185.6283,81.1896,32.9800,53.1990
187.4815,82.3689,32.9800,53.1990
189.3347,82.8743,32.9800,53.1990
191.1879,83.7167,32.9800,53.1990
194.0519,82.5374,32.9800,53.1990
200.1543,83.8716,33.7097,54.3760
202.3929,85.0770,33.7097,54.3760
201.1875,85.9380,33.7097,54.3760
201.0154,82.6662,33.7097,54.3760
200.1544,80.4276,33.7097,54.3760
197.5714,81.9774,33.7097,54.3760
193.9552,83.5272,33.7097,54.3760
188.9614,85.0770,33.7097,54.3760
187.4116,86.2824,33.7097,54.3760
184.8286,87.8321,33.7097,54.3760
180.5236,88.3488,33.7097,54.3760
176.9074,85.4214,33.7097,54.3760
2
0
0
0
0
1
110.3463,41.7370,56.4121,56.4121
119.4522,43.7359,56.4121,56.4121
135.6491,51.6375,57.6602,57.6602
146.0807,55.0035,58.9359,58.9359
150.4841,62.7771,60.2399,60.2399
159.1272,71.4202,58.9553,58.9553
164.0014,81.8650,58.9553,58.9553
167.9473,91.3814,58.9553,58.9553
169.9440,98.6760,60.2597,60.2597
167.8088,109.3519,60.2597,60.2597
172.3387,116.1685,58.9746,58.9746
174.3361,118.1659,60.2794,60.2794
182.6423,118.8778,60.2794,60.2794
191.0856,113.5328,61.6131,61.6131
193.7539,114.2605,61.6131,61.6131
194.9667,114.9882,61.6131,61.6131
191.0135,119.0883,62.9763,62.9763
232.2462,113.5042,64.3696,64.3696
236.5297,114.1067,65.7938,65.7938
238.8610,114.8838,65.7938,65.7938
237.3269,114.4247,67.2495,67.2495
237.0621,115.7485,67.2495,67.2495
235.4941,116.3780,68.7374,68.7374
235.7648,112.8600,68.7374,68.7374
236.4082,110.6957,70.2582,70.2582
235.0252,111.5255,70.2582,70.2582
238.0678,114.0150,70.2582,70.2582
238.8977,117.0577,70.2582,70.2582
2
0
0
0
0
1
133.0888,60.1653,62.8798,54.4184
126.8585,59.0115,62.8798,54.4184
118.3207,57.8578,62.8798,54.4184
110.7620,55.5467,61.5389,53.2579
102.4062,53.9659,61.5389,53.2579
92.2438,56.9017,61.5389,53.2579
87.5014,65.2574,61.5389,53.2579
85.0173,73.1615,61.5389,53.2579
87.0497,76.5490,61.5389,53.2579
89.9855,79.9364,61.5389,53.2579
95.2127,88.1227,60.2265,52.1222
100.7545,90.5957,58.9422,51.0107
109.9308,90.9311,57.6852,49.9228
130.8880,89.8727,57.6852,49.9228
153.9622,90.5077,57.6852,49.9228
164.7583,94.1064,57.6852,49.9228
175.5544,101.5156,57.6852,49.9228
191.8545,113.1585,57.6852,49.9228
206.4611,112.5234,57.6852,49.9228
210.9528,117.3405,56.4551,48.8582
212.5532,120.0580,55.2511,47.8163
212.1652,122.7176,54.0729,46.7966
214.7448,124.9003,54.0729,46.7966
218.1182,127.8768,54.0729,46.7966
221.8884,131.2501,54.0729,46.7966
224.8649,129.8611,54.0729,46.7966
227.5453,130.1688,52.9198,45.7987
227.1737,130.8444,51.7912,44.8220
227.5427,130.4063,50.6868,43.8662
229.6967,130.3362,49.6059,42.9307
226.5410,125.7056,48.5480,42.0152
213.1791,112.7001,48.5480,42.0152
195.1852,108.2461,48.5480,42.0152
181.8942,101.3120,49.6221,42.9448
187.5393,77.0927,49.6221,42.9448
185.0846,74.5668,48.5639,42.0290
177.8726,72.4383,47.5283,41.1327
166.4434,61.6134,46.5147,40.2555
160.5228,56.9423,45.5228,39.3971
160.3558,54.1024,45.5228,39.3971
162.1934,51.9306,45.5228,39.3971
164.6992,50.4271,45.5228,39.3971
167.8733,53.2671,45.5228,39.3971
173.7826,60.9773,46.5300,40.2687
180.4419,67.9782,46.5300,40.2687
187.3567,73.8387,45.5377,39.4100
190.1976,76.3454,45.5377,39.4100
189.1737,79.5503,46.5452,40.2819
2
0
0
0
0
1
235.9395,68.0495,31.2592,32.2372
233.5020,65.3814,30.5926,31.5498
229.7100,63.5465,30.5926,31.5498
225.4286,62.4456,30.5926,31.5498
222.8598,61.3447,30.5926,31.5498
217.8257,62.3917,31.2694,32.2478
219.9444,64.2402,31.9613,32.9613
222.6282,65.9016,31.9613,32.9613
2
0
0
0
0
1
117.0999,46.0400,37.2162,36.4633
106.2222,46.1851,37.2162,36.4633
96.5047,45.4599,37.2162,36.4633
88.8178,43.5744,37.2162,36.4633
79.2892,42.9846,36.4226,35.6857
73.1857,44.2621,36.4226,35.6857
68.7856,45.8739,35.6459,34.9247
65.0348,47.4020,35.6459,34.9247
63.6742,49.2473,34.8857,34.1799
62.9945,54.0057,34.8857,34.1799
66.3933,59.5798,34.8857,34.1799
73.0551,69.7764,34.8857,34.1799
79.9888,78.8853,34.8857,34.1799
85.2910,86.0909,34.8857,34.1799
83.2517,87.8583,34.8857,34.1799
98.5226,94.6738,35.6576,34.9362
104.1264,96.2518,34.8972,34.1912
106.4647,96.7475,34.1530,33.4620
106.0654,97.6792,34.1530,33.4620
106.7309,97.8123,34.1530,33.4620
105.2669,107.5285,34.1530,33.4620
105.9324,106.0644,34.1530,33.4620
104.5879,102.7943,34.9086,34.2024
105.4720,99.4519,35.6810,34.9591
106.7235,97.3661,35.6810,34.9591
107.7741,96.2646,34.9200,34.2136
109.3270,97.0229,34.1754,33.4840
119.3124,108.1214,34.9315,34.2248
119.0672,109.8614,35.7044,34.9820
119.1053,110.4849,36.4943,35.7560
117.6687,111.1223,37.3018,36.5471
118.3118,110.5671,38.1271,37.3557
118.0442,109.3831,38.9706,38.1822
119.3463,107.8577,39.8328,39.0270
120.8184,106.3288,38.9834,38.1947
120.3627,103.7461,38.9834,38.1947
120.8184,102.0749,38.9834,38.1947
118.8434,103.4422,38.9834,38.1947
117.6241,114.2108,39.8459,39.0398
160.1991,131.9841,40.7275,39.9035
161.7042,131.3387,39.8590,39.0526
162.8778,132.5037,39.0090,38.2198
164.3195,132.1786,38.1771,37.4047
165.3609,132.0298,38.1771,37.4047
166.9975,131.8810,38.1771,37.4047
168.9317,131.4346,38.1771,37.4047
171.4610,132.4761,38.1771,37.4047
173.6628,130.9818,39.0218,38.2323
175.9439,129.9173,39.0218,38.2323
178.1944,128.0744,39.8851,39.0782
180.4947,125.8681,40.7676,39.9428
183.8311,124.4383,40.7676,39.9428
186.1823,125.4799,41.6696,40.8265
2
0
0
0
0
1
97.8359,72.5320,52.5061,51.6365
96.4009,73.1470,52.5061,51.6365
97.4259,73.3520,52.5061,51.6365
98.0409,72.3270,52.5061,51.6365
98.6559,72.5320,52.5061,51.6365
100.9110,72.7370,52.5061,51.6365
101.5260,72.5320,52.5061,51.6365
102.9610,72.3270,52.5061,51.6365
103.1660,71.7120,52.5061,51.6365
104.1910,72.3270,52.5061,51.6365
105.6260,71.3020,52.5061,51.6365