1
149.9729,67.7412,44.4267,56.7396
149.7741,67.5424,44.4267,56.7396
150.3704,68.1387,44.4267,56.7396
150.1716,67.9399,44.4267,56.7396
149.5753,67.7412,44.4267,56.7396
149.3765,67.5424,44.4267,56.7396
149.5753,67.7412,44.4267,56.7396
149.7741,66.3497,44.4267,56.7396
150.3704,66.1509,44.4267,56.7396
150.5692,65.5546,44.4267,56.7396
151.1655,65.3558,44.4267,56.7396
151.3643,65.1571,44.4267,56.7396
152.3582,64.1632,44.4267,56.7396
153.4372,63.8528,45.8466,58.5530
154.5508,64.3530,47.3119,60.4244
154.4298,63.1758,48.8240,62.3555
155.6157,62.8347,50.3844,64.3484
156.3885,62.0318,51.9947,66.4050
162.0675,64.2085,50.4075,64.3780
167.7059,67.5916,50.4075,64.3780
169.1519,68.7997,48.8688,62.4128
172.4317,72.0795,48.8688,62.4128
174.0560,73.0500,50.4306,64.4075
176.6347,75.4054,52.0424,66.4660
176.9673,74.1104,53.7057,68.5902
177.3105,73.7352,55.4221,70.7824
178.6567,74.3399,57.1934,73.0446
174.8182,71.5250,57.1934,73.0446
168.2700,69.3132,55.4476,70.8149
168.3721,70.1459,53.7550,68.6532
2
0
0
0
0
1
214.2844,101.7009,36.6522,36.6537
207.7729,96.6325,35.5334,35.5348
196.7128,93.4066,36.6691,36.6705
191.6420,88.3359,35.5497,35.5511
183.3760,81.1896,36.6859,36.6873
171.9656,76.4232,36.6859,36.6873
163.1466,69.0485,37.8584,37.8598
159.7096,65.3134,39.0683,39.0698
141.7132,58.6993,39.0683,39.0698
132.3115,52.0663,37.8758,37.8772
126.4958,48.0401,37.8758,37.8772
117.9960,44.6103,37.8758,37.8772
107.1015,42.9612,39.0863,39.0878
98.6377,42.1918,39.0863,39.0878
89.2416,42.0288,40.3355,40.3370
82.0861,41.5430,41.6246,41.6262
76.3503,41.7069,41.6246,41.6262
71.2701,41.5430,41.6246,41.6262
65.8524,44.3193,42.9549,42.9566
60.5998,45.1549,44.3277,44.3295
57.2736,46.0172,45.7445,45.7462
52.7711,50.8799,45.7445,45.7462
49.3386,55.0116,47.2065,47.2083
47.2833,58.5319,48.7152,48.7171
49.3930,61.7924,48.7152,48.7171
42.6689,59.6714,50.2721,50.2741
47.2095,61.4410,51.8788,51.8808
66.1797,64.4796,50.2952,50.2971
80.2144,64.6532,48.7599,48.7618
91.9134,62.5302,50.3183,50.3202
91.7037,61.1318,51.9265,51.9285
120.9264,58.8709,53.5860,53.5881
131.6736,60.3353,55.2986,55.3008
162.3714,72.7450,55.2986,55.3008
165.6372,73.3982,55.2986,55.3008
168.8901,75.3448,57.0660,57.0682
171.3483,76.9042,58.8898,58.8921
174.3624,75.7450,58.8898,58.8921
176.4354,74.5720,60.7719,60.7743
179.0533,75.7542,62.7142,62.7166
181.2609,74.5051,64.7185,64.7210
182.0253,72.7215,64.7185,64.7210
182.2801,70.9379,64.7185,64.7210
182.5349,70.6831,64.7185,64.7210
182.2801,70.9379,64.7185,64.7210
179.9719,70.6680,66.7869,66.7895
177.0795,68.8274,66.7869,66.7895
170.5059,66.9868,66.7869,66.7895
157.0632,64.0620,64.7483,64.7508
145.5604,57.1477,62.7718,62.7742
133.9144,52.9160,60.8557,60.8580
126.0078,46.9261,60.8557,60.8580
116.6341,42.3443,58.9980,59.0003
109.4048,37.9024,57.1971,57.1993
101.4954,36.7487,55.4511,55.4533
101.2501,37.3767,53.7585,53.7605
101.0123,37.1390,52.1175,52.1195
103.2441,36.9085,50.5266,50.5285
109.3863,38.6744,48.9842,48.9861
117.6553,33.8292,47.4890,47.4908
130.9191,53.4498,49.0067,49.0086
141.9055,58.2620,50.5730,50.5749
154.4494,61.6469,50.5730,50.5749
172.5684,68.6158,50.5730,50.5749
177.5345,71.5907,52.1893,52.1913
179.3584,89.4416,50.5962,50.5982
184.7122,93.2018,49.0517,49.0536
200.7174,98.7785,47.5544,47.5563
207.9962,97.8193,46.1028,46.1046
218.3199,94.7113,44.6955,44.6972
224.1052,97.3292,43.3312,43.3328
227.6667,101.2319,42.0085,42.0101
230.7887,103.3616,40.7261,40.7277
234.7775,102.8608,39.4830,39.4845
235.8656,104.5708,39.4830,39.4845
239.7326,105.6397,38.2777,38.2792
243.1802,107.5803,37.1093,37.1107
231.9123,118.2278,35.9765,35.9779
229.7793,126.2930,37.1263,37.1278
227.8705,127.8923,38.3129,38.3144
226.2024,126.2241,39.5374,39.5389
225.1128,121.0873,39.5374,39.5389
221.2020,118.7332,38.3305,38.3320
220.7307,108.3018,37.1604,37.1619
219.1213,104.0590,37.1604,37.1619
203.1742,98.3531,37.1604,37.1619
194.8349,92.3547,37.1604,37.1619
197.3040,114.4285,36.0261,36.0275
196.5773,112.8508,34.9264,34.9277
174.4216,95.6454,33.8602,33.8616
174.0138,93.1046,34.9424,34.9438
171.9333,86.0715,33.8758,33.8771
167.2574,82.1959,34.9585,34.9598
159.9458,73.2327,33.8913,33.8927
158.4616,73.3497,32.8568,32.8581
152.3740,71.4016,33.9069,33.9082
150.8978,71.5273,34.9906,34.9919
2
0
0
0
0
1
111.6373,74.2744,43.1042,51.3953
111.5060,74.0106,44.4818,53.0379
108.6292,71.5174,44.4818,53.0379
2
0
0
0
0
1
223.4357,116.5788,43.1551,41.5455
223.9359,116.7455,43.1551,41.5455
225.7699,117.2457,43.1551,41.5455
226.6035,117.4124,43.1551,41.5455
226.7475,117.5821,44.5343,42.8732
226.8962,117.7573,45.9576,44.2435
228.1148,120.0687,47.4264,45.6575
228.2981,120.6184,47.4264,45.6575
227.7234,120.0720,48.9422,47.1167
223.7527,116.4794,48.9422,47.1167
222.0416,113.9841,47.4482,45.6785
221.8492,114.1313,45.9998,44.2841
218.4484,110.7579,47.4700,45.6994
221.1902,115.3067,46.0209,44.3044
221.7148,115.4495,44.6161,42.9520
2
0
0
0
0
1
177.3426,39.2705,37.5927,41.2511
182.4630,38.8050,37.5927,41.2511
192.8120,39.9001,36.4451,39.9919
203.4467,43.6694,35.3326,38.7711
214.9236,47.6153,34.2541,37.5876
226.0501,53.1374,33.2085,36.4402
232.7840,56.5300,34.2698,37.6049
240.8037,63.1862,33.2237,36.4570
248.0302,66.8966,32.2096,35.3441
249.4926,71.0179,32.2096,35.3441
250.6489,71.6903,31.2264,34.2652
248.7156,68.4681,31.2264,34.2652
242.9157,65.7616,31.2264,34.2652
240.1702,63.8357,30.2732,33.2193
236.3127,60.4310,31.2407,34.2809
232.7923,56.9569,30.2871,33.2345
227.4169,54.8317,30.2871,33.2345
221.2914,52.2066,30.2871,33.2345
213.6659,50.3314,30.2871,33.2345
204.0402,47.4562,30.2871,33.2345
193.9145,45.3311,30.2871,33.2345
182.3047,44.9250,31.2550,34.2967
171.0980,43.4739,32.2539,35.3928
157.4030,43.3077,33.2848,36.5240
144.9189,42.3119,34.3486,37.6913
131.4687,41.8514,35.4463,38.8959
121.0811,40.2420,35.4463,38.8959
112.6976,39.2264,34.3643,37.7086
101.7943,39.0493,35.4626,38.9137
91.4020,39.1957,35.4626,38.9137
82.1806,39.3420,35.4626,38.9137
74.4230,38.9029,35.4626,38.9137
68.0848,39.0577,34.3801,37.7259
63.6858,41.4701,34.3801,37.7259
60.4221,43.5986,34.3801,37.7259
58.5773,47.4300,34.3801,37.7259
58.7192,53.5318,34.3801,37.7259
61.4154,60.2012,34.3801,37.7259
65.2650,68.2544,35.4789,38.9316
69.5305,77.1508,36.6128,40.1759
79.0703,90.8650,37.7829,41.4599
84.8404,96.0113,37.7829,41.4599
95.5537,105.2212,36.6296,40.1943
102.3114,114.7547,35.5115,38.9674
103.5863,126.6355,34.4275,37.7779
102.8940,130.4369,35.5278,38.9852
101.8864,132.6001,36.6632,40.2312
105.3669,136.0806,36.6632,40.2312
107.9394,135.0213,36.6632,40.2312
122.2697,123.9832,35.5441,39.0031
122.9589,125.3120,34.4591,37.8126
124.7649,126.6003,33.4072,36.6583
127.3431,128.4008,32.3875,35.5393
130.6447,132.8199,31.3988,34.4545
133.5862,133.4753,30.4404,33.4027
134.9303,134.6133,29.5112,32.3831
136.2334,137.9091,28.6103,31.3946
136.8390,137.2894,29.5247,32.3980
136.4890,136.1623,30.4683,33.4334
137.3855,134.9993,31.4421,34.5019
137.0128,134.0586,32.4470,35.6046
138.5032,133.0879,33.4840,36.7425
141.6401,133.2341,32.4619,35.6210
154.3687,128.8125,32.4619,35.6210
156.3785,127.0707,32.4619,35.6210
155.9937,125.2957,33.4994,36.7594
155.5967,123.7404,34.5700,37.9342
158.5500,124.1767,33.5147,36.7763
159.2416,124.0383,33.5147,36.7763
162.3814,124.1846,32.4917,35.6537
164.3525,125.3993,31.4999,34.5653
168.0837,126.0569,30.5383,33.5102
170.9446,127.7028,29.6061,32.4873
172.5332,128.3138,29.6061,32.4873
177.0176,127.4654,28.7024,31.4956
180.1805,126.1691,27.8262,30.5342
182.3280,125.3718,26.9768,29.6021
185.7460,125.7122,26.1534,28.6985
189.4916,126.4741,25.3550,27.8225
191.2390,126.3755,24.5811,26.9732
2
0
0
0
0
1
97.8359,71.3020,52.5061,51.6365
97.2209,71.5070,52.5061,51.6365
97.4259,71.7120,52.5061,51.6365
97.6309,71.0970,52.5061,51.6365
99.4759,71.3020,52.5061,51.6365
100.9110,71.9170,52.5061,51.6365
102.7560,71.7120,52.5061,51.6365
103.7810,71.9170,52.5061,51.6365
104.8060,72.1220,52.5061,51.6365
106.6511,72.3270,52.5061,51.6365
107.2661,72.9420,52.5061,51.6365
