1
593.5624,201.0732,43.8311,39.5717
591.1005,199.2678,43.8311,39.5717
588.6386,198.4472,43.8311,39.5717
586.1767,197.6266,43.8311,39.5717
585.0278,196.8059,43.8311,39.5717
583.2349,195.2763,42.4931,38.3638
582.7697,195.3845,41.1960,37.1927
584.1697,196.1064,39.9385,36.0574
572.9135,190.8941,41.2149,37.2098
570.3017,197.7896,39.9568,36.0739
568.0173,196.4650,41.2338,37.2269
565.0424,194.1717,42.5517,38.4166
562.2911,192.1238,43.9116,39.6444
561.1526,191.5779,42.5712,38.4343
558.7189,189.8479,43.9318,39.6626
557.5673,189.0254,43.9318,39.6626
556.4158,188.5319,43.9318,39.6626
555.2643,187.7094,43.9318,39.6626
554.4418,187.5448,43.9318,39.6626
553.5753,186.7465,45.3358,40.9302
553.4055,186.2373,45.3358,40.9302
552.8962,185.0489,45.3358,40.9302
551.7079,184.8792,45.3358,40.9302
551.8777,185.0489,45.3358,40.9302
550.6893,184.5397,45.3358,40.9302
550.8591,184.7094,45.3358,40.9302
549.6708,185.2187,45.3358,40.9302
549.8406,185.0489,45.3358,40.9302
549.6837,185.1644,43.9520,39.6808
549.5191,184.9998,43.9520,39.6808
549.0254,186.1518,43.9520,39.6808
547.8734,186.3164,43.9520,39.6808
549.3671,184.7825,42.6103,38.4696
548.5693,185.8994,42.6103,38.4696
548.0479,180.3385,43.9721,39.6991
553.1647,186.3780,42.6299,38.4872
553.9750,184.2517,41.3286,37.3124
551.6537,184.0970,41.3286,37.3124
551.4989,184.2517,41.3286,37.3124
551.0347,185.3350,41.3286,37.3124
549.9514,185.7993,41.3286,37.3124
549.4871,186.8826,41.3286,37.3124
549.3323,186.4183,41.3286,37.3124
548.8681,186.8826,41.3286,37.3124
548.0943,186.7278,41.3286,37.3124
547.9396,187.5016,41.3286,37.3124
547.7848,187.6563,41.3286,37.3124
548.2491,188.1206,41.3286,37.3124
548.0943,188.2753,41.3286,37.3124
548.2491,188.7396,41.3286,37.3124
549.0228,189.5134,41.3286,37.3124
549.7966,189.9776,41.3286,37.3124
551.4989,190.1324,41.3286,37.3124
552.2727,190.5966,41.3286,37.3124
553.9868,192.2494,40.0670,36.1734
555.3484,194.4519,38.8439,35.0692
551.3823,197.5277,40.0854,36.1900
549.3909,194.0975,41.3665,37.3467
546.7162,193.9654,42.6886,38.5403
546.1938,194.7882,44.0529,39.7720
545.9847,194.9774,45.4609,41.0431
547.8117,194.4917,46.9138,42.3549
548.2917,195.7473,48.4132,43.7085
550.2373,195.5927,49.9604,45.1054
551.1226,195.0589,51.5572,46.5470
554.0184,196.0242,51.5572,46.5470
556.1421,196.6034,51.5572,46.5470
558.2657,197.5687,51.5572,46.5470
559.2310,198.1478,51.5572,46.5470
560.9684,198.3409,51.5572,46.5470
563.8643,198.5340,51.5572,46.5470
565.2157,199.4992,51.5572,46.5470
566.9015,198.9485,53.2049,48.0347
567.1008,199.1477,53.2049,48.0347
569.6907,199.3469,53.2049,48.0347
571.8821,199.9446,53.2049,48.0347
574.0737,199.7454,53.2049,48.0347
574.6713,200.3430,53.2049,48.0347
577.2612,201.3392,53.2049,48.0347
578.2574,201.5384,53.2049,48.0347
579.6520,201.7376,53.2049,48.0347
582.2419,201.9368,53.2049,48.0347
582.8395,202.9330,53.2049,48.0347
585.0311,203.1322,53.2049,48.0347
585.2303,204.1283,53.2049,48.0347
587.0233,204.7260,53.2049,48.0347
588.0194,204.5268,53.2049,48.0347
589.0156,205.1245,53.2049,48.0347
590.0117,205.7221,53.2049,48.0347
590.6094,205.9214,53.2049,48.0347
591.2070,206.5190,53.2049,48.0347
590.5560,205.9507,54.9054,49.5698
590.3505,206.5674,54.9054,49.5698
591.3784,206.7730,54.9054,49.5698
591.9952,206.9786,54.9054,49.5698
592.2008,207.5954,54.9054,49.5698
592.8176,207.8010,54.9054,49.5698
593.0232,208.0066,54.9054,49.5698
593.6400,208.6234,54.9054,49.5698
593.8455,208.4178,54.9054,49.5698
594.4623,208.2122,54.9054,49.5698
597.5462,208.8290,54.9054,49.5698
602.2905,208.9688,53.2294,48.0567
605.6940,212.2934,51.6045,46.5898
603.5685,204.7573,51.6045,46.5898
597.9130,202.2737,53.2538,48.0788
594.0709,202.1036,54.9558,49.6154
591.7522,201.1049,56.7122,51.2011
590.2089,200.0744,58.5247,52.8375
589.1132,199.8553,58.5247,52.8375
588.0174,199.6361,58.5247,52.8375
586.4834,198.9787,58.5247,52.8375
584.9494,198.3212,58.5247,52.8375
582.5388,198.5404,58.5247,52.8375
581.8813,198.7595,58.5247,52.8375
579.0325,197.6638,58.5247,52.8375
577.0601,197.0064,58.5247,52.8375
575.9644,196.7872,58.5247,52.8375
573.5538,196.1298,58.5247,52.8375
572.8964,195.9106,58.5247,52.8375
570.0475,195.6915,58.5247,52.8375
568.9518,195.0341,58.5247,52.8375
566.9794,194.8149,58.5247,52.8375
565.8837,194.1575,58.5247,52.8375
563.9114,193.9383,58.5247,52.8375
563.6923,193.2809,58.5247,52.8375
566.9794,194.3766,58.5247,52.8375
565.0238,201.5383,56.7382,51.2246
563.5528,199.1333,55.0063,49.6609
559.5842,199.3695,56.7643,51.2481
557.2461,199.1570,56.7643,51.2481
556.1265,198.1255,58.5785,52.8860
554.5911,198.7835,58.5785,52.8860
554.3717,198.5642,58.5785,52.8860
553.7137,198.7835,58.5785,52.8860
552.1782,199.0029,58.5785,52.8860
551.4615,198.3771,60.4506,54.5762
551.2351,198.6035,60.4506,54.5762
551.0088,198.3771,60.4506,54.5762
550.7824,198.1507,60.4506,54.5762
550.5561,197.9244,60.4506,54.5762
550.7824,198.1507,60.4506,54.5762
550.5561,197.9244,60.4506,54.5762
551.2351,197.6980,60.4506,54.5762
551.4615,198.3771,60.4506,54.5762
552.1406,197.6980,60.4506,54.5762
552.8196,197.4717,60.4506,54.5762
553.4987,197.2453,60.4506,54.5762
555.0832,196.5662,60.4506,54.5762
555.3096,197.2453,60.4506,54.5762
556.4413,196.5662,60.4506,54.5762
557.5731,196.7926,60.4506,54.5762
558.7049,196.1135,60.4506,54.5762
558.4180,195.9205,62.3826,56.3205
557.1875,195.7213,64.3764,58.1205
557.4286,195.9623,64.3764,58.1205
557.1875,196.6855,64.3764,58.1205
558.8749,196.9265,64.3764,58.1205
560.0802,197.1676,64.3764,58.1205
562.7318,197.4086,64.3764,58.1205
563.4550,197.6497,64.3764,58.1205
565.1424,196.9265,64.3764,58.1205
567.7940,196.6855,64.3764,58.1205
568.5172,196.9265,64.3764,58.1205
569.7225,197.1676,64.3764,58.1205
571.4099,197.4086,64.3764,58.1205
572.1331,197.6497,64.3764,58.1205
575.7672,197.3315,62.4113,56.3463
576.9535,198.4252,60.5061,54.6264
577.6332,200.0111,60.5061,54.6264
579.6723,200.2377,60.5061,54.6264
580.3692,201.2980,58.6592,52.9589
581.0449,201.8867,56.8686,51.3423
585.4597,177.8553,58.6861,52.9832
2
0
0
0
0
1
610.4258,196.6807,56.8407,49.2561
610.2171,196.8894,56.8407,49.2561
610.0084,196.6807,56.8407,49.2561
610.2171,197.3068,56.8407,49.2561
609.5909,196.6807,56.8407,49.2561
609.8323,197.2237,55.1056,47.7525
611.2804,197.7502,53.4235,46.2949
613.8613,202.9687,51.7928,44.8817
617.4079,203.5828,53.4481,46.3161
617.2116,197.4987,53.4481,46.3161
609.9807,187.8038,51.8165,44.9023
607.9175,187.5378,50.2348,43.5317
608.1308,188.3867,48.7014,42.2028
607.5944,188.5655,48.7014,42.2028
606.0128,187.9578,47.2148,40.9146
605.8395,189.1714,47.2148,40.9146
606.7335,188.9290,45.7735,39.6656
604.9109,189.3663,44.3763,38.4548
605.0994,190.1162,43.0217,37.2810
603.6776,189.9582,43.0217,37.2810
603.5196,189.4843,43.0217,37.2810
603.0457,189.9582,43.0217,37.2810
601.3079,189.8002,43.0217,37.2810
601.1500,190.2742,43.0217,37.2810
599.7282,190.4321,43.0217,37.2810
599.5702,190.5901,43.0217,37.2810
598.4644,190.7481,43.0217,37.2810
597.3586,190.9061,43.0217,37.2810
596.2527,190.1162,43.0217,37.2810
595.4629,190.2742,43.0217,37.2810
594.6730,190.7481,43.0217,37.2810
593.8831,191.2220,43.0217,37.2810
593.4092,191.0640,43.0217,37.2810
591.9874,190.9061,43.0217,37.2810
591.8294,190.7481,43.0217,37.2810
590.4077,191.5380,43.0217,37.2810
589.6178,191.6960,43.0217,37.2810
589.1439,191.8539,43.0217,37.2810
588.3540,192.0119,43.0217,37.2810
588.1960,191.5380,43.0217,37.2810
588.0380,192.0119,43.0217,37.2810
587.5641,191.8539,43.0217,37.2810
587.7221,192.3279,43.0217,37.2810
586.8766,191.8901,44.3966,38.4725
583.7218,191.4383,45.8156,39.7021
584.8403,191.6450,47.2798,40.9710
590.5694,196.6798,47.2798,40.9710
591.4374,199.9784,47.2798,40.9710
591.9583,203.6242,47.2798,40.9710
590.7430,204.8395,47.2798,40.9710
590.9438,207.0273,45.8366,39.7203
589.1187,208.4751,44.4374,38.5078
586.3448,208.9646,44.4374,38.5078
583.5708,208.8014,44.4374,38.5078
580.1442,208.9646,44.4374,38.5078
576.7175,209.4541,44.4374,38.5078
572.9645,209.9437,44.4374,38.5078
568.2325,209.7805,44.4374,38.5078
564.1531,209.9437,44.4374,38.5078
559.7474,210.1068,44.4374,38.5078
555.9944,210.9227,44.4374,38.5078
550.9361,211.0859,44.4374,38.5078
545.8777,211.5754,44.4374,38.5078
540.8193,212.3913,44.4374,38.5078
535.7609,212.5544,44.4374,38.5078
532.3343,213.3703,44.4374,38.5078
527.2759,213.8598,44.4374,38.5078
522.5438,213.6967,44.4374,38.5078
518.1382,214.8389,44.4374,38.5078
512.7534,214.6757,44.4374,38.5078
508.6741,216.4706,44.4374,38.5078
503.9420,217.2865,44.4374,38.5078
498.8837,218.1023,44.4374,38.5078
493.8253,218.5919,44.4374,38.5078
489.4196,219.4077,44.4374,38.5078
485.9929,219.8972,44.4374,38.5078
481.2609,219.7341,44.4374,38.5078
478.5125,221.4640,43.0810,37.3324
474.8741,221.3058,43.0810,37.3324
471.5520,221.1476,43.0810,37.3324
468.2299,220.9895,43.0810,37.3324
463.9587,221.1476,43.0810,37.3324
460.9531,221.9386,43.0810,37.3324
457.0230,222.0338,41.7659,36.1928
451.2946,221.3021,43.1007,37.3495
447.0214,221.7769,43.1007,37.3495
444.9083,223.2375,44.4782,38.5432
442.7851,223.4008,44.4782,38.5432
441.3152,223.5641,44.4782,38.5432
440.1719,224.7074,44.4782,38.5432
439.0286,225.1974,44.4782,38.5432
437.8854,225.6873,44.4782,38.5432
437.0688,227.1573,44.4782,38.5432
436.2521,227.3206,44.4782,38.5432
436.0888,227.8106,44.4782,38.5432
435.2722,227.9739,44.4782,38.5432
435.1089,228.4639,44.4782,38.5432
434.9456,229.6071,44.4782,38.5432
434.7822,230.0971,44.4782,38.5432
434.6189,230.2604,44.4782,38.5432
435.4355,230.4237,44.4782,38.5432
434.8881,230.6244,45.8998,39.7750
440.8135,233.0855,44.4986,38.5609
443.9436,234.8178,43.1403,37.3838
444.4189,234.9762,43.1403,37.3838
444.8941,236.0851,43.1403,37.3838
445.0525,237.1940,43.1403,37.3838
442.9932,238.3028,43.1403,37.3838
442.8347,240.0454,43.1403,37.3838
442.3595,240.8374,43.1403,37.3838
440.9338,242.2631,43.1403,37.3838
439.1913,244.3225,43.1403,37.3838
438.7161,245.7482,43.1403,37.3838
437.9240,246.8570,43.1403,37.3838
436.4983,246.3818,43.1403,37.3838
434.7558,247.8075,43.1403,37.3838
433.9637,248.9164,43.1403,37.3838
431.9044,248.7580,43.1403,37.3838
431.4540,250.4374,41.8234,36.2427
428.8432,250.5910,41.8234,36.2427
425.5641,249.2440,43.1601,37.4010
425.0886,249.7194,43.1601,37.4010
424.9301,250.8288,43.1601,37.4010
425.4056,250.6703,43.1601,37.4010
426.1980,251.7797,43.1601,37.4010
426.6735,252.2551,43.1601,37.4010
428.4168,252.4136,43.1601,37.4010
427.8856,252.2914,44.5395,38.5963
428.7033,251.8008,44.5395,38.5963
429.5211,252.2914,44.5395,38.5963
430.3388,252.1279,44.5395,38.5963
431.8107,252.9456,44.5395,38.5963
433.2251,252.4924,45.9630,39.8298
439.4962,254.9568,44.5600,38.6140
442.6307,255.7098,43.1998,37.4353
442.4720,256.1857,43.1998,37.4353
440.7271,256.0271,43.1998,37.4353
440.5685,256.1857,43.1998,37.4353
440.4099,256.6616,43.1998,37.4353
441.2278,258.3433,41.8811,36.2926
441.0741,257.5744,41.8811,36.2926
440.9203,257.7282,41.8811,36.2926
441.6892,257.2668,41.8811,36.2926
442.1506,257.1130,41.8811,36.2926
442.3044,256.9593,41.8811,36.2926
443.0733,256.4979,41.8811,36.2926
443.8422,256.9593,41.8811,36.2926
446.4566,256.8055,41.8811,36.2926
447.5331,257.2668,41.8811,36.2926
449.8399,256.8055,41.8811,36.2926
452.1467,257.2668,41.8811,36.2926
453.8384,256.4979,41.8811,36.2926
456.4528,256.3441,41.8811,36.2926
458.7596,256.1903,41.8811,36.2926
461.0663,255.4214,41.8811,36.2926
461.8353,254.9600,41.8811,36.2926
462.9118,252.6532,41.8811,36.2926
463.0656,250.3464,41.8811,36.2926
466.0116,248.5935,40.6026,35.1848
469.4407,246.9535,40.6026,35.1848
472.2735,245.6117,40.6026,35.1848
475.4044,244.8662,40.6026,35.1848
479.4299,244.1208,40.6026,35.1848
482.8590,242.1826,40.6026,35.1848
486.5864,241.1389,40.6026,35.1848
489.7173,239.7971,40.6026,35.1848
493.1464,239.0516,40.6026,35.1848
496.8737,237.7098,40.6026,35.1848
500.0047,237.5607,40.6026,35.1848
503.4338,236.8152,40.6026,35.1848
506.2666,235.7716,40.6026,35.1848
509.3975,235.0261,40.6026,35.1848
513.1248,232.7897,40.6026,35.1848
517.4485,232.6406,40.6026,35.1848
519.9831,231.0006,40.6026,35.1848
524.0085,229.0624,40.6026,35.1848
527.4377,227.7206,40.6026,35.1848
530.2704,227.2733,40.6026,35.1848
533.1032,225.3351,40.6026,35.1848
537.4269,224.2915,40.6026,35.1848
539.6633,222.9496,40.6026,35.1848
542.4960,221.0114,40.6026,35.1848
545.0306,219.9678,40.6026,35.1848
548.1616,218.9241,40.6026,35.1848
550.6961,217.5823,40.6026,35.1848
551.6873,215.9764,41.9003,36.3093
558.9186,218.2843,41.9003,36.3093
563.0728,217.8227,41.9003,36.3093
565.0729,217.9766,41.9003,36.3093
567.3807,215.9764,41.9003,36.3093
567.7882,213.7038,43.2394,37.4697
568.8996,212.2748,43.2394,37.4697
569.6935,210.2107,43.2394,37.4697
570.4874,210.0519,43.2394,37.4697
570.9637,207.9879,43.2394,37.4697
572.0751,206.2413,43.2394,37.4697
573.1865,205.1299,43.2394,37.4697
573.6628,203.3834,43.2394,37.4697
573.8217,201.0018,43.2394,37.4697
574.9330,200.5255,43.2394,37.4697
575.4094,198.4614,43.2394,37.4697
575.2506,197.0324,43.2394,37.4697
576.0445,196.5561,43.2394,37.4697
575.8857,194.8096,43.2394,37.4697
575.7269,193.6981,43.2394,37.4697
575.5682,192.2692,43.2394,37.4697
575.4094,190.5226,43.2394,37.4697
575.2506,189.0937,43.2394,37.4697
576.0445,187.9823,43.2394,37.4697
575.8857,185.9182,43.2394,37.4697
576.0445,183.8541,43.2394,37.4697
576.2032,181.7900,43.2394,37.4697
576.6796,180.0435,43.2394,37.4697
576.5208,178.6145,43.2394,37.4697
576.0445,175.9154,43.2394,37.4697
575.5682,173.8513,43.2394,37.4697
572.2339,171.4697,43.2394,37.4697
569.8771,167.1196,41.9195,36.3259
568.2080,169.9829,40.6399,35.2171
565.9695,168.0429,40.6399,35.2171
566.4406,167.8343,39.3994,34.1421
566.8973,166.1853,38.1967,33.0999
567.9010,165.9892,37.0307,32.0895
568.0583,164.1673,35.9004,31.1099
568.2108,163.1921,34.8045,30.1603
568.6141,161.7354,33.7421,29.2396
568.5096,160.5709,32.7121,28.3471
568.1070,159.9978,33.7576,29.2531
568.2310,158.6343,33.7576,29.2531
566.3280,157.5471,34.8365,30.1880
566.4559,156.1399,34.8365,30.1880
565.7713,155.5296,35.9498,31.1528
564.5833,154.6056,35.9498,31.1528
563.9232,153.1535,35.9498,31.1528
563.7912,151.7014,35.9498,31.1528
562.8671,151.3054,35.9498,31.1528
561.9431,149.5893,35.9498,31.1528
561.0190,148.9292,35.9498,31.1528
560.3590,147.2132,35.9498,31.1528
559.9630,146.8171,35.9498,31.1528
559.0389,146.4211,35.9498,31.1528
558.9069,145.4971,35.9498,31.1528
558.2469,144.8370,35.9498,31.1528
558.1149,144.4410,35.9498,31.1528
557.7189,143.5170,35.9498,31.1528
557.0588,143.1209,35.9498,31.1528
556.9268,142.1969,35.9498,31.1528
556.5308,141.5368,35.9498,31.1528
555.8708,141.4048,35.9498,31.1528
555.7388,141.0088,35.9498,31.1528
555.0787,140.0848,35.9498,31.1528
555.2107,139.6887,35.9498,31.1528
555.0787,139.8207,35.9498,31.1528
554.6827,139.6887,35.9498,31.1528
553.7587,139.2927,35.9498,31.1528
553.8906,138.6327,35.9498,31.1528
557.1909,138.7647,35.9498,31.1528
559.9166,137.8708,37.0988,32.1484
561.9120,136.9484,38.2845,33.1759
561.7220,136.8400,39.5080,34.2362
561.5258,136.1478,40.7707,35.3304
560.4252,136.6312,42.0737,36.4596
559.3438,136.1678,42.0737,36.4596
558.2623,136.6312,42.0737,36.4596
557.4898,136.1678,42.0737,36.4596
554.5001,135.7396,43.4184,37.6248
553.7029,135.5802,43.4184,37.6248
553.2246,135.4208,43.4184,37.6248
552.7463,134.9425,43.4184,37.6248
550.6176,134.5007,44.8061,38.8273
549.7949,134.3361,44.8061,38.8273
549.6304,134.1716,44.8061,38.8273
549.1368,134.0071,44.8061,38.8273
548.9723,133.5135,44.8061,38.8273
548.8078,133.6780,44.8061,38.8273
548.3142,132.8554,44.8061,38.8273
548.4787,132.6908,44.8061,38.8273
548.6432,132.5263,44.8061,38.8273
547.4916,133.0199,44.8061,38.8273
547.9852,132.5263,44.8061,38.8273
547.4916,132.6908,44.8061,38.8273
547.3270,131.5392,44.8061,38.8273
545.1882,131.7037,44.8061,38.8273
541.0750,129.5648,44.8061,38.8273
539.6200,131.6382,43.4384,37.6421
536.2953,133.6483,42.1124,36.4930
536.7834,134.0506,40.8269,35.3791
536.6570,134.1408,39.5806,34.2991
537.6971,134.2283,38.3724,33.2521
538.4237,134.3131,37.2011,32.2371
536.9211,133.6301,37.2011,32.2371
537.0577,133.7667,37.2011,32.2371
537.7621,134.1221,36.0655,31.2531
537.3647,133.4600,36.0655,31.2531
537.4972,133.5924,36.0655,31.2531
536.5702,133.7248,36.0655,31.2531
536.4377,133.5924,36.0655,31.2531
537.0999,133.4600,36.0655,31.2531
536.7026,133.3275,36.0655,31.2531
536.0405,133.1951,36.0655,31.2531
535.9080,132.7978,36.0655,31.2531
536.5909,133.1424,34.9646,30.2990
536.4625,133.0140,34.9646,30.2990
536.0773,132.8856,34.9646,30.2990
535.6922,132.5004,34.9646,30.2990
536.0773,132.1152,34.9646,30.2990
535.6922,132.5004,34.9646,30.2990
536.0773,131.8585,34.9646,30.2990
535.4354,131.9869,34.9646,30.2990
535.5638,131.8585,34.9646,30.2990
535.9490,131.7301,34.9646,30.2990
536.0773,131.3449,34.9646,30.2990
535.4354,131.7301,34.9646,30.2990
535.5638,131.3449,34.9646,30.2990
535.1786,131.4733,34.9646,30.2990
534.7935,130.5746,34.9646,30.2990
534.9218,130.1894,34.9646,30.2990
534.7935,130.5746,34.9646,30.2990
534.4083,129.9326,34.9646,30.2990
533.7664,130.0610,34.9646,30.2990
533.8947,129.9326,34.9646,30.2990
533.7664,129.5475,34.9646,30.2990
533.6379,128.9055,34.9646,30.2990
533.2527,129.0339,34.9646,30.2990
532.6108,128.9055,34.9646,30.2990
532.4824,128.7771,34.9646,30.2990
532.3541,128.3920,34.9646,30.2990
531.9689,127.7500,34.9646,30.2990
532.0973,127.3648,34.9646,30.2990
530.6850,126.9797,34.9646,30.2990
531.0701,127.1081,34.9646,30.2990
530.4282,126.9797,34.9646,30.2990
530.5566,126.5945,34.9646,30.2990
530.6398,125.9819,36.0821,31.2674
526.4859,125.8798,37.2353,32.2667
524.1134,125.7743,38.4253,33.2980
524.4871,126.5121,39.6534,34.3622
524.5814,125.2349,40.9207,35.4604
524.3783,124.8186,42.2285,36.5937
524.7889,123.4585,43.5781,37.7632
524.5726,123.0150,44.9709,38.9701
524.3494,122.2272,46.4082,40.2156
524.8606,121.3751,46.4082,40.2156
524.6902,120.8639,46.4082,40.2156
525.2014,120.6935,46.4082,40.2156
524.6902,120.1822,46.4082,40.2156
524.8606,119.3302,46.4082,40.2156
523.6677,119.1598,46.4082,40.2156
525.5422,118.3077,46.4082,40.2156
527.4434,120.7960,44.9916,38.9880
533.2516,119.5738,43.6182,37.7979
535.6541,117.1713,43.6182,37.7979
537.7362,116.0502,43.6182,37.7979
536.5587,114.9657,45.0122,39.0059
536.7240,114.8004,45.0122,39.0059
536.8893,114.3045,45.0122,39.0059
536.3934,113.1475,45.0122,39.0059
534.5172,112.0284,46.4508,40.2526
534.3466,111.1755,46.4508,40.2526
533.8348,111.0050,46.4508,40.2526
533.3232,110.4933,46.4508,40.2526
532.8115,110.3227,46.4508,40.2526
531.6175,109.8110,46.4508,40.2526
531.7881,109.6404,46.4508,40.2526
530.5941,109.4699,46.4508,40.2526
530.7646,108.9582,46.4508,40.2526
530.2530,108.1053,46.4508,40.2526
529.4001,107.9348,46.4508,40.2526
528.8884,107.4230,46.4508,40.2526
528.0356,107.9348,46.4508,40.2526
527.5239,107.0819,46.4508,40.2526
527.3533,106.9114,46.4508,40.2526
526.8416,106.7408,46.4508,40.2526
525.3065,106.9114,46.4508,40.2526
525.4771,106.0585,46.4508,40.2526
523.9420,106.2291,46.4508,40.2526
518.9955,108.1053,46.4508,40.2526
514.4169,111.2782,45.0329,39.0238
513.9208,109.1285,45.0329,39.0238
511.7712,107.6403,45.0329,39.0238
510.9444,108.1363,45.0329,39.0238
510.4483,107.9710,45.0329,39.0238
508.5712,108.8356,46.4721,40.2710
507.7179,108.6650,46.4721,40.2710
507.2060,108.4943,46.4721,40.2710
506.3528,108.3237,46.4721,40.2710
505.8408,108.1530,46.4721,40.2710
504.9876,107.9824,46.4721,40.2710
504.8170,107.8118,46.4721,40.2710
504.3050,107.9824,46.4721,40.2710
504.1344,107.4705,46.4721,40.2710
503.9637,107.6411,46.4721,40.2710
503.4518,107.8118,46.4721,40.2710
503.6224,107.9824,46.4721,40.2710
503.4518,107.4705,46.4721,40.2710
503.2812,107.6411,46.4721,40.2710
502.7692,107.8118,46.4721,40.2710
502.2573,107.9824,46.4721,40.2710
502.4279,107.8118,46.4721,40.2710
502.5986,108.3237,46.4721,40.2710
502.4279,108.1530,46.4721,40.2710
502.2573,107.9824,46.4721,40.2710
502.0866,108.1530,46.4721,40.2710
501.9160,108.3237,46.4721,40.2710
503.7931,109.1769,46.4721,40.2710
507.7179,111.3953,46.4721,40.2710
513.0079,108.1530,46.4721,40.2710
514.8250,105.6324,47.9574,41.5581
515.9957,105.4966,49.4901,42.8863
516.5409,106.0418,49.4901,42.8863
516.7226,106.2235,49.4901,42.8863
517.2678,106.7687,49.4901,42.8863
517.0861,106.9504,49.4901,42.8863
518.3582,107.1322,49.4901,42.8863
518.1765,107.6773,49.4901,42.8863
519.0851,107.4956,49.4901,42.8863
519.2668,108.4042,49.4901,42.8863
519.0851,108.5860,49.4901,42.8863
519.9937,108.4042,49.4901,42.8863
520.1754,108.9494,49.4901,42.8863
520.7206,108.7677,49.4901,42.8863
520.9023,108.9494,49.4901,42.8863
521.0840,109.1311,49.4901,42.8863
521.9927,109.6763,49.4901,42.8863
522.1744,109.4946,49.4901,42.8863
523.0831,110.4032,49.4901,42.8863
523.2648,110.5850,49.4901,42.8863
523.0831,110.4032,49.4901,42.8863
524.7186,111.3119,49.4901,42.8863
524.9003,111.4936,49.4901,42.8863
525.8090,112.0388,49.4901,42.8863
526.3541,111.8571,49.4901,42.8863
526.8994,111.6753,49.4901,42.8863
528.8983,111.8571,49.4901,42.8863
529.4435,112.0388,49.4901,42.8863
529.9887,112.5840,49.4901,42.8863
531.9877,112.4022,49.4901,42.8863
532.1694,113.6743,49.4901,42.8863
532.6506,113.5342,51.0718,44.2569
532.0221,114.5148,52.7040,45.6714
532.6027,115.0954,52.7040,45.6714
532.7962,114.9018,52.7040,45.6714
532.9897,115.0954,52.7040,45.6714
533.1832,115.2889,52.7040,45.6714
532.9897,115.8695,52.7040,45.6714
533.5703,116.0630,52.7040,45.6714
533.3768,116.2565,52.7040,45.6714
533.5703,116.8371,52.7040,45.6714
533.7638,116.6436,52.7040,45.6714
534.3444,117.6112,52.7040,45.6714
534.5380,118.1918,52.7040,45.6714
535.1185,117.9983,52.7040,45.6714
536.4732,118.1918,52.7040,45.6714
536.2797,118.3854,52.7040,45.6714
536.4732,118.5789,52.7040,45.6714
537.0538,119.1595,52.7040,45.6714
538.0214,119.3530,52.7040,45.6714
538.6021,119.5465,52.7040,45.6714
538.7956,120.1271,52.7040,45.6714
539.7632,120.3206,52.7040,45.6714
539.9567,120.5142,52.7040,45.6714
540.9244,121.0947,52.7040,45.6714
541.8920,120.9012,52.7040,45.6714
542.4726,121.0947,52.7040,45.6714
542.6661,121.2883,52.7040,45.6714
543.6338,121.8689,52.7040,45.6714
544.6014,122.0624,52.7040,45.6714
545.5691,122.2559,52.7040,45.6714
546.9238,122.4495,52.7040,45.6714
547.8914,123.0300,52.7040,45.6714
548.8591,122.8365,52.7040,45.6714
549.8267,122.6430,52.7040,45.6714
550.7944,122.4495,52.7040,45.6714
552.5664,122.9530,51.0952,44.2773
550.1567,122.6907,49.5355,42.9257
548.9119,128.2570,48.0235,41.6154
545.5614,124.9065,48.0235,41.6154
545.3851,123.6721,48.0235,41.6154
545.9141,123.1431,48.0235,41.6154
546.4431,123.6721,48.0235,41.6154
546.6194,123.4958,48.0235,41.6154
547.5012,123.3194,48.0235,41.6154
547.6775,123.1431,48.0235,41.6154
548.2065,124.3775,48.0235,41.6154
548.0302,123.8484,48.0235,41.6154
547.8538,124.3775,48.0235,41.6154
548.7355,123.8484,48.0235,41.6154
549.2646,124.0248,48.0235,41.6154
549.4409,124.2011,48.0235,41.6154
549.9700,123.6721,48.0235,41.6154
550.8516,124.2011,48.0235,41.6154
551.3807,123.6721,48.0235,41.6154
551.5570,123.8484,48.0235,41.6154
553.1441,126.1409,48.0235,41.6154
558.6107,129.1387,48.0235,41.6154
563.0192,123.6721,48.0235,41.6154
566.0170,121.7323,48.0235,41.6154
566.4840,121.2437,49.5583,42.9454
566.9659,120.7394,51.1422,44.3179
567.1537,120.1760,51.1422,44.3179
567.7171,120.3638,51.1422,44.3179
569.0316,119.4248,51.1422,44.3179
568.8438,118.8614,51.1422,44.3179
569.7828,118.6736,51.1422,44.3179
569.9706,118.1103,51.1422,44.3179
569.4072,118.2981,51.1422,44.3179
569.5950,118.4858,51.1422,44.3179
569.7828,117.1713,51.1422,44.3179
569.9706,117.7347,51.1422,44.3179
569.7828,117.5469,51.1422,44.3179
570.3462,117.3591,51.1422,44.3179
570.1584,117.1713,51.1422,44.3179
569.9706,117.7347,51.1422,44.3179
570.1584,117.5469,51.1422,44.3179
570.3462,117.3591,51.1422,44.3179
570.1584,116.7957,51.1422,44.3179
569.9706,116.9835,51.1422,44.3179
569.7828,117.1713,51.1422,44.3179
567.7171,116.9835,51.1422,44.3179
563.8028,121.9792,49.5810,42.9651
558.5515,120.6322,48.0676,41.6536
556.2570,119.3967,48.0676,41.6536
554.6063,118.2016,49.6038,42.9848
553.9958,118.0611,51.1891,44.3586
553.4319,118.6250,51.1891,44.3586
553.2440,118.4371,51.1891,44.3586
553.0560,117.8732,51.1891,44.3586
552.4921,118.4371,51.1891,44.3586
552.6801,117.8732,51.1891,44.3586
552.4921,118.0611,51.1891,44.3586
552.6801,118.2491,51.1891,44.3586
552.4921,118.4371,51.1891,44.3586
552.6801,117.8732,51.1891,44.3586
552.8680,118.0611,51.1891,44.3586
553.0560,118.2491,51.1891,44.3586
552.4921,118.4371,51.1891,44.3586
552.6801,117.8732,51.1891,44.3586
553.2440,118.0611,51.1891,44.3586
553.0560,118.2491,51.1891,44.3586
552.8680,118.4371,51.1891,44.3586
553.4319,117.8732,51.1891,44.3586
553.2440,118.0611,51.1891,44.3586
553.0560,118.2491,51.1891,44.3586
553.2440,118.0611,51.1891,44.3586
553.4319,117.8732,51.1891,44.3586
553.6199,117.6852,51.1891,44.3586
553.8079,117.4972,51.1891,44.3586
553.5538,117.3523,52.8251,45.7763
552.9036,117.9786,54.5134,47.2393
551.8323,118.2246,56.2557,48.7491
551.1399,117.2390,58.0536,50.3071
551.7794,117.4522,58.0536,50.3071
553.2716,117.6653,58.0536,50.3071
553.9111,117.8785,58.0536,50.3071
554.4756,116.4351,59.9090,51.9149
555.1356,116.2151,59.9090,51.9149
555.7955,115.5551,59.9090,51.9149
556.0156,114.8952,59.9090,51.9149
556.6755,115.1152,59.9090,51.9149
557.7754,114.8952,59.9090,51.9149
558.4354,114.6752,59.9090,51.9149
559.5353,114.4552,59.9090,51.9149
560.1953,114.6752,59.9090,51.9149
559.9753,114.0152,59.9090,51.9149
559.7553,114.2352,59.9090,51.9149
559.9753,114.4552,59.9090,51.9149
560.1953,114.2352,59.9090,51.9149
560.4152,114.0152,59.9090,51.9149
560.6352,113.7952,59.9090,51.9149
559.9753,113.5753,59.9090,51.9149
560.1953,113.3553,59.9090,51.9149
561.7696,113.9277,58.0803,50.3302
565.4285,113.2029,56.3073,48.7939
571.4570,116.6355,54.5885,47.3044
574.0628,109.6198,54.5885,47.3044
576.2677,109.4194,54.5885,47.3044
579.3058,109.1391,52.9222,45.8604
580.2775,109.3335,52.9222,45.8604
580.4718,109.5278,52.9222,45.8604
581.4434,109.7221,52.9222,45.8604
581.6378,109.9165,52.9222,45.8604
581.4434,110.1108,52.9222,45.8604
582.8038,109.5278,52.9222,45.8604
582.6094,109.7221,52.9222,45.8604
582.8038,109.9165,52.9222,45.8604
582.9981,110.1108,52.9222,45.8604
583.5811,109.5278,52.9222,45.8604
583.3867,109.7221,52.9222,45.8604
583.5811,109.9165,52.9222,45.8604
582.2208,110.1108,52.9222,45.8604
582.0264,109.9165,52.9222,45.8604
581.0548,110.4995,52.9222,45.8604
580.4718,110.3051,52.9222,45.8604
579.8888,109.7221,52.9222,45.8604
578.5285,109.9165,52.9222,45.8604
578.3342,110.1108,52.9222,45.8604
577.7512,109.5278,52.9222,45.8604
576.7795,109.7221,52.9222,45.8604
576.5852,109.9165,52.9222,45.8604
576.3909,110.1108,52.9222,45.8604
576.9739,109.5278,52.9222,45.8604
576.7795,109.7221,52.9222,45.8604
576.5852,109.9165,52.9222,45.8604
576.3909,110.1108,52.9222,45.8604
576.9739,109.1391,52.9222,45.8604
576.7795,109.3335,52.9222,45.8604
576.9739,109.1391,52.9222,45.8604
574.8362,108.1675,52.9222,45.8604
570.7857,110.2278,51.3067,44.4605
566.8588,112.6019,49.7406,43.1034
565.5803,109.1316,49.7406,43.1034
565.0324,108.9490,49.7406,43.1034
564.1191,108.7663,49.7406,43.1034
563.2059,109.3143,49.7406,43.1034
562.6580,109.1316,49.7406,43.1034
562.1100,108.9490,49.7406,43.1034
561.9274,108.7663,49.7406,43.1034
561.3795,109.6796,49.7406,43.1034
561.1968,109.8622,49.7406,43.1034
562.1386,111.0680,48.2222,41.7876
566.2112,114.4324,48.2222,41.7876
569.5756,109.2973,48.2222,41.7876
570.0446,107.7442,49.7634,43.1232
569.4321,107.6033,51.3539,44.5014
569.1771,107.0807,52.9951,45.9236
568.9825,106.4969,52.9951,45.9236
568.7879,106.3023,52.9951,45.9236
568.5933,105.7185,52.9951,45.9236
568.3987,105.9131,52.9951,45.9236
568.9825,106.1077,52.9951,45.9236
568.7879,105.5239,52.9951,45.9236
568.5933,105.7185,52.9951,45.9236
568.3987,105.9131,52.9951,45.9236
568.9825,105.7185,52.9951,45.9236
568.7879,105.5239,52.9951,45.9236
568.5933,105.3293,52.9951,45.9236
568.3987,105.1347,52.9951,45.9236
568.5933,104.9401,52.9951,45.9236
568.0095,105.5239,52.9951,45.9236
565.8690,105.3293,52.9951,45.9236
563.3696,108.5600,51.3774,44.5218
557.9281,109.8055,49.8091,43.1628
555.9162,108.1594,49.8091,43.1628
555.3676,107.2449,49.8091,43.1628
555.1846,107.0620,49.8091,43.1628
554.6359,106.8791,49.8091,43.1628
553.6571,107.4697,51.4010,44.5422
553.4683,107.2809,51.4010,44.5422
553.2796,107.0922,51.4010,44.5422
553.8458,106.9035,51.4010,44.5422
553.6571,106.7147,51.4010,44.5422
553.4683,106.9035,51.4010,44.5422
553.2796,106.3372,51.4010,44.5422
553.8458,106.5260,51.4010,44.5422
553.6571,106.7147,51.4010,44.5422
553.4683,106.9035,51.4010,44.5422
553.2796,105.9597,51.4010,44.5422
553.8458,106.1485,51.4010,44.5422
553.6571,105.9597,51.4010,44.5422
553.8458,105.7710,51.4010,44.5422
554.0345,105.5822,51.4010,44.5422
554.6008,106.1485,51.4010,44.5422
554.4120,105.9597,51.4010,44.5422
554.6008,105.3935,51.4010,44.5422
555.9220,105.5822,51.4010,44.5422
561.4251,111.3582,49.8320,43.1826
565.6337,104.9538,49.8320,43.1826
570.2083,104.0389,49.8320,43.1826
571.7908,103.1658,51.4246,44.5627
571.6019,102.9770,51.4246,44.5627
571.7908,102.7882,51.4246,44.5627
572.7349,102.5993,51.4246,44.5627
572.9237,103.1658,51.4246,44.5627
573.8679,103.3547,51.4246,44.5627
574.0567,103.5435,51.4246,44.5627
574.2455,103.3547,51.4246,44.5627
574.8121,103.5435,51.4246,44.5627
574.6232,103.7323,51.4246,44.5627
574.3679,103.2090,53.0682,45.9869
574.9525,103.4039,53.0682,45.9869
574.3679,103.5988,53.0682,45.9869
574.5628,103.7936,53.0682,45.9869
573.1987,103.9885,53.0682,45.9869
573.0039,103.7936,53.0682,45.9869
572.4193,103.9885,53.0682,45.9869
572.2244,104.1834,53.0682,45.9869
570.8604,103.2090,53.0682,45.9869
570.2758,103.0142,53.0682,45.9869
570.0809,102.8193,53.0682,45.9869
569.1066,102.6244,53.0682,45.9869
566.6038,103.5212,51.4482,44.5832
563.0439,107.0354,49.8778,43.2222
560.6630,107.2186,49.8778,43.2222
560.8748,106.9625,48.3552,41.9029
560.0148,106.7142,46.8792,40.6238
561.2467,106.8178,45.4482,39.3837
562.1072,106.9183,44.0609,38.1815
561.9455,107.0801,44.0609,38.1815
561.7837,107.2419,44.0609,38.1815
561.6219,107.4037,44.0609,38.1815
561.4601,107.5655,44.0609,38.1815
562.2690,107.0801,44.0609,38.1815
562.4308,107.2419,44.0609,38.1815
563.5887,107.9864,42.7159,37.0160
563.4318,107.8296,42.7159,37.0160
563.5887,107.6727,42.7159,37.0160
564.0593,107.8296,42.7159,37.0160
563.5887,107.9864,42.7159,37.0160
564.3730,108.1433,42.7159,37.0160
564.2161,108.3001,42.7159,37.0160
564.3730,108.4570,42.7159,37.0160
564.8435,108.6138,42.7159,37.0160
564.6866,108.1433,42.7159,37.0160
562.9061,107.3949,44.0811,38.1990
560.7449,108.8887,45.4899,39.4199
560.1850,108.4258,46.9438,40.6797
560.6415,107.9481,48.4441,41.9799
561.1125,107.4552,49.9924,43.3215
560.4973,106.5793,51.5901,44.7061
560.2411,107.1910,53.2389,46.1349
560.3679,106.2583,54.9405,47.6094
560.0952,105.2957,56.6964,49.1310
559.8870,105.5039,56.6964,49.1310
560.0952,104.8794,56.6964,49.1310
560.7197,105.5039,56.6964,49.1310
560.9279,105.2957,56.6964,49.1310
561.5524,105.9203,56.6964,49.1310
563.0098,105.7121,56.6964,49.1310
563.2180,105.5039,56.6964,49.1310
563.4261,105.2957,56.6964,49.1310
564.0507,105.9203,56.6964,49.1310
563.8425,105.7121,56.6964,49.1310
564.0507,105.5039,56.6964,49.1310
564.2589,105.2957,56.6964,49.1310
564.4671,105.9203,56.6964,49.1310
565.0917,105.2957,56.6964,49.1310
565.7162,105.0876,56.6964,49.1310
571.7863,108.9603,54.9657,47.6312
577.6710,105.4487,53.2878,46.1773
581.3888,102.9050,53.2878,46.1773
583.5412,102.3180,53.2878,46.1773
584.1282,102.5136,53.2878,46.1773
584.7152,101.9266,53.2878,46.1773
585.6936,102.5136,53.2878,46.1773
586.2806,102.3180,53.2878,46.1773
586.4763,103.2963,53.2878,46.1773
587.0633,103.4920,53.2878,46.1773
587.2590,103.2963,53.2878,46.1773
587.0633,103.4920,53.2878,46.1773
587.2590,102.9050,53.2878,46.1773
587.4547,103.1007,53.2878,46.1773
587.2590,103.2963,53.2878,46.1773
587.4547,103.8833,53.2878,46.1773
588.0416,103.6877,53.2878,46.1773
587.4547,103.1007,53.2878,46.1773
587.6503,103.2963,53.2878,46.1773
587.8460,103.4920,53.2878,46.1773
588.4330,102.9050,53.2878,46.1773
588.2373,103.1007,53.2878,46.1773
588.0416,103.2963,53.2878,46.1773
588.2373,103.4920,53.2878,46.1773
587.2590,102.9050,53.2878,46.1773
583.5412,105.0574,53.2878,46.1773
579.0714,105.1752,51.6612,44.7677
575.4670,104.6061,51.6612,44.7677
574.4518,104.8392,53.3123,46.1985
574.6476,105.0349,53.3123,46.1985
575.2349,105.2307,53.3123,46.1985
574.1872,105.0797,55.0162,47.6750
574.3892,104.8777,55.0162,47.6750
574.5912,104.6757,55.0162,47.6750
574.3892,104.4737,55.0162,47.6750
574.9952,104.2716,55.0162,47.6750
575.1973,104.0696,55.0162,47.6750
575.8033,104.6757,55.0162,47.6750
576.0053,104.4737,55.0162,47.6750
577.0154,104.2716,55.0162,47.6750
576.7423,103.7118,56.7745,49.1987
577.7847,104.3372,56.7745,49.1987
578.4102,104.1288,56.7745,49.1987
579.4525,103.5033,56.7745,49.1987
580.4949,103.2949,56.7745,49.1987
581.5373,102.6694,56.7745,49.1987
581.6724,102.0917,58.5890,50.7711
581.8118,101.4955,60.4615,52.3937
582.0338,100.8295,60.4615,52.3937
583.1439,101.0515,60.4615,52.3937
584.2540,100.8295,60.4615,52.3937
584.9200,100.6075,60.4615,52.3937
585.5861,100.3855,60.4615,52.3937
585.8080,99.7194,60.4615,52.3937
586.4741,99.9414,60.4615,52.3937
586.6961,100.1635,60.4615,52.3937
586.9182,100.3855,60.4615,52.3937
587.5842,99.7194,60.4615,52.3937
587.8062,99.9414,60.4615,52.3937
588.0282,100.1635,60.4615,52.3937
588.2502,100.3855,60.4615,52.3937
588.9163,99.7194,60.4615,52.3937
589.1383,99.4974,60.4615,52.3937
590.2484,98.8314,60.4615,52.3937
597.1655,99.4090,58.6159,50.7944
604.3021,99.1081,56.8266,49.2439
609.5187,98.0648,56.8266,49.2439
610.1447,97.8561,56.8266,49.2439
610.7707,98.8994,56.8266,49.2439
611.8140,98.6908,56.8266,49.2439
612.4401,99.3168,56.8266,49.2439
612.6487,99.1081,56.8266,49.2439
613.6920,98.8994,56.8266,49.2439
613.9007,98.6908,56.8266,49.2439
614.5267,99.3168,56.8266,49.2439
614.3181,98.6908,56.8266,49.2439
614.1094,98.8994,56.8266,49.2439
613.9007,98.2734,56.8266,49.2439
614.5267,98.4821,56.8266,49.2439
613.9007,98.6908,56.8266,49.2439
614.1094,98.8994,56.8266,49.2439
613.4834,97.8561,56.8266,49.2439
613.6920,98.4821,56.8266,49.2439
613.4834,98.2734,56.8266,49.2439
613.6920,98.4821,56.8266,49.2439
613.4834,98.6908,56.8266,49.2439
613.2747,98.4821,56.8266,49.2439
613.0660,98.2734,56.8266,49.2439
613.6920,98.0648,56.8266,49.2439
613.4834,97.8561,56.8266,49.2439
613.2747,98.4821,56.8266,49.2439
612.6487,98.2734,56.8266,49.2439
609.1340,97.5644,55.0920,47.7407
604.9175,101.3275,53.4103,46.2834
599.6528,99.0920,51.7799,44.8706
597.8748,97.8046,53.4348,46.3046
596.8246,97.6533,55.1426,47.7845
595.3360,97.0922,56.9049,49.3117
594.2177,96.5131,58.7236,50.8877
594.0021,97.1600,58.7236,50.8877
592.9239,96.9444,58.7236,50.8877
592.7083,96.7288,58.7236,50.8877
592.4927,96.5131,58.7236,50.8877
592.7083,97.1600,58.7236,50.8877
592.0614,96.9444,58.7236,50.8877
592.7083,95.8662,58.7236,50.8877
595.9427,96.5131,58.7236,50.8877
603.9549,102.6806,56.9311,49.3344
610.0174,95.3639,56.9311,49.3344
611.0626,94.7367,56.9311,49.3344
610.8536,94.5277,56.9311,49.3344
611.8988,94.3186,56.9311,49.3344
612.1079,94.1096,56.9311,49.3344
611.8988,93.9005,56.9311,49.3344
612.1079,93.6915,56.9311,49.3344
611.8988,93.9005,56.9311,49.3344
612.5260,93.2734,56.9311,49.3344
611.8988,93.4824,56.9311,49.3344
612.1079,93.6915,56.9311,49.3344
611.8988,93.9005,56.9311,49.3344
612.5260,93.2734,56.9311,49.3344
612.7350,93.4824,56.9311,49.3344
612.9441,93.6915,56.9311,49.3344
613.5712,93.9005,56.9311,49.3344
613.7803,93.2734,56.9311,49.3344
613.9893,93.4824,56.9311,49.3344
614.6165,93.6915,56.9311,49.3344
613.9893,93.9005,56.9311,49.3344
612.9768,99.8797,55.1932,47.8284
607.5364,96.3537,53.5084,46.3684
604.5201,95.8092,55.2186,47.8504
603.8405,94.8418,56.9833,49.3797
603.5576,94.2619,58.8045,50.9578
602.8338,94.0954,60.6839,52.5865
602.6110,93.8726,60.6839,52.5865
604.1708,93.6498,60.6839,52.5865
604.3936,93.8726,60.6839,52.5865
605.0621,93.2041,60.6839,52.5865
605.2850,93.4269,60.6839,52.5865
605.9534,93.6498,60.6839,52.5865
606.6219,93.4269,60.6839,52.5865
607.7361,93.2041,60.6839,52.5865
607.9589,92.9813,60.6839,52.5865
608.6274,92.7584,60.6839,52.5865
610.1873,92.5356,60.6839,52.5865
610.4101,93.2041,60.6839,52.5865
611.0786,92.9813,60.6839,52.5865
611.7471,92.7584,60.6839,52.5865
611.9699,92.5356,60.6839,52.5865
618.0212,93.1154,58.8315,50.9812
627.3442,97.5660,57.0357,49.4250
630.4857,94.0056,57.0357,49.4250
631.5329,93.3773,57.0357,49.4250
633.4178,93.1679,57.0357,49.4250
634.8839,93.7962,57.0357,49.4250
635.0933,94.0056,57.0357,49.4250
636.1405,94.6339,57.0357,49.4250
637.1876,94.4245,57.0357,49.4250
636.4857,93.8441,58.8585,51.0046
636.7018,94.0602,58.8585,51.0046
637.3502,93.4118,58.8585,51.0046
637.9985,94.0602,58.8585,51.0046
639.0792,93.8441,58.8585,51.0046
638.8630,94.4925,58.8585,51.0046
639.9437,94.2764,58.8585,51.0046
640.5921,94.0602,58.8585,51.0046
639.8677,93.4613,60.7397,52.6347
639.6446,93.6843,60.7397,52.6347
639.4216,93.4613,60.7397,52.6347
640.0907,93.6843,60.7397,52.6347
639.8677,93.0152,60.7397,52.6347
640.0907,93.2383,60.7397,52.6347
640.3137,93.4613,60.7397,52.6347
640.5367,93.6843,60.7397,52.6347
641.2059,93.0152,60.7397,52.6347
640.9828,93.2383,60.7397,52.6347
641.2059,93.4613,60.7397,52.6347
641.4289,93.6843,60.7397,52.6347
641.6519,93.0152,60.7397,52.6347
641.4289,93.2383,60.7397,52.6347
639.4565,93.3725,58.8856,51.0281
636.2469,99.1245,57.0881,49.4704
632.7161,94.2197,55.3454,47.9603
632.9193,94.4229,55.3454,47.9603
631.4252,93.8597,57.1143,49.4931
631.1417,93.6980,58.9396,51.0749
630.9252,93.9144,58.9396,51.0749
630.6327,93.7475,60.8233,52.7073
630.8560,93.0775,60.8233,52.7073
631.5261,93.3008,60.8233,52.7073
631.7494,92.6308,60.8233,52.7073
632.4194,93.3008,60.8233,52.7073
632.6428,93.0775,60.8233,52.7073
633.3128,93.7475,60.8233,52.7073
633.5361,93.5242,60.8233,52.7073
634.6528,93.7475,60.8233,52.7073
635.3229,93.9709,60.8233,52.7073
635.5462,94.1942,60.8233,52.7073
636.2162,93.9709,60.8233,52.7073
636.8863,94.1942,60.8233,52.7073
638.0030,93.9709,60.8233,52.7073
639.1197,94.6409,60.8233,52.7073
639.3430,94.4175,60.8233,52.7073
639.5664,94.1942,60.8233,52.7073
641.1298,93.0775,60.8233,52.7073
644.9615,94.1053,58.9667,51.0984
647.8103,93.8026,57.1667,49.5386
655.1902,100.2264,55.4217,48.0264
660.6849,93.9176,55.4217,48.0264
661.6308,93.3537,57.1930,49.5613
662.2609,92.7236,57.1930,49.5613
663.7310,92.9336,57.1930,49.5613
663.5209,93.1437,57.1930,49.5613
663.7310,93.3537,57.1930,49.5613
664.3610,93.1437,57.1930,49.5613
665.8311,93.3537,57.1930,49.5613
665.1271,93.1917,59.0209,51.1453
665.3439,93.4084,59.0209,51.1453
665.9940,93.6252,59.0209,51.1453
665.7773,93.8419,59.0209,51.1453
666.8609,94.0586,59.0209,51.1453
667.0776,93.4084,59.0209,51.1453
666.8609,93.6252,59.0209,51.1453
667.9445,94.2753,59.0209,51.1453
668.5947,94.0586,59.0209,51.1453
668.8114,93.8419,59.0209,51.1453
669.0281,94.4921,59.0209,51.1453
665.3777,95.9229,57.2192,49.5841
663.5197,97.7302,55.4726,48.0705
659.2421,94.6748,55.4726,48.0705
658.5593,94.1103,57.2455,49.6068
657.4343,94.3686,59.0751,51.1923
656.7073,94.6352,60.9631,52.8284
656.0357,94.4113,60.9631,52.8284
654.9164,94.1874,60.9631,52.8284
656.4834,93.9636,60.9631,52.8284
656.7073,94.1874,60.9631,52.8284
656.9311,93.9636,60.9631,52.8284
657.6027,94.1874,60.9631,52.8284
657.3788,93.5159,60.9631,52.8284
657.6027,93.7397,60.9631,52.8284
659.1697,93.9636,60.9631,52.8284
659.3935,94.6352,60.9631,52.8284
660.0651,94.8590,60.9631,52.8284
660.2889,95.0829,60.9631,52.8284
660.5128,95.3067,60.9631,52.8284
661.6321,94.6352,60.9631,52.8284
662.3036,94.8590,60.9631,52.8284
662.5275,95.0829,60.9631,52.8284
662.7513,95.3067,60.9631,52.8284
665.2488,94.5460,59.1022,51.2158
671.5425,97.8014,59.1022,51.2158
676.1339,94.8937,57.2981,49.6524
680.1315,95.1041,57.2981,49.6524
681.6042,95.3145,57.2981,49.6524
683.0770,95.9457,57.2981,49.6524
683.2874,95.7353,57.2981,49.6524
683.9186,95.5249,57.2981,49.6524
684.1290,96.5769,57.2981,49.6524
685.1810,96.7873,57.2981,49.6524
685.3914,96.1561,57.2981,49.6524
685.6018,96.3665,57.2981,49.6524
685.8122,96.5769,57.2981,49.6524
685.6018,96.7873,57.2981,49.6524
685.8122,96.1561,57.2981,49.6524
686.0226,96.3665,57.2981,49.6524
685.3914,96.5769,57.2981,49.6524
685.1810,96.7873,57.2981,49.6524
684.1290,96.1561,57.2981,49.6524
679.7436,99.6491,55.5490,48.1367
677.1238,101.4036,53.8534,46.6674
673.7621,98.8329,53.8534,46.6674
671.9128,98.6804,55.5745,48.1588
670.4125,98.5230,57.3507,49.6980
668.8643,98.3606,59.1836,51.2863
667.7012,97.3237,61.0751,52.9255
667.0284,97.5480,61.0751,52.9255
667.2526,96.8752,61.0751,52.9255
667.4769,96.2024,61.0751,52.9255
667.7012,95.9781,61.0751,52.9255
667.9254,95.7539,61.0751,52.9255
668.1497,95.5296,61.0751,52.9255
668.8225,95.7539,61.0751,52.9255
669.0468,95.0811,61.0751,52.9255
673.7915,95.6646,59.2108,51.3099
679.2610,99.2742,57.4034,49.7436
684.9852,96.8716,55.6511,48.2252
686.8244,97.0760,55.6511,48.2252
685.7307,96.1010,57.4297,49.7665
685.0239,96.7819,59.2652,51.3570
684.8063,96.5643,59.2652,51.3570
685.0239,96.7819,59.2652,51.3570
685.2415,96.9995,59.2652,51.3570
685.4591,97.2171,59.2652,51.3570
684.8063,97.4348,59.2652,51.3570
685.0239,96.3467,59.2652,51.3570
685.2415,96.1290,59.2652,51.3570
685.0239,96.7819,59.2652,51.3570
684.8063,96.5643,59.2652,51.3570
684.5886,96.3467,59.2652,51.3570
684.3710,96.1290,59.2652,51.3570
684.1534,96.7819,59.2652,51.3570
684.8063,96.5643,59.2652,51.3570
684.1534,96.3467,59.2652,51.3570
683.5346,96.4776,57.4561,49.7893
677.4162,96.6886,57.4561,49.7893
674.2845,96.8156,55.7022,48.2695
670.8074,97.4292,55.7022,48.2695
669.7128,96.8624,57.4825,49.8122
668.5831,96.2775,59.3196,51.4042
667.4940,96.0597,59.3196,51.4042
666.8406,96.2775,59.3196,51.4042
666.1871,96.4953,59.3196,51.4042
666.4049,96.7131,59.3196,51.4042
666.6227,96.9310,59.3196,51.4042
667.2762,96.2775,59.3196,51.4042
667.4940,96.4953,59.3196,51.4042
667.7119,96.7131,59.3196,51.4042
668.3653,96.4953,59.3196,51.4042
668.5831,96.2775,59.3196,51.4042
668.8010,96.0597,59.3196,51.4042
669.4544,95.8419,59.3196,51.4042
669.6722,95.6240,59.3196,51.4042
670.3257,96.2775,59.3196,51.4042
670.5435,96.0597,59.3196,51.4042
671.1970,95.8419,59.3196,51.4042
671.4148,95.6240,59.3196,51.4042
672.0682,96.2775,59.3196,51.4042
672.7217,96.0597,59.3196,51.4042
674.2465,96.2775,59.3196,51.4042
674.8999,96.4953,59.3196,51.4042
675.9890,96.7131,59.3196,51.4042
677.0781,97.3666,59.3196,51.4042
677.2193,98.0699,61.2155,53.0471
677.3650,98.7957,63.1719,54.7424
677.0514,99.5447,65.1909,56.4920
676.7278,100.7963,67.2744,58.2975
678.4570,101.5374,67.2744,58.2975
680.1862,102.2785,67.2744,58.2975
682.9036,103.0196,67.2744,58.2975
684.1387,103.7607,67.2744,58.2975
686.3620,105.4899,67.2744,58.2975
688.0912,105.7370,67.2744,58.2975
689.8204,106.4781,67.2744,58.2975
691.5497,107.7132,67.2744,58.2975
693.7729,109.4424,67.2744,58.2975
696.9843,110.1835,67.2744,58.2975
699.7017,111.9127,67.2744,58.2975
702.9131,113.1479,67.2744,58.2975
706.1245,115.8652,67.2744,58.2975
708.3477,117.1004,67.2744,58.2975
711.0651,118.8296,67.2744,58.2975
713.2884,121.5469,67.2744,58.2975
716.5385,123.6719,65.2208,56.5179
716.7779,125.3483,65.2208,56.5179
719.8913,126.5457,65.2208,56.5179
721.5677,128.2222,65.2208,56.5179
723.2441,129.8986,65.2208,56.5179
725.8785,131.5750,65.2208,56.5179
727.0760,134.2094,65.2208,56.5179
728.7524,134.9279,65.2208,56.5179
730.4288,135.6464,65.2208,56.5179
731.6263,136.8438,65.2208,56.5179
733.7817,137.0833,65.2208,56.5179
736.4161,138.7597,65.2208,56.5179
738.6090,140.8198,63.2299,54.7927
740.7349,143.7457,61.2998,53.1202
740.5098,145.7715,61.2998,53.1202
740.2848,146.8970,61.2998,53.1202
740.5098,148.0224,61.2998,53.1202
738.9342,149.1479,61.2998,53.1202
739.1945,151.5343,59.4286,51.4986
735.0483,153.4983,59.4286,51.4986
729.1564,155.8987,59.4286,51.4986
724.1373,156.9898,59.4286,51.4986
717.8088,158.5174,59.4286,51.4986
710.1711,160.9178,59.4286,51.4986
700.3511,162.8818,59.4286,51.4986
689.6583,167.9009,59.4286,51.4986
680.2748,174.6658,59.4286,51.4986
673.4332,181.9170,61.3279,53.1445
670.0552,187.5469,61.3279,53.1445
671.1812,191.3752,61.3279,53.1445
674.1088,193.8524,61.3279,53.1445
676.1355,193.1768,61.3279,53.1445
676.8111,191.6004,61.3279,53.1445
677.4867,188.6729,61.3279,53.1445
679.5134,186.6461,61.3279,53.1445
681.9906,184.6193,61.3279,53.1445
686.7197,181.2414,61.3279,53.1445
692.8000,179.2146,61.3279,53.1445
699.2514,179.9418,63.2880,54.8430
710.0921,180.2273,65.3107,56.5958
717.5266,180.9468,65.3107,56.5958
733.1148,151.9286,65.3107,56.5958
728.0786,149.2905,65.3107,56.5958
721.6035,148.5711,65.3107,56.5958
715.6080,145.9331,65.3107,56.5958
712.0107,142.3358,65.3107,56.5958
708.4134,140.1774,65.3107,56.5958
706.2550,138.9783,65.3107,56.5958
704.9715,136.3951,67.3980,58.4046
702.6570,135.2144,69.5520,60.2712
699.8477,132.4050,69.5520,60.2712
696.5276,130.6172,69.5520,60.2712
695.1608,130.4203,71.7749,62.1975
694.2773,129.6899,74.0688,64.1853
695.6373,132.1378,74.0688,64.1853
700.2609,131.8658,74.0688,64.1853
705.4285,130.5059,74.0688,64.1853
712.2706,127.4058,71.8079,62.2261
714.6437,125.0327,71.8079,62.2261
2
0
0
0
0
1
737.6561,206.8863,28.1148,42.6569
735.1752,207.3987,27.2566,41.3548
732.8912,208.3392,27.2566,41.3548
730.8760,207.9361,27.2566,41.3548
729.1295,208.0705,27.2566,41.3548
2
0
0
0
0
1
742.9807,172.4356,17.8590,50.3374
739.1750,170.4577,18.4298,51.9462
736.0549,168.6858,19.0188,53.6064
732.5574,166.5795,19.6266,55.3196
727.2287,164.1193,20.2539,57.0876
718.2222,161.5897,19.6356,55.3450
716.0848,161.1442,19.0363,53.6556
714.2907,159.8784,18.4552,52.0177
716.8253,159.1819,19.0450,53.6802
709.7467,157.6375,18.4636,52.0416
710.3953,157.2103,19.0537,53.7049
708.5869,155.9583,19.0537,53.7049
706.7785,154.7064,19.0537,53.7049
704.9702,153.7327,19.0537,53.7049
702.0489,153.3153,19.0537,53.7049
699.1277,153.1762,19.0537,53.7049
696.4847,153.3153,19.0537,53.7049
695.2065,154.5437,19.6627,55.4213
693.6003,156.3856,20.2911,57.1925
691.0819,160.6816,20.2911,57.1925
687.3784,167.6442,20.2911,57.1925
684.2675,177.8658,20.2911,57.1925
679.9715,191.6427,20.2911,57.1925
675.3926,210.1442,19.6717,55.4467
670.9534,233.2512,19.0712,53.7542
666.3713,259.2729,18.4891,52.1133
668.6783,271.0019,17.9247,50.5226
671.4382,269.2867,17.3775,48.9803
667.7706,270.6685,16.8471,47.4852
666.6747,272.0083,16.3328,46.0357
