0.2112,0.21207,0.20473,0,0,0,0,0,0,0,0,0,0,0,0
0.23095,0.23068,0.23476,0,0,0,0,0,0,0,0,0,0,0,0
0.06761,0.068665,0.068988,0,0,0,0,0,0,0,0,0,0,0,0
0.040432,0.039376,0.03943,0,0,0,0,0,0,0,0,0,0,0,0
0.049089,0.048134,0.049647,0,0,0,0,0,0,0,0,0,0,0,0
0.043387,0.042759,0.043596,0,0,0,0,0,0,0,0,0,0,0,0
0.037267,0.036553,0.037276,0,0,0,0,0,0,0,0,0,0,0,0
0.033826,0.033031,0.033854,0,0,0,0,0,0,0,0,0,0,0,0
0.034274,0.033551,0.03434,0,0,0,0,0,0,0,0,0,0,0,0
0.033886,0.033426,0.03397,0,0,0,0,0,0,0,0,0,0,0,0
0.033469,0.032429,0.033458,0,0,0,0,0,0,0,0,0,0,0,0
0.033294,0.032518,0.033448,0,0,0,0,0,0,0,0,0,0,0,0
0.033266,0.032507,0.033253,0,0,0,0,0,0,0,0,0,0,0,0
0.033405,0.032692,0.033765,0,0,0,0,0,0,0,0,0,0,0,0
0.03351,0.032744,0.033095,0,0,0,0,0,0,0,0,0,0,0,0
0.033305,0.032657,0.032975,0,0,0,0,0,0,0,0,0,0,0,0
0.033355,0.032689,0.033038,0,0,0,0,0,0,0,0,0,0,0,0
0.033721,0.032386,0.033092,0,0,0,0,0,0,0,0,0,0,0,0
0.032987,0.032218,0.032778,0,0,0,0,0,0,0,0,0,0,0,0
0.033163,0.03253,0.033229,0,0,0,0,0,0,0,0,0,0,0,0
0.033239,0.032588,0.033044,0,0,0,0,0,0,0,0,0,0,0,0
0.033453,0.033097,0.033291,0,0,0,0,0,0,0,0,0,0,0,0
0.033142,0.032431,0.032822,0,0,0,0,0,0,0,0,0,0,0,0
0.032863,0.03246,0.03303,0,0,0,0,0,0,0,0,0,0,0,0
0.032795,0.032749,0.032863,0,0,0,0,0,0,0,0,0,0,0,0
0.032661,0.03248,0.03281,0,0,0,0,0,0,0,0,0,0,0,0
0.032656,0.03228,0.032592,0,0,0,0,0,0,0,0,0,0,0,0
0.032788,0.032527,0.032733,0,0,0,0,0,0,0,0,0,0,0,0
0.032596,0.03242,0.032519,0,0,0,0,0,0,0,0,0,0,0,0
0.032649,0.032352,0.032812,0,0,0,0,0,0,0,0,0,0,0,0
0.032648,0.032265,0.032809,0,0,0,0,0,0,0,0,0,0,0,0
0.033155,0.032895,0.03335,0,0,0,0,0,0,0,0,0,0,0,0
0.032721,0.032433,0.032763,0,0,0,0,0,0,0,0,0,0,0,0
0.032886,0.032538,0.033036,0,0,0,0,0,0,0,0,0,0,0,0
0.032828,0.032404,0.03321,0,0,0,0,0,0,0,0,0,0,0,0
0.032592,0.032436,0.033067,0,0,0,0,0,0,0,0,0,0,0,0
0.032698,0.032403,0.032918,0,0,0,0,0,0,0,0,0,0,0,0
0.033172,0.032911,0.033304,0,0,0,0,0,0,0,0,0,0,0,0
0.032862,0.032374,0.033011,0,0,0,0,0,0,0,0,0,0,0,0
0.032631,0.032636,0.032942,0,0,0,0,0,0,0,0,0,0,0,0
0.033243,0.033041,0.033427,0,0,0,0,0,0,0,0,0,0,0,0
0.032992,0.032676,0.033226,0,0,0,0,0,0,0,0,0,0,0,0
0.033873,0.033038,0.033779,0,0,0,0,0,0,0,0,0,0,0,0
0.033058,0.032559,0.033122,0,0,0,0,0,0,0,0,0,0,0,0
0.033541,0.032752,0.033329,0,0,0,0,0,0,0,0,0,0,0,0
0.032927,0.032464,0.032924,0,0,0,0,0,0,0,0,0,0,0,0
0.032893,0.032434,0.033098,0,0,0,0,0,0,0,0,0,0,0,0
0.032913,0.032436,0.032954,0,0,0,0,0,0,0,0,0,0,0,0
0.032911,0.032264,0.03288,0,0,0,0,0,0,0,0,0,0,0,0
0.033068,0.032419,0.032949,0,0,0,0,0,0,0,0,0,0,0,0
0.033095,0.032425,0.03303,0,0,0,0,0,0,0,0,0,0,0,0
0.033186,0.03272,0.032604,0,0,0,0,0,0,0,0,0,0,0,0
0.033095,0.032422,0.032603,0,0,0,0,0,0,0,0,0,0,0,0
0.033345,0.032559,0.033113,0,0,0,0,0,0,0,0,0,0,0,0
0.033116,0.032234,0.03277,0,0,0,0,0,0,0,0,0,0,0,0
0.033179,0.032644,0.032913,0,0,0,0,0,0,0,0,0,0,0,0
0.032931,0.032184,0.032669,0,0,0,0,0,0,0,0,0,0,0,0
0.033372,0.032575,0.032995,0,0,0,0,0,0,0,0,0,0,0,0
0.03317,0.032316,0.032861,0,0,0,0,0,0,0,0,0,0,0,0
0.032924,0.032342,0.032868,0,0,0,0,0,0,0,0,0,0,0,0
0.033193,0.032171,0.032947,0,0,0,0,0,0,0,0,0,0,0,0
0.033353,0.032439,0.033114,0,0,0,0,0,0,0,0,0,0,0,0
0.033123,0.032154,0.033011,0,0,0,0,0,0,0,0,0,0,0,0
0.033668,0.0327,0.03349,0,0,0,0,0,0,0,0,0,0,0,0
0.033099,0.032416,0.033211,0,0,0,0,0,0,0,0,0,0,0,0
0.03325,0.032636,0.033092,0,0,0,0,0,0,0,0,0,0,0,0
0.032986,0.032238,0.032828,0,0,0,0,0,0,0,0,0,0,0,0
0.033094,0.032473,0.033194,0,0,0,0,0,0,0,0,0,0,0,0
0.03309,0.03213,0.033004,0,0,0,0,0,0,0,0,0,0,0,0
0.033167,0.032473,0.032979,0,0,0,0,0,0,0,0,0,0,0,0
0.033035,0.032564,0.032694,0,0,0,0,0,0,0,0,0,0,0,0
0.033126,0.032097,0.033039,0,0,0,0,0,0,0,0,0,0,0,0
0.033217,0.031885,0.032768,0,0,0,0,0,0,0,0,0,0,0,0
0.033061,0.032024,0.032793,0,0,0,0,0,0,0,0,0,0,0,0
0.033268,0.032022,0.033267,0,0,0,0,0,0,0,0,0,0,0,0
0.033199,0.032154,0.03319,0,0,0,0,0,0,0,0,0,0,0,0
0.033,0.0319,0.032494,0,0,0,0,0,0,0,0,0,0,0,0
0.033009,0.03191,0.032634,0,0,0,0,0,0,0,0,0,0,0,0
0.033338,0.031826,0.032414,0,0,0,0,0,0,0,0,0,0,0,0
0.033429,0.031837,0.032852,0,0,0,0,0,0,0,0,0,0,0,0
0.032906,0.031827,0.03274,0,0,0,0,0,0,0,0,0,0,0,0
0.032855,0.032203,0.032753,0,0,0,0,0,0,0,0,0,0,0,0
0.0329,0.031829,0.032673,0,0,0,0,0,0,0,0,0,0,0,0
0.032937,0.031896,0.032873,0,0,0,0,0,0,0,0,0,0,0,0
0.033123,0.031752,0.032511,0,0,0,0,0,0,0,0,0,0,0,0
0.03343,0.032135,0.032905,0,0,0,0,0,0,0,0,0,0,0,0
0.032868,0.031791,0.032592,0,0,0,0,0,0,0,0,0,0,0,0
0.03277,0.031875,0.032605,0,0,0,0,0,0,0,0,0,0,0,0
0.032654,0.031711,0.032605,0,0,0,0,0,0,0,0,0,0,0,0
0.03271,0.031965,0.032733,0,0,0,0,0,0,0,0,0,0,0,0
0.032732,0.031952,0.032513,0,0,0,0,0,0,0,0,0,0,0,0
0.032843,0.032313,0.032745,0,0,0,0,0,0,0,0,0,0,0,0
0.032786,0.032252,0.032921,0,0,0,0,0,0,0,0,0,0,0,0
0.033044,0.032361,0.032929,0,0,0,0,0,0,0,0,0,0,0,0
0.032752,0.03218,0.032464,0,0,0,0,0,0,0,0,0,0,0,0
0.032616,0.032065,0.03236,0,0,0,0,0,0,0,0,0,0,0,0
0.032724,0.031763,0.032467,0,0,0,0,0,0,0,0,0,0,0,0
0.032727,0.032106,0.032594,0,0,0,0,0,0,0,0,0,0,0,0
0.03272,0.03173,0.032317,0,0,0,0,0,0,0,0,0,0,0,0
0.032672,0.031988,0.032651,0,0,0,0,0,0,0,0,0,0,0,0
0.03318,0.032458,0.033018,0,0,0,0,0,0,0,0,0,0,0,0
0.033188,0.032619,0.033131,0,0,0,0,0,0,0,0,0,0,0,0
0.032669,0.031918,0.032684,0,0,0,0,0,0,0,0,0,0,0,0
0.03282,0.032128,0.032563,0,0,0,0,0,0,0,0,0,0,0,0
0.032766,0.032074,0.032571,0,0,0,0,0,0,0,0,0,0,0,0
0.032901,0.032227,0.032545,0,0,0,0,0,0,0,0,0,0,0,0
0.032616,0.032052,0.03254,0,0,0,0,0,0,0,0,0,0,0,0
0.032618,0.032116,0.032703,0,0,0,0,0,0,0,0,0,0,0,0
0.032936,0.032069,0.03251,0,0,0,0,0,0,0,0,0,0,0,0
0.032937,0.032237,0.032701,0,0,0,0,0,0,0,0,0,0,0,0
0.032833,0.032087,0.032539,0,0,0,0,0,0,0,0,0,0,0,0
0.033032,0.032341,0.032849,0,0,0,0,0,0,0,0,0,0,0,0
0.033215,0.03257,0.032701,0,0,0,0,0,0,0,0,0,0,0,0
0.032893,0.032162,0.03216,0,0,0,0,0,0,0,0,0,0,0,0
0.032681,0.031943,0.032314,0,0,0,0,0,0,0,0,0,0,0,0
0.032727,0.032312,0.032634,0,0,0,0,0,0,0,0,0,0,0,0
0.032519,0.031831,0.032475,0,0,0,0,0,0,0,0,0,0,0,0
0.032655,0.031935,0.032404,0,0,0,0,0,0,0,0,0,0,0,0
0.032758,0.031915,0.032791,0,0,0,0,0,0,0,0,0,0,0,0
0.032531,0.031941,0.032462,0,0,0,0,0,0,0,0,0,0,0,0
0.032656,0.0318,0.032478,0,0,0,0,0,0,0,0,0,0,0,0
0.032625,0.032022,0.032675,0,0,0,0,0,0,0,0,0,0,0,0
0.032606,0.031904,0.032648,0,0,0,0,0,0,0,0,0,0,0,0
0.032569,0.031984,0.032602,0,0,0,0,0,0,0,0,0,0,0,0
0.032701,0.031823,0.032435,0,0,0,0,0,0,0,0,0,0,0,0
0.033126,0.032553,0.033324,0,0,0,0,0,0,0,0,0,0,0,0
0.033106,0.032554,0.032874,0,0,0,0,0,0,0,0,0,0,0,0
0.033107,0.03285,0.033008,0,0,0,0,0,0,0,0,0,0,0,0
0.033205,0.032746,0.032666,0,0,0,0,0,0,0,0,0,0,0,0
0.033189,0.032796,0.032707,0,0,0,0,0,0,0,0,0,0,0,0
0.032866,0.03194,0.032473,0,0,0,0,0,0,0,0,0,0,0,0
0.032796,0.032256,0.032553,0,0,0,0,0,0,0,0,0,0,0,0
0.032464,0.031956,0.03234,0,0,0,0,0,0,0,0,0,0,0,0
0.032567,0.031738,0.032504,0,0,0,0,0,0,0,0,0,0,0,0
0.03268,0.031971,0.032424,0,0,0,0,0,0,0,0,0,0,0,0
0.032539,0.032013,0.032497,0,0,0,0,0,0,0,0,0,0,0,0
0.032543,0.031715,0.032513,0,0,0,0,0,0,0,0,0,0,0,0
0.031345,0.03195,0.032558,0,0,0,0,0,0,0,0,0,0,0,0
0.032777,0.031995,0.032633,0,0,0,0,0,0,0,0,0,0,0,0
0.032679,0.032054,0.032832,0,0,0,0,0,0,0,0,0,0,0,0
0.032512,0.030706,0.03249,0,0,0,0,0,0,0,0,0,0,0,0
0.032506,0.032048,0.032791,0,0,0,0,0,0,0,0,0,0,0,0
0.03253,0.032247,0.032558,0,0,0,0,0,0,0,0,0,0,0,0
0.032659,0.032127,0.03267,0,0,0,0,0,0,0,0,0,0,0,0
0.032586,0.032035,0.032371,0,0,0,0,0,0,0,0,0,0,0,0
0.0326,0.031979,0.032503,0,0,0,0,0,0,0,0,0,0,0,0
0.032631,0.031922,0.031933,0,0,0,0,0,0,0,0,0,0,0,0
0.032702,0.032109,0.032483,0,0,0,0,0,0,0,0,0,0,0,0
0.032539,0.03204,0.032496,0,0,0,0,0,0,0,0,0,0,0,0
0.032494,0.031933,0.03263,0,0,0,0,0,0,0,0,0,0,0,0
0.032505,0.031896,0.032506,0,0,0,0,0,0,0,0,0,0,0,0
0.032743,0.032065,0.032701,0,0,0,0,0,0,0,0,0,0,0,0
0.032602,0.03191,0.032523,0,0,0,0,0,0,0,0,0,0,0,0
0.032649,0.031989,0.031652,0,0,0,0,0,0,0,0,0,0,0,0
0.032541,0.031806,0.032645,0,0,0,0,0,0,0,0,0,0,0,0
0.03281,0.032227,0.032954,0,0,0,0,0,0,0,0,0,0,0,0
0.032889,0.032141,0.033089,0,0,0,0,0,0,0,0,0,0,0,0
0.032544,0.031997,0.032875,0,0,0,0,0,0,0,0,0,0,0,0
0.032452,0.031834,0.032756,0,0,0,0,0,0,0,0,0,0,0,0
0.032485,0.032005,0.032871,0,0,0,0,0,0,0,0,0,0,0,0
0.032502,0.031844,0.032737,0,0,0,0,0,0,0,0,0,0,0,0
0.032522,0.032022,0.033025,0,0,0,0,0,0,0,0,0,0,0,0
0.032441,0.031844,0.032632,0,0,0,0,0,0,0,0,0,0,0,0
0.032534,0.031894,0.032865,0,0,0,0,0,0,0,0,0,0,0,0
0.032482,0.031992,0.032512,0,0,0,0,0,0,0,0,0,0,0,0
0.032514,0.032009,0.032887,0,0,0,0,0,0,0,0,0,0,0,0
0.032579,0.031876,0.032239,0,0,0,0,0,0,0,0,0,0,0,0
0.032691,0.032047,0.032666,0,0,0,0,0,0,0,0,0,0,0,0
0.03363,0.032886,0.033374,0,0,0,0,0,0,0,0,0,0,0,0
0.033292,0.03334,0.033174,0,0,0,0,0,0,0,0,0,0,0,0
0.033152,0.032792,0.032829,0,0,0,0,0,0,0,0,0,0,0,0
0.032965,0.03299,0.032762,0,0,0,0,0,0,0,0,0,0,0,0
0.033084,0.032993,0.032943,0,0,0,0,0,0,0,0,0,0,0,0
0.033344,0.033206,0.033888,0,0,0,0,0,0,0,0,0,0,0,0
0.032641,0.032457,0.03218,0,0,0,0,0,0,0,0,0,0,0,0
0.032465,0.032134,0.031804,0,0,0,0,0,0,0,0,0,0,0,0
NaN,NaN,NaN,0,0,0,0,0,0,0,0,0,0,0,0
NaN,NaN,NaN,0,0,0,0,0,0,0,0,0,0,0,0
NaN,NaN,NaN,0,0,0,0,0,0,0,0,0,0,0,0
NaN,NaN,NaN,0,0,0,0,0,0,0,0,0,0,0,0
0.20245,0.20693,0.20561,0,0,0,0,0,0,0,0,0,0,0,0
0.23079,0.22968,0.23102,0,0,0,0,0,0,0,0,0,0,0,0
0.0664,0.06567,0.065915,0,0,0,0,0,0,0,0,0,0,0,0
0.039665,0.038976,0.038452,0,0,0,0,0,0,0,0,0,0,0,0
0.048186,0.047649,0.047662,0,0,0,0,0,0,0,0,0,0,0,0
0.04265,0.042156,0.04161,0,0,0,0,0,0,0,0,0,0,0,0
0.036571,0.036021,0.036103,0,0,0,0,0,0,0,0,0,0,0,0
0.033217,0.032813,0.032375,0,0,0,0,0,0,0,0,0,0,0,0
0.033537,0.032888,0.033156,0,0,0,0,0,0,0,0,0,0,0,0
0.033252,0.032659,0.032949,0,0,0,0,0,0,0,0,0,0,0,0
0.032854,0.032353,0.03239,0,0,0,0,0,0,0,0,0,0,0,0
0.032739,0.032183,0.032093,0,0,0,0,0,0,0,0,0,0,0,0
0.032652,0.03189,0.031938,0,0,0,0,0,0,0,0,0,0,0,0
0.032808,0.032362,0.032262,0,0,0,0,0,0,0,0,0,0,0,0
0.032992,0.032376,0.032352,0,0,0,0,0,0,0,0,0,0,0,0
0.03255,0.031969,0.031967,0,0,0,0,0,0,0,0,0,0,0,0
0.03273,0.032136,0.032128,0,0,0,0,0,0,0,0,0,0,0,0
0.032573,0.03203,0.031862,0,0,0,0,0,0,0,0,0,0,0,0
0.032837,0.03246,0.032243,0,0,0,0,0,0,0,0,0,0,0,0
0.032874,0.032377,0.03224,0,0,0,0,0,0,0,0,0,0,0,0
0.032763,0.032312,0.03193,0,0,0,0,0,0,0,0,0,0,0,0
0.032696,0.032183,0.032361,0,0,0,0,0,0,0,0,0,0,0,0
0.032617,0.031884,0.032091,0,0,0,0,0,0,0,0,0,0,0,0
0.032432,0.031869,0.032135,0,0,0,0,0,0,0,0,0,0,0,0
0.032344,0.03187,0.032039,0,0,0,0,0,0,0,0,0,0,0,0
0.032225,0.031968,0.032171,0,0,0,0,0,0,0,0,0,0,0,0
0.032468,0.031757,0.031958,0,0,0,0,0,0,0,0,0,0,0,0
0.032204,0.032172,0.032082,0,0,0,0,0,0,0,0,0,0,0,0
0.032247,0.03195,0.031958,0,0,0,0,0,0,0,0,0,0,0,0
0.032097,0.031943,0.031977,0,0,0,0,0,0,0,0,0,0,0,0
0.032156,0.031913,0.031913,0,0,0,0,0,0,0,0,0,0,0,0
0.03258,0.032359,0.032377,0,0,0,0,0,0,0,0,0,0,0,0
0.0325,0.031937,0.032033,0,0,0,0,0,0,0,0,0,0,0,0
0.032336,0.032084,0.032129,0,0,0,0,0,0,0,0,0,0,0,0
0.032296,0.032053,0.031937,0,0,0,0,0,0,0,0,0,0,0,0
0.032086,0.031954,0.032007,0,0,0,0,0,0,0,0,0,0,0,0
0.032275,0.031879,0.031978,0,0,0,0,0,0,0,0,0,0,0,0
0.032476,0.032187,0.032229,0,0,0,0,0,0,0,0,0,0,0,0
0.032286,0.031936,0.031932,0,0,0,0,0,0,0,0,0,0,0,0
0.032362,0.031893,0.032168,0,0,0,0,0,0,0,0,0,0,0,0
0.033,0.032513,0.032543,0,0,0,0,0,0,0,0,0,0,0,0
0.032747,0.032111,0.032546,0,0,0,0,0,0,0,0,0,0,0,0
0.032812,0.032687,0.032651,0,0,0,0,0,0,0,0,0,0,0,0
0.032032,0.031953,0.032292,0,0,0,0,0,0,0,0,0,0,0,0
0.032391,0.032543,0.032484,0,0,0,0,0,0,0,0,0,0,0,0
0.032373,0.032085,0.032138,0,0,0,0,0,0,0,0,0,0,0,0
0.032218,0.032148,0.032295,0,0,0,0,0,0,0,0,0,0,0,0
0.032063,0.031951,0.032191,0,0,0,0,0,0,0,0,0,0,0,0
0.031849,0.031817,0.03212,0,0,0,0,0,0,0,0,0,0,0,0
0.031852,0.032083,0.032119,0,0,0,0,0,0,0,0,0,0,0,0
0.032086,0.031997,0.032084,0,0,0,0,0,0,0,0,0,0,0,0
0.031911,0.031925,0.031143,0,0,0,0,0,0,0,0,0,0,0,0
0.032199,0.031936,0.032093,0,0,0,0,0,0,0,0,0,0,0,0
0.029839,0.031951,0.032138,0,0,0,0,0,0,0,0,0,0,0,0
0.031918,0.029843,0.031825,0,0,0,0,0,0,0,0,0,0,0,0
0.031828,0.031877,0.031937,0,0,0,0,0,0,0,0,0,0,0,0
0.03217,0.031786,0.031776,0,0,0,0,0,0,0,0,0,0,0,0
0.031799,0.031962,0.032065,0,0,0,0,0,0,0,0,0,0,0,0
0.032187,0.031836,0.03188,0,0,0,0,0,0,0,0,0,0,0,0
0.031922,0.031769,0.032008,0,0,0,0,0,0,0,0,0,0,0,0
0.031999,0.031779,0.031888,0,0,0,0,0,0,0,0,0,0,0,0
0.031918,0.031856,0.032124,0,0,0,0,0,0,0,0,0,0,0,0
0.032095,0.031735,0.031962,0,0,0,0,0,0,0,0,0,0,0,0
0.032259,0.032037,0.032242,0,0,0,0,0,0,0,0,0,0,0,0
0.032009,0.03179,0.032114,0,0,0,0,0,0,0,0,0,0,0,0
0.031935,0.03182,0.031913,0,0,0,0,0,0,0,0,0,0,0,0
0.032066,0.031821,0.031869,0,0,0,0,0,0,0,0,0,0,0,0
0.032009,0.031936,0.032004,0,0,0,0,0,0,0,0,0,0,0,0
0.032078,0.031801,0.031826,0,0,0,0,0,0,0,0,0,0,0,0
0.031815,0.031932,0.031963,0,0,0,0,0,0,0,0,0,0,0,0
0.032024,0.031819,0.031813,0,0,0,0,0,0,0,0,0,0,0,0
0.031851,0.03164,0.031866,0,0,0,0,0,0,0,0,0,0,0,0
0.032009,0.031843,0.031781,0,0,0,0,0,0,0,0,0,0,0,0
0.031986,0.031798,0.031863,0,0,0,0,0,0,0,0,0,0,0,0
0.031939,0.031955,0.031937,0,0,0,0,0,0,0,0,0,0,0,0
0.032034,0.031923,0.032039,0,0,0,0,0,0,0,0,0,0,0,0
0.031921,0.031756,0.031972,0,0,0,0,0,0,0,0,0,0,0,0
0.03216,0.03183,0.031855,0,0,0,0,0,0,0,0,0,0,0,0
0.031806,0.031566,0.03173,0,0,0,0,0,0,0,0,0,0,0,0
0.031663,0.031775,0.031787,0,0,0,0,0,0,0,0,0,0,0,0
0.031757,0.031533,0.031808,0,0,0,0,0,0,0,0,0,0,0,0
0.031692,0.031737,0.031795,0,0,0,0,0,0,0,0,0,0,0,0
0.031783,0.031691,0.031705,0,0,0,0,0,0,0,0,0,0,0,0
0.031742,0.031765,0.031902,0,0,0,0,0,0,0,0,0,0,0,0
0.031859,0.031753,0.031886,0,0,0,0,0,0,0,0,0,0,0,0
0.032392,0.032459,0.032481,0,0,0,0,0,0,0,0,0,0,0,0
0.032155,0.031914,0.032016,0,0,0,0,0,0,0,0,0,0,0,0
0.031764,0.031754,0.031736,0,0,0,0,0,0,0,0,0,0,0,0
0.032352,0.031631,0.031535,0,0,0,0,0,0,0,0,0,0,0,0
0.031941,0.031789,0.031559,0,0,0,0,0,0,0,0,0,0,0,0
0.03196,0.031688,0.03146,0,0,0,0,0,0,0,0,0,0,0,0
0.032022,0.031597,0.031636,0,0,0,0,0,0,0,0,0,0,0,0
0.032117,0.03183,0.031684,0,0,0,0,0,0,0,0,0,0,0,0
0.032079,0.031733,0.031636,0,0,0,0,0,0,0,0,0,0,0,0
0.031809,0.031552,0.032711,0,0,0,0,0,0,0,0,0,0,0,0
0.031774,0.031866,0.031461,0,0,0,0,0,0,0,0,0,0,0,0
0.03195,0.031744,0.031246,0,0,0,0,0,0,0,0,0,0,0,0
0.0319,0.031798,0.031386,0,0,0,0,0,0,0,0,0,0,0,0
0.03188,0.031736,0.031303,0,0,0,0,0,0,0,0,0,0,0,0
0.031902,0.031744,0.031355,0,0,0,0,0,0,0,0,0,0,0,0
0.032537,0.032232,0.031804,0,0,0,0,0,0,0,0,0,0,0,0
0.032424,0.032283,0.031868,0,0,0,0,0,0,0,0,0,0,0,0
0.03183,0.031527,0.031398,0,0,0,0,0,0,0,0,0,0,0,0
0.031705,0.031584,0.031266,0,0,0,0,0,0,0,0,0,0,0,0
0.031832,0.031542,0.03132,0,0,0,0,0,0,0,0,0,0,0,0
0.031784,0.031554,0.031452,0,0,0,0,0,0,0,0,0,0,0,0
0.031832,0.031599,0.031199,0,0,0,0,0,0,0,0,0,0,0,0
0.031587,0.031628,0.031231,0,0,0,0,0,0,0,0,0,0,0,0
0.031917,0.031417,0.031339,0,0,0,0,0,0,0,0,0,0,0,0
0.031703,0.031643,0.031296,0,0,0,0,0,0,0,0,0,0,0,0
0.031693,0.031483,0.031153,0,0,0,0,0,0,0,0,0,0,0,0
0.032085,0.032059,0.031577,0,0,0,0,0,0,0,0,0,0,0,0
0.032382,0.032079,0.031856,0,0,0,0,0,0,0,0,0,0,0,0
0.031708,0.031747,0.031477,0,0,0,0,0,0,0,0,0,0,0,0
0.031811,0.031595,0.031218,0,0,0,0,0,0,0,0,0,0,0,0
0.03183,0.031801,0.031305,0,0,0,0,0,0,0,0,0,0,0,0
0.031652,0.031584,0.031128,0,0,0,0,0,0,0,0,0,0,0,0
0.031572,0.03154,0.031286,0,0,0,0,0,0,0,0,0,0,0,0
0.031757,0.031464,0.031218,0,0,0,0,0,0,0,0,0,0,0,0
0.031549,0.031536,0.031296,0,0,0,0,0,0,0,0,0,0,0,0
0.031677,0.031539,0.031236,0,0,0,0,0,0,0,0,0,0,0,0
0.031579,0.031638,0.031352,0,0,0,0,0,0,0,0,0,0,0,0
0.031724,0.031501,0.03124,0,0,0,0,0,0,0,0,0,0,0,0
0.031523,0.031479,0.03113,0,0,0,0,0,0,0,0,0,0,0,0
0.031751,0.031303,0.031302,0,0,0,0,0,0,0,0,0,0,0,0
0.032079,0.032085,0.031646,0,0,0,0,0,0,0,0,0,0,0,0
0.032412,0.032208,0.031698,0,0,0,0,0,0,0,0,0,0,0,0
0.032113,0.032115,0.031608,0,0,0,0,0,0,0,0,0,0,0,0
0.032456,0.032115,0.031907,0,0,0,0,0,0,0,0,0,0,0,0
0.032263,0.032235,0.031846,0,0,0,0,0,0,0,0,0,0,0,0
0.031968,0.031769,0.031469,0,0,0,0,0,0,0,0,0,0,0,0
0.03167,0.031548,0.03124,0,0,0,0,0,0,0,0,0,0,0,0
0.03165,0.031471,0.031271,0,0,0,0,0,0,0,0,0,0,0,0
0.031615,0.031631,0.0312,0,0,0,0,0,0,0,0,0,0,0,0
0.031697,0.031496,0.031052,0,0,0,0,0,0,0,0,0,0,0,0
0.031505,0.031436,0.031109,0,0,0,0,0,0,0,0,0,0,0,0
0.031567,0.031351,0.031029,0,0,0,0,0,0,0,0,0,0,0,0
0.031565,0.031527,0.031172,0,0,0,0,0,0,0,0,0,0,0,0
0.031595,0.031555,0.031057,0,0,0,0,0,0,0,0,0,0,0,0
0.031513,0.031445,0.031084,0,0,0,0,0,0,0,0,0,0,0,0
0.031498,0.031312,0.030974,0,0,0,0,0,0,0,0,0,0,0,0
0.03161,0.031482,0.031182,0,0,0,0,0,0,0,0,0,0,0,0
0.031664,0.031452,0.031003,0,0,0,0,0,0,0,0,0,0,0,0
0.031612,0.031496,0.031146,0,0,0,0,0,0,0,0,0,0,0,0
0.031582,0.031611,0.030957,0,0,0,0,0,0,0,0,0,0,0,0
0.031498,0.031507,0.031132,0,0,0,0,0,0,0,0,0,0,0,0
0.031685,0.031438,0.031124,0,0,0,0,0,0,0,0,0,0,0,0
0.031445,0.031497,0.031135,0,0,0,0,0,0,0,0,0,0,0,0
0.031626,0.031357,0.031004,0,0,0,0,0,0,0,0,0,0,0,0
0.031464,0.031361,0.031069,0,0,0,0,0,0,0,0,0,0,0,0
0.03156,0.031473,0.031173,0,0,0,0,0,0,0,0,0,0,0,0
0.031528,0.031471,0.031117,0,0,0,0,0,0,0,0,0,0,0,0
0.031528,0.031375,0.030893,0,0,0,0,0,0,0,0,0,0,0,0
0.031488,0.03138,0.031126,0,0,0,0,0,0,0,0,0,0,0,0
0.031561,0.0315,0.031181,0,0,0,0,0,0,0,0,0,0,0,0
0.031431,0.03141,0.031127,0,0,0,0,0,0,0,0,0,0,0,0
0.031755,0.031346,0.031072,0,0,0,0,0,0,0,0,0,0,0,0
0.031499,0.031547,0.031034,0,0,0,0,0,0,0,0,0,0,0,0
0.031657,0.03136,0.031082,0,0,0,0,0,0,0,0,0,0,0,0
0.031541,0.031461,0.031161,0,0,0,0,0,0,0,0,0,0,0,0
0.031556,0.031416,0.031017,0,0,0,0,0,0,0,0,0,0,0,0
0.031551,0.031594,0.031224,0,0,0,0,0,0,0,0,0,0,0,0
0.031639,0.031296,0.03128,0,0,0,0,0,0,0,0,0,0,0,0
0.031534,0.031397,0.031127,0,0,0,0,0,0,0,0,0,0,0,0
0.031615,0.031332,0.031146,0,0,0,0,0,0,0,0,0,0,0,0
0.031472,0.031512,0.031248,0,0,0,0,0,0,0,0,0,0,0,0
0.031722,0.031453,0.031079,0,0,0,0,0,0,0,0,0,0,0,0
0.031616,0.03154,0.031292,0,0,0,0,0,0,0,0,0,0,0,0
0.032686,0.032546,0.032083,0,0,0,0,0,0,0,0,0,0,0,0
0.032198,0.032198,0.031678,0,0,0,0,0,0,0,0,0,0,0,0
0.032154,0.031978,0.031601,0,0,0,0,0,0,0,0,0,0,0,0
0.032104,0.032056,0.031643,0,0,0,0,0,0,0,0,0,0,0,0
0.032094,0.031957,0.031407,0,0,0,0,0,0,0,0,0,0,0,0
0.032091,0.031904,0.031502,0,0,0,0,0,0,0,0,0,0,0,0
0.03165,0.031596,0.031258,0,0,0,0,0,0,0,0,0,0,0,0
0.031533,0.031504,0.030993,0,0,0,0,0,0,0,0,0,0,0,0
0.03154,0.031304,0.031,0,0,0,0,0,0,0,0,0,0,0,0
0.031451,0.031469,0.031233,0,0,0,0,0,0,0,0,0,0,0,0
0.031507,0.031221,0.03091,0,0,0,0,0,0,0,0,0,0,0,0
0.031616,0.031499,0.03109,0,0,0,0,0,0,0,0,0,0,0,0
0.031524,0.031347,0.031036,0,0,0,0,0,0,0,0,0,0,0,0
0.031515,0.031377,0.03101,0,0,0,0,0,0,0,0,0,0,0,0
0.031473,0.031365,0.030863,0,0,0,0,0,0,0,0,0,0,0,0
0.031424,0.031368,0.031159,0,0,0,0,0,0,0,0,0,0,0,0
0.03156,0.031237,0.030912,0,0,0,0,0,0,0,0,0,0,0,0
0.031486,0.031273,0.031018,0,0,0,0,0,0,0,0,0,0,0,0
0.031434,0.031344,0.030886,0,0,0,0,0,0,0,0,0,0,0,0
0.031478,0.031529,0.030833,0,0,0,0,0,0,0,0,0,0,0,0
0.031486,0.031186,0.031002,0,0,0,0,0,0,0,0,0,0,0,0
0.031396,0.03121,0.030937,0,0,0,0,0,0,0,0,0,0,0,0
0.031476,0.031255,0.030989,0,0,0,0,0,0,0,0,0,0,0,0
0.031398,0.031347,0.030999,0,0,0,0,0,0,0,0,0,0,0,0
0.03147,0.031281,0.03094,0,0,0,0,0,0,0,0,0,0,0,0
0.031329,0.031295,0.031013,0,0,0,0,0,0,0,0,0,0,0,0
0.031505,0.03124,0.030751,0,0,0,0,0,0,0,0,0,0,0,0
0.031499,0.031271,0.030983,0,0,0,0,0,0,0,0,0,0,0,0
0.031624,0.031438,0.031028,0,0,0,0,0,0,0,0,0,0,0,0
0.031421,0.031411,0.030942,0,0,0,0,0,0,0,0,0,0,0,0
0.031572,0.031284,0.030895,0,0,0,0,0,0,0,0,0,0,0,0
0.031378,0.031478,0.031007,0,0,0,0,0,0,0,0,0,0,0,0
0.031907,0.031862,0.031191,0,0,0,0,0,0,0,0,0,0,0,0
0.031867,0.031591,0.031306,0,0,0,0,0,0,0,0,0,0,0,0
0.031559,0.03158,0.030905,0,0,0,0,0,0,0,0,0,0,0,0
0.03135,0.031545,0.030938,0,0,0,0,0,0,0,0,0,0,0,0
0.031481,0.031236,0.030805,0,0,0,0,0,0,0,0,0,0,0,0
0.031312,0.031327,0.030859,0,0,0,0,0,0,0,0,0,0,0,0
0.031505,0.031267,0.030856,0,0,0,0,0,0,0,0,0,0,0,0
0.031439,0.031295,0.030923,0,0,0,0,0,0,0,0,0,0,0,0
0.031567,0.031274,0.030979,0,0,0,0,0,0,0,0,0,0,0,0
0.030397,0.031237,0.029861,0,0,0,0,0,0,0,0,0,0,0,0
0.031611,0.031437,0.030881,0,0,0,0,0,0,0,0,0,0,0,0
0.031438,0.03054,0.030864,0,0,0,0,0,0,0,0,0,0,0,0
0.031592,0.031252,0.030887,0,0,0,0,0,0,0,0,0,0,0,0
0.031474,0.0313,0.031003,0,0,0,0,0,0,0,0,0,0,0,0
0.031585,0.031321,0.030876,0,0,0,0,0,0,0,0,0,0,0,0
0.031497,0.031449,0.030964,0,0,0,0,0,0,0,0,0,0,0,0
0.03163,0.031236,0.03091,0,0,0,0,0,0,0,0,0,0,0,0
0.031482,0.031483,0.030987,0,0,0,0,0,0,0,0,0,0,0,0
0.031523,0.031159,0.031082,0,0,0,0,0,0,0,0,0,0,0,0
0.03148,0.031468,0.030951,0,0,0,0,0,0,0,0,0,0,0,0
0.031654,0.031362,0.030988,0,0,0,0,0,0,0,0,0,0,0,0
0.031472,0.031437,0.031058,0,0,0,0,0,0,0,0,0,0,0,0
0.031808,0.031626,0.031047,0,0,0,0,0,0,0,0,0,0,0,0
0.031585,0.031524,0.030997,0,0,0,0,0,0,0,0,0,0,0,0
0.07277,0.072963,0.072272,0,0,0,0,0,0,0,0,0,0,0,0
0.033432,0.033373,0.033068,0,0,0,0,0,0,0,0,0,0,0,0
0.032328,0.032347,0.031892,0,0,0,0,0,0,0,0,0,0,0,0
0.031704,0.031712,0.031382,0,0,0,0,0,0,0,0,0,0,0,0
0.031821,0.031915,0.031445,0,0,0,0,0,0,0,0,0,0,0,0
0.031623,0.031632,0.031231,0,0,0,0,0,0,0,0,0,0,0,0
0.03167,0.031725,0.031204,0,0,0,0,0,0,0,0,0,0,0,0
0.031543,0.031786,0.031247,0,0,0,0,0,0,0,0,0,0,0,0
0.03167,0.03173,0.031252,0,0,0,0,0,0,0,0,0,0,0,0
0.031703,0.031653,0.031185,0,0,0,0,0,0,0,0,0,0,0,0
0.031633,0.031783,0.031331,0,0,0,0,0,0,0,0,0,0,0,0
0.031712,0.0317,0.031379,0,0,0,0,0,0,0,0,0,0,0,0
0.0316,0.03167,0.031403,0,0,0,0,0,0,0,0,0,0,0,0
0.031627,0.031681,0.031348,0,0,0,0,0,0,0,0,0,0,0,0
0.031882,0.031666,0.031378,0,0,0,0,0,0,0,0,0,0,0,0
0.031686,0.031638,0.031231,0,0,0,0,0,0,0,0,0,0,0,0
0.031684,0.031764,0.031428,0,0,0,0,0,0,0,0,0,0,0,0
0.031645,0.03166,0.031249,0,0,0,0,0,0,0,0,0,0,0,0
0.031809,0.031576,0.031245,0,0,0,0,0,0,0,0,0,0,0,0
0.031666,0.031599,0.031217,0,0,0,0,0,0,0,0,0,0,0,0
0.031459,0.031722,0.031314,0,0,0,0,0,0,0,0,0,0,0,0
0.031496,0.031602,0.031318,0,0,0,0,0,0,0,0,0,0,0,0
0.031671,0.03177,0.031217,0,0,0,0,0,0,0,0,0,0,0,0
0.031612,0.031589,0.031304,0,0,0,0,0,0,0,0,0,0,0,0
0.031688,0.031621,0.031282,0,0,0,0,0,0,0,0,0,0,0,0
0.031604,0.031757,0.031292,0,0,0,0,0,0,0,0,0,0,0,0
0.032158,0.032083,0.031735,0,0,0,0,0,0,0,0,0,0,0,0
0.031902,0.031872,0.03162,0,0,0,0,0,0,0,0,0,0,0,0
0.031592,0.031756,0.031384,0,0,0,0,0,0,0,0,0,0,0,0
0.031543,0.031657,0.031221,0,0,0,0,0,0,0,0,0,0,0,0
0.031782,0.031758,0.031312,0,0,0,0,0,0,0,0,0,0,0,0
0.031604,0.031647,0.031247,0,0,0,0,0,0,0,0,0,0,0,0
0.031655,0.031619,0.031274,0,0,0,0,0,0,0,0,0,0,0,0
0.031619,0.031634,0.03131,0,0,0,0,0,0,0,0,0,0,0,0
0.031605,0.03174,0.031288,0,0,0,0,0,0,0,0,0,0,0,0
0.031757,0.031717,0.031337,0,0,0,0,0,0,0,0,0,0,0,0
0.031593,0.031708,0.031238,0,0,0,0,0,0,0,0,0,0,0,0
0.031584,0.031666,0.031326,0,0,0,0,0,0,0,0,0,0,0,0
0.031598,0.031792,0.031464,0,0,0,0,0,0,0,0,0,0,0,0
0.031717,0.031963,0.031332,0,0,0,0,0,0,0,0,0,0,0,0
0.031665,0.031817,0.031258,0,0,0,0,0,0,0,0,0,0,0,0
0.031607,0.031657,0.031548,0,0,0,0,0,0,0,0,0,0,0,0
0.031611,0.031847,0.031195,0,0,0,0,0,0,0,0,0,0,0,0
0.03148,0.031771,0.031125,0,0,0,0,0,0,0,0,0,0,0,0
0.031674,0.031916,0.031324,0,0,0,0,0,0,0,0,0,0,0,0
0.031587,0.03167,0.031218,0,0,0,0,0,0,0,0,0,0,0,0
0.031615,0.03186,0.031296,0,0,0,0,0,0,0,0,0,0,0,0
0.031661,0.031819,0.031279,0,0,0,0,0,0,0,0,0,0,0,0
0.031583,0.031675,0.031309,0,0,0,0,0,0,0,0,0,0,0,0
0.031613,0.031741,0.031262,0,0,0,0,0,0,0,0,0,0,0,0
0.031607,0.031791,0.031333,0,0,0,0,0,0,0,0,0,0,0,0
0.031538,0.031677,0.031275,0,0,0,0,0,0,0,0,0,0,0,0
0.03177,0.031826,0.031336,0,0,0,0,0,0,0,0,0,0,0,0
0.031631,0.031631,0.03125,0,0,0,0,0,0,0,0,0,0,0,0
0.031686,0.031602,0.031333,0,0,0,0,0,0,0,0,0,0,0,0
0.031534,0.031839,0.031369,0,0,0,0,0,0,0,0,0,0,0,0
0.031598,0.031849,0.031349,0,0,0,0,0,0,0,0,0,0,0,0
0.031602,0.031688,0.031262,0,0,0,0,0,0,0,0,0,0,0,0
0.031652,0.031888,0.031309,0,0,0,0,0,0,0,0,0,0,0,0
0.031465,0.031789,0.03143,0,0,0,0,0,0,0,0,0,0,0,0
0.031609,0.031737,0.031377,0,0,0,0,0,0,0,0,0,0,0,0
0.031627,0.031621,0.031497,0,0,0,0,0,0,0,0,0,0,0,0
0.031624,0.031726,0.031332,0,0,0,0,0,0,0,0,0,0,0,0
0.031613,0.031692,0.031349,0,0,0,0,0,0,0,0,0,0,0,0
0.031696,0.031594,0.031294,0,0,0,0,0,0,0,0,0,0,0,0
0.031753,0.031729,0.031278,0,0,0,0,0,0,0,0,0,0,0,0
0.03162,0.031767,0.03136,0,0,0,0,0,0,0,0,0,0,0,0
0.031625,0.031658,0.031257,0,0,0,0,0,0,0,0,0,0,0,0
0.031488,0.031657,0.031315,0,0,0,0,0,0,0,0,0,0,0,0
0.031607,0.031774,0.031369,0,0,0,0,0,0,0,0,0,0,0,0
0.031564,0.031644,0.031455,0,0,0,0,0,0,0,0,0,0,0,0
0.031564,0.031629,0.031275,0,0,0,0,0,0,0,0,0,0,0,0
0.031507,0.031658,0.031304,0,0,0,0,0,0,0,0,0,0,0,0
0.031628,0.0316,0.03132,0,0,0,0,0,0,0,0,0,0,0,0
0.031523,0.031532,0.031355,0,0,0,0,0,0,0,0,0,0,0,0
0.031606,0.03173,0.031404,0,0,0,0,0,0,0,0,0,0,0,0
0.031508,0.031844,0.031265,0,0,0,0,0,0,0,0,0,0,0,0
0.031617,0.031659,0.031249,0,0,0,0,0,0,0,0,0,0,0,0
0.031481,0.031579,0.031258,0,0,0,0,0,0,0,0,0,0,0,0
0.03161,0.031636,0.031264,0,0,0,0,0,0,0,0,0,0,0,0
0.031668,0.031668,0.031406,0,0,0,0,0,0,0,0,0,0,0,0
0.031448,0.031459,0.031125,0,0,0,0,0,0,0,0,0,0,0,0
0.03154,0.031606,0.031179,0,0,0,0,0,0,0,0,0,0,0,0
0.031637,0.031628,0.031344,0,0,0,0,0,0,0,0,0,0,0,0
0.031638,0.031814,0.031498,0,0,0,0,0,0,0,0,0,0,0,0
0.031481,0.031642,0.031297,0,0,0,0,0,0,0,0,0,0,0,0
0.031705,0.0317,0.031378,0,0,0,0,0,0,0,0,0,0,0,0
0.031419,0.031644,0.031214,0,0,0,0,0,0,0,0,0,0,0,0
0.031435,0.031829,0.031282,0,0,0,0,0,0,0,0,0,0,0,0
0.031579,0.031821,0.031217,0,0,0,0,0,0,0,0,0,0,0,0
0.031652,0.031736,0.031297,0,0,0,0,0,0,0,0,0,0,0,0
0.031632,0.031717,0.031346,0,0,0,0,0,0,0,0,0,0,0,0
0.031561,0.031672,0.031582,0,0,0,0,0,0,0,0,0,0,0,0
0.031577,0.031893,0.03122,0,0,0,0,0,0,0,0,0,0,0,0
0.03165,0.031773,0.031292,0,0,0,0,0,0,0,0,0,0,0,0
0.031575,0.031653,0.031387,0,0,0,0,0,0,0,0,0,0,0,0
0.031764,0.031869,0.03128,0,0,0,0,0,0,0,0,0,0,0,0
0.031544,0.031655,0.031398,0,0,0,0,0,0,0,0,0,0,0,0
0.031583,0.031713,0.031359,0,0,0,0,0,0,0,0,0,0,0,0
0.031563,0.031605,0.031328,0,0,0,0,0,0,0,0,0,0,0,0
0.031564,0.031804,0.031315,0,0,0,0,0,0,0,0,0,0,0,0
0.031745,0.031848,0.031361,0,0,0,0,0,0,0,0,0,0,0,0
0.031596,0.031805,0.031288,0,0,0,0,0,0,0,0,0,0,0,0
0.031792,0.031673,0.031409,0,0,0,0,0,0,0,0,0,0,0,0
0.031698,0.031906,0.03132,0,0,0,0,0,0,0,0,0,0,0,0
0.03171,0.031833,0.031428,0,0,0,0,0,0,0,0,0,0,0,0
0.031692,0.031872,0.031471,0,0,0,0,0,0,0,0,0,0,0,0
0.03159,0.031787,0.031407,0,0,0,0,0,0,0,0,0,0,0,0
0.031705,0.031762,0.031574,0,0,0,0,0,0,0,0,0,0,0,0
0.031646,0.031704,0.031461,0,0,0,0,0,0,0,0,0,0,0,0
0.032142,0.032143,0.032045,0,0,0,0,0,0,0,0,0,0,0,0
0.032331,0.032412,0.032193,0,0,0,0,0,0,0,0,0,0,0,0
0.032159,0.03209,0.03197,0,0,0,0,0,0,0,0,0,0,0,0
0.032044,0.032145,0.031862,0,0,0,0,0,0,0,0,0,0,0,0
0.031696,0.031836,0.031558,0,0,0,0,0,0,0,0,0,0,0,0
0.031672,0.031739,0.031533,0,0,0,0,0,0,0,0,0,0,0,0
0.031895,0.031862,0.031682,0,0,0,0,0,0,0,0,0,0,0,0
0.031693,0.031799,0.031572,0,0,0,0,0,0,0,0,0,0,0,0
0.03163,0.031766,0.031632,0,0,0,0,0,0,0,0,0,0,0,0
0.031771,0.03205,0.031635,0,0,0,0,0,0,0,0,0,0,0,0
0.031725,0.031879,0.031535,0,0,0,0,0,0,0,0,0,0,0,0
0.031702,0.031667,0.031557,0,0,0,0,0,0,0,0,0,0,0,0
0.03162,0.03194,0.031589,0,0,0,0,0,0,0,0,0,0,0,0
0.031654,0.031939,0.031467,0,0,0,0,0,0,0,0,0,0,0,0
0.031741,0.031699,0.031526,0,0,0,0,0,0,0,0,0,0,0,0
0.031875,0.032012,0.03169,0,0,0,0,0,0,0,0,0,0,0,0
0.031983,0.03221,0.031815,0,0,0,0,0,0,0,0,0,0,0,0
0.031667,0.031875,0.031608,0,0,0,0,0,0,0,0,0,0,0,0
0.031705,0.03184,0.031594,0,0,0,0,0,0,0,0,0,0,0,0
0.031632,0.031921,0.031508,0,0,0,0,0,0,0,0,0,0,0,0
0.031661,0.031851,0.03152,0,0,0,0,0,0,0,0,0,0,0,0
0.031776,0.031794,0.031546,0,0,0,0,0,0,0,0,0,0,0,0
0.031625,0.031873,0.031631,0,0,0,0,0,0,0,0,0,0,0,0
0.031562,0.03197,0.03138,0,0,0,0,0,0,0,0,0,0,0,0
0.031807,0.032008,0.031543,0,0,0,0,0,0,0,0,0,0,0,0
0.031604,0.031912,0.031532,0,0,0,0,0,0,0,0,0,0,0,0
0.031732,0.031775,0.031441,0,0,0,0,0,0,0,0,0,0,0,0
0.031646,0.031779,0.031515,0,0,0,0,0,0,0,0,0,0,0,0
0.031685,0.031766,0.031439,0,0,0,0,0,0,0,0,0,0,0,0
0.031676,0.031769,0.031495,0,0,0,0,0,0,0,0,0,0,0,0
0.030805,0.031877,0.031551,0,0,0,0,0,0,0,0,0,0,0,0
0.031755,0.031872,0.03145,0,0,0,0,0,0,0,0,0,0,0,0
0.031674,0.03071,0.030435,0,0,0,0,0,0,0,0,0,0,0,0
0.031644,0.031758,0.03149,0,0,0,0,0,0,0,0,0,0,0,0
0.031671,0.031893,0.031553,0,0,0,0,0,0,0,0,0,0,0,0
0.031612,0.031757,0.031378,0,0,0,0,0,0,0,0,0,0,0,0
0.031752,0.031866,0.031657,0,0,0,0,0,0,0,0,0,0,0,0
0.031589,0.032002,0.031697,0,0,0,0,0,0,0,0,0,0,0,0
0.031606,0.031883,0.031531,0,0,0,0,0,0,0,0,0,0,0,0
0.031539,0.031812,0.031722,0,0,0,0,0,0,0,0,0,0,0,0
0.031712,0.031811,0.031539,0,0,0,0,0,0,0,0,0,0,0,0
0.031657,0.031818,0.031366,0,0,0,0,0,0,0,0,0,0,0,0
0.031668,0.031773,0.03144,0,0,0,0,0,0,0,0,0,0,0,0
0.03175,0.03187,0.031317,0,0,0,0,0,0,0,0,0,0,0,0
0.031778,0.031749,0.031526,0,0,0,0,0,0,0,0,0,0,0,0
0.031711,0.031738,0.031387,0,0,0,0,0,0,0,0,0,0,0,0
0.031638,0.031838,0.031419,0,0,0,0,0,0,0,0,0,0,0,0
0.031809,0.031986,0.0314,0,0,0,0,0,0,0,0,0,0,0,0
0.031628,0.031862,0.031448,0,0,0,0,0,0,0,0,0,0,0,0
0.031679,0.031979,0.031481,0,0,0,0,0,0,0,0,0,0,0,0
0.031725,0.031808,0.031393,0,0,0,0,0,0,0,0,0,0,0,0
0.031629,0.031826,0.031472,0,0,0,0,0,0,0,0,0,0,0,0
0.03169,0.031859,0.031409,0,0,0,0,0,0,0,0,0,0,0,0
0.031741,0.031737,0.031393,0,0,0,0,0,0,0,0,0,0,0,0
0.031653,0.031978,0.031519,0,0,0,0,0,0,0,0,0,0,0,0
0.031597,0.031644,0.031478,0,0,0,0,0,0,0,0,0,0,0,0
0.031796,0.031466,0.031593,0,0,0,0,0,0,0,0,0,0,0,0
0.031748,0.031534,0.031378,0,0,0,0,0,0,0,0,0,0,0,0
0.031651,0.031462,0.03174,0,0,0,0,0,0,0,0,0,0,0,0
0.03168,0.031562,0.031409,0,0,0,0,0,0,0,0,0,0,0,0
0.03169,0.031403,0.031812,0,0,0,0,0,0,0,0,0,0,0,0
0.031648,0.031382,0.031324,0,0,0,0,0,0,0,0,0,0,0,0
0.031659,0.031537,0.031466,0,0,0,0,0,0,0,0,0,0,0,0
0.031714,0.031512,0.031447,0,0,0,0,0,0,0,0,0,0,0,0
0.031696,0.031446,0.031593,0,0,0,0,0,0,0,0,0,0,0,0
0.031722,0.031558,0.03151,0,0,0,0,0,0,0,0,0,0,0,0
0.031681,0.031515,0.031483,0,0,0,0,0,0,0,0,0,0,0,0
0.031713,0.031649,0.031525,0,0,0,0,0,0,0,0,0,0,0,0
0.031734,0.031567,0.03147,0,0,0,0,0,0,0,0,0,0,0,0
0.031863,0.031479,0.031425,0,0,0,0,0,0,0,0,0,0,0,0
0.03176,0.031507,0.031486,0,0,0,0,0,0,0,0,0,0,0,0
0.031699,0.031621,0.031463,0,0,0,0,0,0,0,0,0,0,0,0
0.031736,0.031554,0.031583,0,0,0,0,0,0,0,0,0,0,0,0
0.031659,0.031627,0.03158,0,0,0,0,0,0,0,0,0,0,0,0
0.031713,0.031474,0.031442,0,0,0,0,0,0,0,0,0,0,0,0
0.031919,0.031604,0.031733,0,0,0,0,0,0,0,0,0,0,0,0
0.031921,0.031698,0.031726,0,0,0,0,0,0,0,0,0,0,0,0
0.031741,0.031585,0.03155,0,0,0,0,0,0,0,0,0,0,0,0
0.031842,0.031474,0.031573,0,0,0,0,0,0,0,0,0,0,0,0
0.031804,0.031382,0.031389,0,0,0,0,0,0,0,0,0,0,0,0
0.031643,0.031687,0.031475,0,0,0,0,0,0,0,0,0,0,0,0
0.031767,0.031575,0.031715,0,0,0,0,0,0,0,0,0,0,0,0
0.031687,0.031452,0.031558,0,0,0,0,0,0,0,0,0,0,0,0
0.031699,0.031457,0.031525,0,0,0,0,0,0,0,0,0,0,0,0
0.031774,0.031488,0.031473,0,0,0,0,0,0,0,0,0,0,0,0
0.031894,0.031604,0.031444,0,0,0,0,0,0,0,0,0,0,0,0
0.031668,0.031636,0.031474,0,0,0,0,0,0,0,0,0,0,0,0
0.031661,0.031683,0.031534,0,0,0,0,0,0,0,0,0,0,0,0
0.031661,0.031524,0.031495,0,0,0,0,0,0,0,0,0,0,0,0
0.031907,0.031734,0.031502,0,0,0,0,0,0,0,0,0,0,0,0
0.031567,0.031418,0.031472,0,0,0,0,0,0,0,0,0,0,0,0
0.031645,0.0316,0.031527,0,0,0,0,0,0,0,0,0,0,0,0
0.031715,0.031599,0.031456,0,0,0,0,0,0,0,0,0,0,0,0
0.031671,0.031503,0.031523,0,0,0,0,0,0,0,0,0,0,0,0
0.03162,0.031556,0.031823,0,0,0,0,0,0,0,0,0,0,0,0
0.031811,0.031483,0.031718,0,0,0,0,0,0,0,0,0,0,0,0
0.031771,0.031534,0.031627,0,0,0,0,0,0,0,0,0,0,0,0
0.03162,0.031481,0.03155,0,0,0,0,0,0,0,0,0,0,0,0
0.031716,0.031531,0.031702,0,0,0,0,0,0,0,0,0,0,0,0
0.03163,0.031448,0.031491,0,0,0,0,0,0,0,0,0,0,0,0
0.031762,0.031736,0.031561,0,0,0,0,0,0,0,0,0,0,0,0
0.031571,0.031602,0.031611,0,0,0,0,0,0,0,0,0,0,0,0
0.031597,0.031439,0.031717,0,0,0,0,0,0,0,0,0,0,0,0
0.031689,0.031413,0.031664,0,0,0,0,0,0,0,0,0,0,0,0
0.03177,0.031526,0.031524,0,0,0,0,0,0,0,0,0,0,0,0
0.031664,0.031503,0.031677,0,0,0,0,0,0,0,0,0,0,0,0
0.031828,0.031768,0.031911,0,0,0,0,0,0,0,0,0,0,0,0
0.031803,0.031682,0.031688,0,0,0,0,0,0,0,0,0,0,0,0
0.031649,0.031653,0.031626,0,0,0,0,0,0,0,0,0,0,0,0
0.03176,0.031414,0.031629,0,0,0,0,0,0,0,0,0,0,0,0
0.031684,0.031623,0.031673,0,0,0,0,0,0,0,0,0,0,0,0
0.031721,0.031576,0.031628,0,0,0,0,0,0,0,0,0,0,0,0
0.03184,0.031662,0.031733,0,0,0,0,0,0,0,0,0,0,0,0
0.031684,0.031489,0.031589,0,0,0,0,0,0,0,0,0,0,0,0
0.031915,0.031605,0.031624,0,0,0,0,0,0,0,0,0,0,0,0
0.031805,0.031408,0.031679,0,0,0,0,0,0,0,0,0,0,0,0
0.031827,0.031498,0.031649,0,0,0,0,0,0,0,0,0,0,0,0
0.031682,0.031586,0.031649,0,0,0,0,0,0,0,0,0,0,0,0
0.03185,0.031668,0.031622,0,0,0,0,0,0,0,0,0,0,0,0
0.031742,0.031476,0.031712,0,0,0,0,0,0,0,0,0,0,0,0
0.031832,0.031688,0.031615,0,0,0,0,0,0,0,0,0,0,0,0
0.031768,0.031385,0.031643,0,0,0,0,0,0,0,0,0,0,0,0
0.031796,0.031498,0.031591,0,0,0,0,0,0,0,0,0,0,0,0
0.031846,0.031605,0.031699,0,0,0,0,0,0,0,0,0,0,0,0
0.031815,0.031421,0.031595,0,0,0,0,0,0,0,0,0,0,0,0
0.031792,0.031541,0.031556,0,0,0,0,0,0,0,0,0,0,0,0
0.031549,0.031319,0.031513,0,0,0,0,0,0,0,0,0,0,0,0
0.031713,0.031533,0.031567,0,0,0,0,0,0,0,0,0,0,0,0
0.031782,0.031447,0.03167,0,0,0,0,0,0,0,0,0,0,0,0
0.031677,0.031462,0.031787,0,0,0,0,0,0,0,0,0,0,0,0
0.031779,0.03158,0.031614,0,0,0,0,0,0,0,0,0,0,0,0
0.031701,0.031359,0.03159,0,0,0,0,0,0,0,0,0,0,0,0
0.031714,0.031579,0.031666,0,0,0,0,0,0,0,0,0,0,0,0
0.031737,0.031426,0.031707,0,0,0,0,0,0,0,0,0,0,0,0
0.031736,0.031536,0.031687,0,0,0,0,0,0,0,0,0,0,0,0
0.03189,0.031553,0.031519,0,0,0,0,0,0,0,0,0,0,0,0
0.0317,0.031571,0.031675,0,0,0,0,0,0,0,0,0,0,0,0
0.031836,0.031597,0.03174,0,0,0,0,0,0,0,0,0,0,0,0
0.031629,0.031592,0.031575,0,0,0,0,0,0,0,0,0,0,0,0
0.031754,0.031561,0.031665,0,0,0,0,0,0,0,0,0,0,0,0
0.032097,0.03183,0.031858,0,0,0,0,0,0,0,0,0,0,0,0
0.0319,0.031741,0.031797,0,0,0,0,0,0,0,0,0,0,0,0
0.031665,0.031532,0.031716,0,0,0,0,0,0,0,0,0,0,0,0
0.031648,0.031449,0.031626,0,0,0,0,0,0,0,0,0,0,0,0
0.031691,0.031559,0.031626,0,0,0,0,0,0,0,0,0,0,0,0
0.03169,0.031613,0.031566,0,0,0,0,0,0,0,0,0,0,0,0
0.03162,0.031855,0.031675,0,0,0,0,0,0,0,0,0,0,0,0
0.031667,0.031644,0.03163,0,0,0,0,0,0,0,0,0,0,0,0
0.03162,0.031543,0.031644,0,0,0,0,0,0,0,0,0,0,0,0
0.031702,0.031573,0.031602,0,0,0,0,0,0,0,0,0,0,0,0
0.031622,0.031532,0.031576,0,0,0,0,0,0,0,0,0,0,0,0
0.031713,0.031487,0.031507,0,0,0,0,0,0,0,0,0,0,0,0
0.031721,0.031568,0.031746,0,0,0,0,0,0,0,0,0,0,0,0
0.031548,0.031584,0.031601,0,0,0,0,0,0,0,0,0,0,0,0
0.031568,0.031576,0.031558,0,0,0,0,0,0,0,0,0,0,0,0
0.031606,0.031577,0.031614,0,0,0,0,0,0,0,0,0,0,0,0
0.031754,0.031509,0.031618,0,0,0,0,0,0,0,0,0,0,0,0
0.031732,0.031536,0.031556,0,0,0,0,0,0,0,0,0,0,0,0
0.031682,0.031556,0.031699,0,0,0,0,0,0,0,0,0,0,0,0
0.031659,0.031459,0.031653,0,0,0,0,0,0,0,0,0,0,0,0
0.031575,0.031606,0.03155,0,0,0,0,0,0,0,0,0,0,0,0
0.031715,0.031468,0.031638,0,0,0,0,0,0,0,0,0,0,0,0
0.031563,0.031465,0.031613,0,0,0,0,0,0,0,0,0,0,0,0
0.031553,0.031527,0.03169,0,0,0,0,0,0,0,0,0,0,0,0
0.031784,0.031587,0.031783,0,0,0,0,0,0,0,0,0,0,0,0
0.031937,0.031749,0.031741,0,0,0,0,0,0,0,0,0,0,0,0
0.032158,0.031992,0.032215,0,0,0,0,0,0,0,0,0,0,0,0
0.032091,0.031776,0.031953,0,0,0,0,0,0,0,0,0,0,0,0
0.03257,0.032443,0.03247,0,0,0,0,0,0,0,0,0,0,0,0
0.032448,0.032013,0.032161,0,0,0,0,0,0,0,0,0,0,0,0
0.032283,0.032011,0.032199,0,0,0,0,0,0,0,0,0,0,0,0
0.032085,0.031862,0.031934,0,0,0,0,0,0,0,0,0,0,0,0
0.031559,0.031449,0.031616,0,0,0,0,0,0,0,0,0,0,0,0
0.031703,0.031522,0.031581,0,0,0,0,0,0,0,0,0,0,0,0
0.031679,0.031446,0.031533,0,0,0,0,0,0,0,0,0,0,0,0
0.031722,0.031443,0.031653,0,0,0,0,0,0,0,0,0,0,0,0
0.031664,0.031521,0.031703,0,0,0,0,0,0,0,0,0,0,0,0
0.031646,0.031526,0.031604,0,0,0,0,0,0,0,0,0,0,0,0
0.031737,0.031617,0.031601,0,0,0,0,0,0,0,0,0,0,0,0
0.031687,0.031474,0.031534,0,0,0,0,0,0,0,0,0,0,0,0
0.031614,0.031489,0.031596,0,0,0,0,0,0,0,0,0,0,0,0
0.03177,0.031471,0.031665,0,0,0,0,0,0,0,0,0,0,0,0
0.031684,0.031525,0.031691,0,0,0,0,0,0,0,0,0,0,0,0
0.031705,0.031672,0.031559,0,0,0,0,0,0,0,0,0,0,0,0
0.031706,0.031619,0.031615,0,0,0,0,0,0,0,0,0,0,0,0
0.031664,0.03141,0.03148,0,0,0,0,0,0,0,0,0,0,0,0
0.030637,0.031531,0.0317,0,0,0,0,0,0,0,0,0,0,0,0
0.031801,0.031672,0.031511,0,0,0,0,0,0,0,0,0,0,0,0
0.031706,0.031454,0.031647,0,0,0,0,0,0,0,0,0,0,0,0
0.031629,0.030569,0.030693,0,0,0,0,0,0,0,0,0,0,0,0
0.031754,0.031635,0.031689,0,0,0,0,0,0,0,0,0,0,0,0
0.031643,0.031493,0.031674,0,0,0,0,0,0,0,0,0,0,0,0
0.031598,0.031498,0.031656,0,0,0,0,0,0,0,0,0,0,0,0
0.031794,0.031504,0.031474,0,0,0,0,0,0,0,0,0,0,0,0
0.03164,0.031495,0.032239,0,0,0,0,0,0,0,0,0,0,0,0
0.031792,0.031565,0.031681,0,0,0,0,0,0,0,0,0,0,0,0
0.03162,0.031492,0.031582,0,0,0,0,0,0,0,0,0,0,0,0
0.031672,0.031499,0.031668,0,0,0,0,0,0,0,0,0,0,0,0
0.031702,0.031696,0.031723,0,0,0,0,0,0,0,0,0,0,0,0
0.03167,0.031472,0.031624,0,0,0,0,0,0,0,0,0,0,0,0
0.031559,0.031554,0.031742,0,0,0,0,0,0,0,0,0,0,0,0
0.031743,0.031501,0.03167,0,0,0,0,0,0,0,0,0,0,0,0
0.031608,0.031489,0.031563,0,0,0,0,0,0,0,0,0,0,0,0
0.031668,0.031406,0.031748,0,0,0,0,0,0,0,0,0,0,0,0
0.031667,0.031523,0.031704,0,0,0,0,0,0,0,0,0,0,0,0
0.031652,0.031411,0.031677,0,0,0,0,0,0,0,0,0,0,0,0
0.031717,0.031685,0.031689,0,0,0,0,0,0,0,0,0,0,0,0
0.031661,0.031677,0.031765,0,0,0,0,0,0,0,0,0,0,0,0
0.031612,0.03155,0.031755,0,0,0,0,0,0,0,0,0,0,0,0
0.031767,0.031436,0.031781,0,0,0,0,0,0,0,0,0,0,0,0
0.031737,0.031556,0.031679,0,0,0,0,0,0,0,0,0,0,0,0
0.031753,0.031492,0.031708,0,0,0,0,0,0,0,0,0,0,0,0
0.03169,0.031518,0.031769,0,0,0,0,0,0,0,0,0,0,0,0
0.031665,0.031412,0.031673,0,0,0,0,0,0,0,0,0,0,0,0
0.031684,0.03154,0.031729,0,0,0,0,0,0,0,0,0,0,0,0
0.031655,0.031595,0.031625,0,0,0,0,0,0,0,0,0,0,0,0
0.031857,0.031644,0.031932,0,0,0,0,0,0,0,0,0,0,0,0
0.031882,0.031987,0.031881,0,0,0,0,0,0,0,0,0,0,0,0
0.031904,0.031727,0.031923,0,0,0,0,0,0,0,0,0,0,0,0
0.031703,0.031649,0.031727,0,0,0,0,0,0,0,0,0,0,0,0
0.031681,0.031603,0.031839,0,0,0,0,0,0,0,0,0,0,0,0
0.031696,0.031523,0.031691,0,0,0,0,0,0,0,0,0,0,0,0
0.031902,0.031798,0.031947,0,0,0,0,0,0,0,0,0,0,0,0
0.031962,0.031868,0.031804,0,0,0,0,0,0,0,0,0,0,0,0
0.031683,0.031692,0.031821,0,0,0,0,0,0,0,0,0,0,0,0
0.031727,0.031483,0.031683,0,0,0,0,0,0,0,0,0,0,0,0
0.03169,0.031521,0.031677,0,0,0,0,0,0,0,0,0,0,0,0
0.031762,0.03167,0.031718,0,0,0,0,0,0,0,0,0,0,0,0
0.031769,0.03158,0.031764,0,0,0,0,0,0,0,0,0,0,0,0
0.03167,0.031575,0.03166,0,0,0,0,0,0,0,0,0,0,0,0
0.031577,0.031566,0.031708,0,0,0,0,0,0,0,0,0,0,0,0
0.031715,0.031565,0.031596,0,0,0,0,0,0,0,0,0,0,0,0
0.031616,0.031595,0.031711,0,0,0,0,0,0,0,0,0,0,0,0
0.031702,0.031614,0.031702,0,0,0,0,0,0,0,0,0,0,0,0
0.031603,0.031735,0.031666,0,0,0,0,0,0,0,0,0,0,0,0
0.031607,0.031586,0.031669,0,0,0,0,0,0,0,0,0,0,0,0
0.031626,0.031544,0.03173,0,0,0,0,0,0,0,0,0,0,0,0
0.031805,0.031532,0.031604,0,0,0,0,0,0,0,0,0,0,0,0
0.031676,0.031606,0.031812,0,0,0,0,0,0,0,0,0,0,0,0
0.031663,0.031703,0.031738,0,0,0,0,0,0,0,0,0,0,0,0
0.031641,0.031544,0.031809,0,0,0,0,0,0,0,0,0,0,0,0
0.031674,0.031592,0.031597,0,0,0,0,0,0,0,0,0,0,0,0
0.031782,0.031604,0.031692,0,0,0,0,0,0,0,0,0,0,0,0
0.031651,0.031556,0.031719,0,0,0,0,0,0,0,0,0,0,0,0
0.031898,0.031781,0.031899,0,0,0,0,0,0,0,0,0,0,0,0
0.031691,0.031639,0.031827,0,0,0,0,0,0,0,0,0,0,0,0
0.031738,0.031522,0.031681,0,0,0,0,0,0,0,0,0,0,0,0
0.031661,0.031426,0.031734,0,0,0,0,0,0,0,0,0,0,0,0
0.03173,0.031544,0.031873,0,0,0,0,0,0,0,0,0,0,0,0
0.031741,0.031528,0.031686,0,0,0,0,0,0,0,0,0,0,0,0
0.031642,0.03161,0.031687,0,0,0,0,0,0,0,0,0,0,0,0
0.031847,0.031565,0.031633,0,0,0,0,0,0,0,0,0,0,0,0
0.031625,0.031455,0.031785,0,0,0,0,0,0,0,0,0,0,0,0
0.031824,0.031673,0.031668,0,0,0,0,0,0,0,0,0,0,0,0
0.031713,0.031542,0.031704,0,0,0,0,0,0,0,0,0,0,0,0
0.031712,0.031793,0.03164,0,0,0,0,0,0,0,0,0,0,0,0
0.031736,0.031734,0.031616,0,0,0,0,0,0,0,0,0,0,0,0
0.031819,0.031677,0.031744,0,0,0,0,0,0,0,0,0,0,0,0
0.031693,0.031799,0.031808,0,0,0,0,0,0,0,0,0,0,0,0
0.031779,0.031666,0.031688,0,0,0,0,0,0,0,0,0,0,0,0
0.031673,0.031611,0.031748,0,0,0,0,0,0,0,0,0,0,0,0
0.031714,0.031468,0.03163,0,0,0,0,0,0,0,0,0,0,0,0
0.031694,0.031594,0.031729,0,0,0,0,0,0,0,0,0,0,0,0
0.031858,0.031683,0.031721,0,0,0,0,0,0,0,0,0,0,0,0
0.031675,0.031569,0.031643,0,0,0,0,0,0,0,0,0,0,0,0
0.031815,0.03167,0.031589,0,0,0,0,0,0,0,0,0,0,0,0
0.031715,0.031541,0.031725,0,0,0,0,0,0,0,0,0,0,0,0
0.031802,0.031572,0.03177,0,0,0,0,0,0,0,0,0,0,0,0
0.031625,0.031706,0.031707,0,0,0,0,0,0,0,0,0,0,0,0
0.031647,0.031637,0.031755,0,0,0,0,0,0,0,0,0,0,0,0
0.03159,0.031589,0.031748,0,0,0,0,0,0,0,0,0,0,0,0
0.031742,0.031581,0.03175,0,0,0,0,0,0,0,0,0,0,0,0
0.031736,0.031708,0.031786,0,0,0,0,0,0,0,0,0,0,0,0
0.031618,0.031582,0.031757,0,0,0,0,0,0,0,0,0,0,0,0
0.03158,0.031727,0.031809,0,0,0,0,0,0,0,0,0,0,0,0
0.03173,0.031772,0.031672,0,0,0,0,0,0,0,0,0,0,0,0
0.031642,0.03162,0.03178,0,0,0,0,0,0,0,0,0,0,0,0
0.031761,0.03156,0.031721,0,0,0,0,0,0,0,0,0,0,0,0
0.031771,0.031767,0.031782,0,0,0,0,0,0,0,0,0,0,0,0
0.031644,0.031696,0.031763,0,0,0,0,0,0,0,0,0,0,0,0
0.031666,0.031718,0.03166,0,0,0,0,0,0,0,0,0,0,0,0
0.031702,0.031673,0.031567,0,0,0,0,0,0,0,0,0,0,0,0
0.031586,0.031662,0.031706,0,0,0,0,0,0,0,0,0,0,0,0
0.031815,0.031596,0.031738,0,0,0,0,0,0,0,0,0,0,0,0
0.031603,0.031686,0.03171,0,0,0,0,0,0,0,0,0,0,0,0
0.031759,0.031591,0.031677,0,0,0,0,0,0,0,0,0,0,0,0
0.031523,0.031588,0.031639,0,0,0,0,0,0,0,0,0,0,0,0
0.031673,0.031568,0.031525,0,0,0,0,0,0,0,0,0,0,0,0
0.031684,0.031597,0.031624,0,0,0,0,0,0,0,0,0,0,0,0
0.031866,0.031551,0.031578,0,0,0,0,0,0,0,0,0,0,0,0
0.031726,0.031625,0.031787,0,0,0,0,0,0,0,0,0,0,0,0
0.031681,0.031499,0.031748,0,0,0,0,0,0,0,0,0,0,0,0
0.031658,0.031629,0.031797,0,0,0,0,0,0,0,0,0,0,0,0
0.031735,0.031681,0.031622,0,0,0,0,0,0,0,0,0,0,0,0
0.031613,0.031752,0.031724,0,0,0,0,0,0,0,0,0,0,0,0
0.031688,0.031561,0.031698,0,0,0,0,0,0,0,0,0,0,0,0
0.03158,0.031459,0.031656,0,0,0,0,0,0,0,0,0,0,0,0
0.031591,0.031781,0.031703,0,0,0,0,0,0,0,0,0,0,0,0
0.03156,0.031596,0.031657,0,0,0,0,0,0,0,0,0,0,0,0
0.031728,0.031587,0.031642,0,0,0,0,0,0,0,0,0,0,0,0
0.031565,0.031506,0.031568,0,0,0,0,0,0,0,0,0,0,0,0
0.031672,0.031627,0.031498,0,0,0,0,0,0,0,0,0,0,0,0
0.031658,0.031634,0.031552,0,0,0,0,0,0,0,0,0,0,0,0
0.03166,0.031619,0.031489,0,0,0,0,0,0,0,0,0,0,0,0
0.0316,0.031652,0.03143,0,0,0,0,0,0,0,0,0,0,0,0
0.031703,0.031524,0.031836,0,0,0,0,0,0,0,0,0,0,0,0
0.031663,0.031703,0.031414,0,0,0,0,0,0,0,0,0,0,0,0
0.031634,0.031642,0.031434,0,0,0,0,0,0,0,0,0,0,0,0
0.031715,0.031564,0.031769,0,0,0,0,0,0,0,0,0,0,0,0
0.031583,0.031565,0.031394,0,0,0,0,0,0,0,0,0,0,0,0
0.031603,0.031617,0.031516,0,0,0,0,0,0,0,0,0,0,0,0
0.031635,0.031608,0.031391,0,0,0,0,0,0,0,0,0,0,0,0
0.031644,0.031748,0.03151,0,0,0,0,0,0,0,0,0,0,0,0
0.031717,0.031585,0.031479,0,0,0,0,0,0,0,0,0,0,0,0
0.031656,0.031635,0.031834,0,0,0,0,0,0,0,0,0,0,0,0
0.031636,0.031671,0.0315,0,0,0,0,0,0,0,0,0,0,0,0
0.031526,0.031584,0.031673,0,0,0,0,0,0,0,0,0,0,0,0
0.031921,0.031567,0.031548,0,0,0,0,0,0,0,0,0,0,0,0
0.03173,0.031691,0.031548,0,0,0,0,0,0,0,0,0,0,0,0
0.031915,0.031607,0.031538,0,0,0,0,0,0,0,0,0,0,0,0
0.031851,0.031608,0.031584,0,0,0,0,0,0,0,0,0,0,0,0
0.031926,0.031559,0.031469,0,0,0,0,0,0,0,0,0,0,0,0
0.031746,0.031495,0.031539,0,0,0,0,0,0,0,0,0,0,0,0
0.032038,0.03149,0.031532,0,0,0,0,0,0,0,0,0,0,0,0
0.031931,0.031739,0.031445,0,0,0,0,0,0,0,0,0,0,0,0
0.031958,0.031644,0.031455,0,0,0,0,0,0,0,0,0,0,0,0
0.031907,0.031582,0.031436,0,0,0,0,0,0,0,0,0,0,0,0
0.031859,0.031689,0.031486,0,0,0,0,0,0,0,0,0,0,0,0
0.031941,0.03164,0.031523,0,0,0,0,0,0,0,0,0,0,0,0
0.031847,0.03168,0.031627,0,0,0,0,0,0,0,0,0,0,0,0
0.031841,0.031685,0.031718,0,0,0,0,0,0,0,0,0,0,0,0
0.031934,0.031608,0.031688,0,0,0,0,0,0,0,0,0,0,0,0
0.031787,0.03167,0.031475,0,0,0,0,0,0,0,0,0,0,0,0
0.031856,0.031613,0.031753,0,0,0,0,0,0,0,0,0,0,0,0
0.031853,0.031498,0.031534,0,0,0,0,0,0,0,0,0,0,0,0
0.031858,0.031531,0.031442,0,0,0,0,0,0,0,0,0,0,0,0
0.031874,0.031556,0.031592,0,0,0,0,0,0,0,0,0,0,0,0
0.03191,0.031486,0.031412,0,0,0,0,0,0,0,0,0,0,0,0
0.031959,0.031538,0.031504,0,0,0,0,0,0,0,0,0,0,0,0
0.03188,0.031677,0.031461,0,0,0,0,0,0,0,0,0,0,0,0
0.031711,0.031524,0.031533,0,0,0,0,0,0,0,0,0,0,0,0
0.031837,0.031612,0.031508,0,0,0,0,0,0,0,0,0,0,0,0
0.030748,0.031535,0.031556,0,0,0,0,0,0,0,0,0,0,0,0
0.031938,0.031597,0.031545,0,0,0,0,0,0,0,0,0,0,0,0
0.031815,0.031506,0.031607,0,0,0,0,0,0,0,0,0,0,0,0
0.031958,0.030272,0.030442,0,0,0,0,0,0,0,0,0,0,0,0
0.031902,0.031522,0.03144,0,0,0,0,0,0,0,0,0,0,0,0
0.031954,0.031631,0.03152,0,0,0,0,0,0,0,0,0,0,0,0
0.031917,0.031523,0.031491,0,0,0,0,0,0,0,0,0,0,0,0
0.031928,0.031429,0.031617,0,0,0,0,0,0,0,0,0,0,0,0
0.031824,0.031516,0.031518,0,0,0,0,0,0,0,0,0,0,0,0
0.031873,0.031587,0.031694,0,0,0,0,0,0,0,0,0,0,0,0
0.031869,0.031634,0.03181,0,0,0,0,0,0,0,0,0,0,0,0
0.031814,0.0317,0.031653,0,0,0,0,0,0,0,0,0,0,0,0
0.031885,0.031714,0.031767,0,0,0,0,0,0,0,0,0,0,0,0
0.031937,0.031648,0.0318,0,0,0,0,0,0,0,0,0,0,0,0
0.031841,0.031649,0.031754,0,0,0,0,0,0,0,0,0,0,0,0
0.031859,0.031476,0.031643,0,0,0,0,0,0,0,0,0,0,0,0
0.031833,0.031656,0.03164,0,0,0,0,0,0,0,0,0,0,0,0
0.031873,0.031584,0.031744,0,0,0,0,0,0,0,0,0,0,0,0
0.031754,0.031527,0.031627,0,0,0,0,0,0,0,0,0,0,0,0
0.031975,0.031792,0.031812,0,0,0,0,0,0,0,0,0,0,0,0
0.031765,0.031665,0.031674,0,0,0,0,0,0,0,0,0,0,0,0
0.031925,0.031532,0.031686,0,0,0,0,0,0,0,0,0,0,0,0
0.031843,0.031634,0.031774,0,0,0,0,0,0,0,0,0,0,0,0
0.031933,0.031549,0.03171,0,0,0,0,0,0,0,0,0,0,0,0
0.031778,0.031714,0.031631,0,0,0,0,0,0,0,0,0,0,0,0
0.031846,0.031493,0.031548,0,0,0,0,0,0,0,0,0,0,0,0
0.031785,0.031549,0.031631,0,0,0,0,0,0,0,0,0,0,0,0
0.031963,0.031578,0.031775,0,0,0,0,0,0,0,0,0,0,0,0
0.031805,0.031608,0.031645,0,0,0,0,0,0,0,0,0,0,0,0
0.032,0.031626,0.031711,0,0,0,0,0,0,0,0,0,0,0,0
0.031861,0.031594,0.031744,0,0,0,0,0,0,0,0,0,0,0,0
0.03179,0.031411,0.031671,0,0,0,0,0,0,0,0,0,0,0,0
0.031734,0.03156,0.031635,0,0,0,0,0,0,0,0,0,0,0,0
0.031887,0.031607,0.031659,0,0,0,0,0,0,0,0,0,0,0,0
0.031775,0.031482,0.031693,0,0,0,0,0,0,0,0,0,0,0,0
0.031892,0.031575,0.031634,0,0,0,0,0,0,0,0,0,0,0,0
0.031836,0.031616,0.031678,0,0,0,0,0,0,0,0,0,0,0,0
0.03191,0.031567,0.03156,0,0,0,0,0,0,0,0,0,0,0,0
0.031706,0.031583,0.03165,0,0,0,0,0,0,0,0,0,0,0,0
0.0318,0.031551,0.031751,0,0,0,0,0,0,0,0,0,0,0,0
0.031781,0.031715,0.031713,0,0,0,0,0,0,0,0,0,0,0,0
0.031819,0.031505,0.031564,0,0,0,0,0,0,0,0,0,0,0,0
0.03187,0.031521,0.031649,0,0,0,0,0,0,0,0,0,0,0,0
0.031839,0.031592,0.031729,0,0,0,0,0,0,0,0,0,0,0,0
0.031771,0.031656,0.031631,0,0,0,0,0,0,0,0,0,0,0,0
0.031755,0.031684,0.031608,0,0,0,0,0,0,0,0,0,0,0,0
0.031895,0.03181,0.031823,0,0,0,0,0,0,0,0,0,0,0,0
0.032144,0.031763,0.031725,0,0,0,0,0,0,0,0,0,0,0,0
0.031858,0.031561,0.031683,0,0,0,0,0,0,0,0,0,0,0,0
0.031778,0.031662,0.031795,0,0,0,0,0,0,0,0,0,0,0,0
0.031703,0.031409,0.031668,0,0,0,0,0,0,0,0,0,0,0,0
0.031739,0.031667,0.031643,0,0,0,0,0,0,0,0,0,0,0,0
0.031518,0.031615,0.031779,0,0,0,0,0,0,0,0,0,0,0,0
0.031584,0.031463,0.031667,0,0,0,0,0,0,0,0,0,0,0,0
0.031557,0.031521,0.031584,0,0,0,0,0,0,0,0,0,0,0,0
0.031707,0.031534,0.031678,0,0,0,0,0,0,0,0,0,0,0,0
0.031714,0.031672,0.031764,0,0,0,0,0,0,0,0,0,0,0,0
0.031679,0.031557,0.03162,0,0,0,0,0,0,0,0,0,0,0,0
0.031638,0.031553,0.03167,0,0,0,0,0,0,0,0,0,0,0,0
0.031893,0.031601,0.031608,0,0,0,0,0,0,0,0,0,0,0,0
0.031674,0.031638,0.031679,0,0,0,0,0,0,0,0,0,0,0,0
0.031686,0.031553,0.031633,0,0,0,0,0,0,0,0,0,0,0,0
0.031647,0.031582,0.031735,0,0,0,0,0,0,0,0,0,0,0,0
0.031646,0.03146,0.031621,0,0,0,0,0,0,0,0,0,0,0,0
0.031627,0.031754,0.031686,0,0,0,0,0,0,0,0,0,0,0,0
0.031801,0.031552,0.031872,0,0,0,0,0,0,0,0,0,0,0,0
0.031538,0.031664,0.031764,0,0,0,0,0,0,0,0,0,0,0,0
0.031641,0.031463,0.03175,0,0,0,0,0,0,0,0,0,0,0,0
0.031708,0.031585,0.031673,0,0,0,0,0,0,0,0,0,0,0,0
0.031718,0.031482,0.031598,0,0,0,0,0,0,0,0,0,0,0,0
0.031572,0.031603,0.031735,0,0,0,0,0,0,0,0,0,0,0,0
0.031593,0.031628,0.03153,0,0,0,0,0,0,0,0,0,0,0,0
0.031632,0.03156,0.031635,0,0,0,0,0,0,0,0,0,0,0,0
0.031681,0.031703,0.031616,0,0,0,0,0,0,0,0,0,0,0,0
0.031621,0.031567,0.03168,0,0,0,0,0,0,0,0,0,0,0,0
0.03193,0.031571,0.031626,0,0,0,0,0,0,0,0,0,0,0,0
0.03183,0.031695,0.031735,0,0,0,0,0,0,0,0,0,0,0,0
0.031937,0.031521,0.031626,0,0,0,0,0,0,0,0,0,0,0,0
0.031899,0.031773,0.031593,0,0,0,0,0,0,0,0,0,0,0,0
0.031894,0.031539,0.031711,0,0,0,0,0,0,0,0,0,0,0,0
0.031982,0.03158,0.031704,0,0,0,0,0,0,0,0,0,0,0,0
0.031864,0.031596,0.031617,0,0,0,0,0,0,0,0,0,0,0,0
0.03178,0.03155,0.031653,0,0,0,0,0,0,0,0,0,0,0,0
0.031853,0.031522,0.031735,0,0,0,0,0,0,0,0,0,0,0,0
0.031812,0.031616,0.031606,0,0,0,0,0,0,0,0,0,0,0,0
0.031812,0.031633,0.031725,0,0,0,0,0,0,0,0,0,0,0,0
0.031742,0.031484,0.031739,0,0,0,0,0,0,0,0,0,0,0,0
0.031879,0.031527,0.031661,0,0,0,0,0,0,0,0,0,0,0,0
0.031792,0.031654,0.031662,0,0,0,0,0,0,0,0,0,0,0,0
0.03194,0.031711,0.031673,0,0,0,0,0,0,0,0,0,0,0,0
0.031836,0.031544,0.031655,0,0,0,0,0,0,0,0,0,0,0,0
0.032021,0.031656,0.031667,0,0,0,0,0,0,0,0,0,0,0,0
0.03187,0.03153,0.031752,0,0,0,0,0,0,0,0,0,0,0,0
0.031775,0.031678,0.031595,0,0,0,0,0,0,0,0,0,0,0,0
0.031789,0.031675,0.031694,0,0,0,0,0,0,0,0,0,0,0,0
0.031981,0.031551,0.031729,0,0,0,0,0,0,0,0,0,0,0,0
0.031865,0.031562,0.031735,0,0,0,0,0,0,0,0,0,0,0,0
0.031844,0.031716,0.031568,0,0,0,0,0,0,0,0,0,0,0,0
0.031873,0.031625,0.031623,0,0,0,0,0,0,0,0,0,0,0,0
0.031975,0.031549,0.031834,0,0,0,0,0,0,0,0,0,0,0,0
0.03192,0.031663,0.031626,0,0,0,0,0,0,0,0,0,0,0,0
0.031993,0.031514,0.031675,0,0,0,0,0,0,0,0,0,0,0,0
0.031759,0.0316,0.031747,0,0,0,0,0,0,0,0,0,0,0,0
0.031829,0.031509,0.031672,0,0,0,0,0,0,0,0,0,0,0,0
0.031922,0.031585,0.031571,0,0,0,0,0,0,0,0,0,0,0,0
0.031885,0.031497,0.031613,0,0,0,0,0,0,0,0,0,0,0,0
0.03184,0.031545,0.031668,0,0,0,0,0,0,0,0,0,0,0,0
0.031905,0.031664,0.031693,0,0,0,0,0,0,0,0,0,0,0,0
0.031869,0.031597,0.031717,0,0,0,0,0,0,0,0,0,0,0,0
0.032065,0.031759,0.031821,0,0,0,0,0,0,0,0,0,0,0,0
0.032052,0.031864,0.031836,0,0,0,0,0,0,0,0,0,0,0,0
0.031868,0.031766,0.03179,0,0,0,0,0,0,0,0,0,0,0,0
0.031831,0.031788,0.03159,0,0,0,0,0,0,0,0,0,0,0,0
0.031822,0.031518,0.031783,0,0,0,0,0,0,0,0,0,0,0,0
0.031917,0.031647,0.0317,0,0,0,0,0,0,0,0,0,0,0,0
0.031912,0.031534,0.03168,0,0,0,0,0,0,0,0,0,0,0,0
0.031778,0.031601,0.031661,0,0,0,0,0,0,0,0,0,0,0,0
0.031864,0.03163,0.0317,0,0,0,0,0,0,0,0,0,0,0,0
0.031834,0.031563,0.03172,0,0,0,0,0,0,0,0,0,0,0,0
0.031832,0.031479,0.031522,0,0,0,0,0,0,0,0,0,0,0,0
0.031784,0.031707,0.03175,0,0,0,0,0,0,0,0,0,0,0,0
0.031869,0.031468,0.031542,0,0,0,0,0,0,0,0,0,0,0,0
0.031808,0.031598,0.031673,0,0,0,0,0,0,0,0,0,0,0,0
0.031837,0.031543,0.031613,0,0,0,0,0,0,0,0,0,0,0,0
0.03181,0.031684,0.03184,0,0,0,0,0,0,0,0,0,0,0,0
0.031953,0.031548,0.031713,0,0,0,0,0,0,0,0,0,0,0,0
0.031756,0.031632,0.031775,0,0,0,0,0,0,0,0,0,0,0,0
0.031802,0.031509,0.031574,0,0,0,0,0,0,0,0,0,0,0,0
0.031788,0.031456,0.031774,0,0,0,0,0,0,0,0,0,0,0,0
0.031889,0.031625,0.031667,0,0,0,0,0,0,0,0,0,0,0,0
0.031776,0.031689,0.031771,0,0,0,0,0,0,0,0,0,0,0,0
0.031826,0.031588,0.031658,0,0,0,0,0,0,0,0,0,0,0,0
0.031874,0.03156,0.03163,0,0,0,0,0,0,0,0,0,0,0,0
0.031816,0.031626,0.031629,0,0,0,0,0,0,0,0,0,0,0,0
0.031894,0.031605,0.03167,0,0,0,0,0,0,0,0,0,0,0,0
0.031843,0.031558,0.031588,0,0,0,0,0,0,0,0,0,0,0,0
0.031773,0.031656,0.031719,0,0,0,0,0,0,0,0,0,0,0,0
0.032003,0.031527,0.031719,0,0,0,0,0,0,0,0,0,0,0,0
0.031846,0.031774,0.031719,0,0,0,0,0,0,0,0,0,0,0,0
0.031935,0.031673,0.031609,0,0,0,0,0,0,0,0,0,0,0,0
0.031825,0.031684,0.031755,0,0,0,0,0,0,0,0,0,0,0,0
0.031881,0.031652,0.031605,0,0,0,0,0,0,0,0,0,0,0,0
0.031832,0.031671,0.031608,0,0,0,0,0,0,0,0,0,0,0,0
0.031944,0.03154,0.031721,0,0,0,0,0,0,0,0,0,0,0,0
0.031812,0.031722,0.031678,0,0,0,0,0,0,0,0,0,0,0,0
0.031782,0.03158,0.031545,0,0,0,0,0,0,0,0,0,0,0,0
0.031817,0.031593,0.031605,0,0,0,0,0,0,0,0,0,0,0,0
0.031816,0.03152,0.031587,0,0,0,0,0,0,0,0,0,0,0,0
0.031698,0.031584,0.031559,0,0,0,0,0,0,0,0,0,0,0,0
0.031802,0.031534,0.031532,0,0,0,0,0,0,0,0,0,0,0,0
0.031703,0.031633,0.031659,0,0,0,0,0,0,0,0,0,0,0,0
0.031706,0.031532,0.031625,0,0,0,0,0,0,0,0,0,0,0,0
0.031687,0.031572,0.031705,0,0,0,0,0,0,0,0,0,0,0,0
0.031825,0.031622,0.031636,0,0,0,0,0,0,0,0,0,0,0,0
0.031719,0.031563,0.031634,0,0,0,0,0,0,0,0,0,0,0,0
0.030812,0.031459,0.031567,0,0,0,0,0,0,0,0,0,0,0,0
0.031642,0.03153,0.031705,0,0,0,0,0,0,0,0,0,0,0,0
0.031707,0.031545,0.031525,0,0,0,0,0,0,0,0,0,0,0,0
0.031713,0.031507,0.031767,0,0,0,0,0,0,0,0,0,0,0,0
0.031715,0.03151,0.030492,0,0,0,0,0,0,0,0,0,0,0,0
0.031675,0.030623,0.03166,0,0,0,0,0,0,0,0,0,0,0,0
0.031712,0.031595,0.031708,0,0,0,0,0,0,0,0,0,0,0,0
0.031742,0.03155,0.031825,0,0,0,0,0,0,0,0,0,0,0,0
0.031849,0.031586,0.031642,0,0,0,0,0,0,0,0,0,0,0,0
0.031653,0.031604,0.031715,0,0,0,0,0,0,0,0,0,0,0,0
0.03174,0.031518,0.031738,0,0,0,0,0,0,0,0,0,0,0,0
0.031742,0.031502,0.031546,0,0,0,0,0,0,0,0,0,0,0,0
0.031829,0.031474,0.031629,0,0,0,0,0,0,0,0,0,0,0,0
0.03178,0.031564,0.031565,0,0,0,0,0,0,0,0,0,0,0,0
0.031818,0.031522,0.031666,0,0,0,0,0,0,0,0,0,0,0,0
0.031792,0.031733,0.031617,0,0,0,0,0,0,0,0,0,0,0,0
0.031855,0.031488,0.031777,0,0,0,0,0,0,0,0,0,0,0,0
0.031724,0.031525,0.031746,0,0,0,0,0,0,0,0,0,0,0,0
0.031745,0.031389,0.031628,0,0,0,0,0,0,0,0,0,0,0,0
0.031821,0.031882,0.031645,0,0,0,0,0,0,0,0,0,0,0,0
0.031654,0.031565,0.031569,0,0,0,0,0,0,0,0,0,0,0,0
0.03184,0.03159,0.0315,0,0,0,0,0,0,0,0,0,0,0,0
0.031675,0.031534,0.031667,0,0,0,0,0,0,0,0,0,0,0,0
0.031639,0.031649,0.031666,0,0,0,0,0,0,0,0,0,0,0,0
0.031767,0.031542,0.031597,0,0,0,0,0,0,0,0,0,0,0,0
0.03175,0.031646,0.031675,0,0,0,0,0,0,0,0,0,0,0,0
0.03172,0.031559,0.03165,0,0,0,0,0,0,0,0,0,0,0,0
0.031652,0.031524,0.031444,0,0,0,0,0,0,0,0,0,0,0,0
0.031755,0.031704,0.031424,0,0,0,0,0,0,0,0,0,0,0,0
0.031772,0.031463,0.031434,0,0,0,0,0,0,0,0,0,0,0,0
0.031856,0.031625,0.031501,0,0,0,0,0,0,0,0,0,0,0,0
0.03184,0.031575,0.031577,0,0,0,0,0,0,0,0,0,0,0,0
0.03189,0.031698,0.031521,0,0,0,0,0,0,0,0,0,0,0,0
0.031745,0.031743,0.03151,0,0,0,0,0,0,0,0,0,0,0,0
0.031813,0.031525,0.031423,0,0,0,0,0,0,0,0,0,0,0,0
0.031813,0.031656,0.031515,0,0,0,0,0,0,0,0,0,0,0,0
0.031761,0.031607,0.031594,0,0,0,0,0,0,0,0,0,0,0,0
0.031895,0.031562,0.031545,0,0,0,0,0,0,0,0,0,0,0,0
0.032009,0.031768,0.031815,0,0,0,0,0,0,0,0,0,0,0,0
0.031827,0.031581,0.031541,0,0,0,0,0,0,0,0,0,0,0,0
0.031957,0.031832,0.031808,0,0,0,0,0,0,0,0,0,0,0,0
0.031959,0.031897,0.031728,0,0,0,0,0,0,0,0,0,0,0,0
0.032004,0.031753,0.031659,0,0,0,0,0,0,0,0,0,0,0,0
0.033111,0.033016,0.03288,0,0,0,0,0,0,0,0,0,0,0,0
0.031864,0.031616,0.031547,0,0,0,0,0,0,0,0,0,0,0,0
0.032621,0.032324,0.032396,0,0,0,0,0,0,0,0,0,0,0,0
0.03278,0.032503,0.032298,0,0,0,0,0,0,0,0,0,0,0,0
0.032717,0.032487,0.032518,0,0,0,0,0,0,0,0,0,0,0,0
0.032813,0.032519,0.03248,0,0,0,0,0,0,0,0,0,0,0,0
0.03271,0.032327,0.032662,0,0,0,0,0,0,0,0,0,0,0,0
0.032716,0.032483,0.032467,0,0,0,0,0,0,0,0,0,0,0,0
0.03262,0.032432,0.032476,0,0,0,0,0,0,0,0,0,0,0,0
0.033269,0.032887,0.033181,0,0,0,0,0,0,0,0,0,0,0,0
0.032669,0.032429,0.03243,0,0,0,0,0,0,0,0,0,0,0,0
0.032764,0.032661,0.03243,0,0,0,0,0,0,0,0,0,0,0,0
0.032689,0.032395,0.032454,0,0,0,0,0,0,0,0,0,0,0,0
0.032694,0.032313,0.032611,0,0,0,0,0,0,0,0,0,0,0,0
0.031862,0.031672,0.03168,0,0,0,0,0,0,0,0,0,0,0,0
0.032052,0.031837,0.031986,0,0,0,0,0,0,0,0,0,0,0,0
0.031803,0.031682,0.031609,0,0,0,0,0,0,0,0,0,0,0,0
0.031863,0.031631,0.031614,0,0,0,0,0,0,0,0,0,0,0,0
0.03189,0.031539,0.031489,0,0,0,0,0,0,0,0,0,0,0,0
0.031876,0.031798,0.031529,0,0,0,0,0,0,0,0,0,0,0,0
0.031898,0.031743,0.031598,0,0,0,0,0,0,0,0,0,0,0,0
0.031974,0.031615,0.03156,0,0,0,0,0,0,0,0,0,0,0,0
0.031788,0.03169,0.03151,0,0,0,0,0,0,0,0,0,0,0,0
0.031833,0.031695,0.031712,0,0,0,0,0,0,0,0,0,0,0,0
0.031798,0.031373,0.031582,0,0,0,0,0,0,0,0,0,0,0,0
0.031976,0.031219,0.031583,0,0,0,0,0,0,0,0,0,0,0,0
0.031872,0.031397,0.031623,0,0,0,0,0,0,0,0,0,0,0,0
0.031838,0.03132,0.031584,0,0,0,0,0,0,0,0,0,0,0,0
0.031792,0.031196,0.031542,0,0,0,0,0,0,0,0,0,0,0,0
0.031868,0.031274,0.031553,0,0,0,0,0,0,0,0,0,0,0,0
0.031741,0.031375,0.031487,0,0,0,0,0,0,0,0,0,0,0,0
0.032587,0.032105,0.03241,0,0,0,0,0,0,0,0,0,0,0,0
0.031839,0.031416,0.031537,0,0,0,0,0,0,0,0,0,0,0,0
0.032659,0.031944,0.032413,0,0,0,0,0,0,0,0,0,0,0,0
0.031761,0.031179,0.031524,0,0,0,0,0,0,0,0,0,0,0,0
0.03275,0.032071,0.032394,0,0,0,0,0,0,0,0,0,0,0,0
0.032568,0.032066,0.032371,0,0,0,0,0,0,0,0,0,0,0,0
0.032647,0.032069,0.032335,0,0,0,0,0,0,0,0,0,0,0,0
0.031905,0.031174,0.031634,0,0,0,0,0,0,0,0,0,0,0,0
0.032749,0.032123,0.032487,0,0,0,0,0,0,0,0,0,0,0,0
0.032603,0.032095,0.032397,0,0,0,0,0,0,0,0,0,0,0,0
0.032586,0.032103,0.032481,0,0,0,0,0,0,0,0,0,0,0,0
0.031549,0.031237,0.03152,0,0,0,0,0,0,0,0,0,0,0,0
0.032547,0.032058,0.032406,0,0,0,0,0,0,0,0,0,0,0,0
0.03263,0.032114,0.032344,0,0,0,0,0,0,0,0,0,0,0,0
0.031812,0.031276,0.031549,0,0,0,0,0,0,0,0,0,0,0,0
0.031677,0.031372,0.03162,0,0,0,0,0,0,0,0,0,0,0,0
0.031729,0.031373,0.031429,0,0,0,0,0,0,0,0,0,0,0,0
0.031609,0.031207,0.031394,0,0,0,0,0,0,0,0,0,0,0,0
0.031801,0.031314,0.031443,0,0,0,0,0,0,0,0,0,0,0,0
0.031784,0.031367,0.031851,0,0,0,0,0,0,0,0,0,0,0,0
0.031823,0.03131,0.031559,0,0,0,0,0,0,0,0,0,0,0,0
0.032724,0.032344,0.032528,0,0,0,0,0,0,0,0,0,0,0,0
0.032576,0.03223,0.032345,0,0,0,0,0,0,0,0,0,0,0,0
0.03241,0.032356,0.032413,0,0,0,0,0,0,0,0,0,0,0,0
0.03262,0.032273,0.032352,0,0,0,0,0,0,0,0,0,0,0,0
0.03262,0.032252,0.032392,0,0,0,0,0,0,0,0,0,0,0,0
0.032599,0.032081,0.032431,0,0,0,0,0,0,0,0,0,0,0,0
0.032422,0.032158,0.03228,0,0,0,0,0,0,0,0,0,0,0,0
0.032567,0.032057,0.032406,0,0,0,0,0,0,0,0,0,0,0,0
0.032494,0.032167,0.032431,0,0,0,0,0,0,0,0,0,0,0,0
0.03254,0.032067,0.032247,0,0,0,0,0,0,0,0,0,0,0,0
0.031615,0.031253,0.031649,0,0,0,0,0,0,0,0,0,0,0,0
0.032425,0.032158,0.032477,0,0,0,0,0,0,0,0,0,0,0,0
0.031636,0.031253,0.03148,0,0,0,0,0,0,0,0,0,0,0,0
0.032538,0.032054,0.03241,0,0,0,0,0,0,0,0,0,0,0,0
0.03177,0.03122,0.031502,0,0,0,0,0,0,0,0,0,0,0,0
0.031578,0.031228,0.031489,0,0,0,0,0,0,0,0,0,0,0,0
0.03165,0.03118,0.03163,0,0,0,0,0,0,0,0,0,0,0,0
0.032665,0.031879,0.032451,0,0,0,0,0,0,0,0,0,0,0,0
0.031723,0.031277,0.031441,0,0,0,0,0,0,0,0,0,0,0,0
0.03196,0.031168,0.031645,0,0,0,0,0,0,0,0,0,0,0,0
0.031828,0.031334,0.031529,0,0,0,0,0,0,0,0,0,0,0,0
0.031867,0.031129,0.031682,0,0,0,0,0,0,0,0,0,0,0,0
0.031823,0.031342,0.031506,0,0,0,0,0,0,0,0,0,0,0,0
0.031916,0.03118,0.031567,0,0,0,0,0,0,0,0,0,0,0,0
0.03194,0.031352,0.031567,0,0,0,0,0,0,0,0,0,0,0,0
0.031912,0.03114,0.031496,0,0,0,0,0,0,0,0,0,0,0,0
0.03181,0.03126,0.031602,0,0,0,0,0,0,0,0,0,0,0,0
0.031801,0.031215,0.03167,0,0,0,0,0,0,0,0,0,0,0,0
0.031789,0.031218,0.031681,0,0,0,0,0,0,0,0,0,0,0,0
0.031895,0.031219,0.031646,0,0,0,0,0,0,0,0,0,0,0,0
0.031787,0.031155,0.031589,0,0,0,0,0,0,0,0,0,0,0,0
0.031839,0.031176,0.031589,0,0,0,0,0,0,0,0,0,0,0,0
0.031883,0.031333,0.031553,0,0,0,0,0,0,0,0,0,0,0,0
0.031821,0.031383,0.031577,0,0,0,0,0,0,0,0,0,0,0,0
0.031866,0.031321,0.031429,0,0,0,0,0,0,0,0,0,0,0,0
0.031839,0.031118,0.031548,0,0,0,0,0,0,0,0,0,0,0,0
0.031737,0.031124,0.031735,0,0,0,0,0,0,0,0,0,0,0,0
0.031783,0.031312,0.031484,0,0,0,0,0,0,0,0,0,0,0,0
0.031864,0.031432,0.031704,0,0,0,0,0,0,0,0,0,0,0,0
0.031815,0.031153,0.031439,0,0,0,0,0,0,0,0,0,0,0,0
0.031759,0.031444,0.031514,0,0,0,0,0,0,0,0,0,0,0,0
0.032107,0.031578,0.031818,0,0,0,0,0,0,0,0,0,0,0,0
0.031885,0.031152,0.031569,0,0,0,0,0,0,0,0,0,0,0,0
0.031903,0.031184,0.031514,0,0,0,0,0,0,0,0,0,0,0,0
0.032075,0.03152,0.03182,0,0,0,0,0,0,0,0,0,0,0,0
0.031728,0.031178,0.031465,0,0,0,0,0,0,0,0,0,0,0,0
0.031762,0.031174,0.031532,0,0,0,0,0,0,0,0,0,0,0,0
0.031837,0.031351,0.0315,0,0,0,0,0,0,0,0,0,0,0,0
0.032625,0.032094,0.032613,0,0,0,0,0,0,0,0,0,0,0,0
0.031874,0.031353,0.031711,0,0,0,0,0,0,0,0,0,0,0,0
0.032625,0.031987,0.032485,0,0,0,0,0,0,0,0,0,0,0,0
0.031968,0.03129,0.031786,0,0,0,0,0,0,0,0,0,0,0,0
0.032859,0.032338,0.032535,0,0,0,0,0,0,0,0,0,0,0,0
0.032635,0.032098,0.032337,0,0,0,0,0,0,0,0,0,0,0,0
0.032542,0.031996,0.032442,0,0,0,0,0,0,0,0,0,0,0,0
0.031831,0.031181,0.031632,0,0,0,0,0,0,0,0,0,0,0,0
0.031702,0.031282,0.0316,0,0,0,0,0,0,0,0,0,0,0,0
0.031842,0.031085,0.031572,0,0,0,0,0,0,0,0,0,0,0,0
0.03169,0.031134,0.031535,0,0,0,0,0,0,0,0,0,0,0,0
0.030559,0.031085,0.031599,0,0,0,0,0,0,0,0,0,0,0,0
0.031903,0.031167,0.031653,0,0,0,0,0,0,0,0,0,0,0,0
0.031782,0.031099,0.031607,0,0,0,0,0,0,0,0,0,0,0,0
0.031842,0.031299,0.031779,0,0,0,0,0,0,0,0,0,0,0,0
0.031872,0.031247,0.031739,0,0,0,0,0,0,0,0,0,0,0,0
0.031781,0.031272,0.030715,0,0,0,0,0,0,0,0,0,0,0,0
0.032152,0.031464,0.031994,0,0,0,0,0,0,0,0,0,0,0,0
0.031778,0.030177,0.031594,0,0,0,0,0,0,0,0,0,0,0,0
0.031813,0.031178,0.031697,0,0,0,0,0,0,0,0,0,0,0,0
0.031754,0.031328,0.031589,0,0,0,0,0,0,0,0,0,0,0,0
0.031798,0.031307,0.031591,0,0,0,0,0,0,0,0,0,0,0,0
0.031716,0.031372,0.03153,0,0,0,0,0,0,0,0,0,0,0,0
0.031882,0.031426,0.031766,0,0,0,0,0,0,0,0,0,0,0,0
0.031813,0.031422,0.031515,0,0,0,0,0,0,0,0,0,0,0,0
0.032116,0.031668,0.031921,0,0,0,0,0,0,0,0,0,0,0,0
0.032349,0.031798,0.032157,0,0,0,0,0,0,0,0,0,0,0,0
0.032629,0.032124,0.032316,0,0,0,0,0,0,0,0,0,0,0,0
0.032587,0.031994,0.032281,0,0,0,0,0,0,0,0,0,0,0,0
0.033242,0.032716,0.032881,0,0,0,0,0,0,0,0,0,0,0,0
0.033245,0.032652,0.032888,0,0,0,0,0,0,0,0,0,0,0,0
0.0327,0.032106,0.032332,0,0,0,0,0,0,0,0,0,0,0,0
0.032398,0.031934,0.032068,0,0,0,0,0,0,0,0,0,0,0,0
0.032452,0.031876,0.032183,0,0,0,0,0,0,0,0,0,0,0,0
0.032334,0.031877,0.031974,0,0,0,0,0,0,0,0,0,0,0,0
0.032579,0.032118,0.032144,0,0,0,0,0,0,0,0,0,0,0,0
0.03243,0.031937,0.031959,0,0,0,0,0,0,0,0,0,0,0,0
0.032592,0.031984,0.032056,0,0,0,0,0,0,0,0,0,0,0,0
0.032467,0.031951,0.032085,0,0,0,0,0,0,0,0,0,0,0,0
0.032432,0.03201,0.032082,0,0,0,0,0,0,0,0,0,0,0,0
0.032732,0.032088,0.032218,0,0,0,0,0,0,0,0,0,0,0,0
0.032348,0.031788,0.031816,0,0,0,0,0,0,0,0,0,0,0,0
0.032199,0.031647,0.031896,0,0,0,0,0,0,0,0,0,0,0,0
0.032412,0.031756,0.031949,0,0,0,0,0,0,0,0,0,0,0,0
0.032343,0.031884,0.032108,0,0,0,0,0,0,0,0,0,0,0,0
0.032448,0.031881,0.032076,0,0,0,0,0,0,0,0,0,0,0,0
0.032185,0.031783,0.031902,0,0,0,0,0,0,0,0,0,0,0,0
0.0322,0.031792,0.031837,0,0,0,0,0,0,0,0,0,0,0,0
0.032178,0.03185,0.031978,0,0,0,0,0,0,0,0,0,0,0,0
0.032238,0.031784,0.031891,0,0,0,0,0,0,0,0,0,0,0,0
0.032285,0.031703,0.031994,0,0,0,0,0,0,0,0,0,0,0,0
0.032282,0.031801,0.031957,0,0,0,0,0,0,0,0,0,0,0,0
0.032152,0.031648,0.03187,0,0,0,0,0,0,0,0,0,0,0,0
0.032318,0.031987,0.031951,0,0,0,0,0,0,0,0,0,0,0,0
0.031918,0.031568,0.031662,0,0,0,0,0,0,0,0,0,0,0,0
0.031779,0.031432,0.031482,0,0,0,0,0,0,0,0,0,0,0,0
0.031785,0.031248,0.031408,0,0,0,0,0,0,0,0,0,0,0,0
0.031687,0.031254,0.031269,0,0,0,0,0,0,0,0,0,0,0,0
0.031698,0.031179,0.031508,0,0,0,0,0,0,0,0,0,0,0,0
0.031671,0.031143,0.031275,0,0,0,0,0,0,0,0,0,0,0,0
0.031565,0.03112,0.031241,0,0,0,0,0,0,0,0,0,0,0,0
0.031606,0.031304,0.031329,0,0,0,0,0,0,0,0,0,0,0,0
0.031649,0.031154,0.031351,0,0,0,0,0,0,0,0,0,0,0,0
0.031641,0.031234,0.031411,0,0,0,0,0,0,0,0,0,0,0,0
0.031551,0.031115,0.031283,0,0,0,0,0,0,0,0,0,0,0,0
0.031481,0.031398,0.031339,0,0,0,0,0,0,0,0,0,0,0,0
0.031622,0.031139,0.031332,0,0,0,0,0,0,0,0,0,0,0,0
0.031571,0.03118,0.031264,0,0,0,0,0,0,0,0,0,0,0,0
0.031592,0.031206,0.031343,0,0,0,0,0,0,0,0,0,0,0,0
0.031648,0.03107,0.031303,0,0,0,0,0,0,0,0,0,0,0,0
0.031698,0.0312,0.031329,0,0,0,0,0,0,0,0,0,0,0,0
0.031611,0.031242,0.03141,0,0,0,0,0,0,0,0,0,0,0,0
0.031499,0.031261,0.031342,0,0,0,0,0,0,0,0,0,0,0,0
0.031637,0.031112,0.031465,0,0,0,0,0,0,0,0,0,0,0,0
0.031723,0.031324,0.031586,0,0,0,0,0,0,0,0,0,0,0,0
0.031634,0.031139,0.031338,0,0,0,0,0,0,0,0,0,0,0,0
0.031586,0.030991,0.031339,0,0,0,0,0,0,0,0,0,0,0,0
0.031725,0.03119,0.031417,0,0,0,0,0,0,0,0,0,0,0,0
0.031586,0.031046,0.031175,0,0,0,0,0,0,0,0,0,0,0,0
0.031672,0.031066,0.031267,0,0,0,0,0,0,0,0,0,0,0,0
0.031578,0.031012,0.031185,0,0,0,0,0,0,0,0,0,0,0,0
0.031632,0.031364,0.031452,0,0,0,0,0,0,0,0,0,0,0,0
0.031586,0.031269,0.031289,0,0,0,0,0,0,0,0,0,0,0,0
0.031556,0.031307,0.031276,0,0,0,0,0,0,0,0,0,0,0,0
0.031509,0.03116,0.03133,0,0,0,0,0,0,0,0,0,0,0,0
0.031683,0.031166,0.031404,0,0,0,0,0,0,0,0,0,0,0,0
0.031559,0.031153,0.031367,0,0,0,0,0,0,0,0,0,0,0,0
0.031664,0.031011,0.031262,0,0,0,0,0,0,0,0,0,0,0,0
0.031719,0.031287,0.031241,0,0,0,0,0,0,0,0,0,0,0,0
0.031595,0.031267,0.031199,0,0,0,0,0,0,0,0,0,0,0,0
0.031568,0.031182,0.031347,0,0,0,0,0,0,0,0,0,0,0,0
0.031627,0.031194,0.031277,0,0,0,0,0,0,0,0,0,0,0,0
0.031477,0.03128,0.031235,0,0,0,0,0,0,0,0,0,0,0,0
0.031581,0.031247,0.031413,0,0,0,0,0,0,0,0,0,0,0,0
0.031625,0.031278,0.031322,0,0,0,0,0,0,0,0,0,0,0,0
0.031586,0.03148,0.031447,0,0,0,0,0,0,0,0,0,0,0,0
0.031607,0.031365,0.031267,0,0,0,0,0,0,0,0,0,0,0,0
0.03156,0.03134,0.03143,0,0,0,0,0,0,0,0,0,0,0,0
0.031605,0.031198,0.031255,0,0,0,0,0,0,0,0,0,0,0,0
0.031886,0.03159,0.031644,0,0,0,0,0,0,0,0,0,0,0,0
0.032418,0.032062,0.032186,0,0,0,0,0,0,0,0,0,0,0,0
0.032953,0.032887,0.032724,0,0,0,0,0,0,0,0,0,0,0,0
0.033118,0.032947,0.032889,0,0,0,0,0,0,0,0,0,0,0,0
0.032416,0.032089,0.032161,0,0,0,0,0,0,0,0,0,0,0,0
0.03238,0.032083,0.032076,0,0,0,0,0,0,0,0,0,0,0,0
0.032461,0.032156,0.032082,0,0,0,0,0,0,0,0,0,0,0,0
0.031578,0.031221,0.031188,0,0,0,0,0,0,0,0,0,0,0,0
0.031553,0.031292,0.031175,0,0,0,0,0,0,0,0,0,0,0,0
0.031607,0.031384,0.031504,0,0,0,0,0,0,0,0,0,0,0,0
0.0316,0.031271,0.031311,0,0,0,0,0,0,0,0,0,0,0,0
0.031576,0.031346,0.031369,0,0,0,0,0,0,0,0,0,0,0,0
0.031615,0.031268,0.031379,0,0,0,0,0,0,0,0,0,0,0,0
0.031536,0.03132,0.031264,0,0,0,0,0,0,0,0,0,0,0,0
0.031536,0.031388,0.031322,0,0,0,0,0,0,0,0,0,0,0,0
0.03145,0.031205,0.031409,0,0,0,0,0,0,0,0,0,0,0,0
0.031554,0.031218,0.031556,0,0,0,0,0,0,0,0,0,0,0,0
0.03152,0.031315,0.031297,0,0,0,0,0,0,0,0,0,0,0,0
0.031573,0.031186,0.031151,0,0,0,0,0,0,0,0,0,0,0,0
0.031466,0.031196,0.03125,0,0,0,0,0,0,0,0,0,0,0,0
0.031599,0.031164,0.031217,0,0,0,0,0,0,0,0,0,0,0,0
0.031552,0.031024,0.03125,0,0,0,0,0,0,0,0,0,0,0,0
0.031443,0.031202,0.031266,0,0,0,0,0,0,0,0,0,0,0,0
0.031423,0.031077,0.031332,0,0,0,0,0,0,0,0,0,0,0,0
0.031523,0.031133,0.031168,0,0,0,0,0,0,0,0,0,0,0,0
0.03139,0.031136,0.031205,0,0,0,0,0,0,0,0,0,0,0,0
0.031514,0.031249,0.031174,0,0,0,0,0,0,0,0,0,0,0,0
0.031405,0.031092,0.031235,0,0,0,0,0,0,0,0,0,0,0,0
0.031429,0.030981,0.031241,0,0,0,0,0,0,0,0,0,0,0,0
0.03145,0.031057,0.031247,0,0,0,0,0,0,0,0,0,0,0,0
0.031551,0.031153,0.031427,0,0,0,0,0,0,0,0,0,0,0,0
0.031455,0.031144,0.03124,0,0,0,0,0,0,0,0,0,0,0,0
0.031448,0.03113,0.031381,0,0,0,0,0,0,0,0,0,0,0,0
0.031443,0.031139,0.031452,0,0,0,0,0,0,0,0,0,0,0,0
0.031423,0.031058,0.031444,0,0,0,0,0,0,0,0,0,0,0,0
0.031578,0.031049,0.03128,0,0,0,0,0,0,0,0,0,0,0,0
0.031619,0.031187,0.031372,0,0,0,0,0,0,0,0,0,0,0,0
0.031696,0.031139,0.031403,0,0,0,0,0,0,0,0,0,0,0,0
0.031663,0.031162,0.031322,0,0,0,0,0,0,0,0,0,0,0,0
0.031599,0.031119,0.031252,0,0,0,0,0,0,0,0,0,0,0,0
0.031557,0.031357,0.031295,0,0,0,0,0,0,0,0,0,0,0,0
0.031426,0.031154,0.03127,0,0,0,0,0,0,0,0,0,0,0,0
0.031673,0.031144,0.031243,0,0,0,0,0,0,0,0,0,0,0,0
0.031522,0.031009,0.031346,0,0,0,0,0,0,0,0,0,0,0,0
0.031661,0.031248,0.03138,0,0,0,0,0,0,0,0,0,0,0,0
0.031553,0.031046,0.03123,0,0,0,0,0,0,0,0,0,0,0,0
0.031577,0.031225,0.0313,0,0,0,0,0,0,0,0,0,0,0,0
0.031501,0.031109,0.031271,0,0,0,0,0,0,0,0,0,0,0,0
0.031497,0.031097,0.031318,0,0,0,0,0,0,0,0,0,0,0,0
0.031571,0.031195,0.031323,0,0,0,0,0,0,0,0,0,0,0,0
0.031524,0.031273,0.031307,0,0,0,0,0,0,0,0,0,0,0,0
0.031542,0.031291,0.031261,0,0,0,0,0,0,0,0,0,0,0,0
0.031533,0.03113,0.031355,0,0,0,0,0,0,0,0,0,0,0,0
0.031481,0.03113,0.031305,0,0,0,0,0,0,0,0,0,0,0,0
0.031437,0.031258,0.031444,0,0,0,0,0,0,0,0,0,0,0,0
0.031521,0.031154,0.031263,0,0,0,0,0,0,0,0,0,0,0,0
0.031489,0.031206,0.03123,0,0,0,0,0,0,0,0,0,0,0,0
0.031445,0.031204,0.031398,0,0,0,0,0,0,0,0,0,0,0,0
0.031518,0.031291,0.031323,0,0,0,0,0,0,0,0,0,0,0,0
0.031604,0.03127,0.031359,0,0,0,0,0,0,0,0,0,0,0,0
0.03153,0.031235,0.031344,0,0,0,0,0,0,0,0,0,0,0,0
0.031428,0.031104,0.031425,0,0,0,0,0,0,0,0,0,0,0,0
0.031624,0.031313,0.031325,0,0,0,0,0,0,0,0,0,0,0,0
0.031461,0.031188,0.031251,0,0,0,0,0,0,0,0,0,0,0,0
0.031575,0.031252,0.03132,0,0,0,0,0,0,0,0,0,0,0,0
0.031493,0.031174,0.031266,0,0,0,0,0,0,0,0,0,0,0,0
0.031559,0.031078,0.031327,0,0,0,0,0,0,0,0,0,0,0,0
0.03061,0.031147,0.031235,0,0,0,0,0,0,0,0,0,0,0,0
0.031794,0.031428,0.031487,0,0,0,0,0,0,0,0,0,0,0,0
0.031407,0.031191,0.031321,0,0,0,0,0,0,0,0,0,0,0,0
0.031546,0.031201,0.031184,0,0,0,0,0,0,0,0,0,0,0,0
0.031497,0.031255,0.031312,0,0,0,0,0,0,0,0,0,0,0,0
0.031767,0.031421,0.031501,0,0,0,0,0,0,0,0,0,0,0,0
0.031519,0.031255,0.031356,0,0,0,0,0,0,0,0,0,0,0,0
0.03149,0.031254,0.03036,0,0,0,0,0,0,0,0,0,0,0,0
0.031504,0.031256,0.031325,0,0,0,0,0,0,0,0,0,0,0,0
0.031519,0.030482,0.03137,0,0,0,0,0,0,0,0,0,0,0,0
0.031485,0.031135,0.031289,0,0,0,0,0,0,0,0,0,0,0,0
NaN,NaN,NaN,0,0,0,0,0,0,0,0,0,0,0,0
NaN,NaN,NaN,0,0,0,0,0,0,0,0,0,0,0,0
NaN,NaN,NaN,0,0,0,0,0,0,0,0,0,0,0,0
NaN,NaN,NaN,0,0,0,0,0,0,0,0,0,0,0,0
0.20745,0.20737,0.20731,0,0,0,0,0,0,0,0,0,0,0,0
0.2303,0.2334,0.23506,0,0,0,0,0,0,0,0,0,0,0,0
0.066733,0.066891,0.069293,0,0,0,0,0,0,0,0,0,0,0,0
0.04001,0.040073,0.040316,0,0,0,0,0,0,0,0,0,0,0,0
0.048732,0.048578,0.048801,0,0,0,0,0,0,0,0,0,0,0,0
0.042679,0.042911,0.043035,0,0,0,0,0,0,0,0,0,0,0,0
0.03663,0.03654,0.036919,0,0,0,0,0,0,0,0,0,0,0,0
NaN,NaN,NaN,0,0,0,0,0,0,0,0,0,0,0,0
NaN,NaN,NaN,0,0,0,0,0,0,0,0,0,0,0,0
NaN,NaN,NaN,0,0,0,0,0,0,0,0,0,0,0,0
NaN,NaN,NaN,0,0,0,0,0,0,0,0,0,0,0,0
0.2085,0.20963,0.20209,0,0,0,0,0,0,0,0,0,0,0,0
0.23505,0.23105,0.22925,0,0,0,0,0,0,0,0,0,0,0,0
0.067363,0.066434,0.065977,0,0,0,0,0,0,0,0,0,0,0,0
0.039845,0.039779,0.04287,0,0,0,0,0,0,0,0,0,0,0,0
0.04888,0.0488,0.04845,0,0,0,0,0,0,0,0,0,0,0,0
0.043579,0.043154,0.043255,0,0,0,0,0,0,0,0,0,0,0,0
0.037052,0.036851,0.036811,0,0,0,0,0,0,0,0,0,0,0,0
0.03326,0.033046,0.033013,0,0,0,0,0,0,0,0,0,0,0,0
0.033241,0.032981,0.033087,0,0,0,0,0,0,0,0,0,0,0,0
0.032896,0.032651,0.032714,0,0,0,0,0,0,0,0,0,0,0,0
0.032883,0.032503,0.032742,0,0,0,0,0,0,0,0,0,0,0,0
0.032755,0.033053,0.032598,0,0,0,0,0,0,0,0,0,0,0,0
0.032731,0.030268,0.03264,0,0,0,0,0,0,0,0,0,0,0,0
0.033082,0.032007,0.032529,0,0,0,0,0,0,0,0,0,0,0,0
0.036794,0.032234,0.032824,0,0,0,0,0,0,0,0,0,0,0,0
0.032187,0.031881,0.032428,0,0,0,0,0,0,0,0,0,0,0,0
0.032177,0.031926,0.031972,0,0,0,0,0,0,0,0,0,0,0,0
0.032289,0.032031,0.031947,0,0,0,0,0,0,0,0,0,0,0,0
0.032101,0.032004,0.031929,0,0,0,0,0,0,0,0,0,0,0,0
0.03202,0.032026,0.032778,0,0,0,0,0,0,0,0,0,0,0,0
0.034437,0.032045,0.032209,0,0,0,0,0,0,0,0,0,0,0,0
0.032055,0.031994,0.032035,0,0,0,0,0,0,0,0,0,0,0,0
0.032022,0.031876,0.031701,0,0,0,0,0,0,0,0,0,0,0,0
0.032374,0.031867,0.031577,0,0,0,0,0,0,0,0,0,0,0,0
0.031626,0.032025,0.031647,0,0,0,0,0,0,0,0,0,0,0,0
0.031624,0.031889,0.032042,0,0,0,0,0,0,0,0,0,0,0,0
0.031638,0.031828,0.031761,0,0,0,0,0,0,0,0,0,0,0,0
0.03337,0.0335,0.032155,0,0,0,0,0,0,0,0,0,0,0,0
0.032056,0.033409,0.031917,0,0,0,0,0,0,0,0,0,0,0,0
0.031861,0.03189,0.03166,0,0,0,0,0,0,0,0,0,0,0,0
0.031846,0.031779,0.03177,0,0,0,0,0,0,0,0,0,0,0,0
