0.20488,0.20024,0.20198,0,0,0,0,0,0,0,0,0,0,0,0
0.219,0.21649,0.2203,0,0,0,0,0,0,0,0,0,0,0,0
0.061,0.060933,0.061068,0,0,0,0,0,0,0,0,0,0,0,0
0.033083,0.032979,0.030986,0,0,0,0,0,0,0,0,0,0,0,0
0.04102,0.041017,0.041427,0,0,0,0,0,0,0,0,0,0,0,0
0.037135,0.036884,0.037173,0,0,0,0,0,0,0,0,0,0,0,0
0.030275,0.030179,0.030361,0,0,0,0,0,0,0,0,0,0,0,0
0.026463,0.026344,0.026694,0,0,0,0,0,0,0,0,0,0,0,0
0.025731,0.026046,0.026306,0,0,0,0,0,0,0,0,0,0,0,0
0.025451,0.025448,0.025965,0,0,0,0,0,0,0,0,0,0,0,0
0.025335,0.025547,0.026324,0,0,0,0,0,0,0,0,0,0,0,0
0.02496,0.024123,0.02447,0,0,0,0,0,0,0,0,0,0,0,0
0.025688,0.025168,0.02548,0,0,0,0,0,0,0,0,0,0,0,0
0.025519,0.02444,0.024926,0,0,0,0,0,0,0,0,0,0,0,0
0.024546,0.024478,0.024807,0,0,0,0,0,0,0,0,0,0,0,0
0.024699,0.024428,0.024971,0,0,0,0,0,0,0,0,0,0,0,0
0.024096,0.024486,0.024317,0,0,0,0,0,0,0,0,0,0,0,0
0.024101,0.023689,0.024528,0,0,0,0,0,0,0,0,0,0,0,0
0.024036,0.023775,0.02404,0,0,0,0,0,0,0,0,0,0,0,0
0.024173,0.023727,0.024207,0,0,0,0,0,0,0,0,0,0,0,0
0.026154,0.025911,0.026479,0,0,0,0,0,0,0,0,0,0,0,0
0.025051,0.024516,0.025258,0,0,0,0,0,0,0,0,0,0,0,0
0.024754,0.024516,0.024771,0,0,0,0,0,0,0,0,0,0,0,0
0.024078,0.023738,0.024083,0,0,0,0,0,0,0,0,0,0,0,0
0.024704,0.024526,0.025002,0,0,0,0,0,0,0,0,0,0,0,0
0.02526,0.024916,0.025613,0,0,0,0,0,0,0,0,0,0,0,0
0.025677,0.025418,0.025854,0,0,0,0,0,0,0,0,0,0,0,0
0.025054,0.024656,0.025491,0,0,0,0,0,0,0,0,0,0,0,0
0.026012,0.025908,0.026236,0,0,0,0,0,0,0,0,0,0,0,0
NaN,NaN,NaN,0,0,0,0,0,0,0,0,0,0,0,0
NaN,NaN,NaN,0,0,0,0,0,0,0,0,0,0,0,0
NaN,NaN,NaN,0,0,0,0,0,0,0,0,0,0,0,0
NaN,NaN,NaN,0,0,0,0,0,0,0,0,0,0,0,0
0.19887,0.19055,0.2069,0,0,0,0,0,0,0,0,0,0,0,0
0.2256,0.22459,0.22485,0,0,0,0,0,0,0,0,0,0,0,0
0.05806,0.057875,0.057634,0,0,0,0,0,0,0,0,0,0,0,0
0.030561,0.03055,0.030246,0,0,0,0,0,0,0,0,0,0,0,0
0.03909,0.03907,0.038965,0,0,0,0,0,0,0,0,0,0,0,0
0.035109,0.035279,0.035043,0,0,0,0,0,0,0,0,0,0,0,0
0.027419,0.027668,0.027168,0,0,0,0,0,0,0,0,0,0,0,0
0.024738,0.024973,0.024644,0,0,0,0,0,0,0,0,0,0,0,0
0.024384,0.024703,0.024308,0,0,0,0,0,0,0,0,0,0,0,0
0.023878,0.024066,0.023765,0,0,0,0,0,0,0,0,0,0,0,0
0.022725,0.02326,0.022901,0,0,0,0,0,0,0,0,0,0,0,0
0.023622,0.024011,0.023604,0,0,0,0,0,0,0,0,0,0,0,0
0.024215,0.024738,0.024163,0,0,0,0,0,0,0,0,0,0,0,0
0.023388,0.023741,0.023315,0,0,0,0,0,0,0,0,0,0,0,0
0.023456,0.024065,0.02343,0,0,0,0,0,0,0,0,0,0,0,0
0.02302,0.023309,0.023028,0,0,0,0,0,0,0,0,0,0,0,0
0.022961,0.023338,0.023046,0,0,0,0,0,0,0,0,0,0,0,0
0.022925,0.02329,0.022983,0,0,0,0,0,0,0,0,0,0,0,0
0.024191,0.024555,0.024095,0,0,0,0,0,0,0,0,0,0,0,0
0.024269,0.024427,0.024054,0,0,0,0,0,0,0,0,0,0,0,0
0.024232,0.02469,0.024063,0,0,0,0,0,0,0,0,0,0,0,0
0.023875,0.024238,0.023731,0,0,0,0,0,0,0,0,0,0,0,0
0.023617,0.023962,0.023533,0,0,0,0,0,0,0,0,0,0,0,0
0.023474,0.023882,0.0235,0,0,0,0,0,0,0,0,0,0,0,0
0.023407,0.023803,0.023337,0,0,0,0,0,0,0,0,0,0,0,0
0.023014,0.023378,0.023082,0,0,0,0,0,0,0,0,0,0,0,0
0.022895,0.023294,0.022905,0,0,0,0,0,0,0,0,0,0,0,0
0.023106,0.023655,0.023145,0,0,0,0,0,0,0,0,0,0,0,0
0.023866,0.0242,0.023694,0,0,0,0,0,0,0,0,0,0,0,0
0.024278,0.024568,0.024182,0,0,0,0,0,0,0,0,0,0,0,0
0.022892,0.023323,0.022963,0,0,0,0,0,0,0,0,0,0,0,0
0.02354,0.02387,0.023414,0,0,0,0,0,0,0,0,0,0,0,0
NaN,NaN,NaN,0,0,0,0,0,0,0,0,0,0,0,0
NaN,NaN,NaN,0,0,0,0,0,0,0,0,0,0,0,0
NaN,NaN,NaN,0,0,0,0,0,0,0,0,0,0,0,0
NaN,NaN,NaN,0,0,0,0,0,0,0,0,0,0,0,0
0.19652,0.18923,0.19808,0,0,0,0,0,0,0,0,0,0,0,0
0.22767,0.22446,0.22712,0,0,0,0,0,0,0,0,0,0,0,0
0.058764,0.058049,0.058543,0,0,0,0,0,0,0,0,0,0,0,0
0.029559,0.029567,0.029671,0,0,0,0,0,0,0,0,0,0,0,0
0.038379,0.037996,0.038252,0,0,0,0,0,0,0,0,0,0,0,0
0.033861,0.033886,0.033617,0,0,0,0,0,0,0,0,0,0,0,0
0.027573,0.02756,0.02714,0,0,0,0,0,0,0,0,0,0,0,0
0.023341,0.023573,0.023388,0,0,0,0,0,0,0,0,0,0,0,0
0.02423,0.024326,0.024197,0,0,0,0,0,0,0,0,0,0,0,0
0.024367,0.024589,0.024188,0,0,0,0,0,0,0,0,0,0,0,0
0.023427,0.023768,0.023592,0,0,0,0,0,0,0,0,0,0,0,0
0.023366,0.023836,0.023485,0,0,0,0,0,0,0,0,0,0,0,0
0.023944,0.024252,0.02406,0,0,0,0,0,0,0,0,0,0,0,0
0.022899,0.023247,0.022948,0,0,0,0,0,0,0,0,0,0,0,0
0.023307,0.02391,0.02344,0,0,0,0,0,0,0,0,0,0,0,0
0.023373,0.023872,0.023414,0,0,0,0,0,0,0,0,0,0,0,0
0.023602,0.023784,0.023518,0,0,0,0,0,0,0,0,0,0,0,0
0.023286,0.023856,0.023521,0,0,0,0,0,0,0,0,0,0,0,0
0.023447,0.023834,0.02364,0,0,0,0,0,0,0,0,0,0,0,0
0.023361,0.02394,0.023513,0,0,0,0,0,0,0,0,0,0,0,0
0.023809,0.024209,0.024026,0,0,0,0,0,0,0,0,0,0,0,0
0.02406,0.024896,0.024459,0,0,0,0,0,0,0,0,0,0,0,0
0.023852,0.024171,0.024176,0,0,0,0,0,0,0,0,0,0,0,0
0.023919,0.024551,0.024228,0,0,0,0,0,0,0,0,0,0,0,0
0.023025,0.023258,0.023087,0,0,0,0,0,0,0,0,0,0,0,0
0.022802,0.023355,0.02295,0,0,0,0,0,0,0,0,0,0,0,0
0.024111,0.024602,0.024393,0,0,0,0,0,0,0,0,0,0,0,0
0.024079,0.02439,0.024139,0,0,0,0,0,0,0,0,0,0,0,0
0.023687,0.023949,0.023931,0,0,0,0,0,0,0,0,0,0,0,0
0.023456,0.023964,0.023684,0,0,0,0,0,0,0,0,0,0,0,0
0.024238,0.024532,0.024419,0,0,0,0,0,0,0,0,0,0,0,0
0.024299,0.025396,0.024839,0,0,0,0,0,0,0,0,0,0,0,0
0.023891,0.024239,0.024109,0,0,0,0,0,0,0,0,0,0,0,0
0.023627,0.024389,0.023847,0,0,0,0,0,0,0,0,0,0,0,0
0.024124,0.024518,0.024137,0,0,0,0,0,0,0,0,0,0,0,0
0.023633,0.024099,0.023497,0,0,0,0,0,0,0,0,0,0,0,0
0.02375,0.024023,0.023838,0,0,0,0,0,0,0,0,0,0,0,0
0.024098,0.024918,0.024174,0,0,0,0,0,0,0,0,0,0,0,0
0.023546,0.024084,0.023928,0,0,0,0,0,0,0,0,0,0,0,0
0.023577,0.024013,0.023677,0,0,0,0,0,0,0,0,0,0,0,0
0.023773,0.024748,0.024213,0,0,0,0,0,0,0,0,0,0,0,0
0.023771,0.024348,0.023906,0,0,0,0,0,0,0,0,0,0,0,0
0.024619,0.025621,0.025058,0,0,0,0,0,0,0,0,0,0,0,0
0.023095,0.023481,0.02324,0,0,0,0,0,0,0,0,0,0,0,0
0.023266,0.023974,0.023797,0,0,0,0,0,0,0,0,0,0,0,0
0.023844,0.024135,0.024064,0,0,0,0,0,0,0,0,0,0,0,0
0.023914,0.02477,0.024297,0,0,0,0,0,0,0,0,0,0,0,0
0.023233,0.023504,0.023392,0,0,0,0,0,0,0,0,0,0,0,0
0.023933,0.024357,0.024298,0,0,0,0,0,0,0,0,0,0,0,0
0.024053,0.023858,0.023996,0,0,0,0,0,0,0,0,0,0,0,0
0.023474,0.023422,0.023771,0,0,0,0,0,0,0,0,0,0,0,0
0.023478,0.02345,0.023614,0,0,0,0,0,0,0,0,0,0,0,0
0.024067,0.024132,0.024603,0,0,0,0,0,0,0,0,0,0,0,0
0.026191,0.026145,0.026712,0,0,0,0,0,0,0,0,0,0,0,0
0.02489,0.024835,0.025301,0,0,0,0,0,0,0,0,0,0,0,0
0.025078,0.024895,0.025136,0,0,0,0,0,0,0,0,0,0,0,0
0.025175,0.025077,0.025539,0,0,0,0,0,0,0,0,0,0,0,0
0.025208,0.025636,0.025627,0,0,0,0,0,0,0,0,0,0,0,0
0.024691,0.025053,0.024955,0,0,0,0,0,0,0,0,0,0,0,0
0.025681,0.025888,0.026118,0,0,0,0,0,0,0,0,0,0,0,0
0.024199,0.024441,0.024522,0,0,0,0,0,0,0,0,0,0,0,0
0.023878,0.023809,0.023744,0,0,0,0,0,0,0,0,0,0,0,0
0.02511,0.024995,0.025623,0,0,0,0,0,0,0,0,0,0,0,0
0.024568,0.0245,0.024908,0,0,0,0,0,0,0,0,0,0,0,0
0.024063,0.023907,0.024489,0,0,0,0,0,0,0,0,0,0,0,0
0.025658,0.02549,0.026013,0,0,0,0,0,0,0,0,0,0,0,0
0.024311,0.024296,0.024707,0,0,0,0,0,0,0,0,0,0,0,0
0.024412,0.024298,0.024467,0,0,0,0,0,0,0,0,0,0,0,0
0.023846,0.023737,0.024087,0,0,0,0,0,0,0,0,0,0,0,0
0.025107,0.025058,0.025529,0,0,0,0,0,0,0,0,0,0,0,0
0.025378,0.025492,0.025791,0,0,0,0,0,0,0,0,0,0,0,0
0.024726,0.025088,0.025051,0,0,0,0,0,0,0,0,0,0,0,0
0.024561,0.024687,0.024737,0,0,0,0,0,0,0,0,0,0,0,0
0.025343,0.025387,0.025382,0,0,0,0,0,0,0,0,0,0,0,0
0.02538,0.024939,0.025563,0,0,0,0,0,0,0,0,0,0,0,0
0.026378,0.025721,0.026519,0,0,0,0,0,0,0,0,0,0,0,0
0.024741,0.024423,0.024905,0,0,0,0,0,0,0,0,0,0,0,0
0.024778,0.024446,0.024607,0,0,0,0,0,0,0,0,0,0,0,0
0.026611,0.025918,0.026973,0,0,0,0,0,0,0,0,0,0,0,0
0.025821,0.02508,0.025658,0,0,0,0,0,0,0,0,0,0,0,0
0.024658,0.024115,0.02495,0,0,0,0,0,0,0,0,0,0,0,0
0.025557,0.025013,0.025544,0,0,0,0,0,0,0,0,0,0,0,0
0.026303,0.025502,0.025903,0,0,0,0,0,0,0,0,0,0,0,0
0.025292,0.025081,0.025004,0,0,0,0,0,0,0,0,0,0,0,0
0.025338,0.025297,0.025545,0,0,0,0,0,0,0,0,0,0,0,0
0.024357,0.024158,0.024186,0,0,0,0,0,0,0,0,0,0,0,0
0.024405,0.024338,0.024566,0,0,0,0,0,0,0,0,0,0,0,0
0.025257,0.025522,0.025188,0,0,0,0,0,0,0,0,0,0,0,0
0.025372,0.025555,0.025594,0,0,0,0,0,0,0,0,0,0,0,0
0.024737,0.02499,0.024904,0,0,0,0,0,0,0,0,0,0,0,0
0.025357,0.025567,0.025721,0,0,0,0,0,0,0,0,0,0,0,0
0.025424,0.025519,0.02563,0,0,0,0,0,0,0,0,0,0,0,0
0.024301,0.024459,0.024418,0,0,0,0,0,0,0,0,0,0,0,0
0.025979,0.026137,0.0258,0,0,0,0,0,0,0,0,0,0,0,0
0.024841,0.024982,0.024734,0,0,0,0,0,0,0,0,0,0,0,0
0.025216,0.025454,0.025145,0,0,0,0,0,0,0,0,0,0,0,0
0.025584,0.025754,0.025439,0,0,0,0,0,0,0,0,0,0,0,0
0.025614,0.025745,0.025393,0,0,0,0,0,0,0,0,0,0,0,0
0.024085,0.024384,0.023938,0,0,0,0,0,0,0,0,0,0,0,0
0.024158,0.024219,0.023824,0,0,0,0,0,0,0,0,0,0,0,0
0.024332,0.024479,0.024173,0,0,0,0,0,0,0,0,0,0,0,0
0.025186,0.025315,0.025343,0,0,0,0,0,0,0,0,0,0,0,0
0.023676,0.023768,0.023839,0,0,0,0,0,0,0,0,0,0,0,0
0.023043,0.02317,0.023068,0,0,0,0,0,0,0,0,0,0,0,0
0.023438,0.023468,0.023495,0,0,0,0,0,0,0,0,0,0,0,0
0.023473,0.023595,0.023398,0,0,0,0,0,0,0,0,0,0,0,0
0.023057,0.023175,0.02335,0,0,0,0,0,0,0,0,0,0,0,0
0.023155,0.023213,0.023085,0,0,0,0,0,0,0,0,0,0,0,0
0.023105,0.023239,0.023314,0,0,0,0,0,0,0,0,0,0,0,0
0.023828,0.023701,0.023759,0,0,0,0,0,0,0,0,0,0,0,0
0.024361,0.024123,0.024715,0,0,0,0,0,0,0,0,0,0,0,0
0.024905,0.024577,0.025196,0,0,0,0,0,0,0,0,0,0,0,0
0.025834,0.025237,0.026135,0,0,0,0,0,0,0,0,0,0,0,0
0.024169,0.024265,0.023927,0,0,0,0,0,0,0,0,0,0,0,0
0.023737,0.023912,0.023483,0,0,0,0,0,0,0,0,0,0,0,0
0.024207,0.024332,0.024078,0,0,0,0,0,0,0,0,0,0,0,0
0.024131,0.024144,0.023886,0,0,0,0,0,0,0,0,0,0,0,0
0.023846,0.024084,0.024155,0,0,0,0,0,0,0,0,0,0,0,0
0.023843,0.023885,0.023959,0,0,0,0,0,0,0,0,0,0,0,0
0.024615,0.024745,0.024988,0,0,0,0,0,0,0,0,0,0,0,0
0.02577,0.02586,0.02604,0,0,0,0,0,0,0,0,0,0,0,0
0.024914,0.025004,0.024975,0,0,0,0,0,0,0,0,0,0,0,0
0.025695,0.025869,0.026329,0,0,0,0,0,0,0,0,0,0,0,0
0.025497,0.02561,0.025785,0,0,0,0,0,0,0,0,0,0,0,0
0.02561,0.025815,0.026078,0,0,0,0,0,0,0,0,0,0,0,0
0.024836,0.024971,0.025487,0,0,0,0,0,0,0,0,0,0,0,0
0.024888,0.024827,0.024701,0,0,0,0,0,0,0,0,0,0,0,0
0.025162,0.0254,0.025239,0,0,0,0,0,0,0,0,0,0,0,0
0.025617,0.025538,0.025503,0,0,0,0,0,0,0,0,0,0,0,0
0.02548,0.025689,0.025557,0,0,0,0,0,0,0,0,0,0,0,0
0.024872,0.024756,0.02473,0,0,0,0,0,0,0,0,0,0,0,0
0.025358,0.025514,0.025433,0,0,0,0,0,0,0,0,0,0,0,0
0.023601,0.023304,0.023268,0,0,0,0,0,0,0,0,0,0,0,0
0.024685,0.024839,0.024878,0,0,0,0,0,0,0,0,0,0,0,0
0.025108,0.025232,0.024975,0,0,0,0,0,0,0,0,0,0,0,0
0.02471,0.024815,0.024716,0,0,0,0,0,0,0,0,0,0,0,0
0.025026,0.024959,0.024974,0,0,0,0,0,0,0,0,0,0,0,0
0.024828,0.025051,0.024872,0,0,0,0,0,0,0,0,0,0,0,0
0.025704,0.025582,0.025518,0,0,0,0,0,0,0,0,0,0,0,0
0.025966,0.025974,0.025796,0,0,0,0,0,0,0,0,0,0,0,0
0.025871,0.025753,0.025811,0,0,0,0,0,0,0,0,0,0,0,0
0.025239,0.025067,0.02493,0,0,0,0,0,0,0,0,0,0,0,0
0.025039,0.025108,0.024975,0,0,0,0,0,0,0,0,0,0,0,0
0.025245,0.025214,0.025199,0,0,0,0,0,0,0,0,0,0,0,0
0.0262,0.026013,0.02601,0,0,0,0,0,0,0,0,0,0,0,0
0.025191,0.025196,0.025057,0,0,0,0,0,0,0,0,0,0,0,0
0.025417,0.024996,0.025048,0,0,0,0,0,0,0,0,0,0,0,0
0.025452,0.025104,0.025052,0,0,0,0,0,0,0,0,0,0,0,0
0.024481,0.024367,0.024256,0,0,0,0,0,0,0,0,0,0,0,0
NaN,NaN,NaN,0,0,0,0,0,0,0,0,0,0,0,0
NaN,NaN,NaN,0,0,0,0,0,0,0,0,0,0,0,0
NaN,NaN,NaN,0,0,0,0,0,0,0,0,0,0,0,0
NaN,NaN,NaN,0,0,0,0,0,0,0,0,0,0,0,0
0.19463,0.19212,0.19525,0,0,0,0,0,0,0,0,0,0,0,0
0.22639,0.22465,0.22566,0,0,0,0,0,0,0,0,0,0,0,0
0.058006,0.057732,0.057867,0,0,0,0,0,0,0,0,0,0,0,0
0.030038,0.029987,0.029917,0,0,0,0,0,0,0,0,0,0,0,0
0.039179,0.038969,0.039107,0,0,0,0,0,0,0,0,0,0,0,0
0.034483,0.034468,0.03451,0,0,0,0,0,0,0,0,0,0,0,0
0.027117,0.027047,0.027038,0,0,0,0,0,0,0,0,0,0,0,0
0.024036,0.02363,0.023961,0,0,0,0,0,0,0,0,0,0,0,0
0.023904,0.023577,0.024003,0,0,0,0,0,0,0,0,0,0,0,0
0.024109,0.023682,0.023974,0,0,0,0,0,0,0,0,0,0,0,0
0.024302,0.023932,0.024406,0,0,0,0,0,0,0,0,0,0,0,0
0.023441,0.023116,0.023423,0,0,0,0,0,0,0,0,0,0,0,0
0.02404,0.023704,0.024022,0,0,0,0,0,0,0,0,0,0,0,0
0.023311,0.023059,0.023272,0,0,0,0,0,0,0,0,0,0,0,0
0.023518,0.023023,0.023444,0,0,0,0,0,0,0,0,0,0,0,0
0.02428,0.023925,0.024149,0,0,0,0,0,0,0,0,0,0,0,0
0.024341,0.023851,0.024176,0,0,0,0,0,0,0,0,0,0,0,0
0.026581,0.026064,0.026577,0,0,0,0,0,0,0,0,0,0,0,0
0.025693,0.025242,0.025734,0,0,0,0,0,0,0,0,0,0,0,0
0.02403,0.023686,0.024002,0,0,0,0,0,0,0,0,0,0,0,0
0.025397,0.025093,0.025364,0,0,0,0,0,0,0,0,0,0,0,0
0.025929,0.025555,0.025864,0,0,0,0,0,0,0,0,0,0,0,0
0.025202,0.024699,0.025004,0,0,0,0,0,0,0,0,0,0,0,0
0.024903,0.02427,0.024554,0,0,0,0,0,0,0,0,0,0,0,0
0.025366,0.024932,0.025264,0,0,0,0,0,0,0,0,0,0,0,0
0.025669,0.025336,0.025587,0,0,0,0,0,0,0,0,0,0,0,0
0.024637,0.024312,0.024555,0,0,0,0,0,0,0,0,0,0,0,0
0.025332,0.024942,0.025319,0,0,0,0,0,0,0,0,0,0,0,0
0.025695,0.025376,0.02563,0,0,0,0,0,0,0,0,0,0,0,0
0.025827,0.025487,0.025854,0,0,0,0,0,0,0,0,0,0,0,0
0.025175,0.024829,0.025278,0,0,0,0,0,0,0,0,0,0,0,0
0.026239,0.025909,0.026286,0,0,0,0,0,0,0,0,0,0,0,0
0.024896,0.024886,0.024549,0,0,0,0,0,0,0,0,0,0,0,0
0.024981,0.025085,0.024858,0,0,0,0,0,0,0,0,0,0,0,0
0.02479,0.024685,0.02437,0,0,0,0,0,0,0,0,0,0,0,0
0.024671,0.024788,0.024581,0,0,0,0,0,0,0,0,0,0,0,0
0.024871,0.024373,0.024419,0,0,0,0,0,0,0,0,0,0,0,0
0.025913,0.02562,0.02585,0,0,0,0,0,0,0,0,0,0,0,0
0.024657,0.02435,0.024356,0,0,0,0,0,0,0,0,0,0,0,0
0.024732,0.024338,0.024547,0,0,0,0,0,0,0,0,0,0,0,0
0.026329,0.025957,0.026018,0,0,0,0,0,0,0,0,0,0,0,0
0.025746,0.025414,0.025658,0,0,0,0,0,0,0,0,0,0,0,0
0.026907,0.026506,0.026815,0,0,0,0,0,0,0,0,0,0,0,0
0.024786,0.02481,0.024619,0,0,0,0,0,0,0,0,0,0,0,0
0.025305,0.025224,0.024822,0,0,0,0,0,0,0,0,0,0,0,0
0.02584,0.02544,0.025395,0,0,0,0,0,0,0,0,0,0,0,0
0.025035,0.024758,0.024637,0,0,0,0,0,0,0,0,0,0,0,0
0.024647,0.02433,0.024229,0,0,0,0,0,0,0,0,0,0,0,0
NaN,NaN,NaN,0,0,0,0,0,0,0,0,0,0,0,0
NaN,NaN,NaN,0,0,0,0,0,0,0,0,0,0,0,0
NaN,NaN,NaN,0,0,0,0,0,0,0,0,0,0,0,0
NaN,NaN,NaN,0,0,0,0,0,0,0,0,0,0,0,0
0.19262,0.19381,0.19415,0,0,0,0,0,0,0,0,0,0,0,0
0.2248,0.22506,0.22581,0,0,0,0,0,0,0,0,0,0,0,0
0.058055,0.058339,0.058356,0,0,0,0,0,0,0,0,0,0,0,0
0.028946,0.02909,0.028959,0,0,0,0,0,0,0,0,0,0,0,0
0.038982,0.039014,0.038927,0,0,0,0,0,0,0,0,0,0,0,0
0.034442,0.034681,0.034154,0,0,0,0,0,0,0,0,0,0,0,0
0.027298,0.027352,0.026828,0,0,0,0,0,0,0,0,0,0,0,0
0.023888,0.024591,0.023898,0,0,0,0,0,0,0,0,0,0,0,0
0.024307,0.024497,0.024491,0,0,0,0,0,0,0,0,0,0,0,0
0.024101,0.024546,0.024287,0,0,0,0,0,0,0,0,0,0,0,0
0.023793,0.023996,0.024029,0,0,0,0,0,0,0,0,0,0,0,0
0.023574,0.023947,0.023729,0,0,0,0,0,0,0,0,0,0,0,0
0.023256,0.023443,0.023336,0,0,0,0,0,0,0,0,0,0,0,0
0.023886,0.024265,0.024029,0,0,0,0,0,0,0,0,0,0,0,0
0.024337,0.024529,0.024734,0,0,0,0,0,0,0,0,0,0,0,0
0.023714,0.024162,0.023943,0,0,0,0,0,0,0,0,0,0,0,0
0.023759,0.02395,0.023963,0,0,0,0,0,0,0,0,0,0,0,0
0.02329,0.023681,0.023338,0,0,0,0,0,0,0,0,0,0,0,0
0.023839,0.024047,0.024077,0,0,0,0,0,0,0,0,0,0,0,0
0.025697,0.026123,0.026243,0,0,0,0,0,0,0,0,0,0,0,0
0.024899,0.025193,0.025457,0,0,0,0,0,0,0,0,0,0,0,0
0.024328,0.024787,0.024742,0,0,0,0,0,0,0,0,0,0,0,0
0.024154,0.024334,0.024513,0,0,0,0,0,0,0,0,0,0,0,0
0.024132,0.024658,0.024449,0,0,0,0,0,0,0,0,0,0,0,0
0.024301,0.024653,0.024737,0,0,0,0,0,0,0,0,0,0,0,0
0.024907,0.025323,0.025224,0,0,0,0,0,0,0,0,0,0,0,0
0.025191,0.025433,0.025577,0,0,0,0,0,0,0,0,0,0,0,0
0.024882,0.025321,0.025408,0,0,0,0,0,0,0,0,0,0,0,0
0.024037,0.024242,0.024485,0,0,0,0,0,0,0,0,0,0,0,0
0.025334,0.025778,0.025844,0,0,0,0,0,0,0,0,0,0,0,0
0.025289,0.025556,0.02573,0,0,0,0,0,0,0,0,0,0,0,0
0.025752,0.026323,0.026667,0,0,0,0,0,0,0,0,0,0,0,0
0.024933,0.025144,0.025709,0,0,0,0,0,0,0,0,0,0,0,0
0.024403,0.024948,0.025011,0,0,0,0,0,0,0,0,0,0,0,0
0.024228,0.024539,0.024564,0,0,0,0,0,0,0,0,0,0,0,0
0.024888,0.025257,0.025443,0,0,0,0,0,0,0,0,0,0,0,0
0.024243,0.024578,0.024648,0,0,0,0,0,0,0,0,0,0,0,0
0.024373,0.024764,0.024827,0,0,0,0,0,0,0,0,0,0,0,0
0.02424,0.024416,0.02479,0,0,0,0,0,0,0,0,0,0,0,0
0.025788,0.025867,0.026006,0,0,0,0,0,0,0,0,0,0,0,0
0.026457,0.026373,0.024976,0,0,0,0,0,0,0,0,0,0,0,0
0.026233,0.026519,0.026856,0,0,0,0,0,0,0,0,0,0,0,0
0.024612,0.024525,0.026712,0,0,0,0,0,0,0,0,0,0,0,0
0.02535,0.025604,0.02527,0,0,0,0,0,0,0,0,0,0,0,0
0.025809,0.025807,0.025782,0,0,0,0,0,0,0,0,0,0,0,0
0.025182,0.025455,0.025168,0,0,0,0,0,0,0,0,0,0,0,0
0.025266,0.025278,0.025196,0,0,0,0,0,0,0,0,0,0,0,0
0.025709,0.02613,0.025719,0,0,0,0,0,0,0,0,0,0,0,0
0.025287,0.025407,0.025221,0,0,0,0,0,0,0,0,0,0,0,0
0.026148,0.026361,0.026549,0,0,0,0,0,0,0,0,0,0,0,0
0.025973,0.026042,0.026336,0,0,0,0,0,0,0,0,0,0,0,0
0.025138,0.025052,0.025267,0,0,0,0,0,0,0,0,0,0,0,0
0.024822,0.024779,0.025114,0,0,0,0,0,0,0,0,0,0,0,0
0.024541,0.024536,0.024932,0,0,0,0,0,0,0,0,0,0,0,0
0.024154,0.02411,0.024453,0,0,0,0,0,0,0,0,0,0,0,0
0.024392,0.024512,0.024697,0,0,0,0,0,0,0,0,0,0,0,0
0.025112,0.025237,0.025774,0,0,0,0,0,0,0,0,0,0,0,0
0.024968,0.025073,0.025559,0,0,0,0,0,0,0,0,0,0,0,0
0.024021,0.023918,0.024199,0,0,0,0,0,0,0,0,0,0,0,0
0.024349,0.024328,0.024579,0,0,0,0,0,0,0,0,0,0,0,0
0.024553,0.024609,0.024869,0,0,0,0,0,0,0,0,0,0,0,0
0.025379,0.025245,0.025694,0,0,0,0,0,0,0,0,0,0,0,0
0.024433,0.024405,0.024712,0,0,0,0,0,0,0,0,0,0,0,0
0.024526,0.024603,0.025035,0,0,0,0,0,0,0,0,0,0,0,0
0.023862,0.023905,0.02413,0,0,0,0,0,0,0,0,0,0,0,0
0.024514,0.024723,0.025039,0,0,0,0,0,0,0,0,0,0,0,0
0.025122,0.025438,0.025662,0,0,0,0,0,0,0,0,0,0,0,0
0.025069,0.025691,0.025642,0,0,0,0,0,0,0,0,0,0,0,0
0.02443,0.024791,0.024955,0,0,0,0,0,0,0,0,0,0,0,0
0.02443,0.024999,0.024762,0,0,0,0,0,0,0,0,0,0,0,0
0.024371,0.024463,0.02476,0,0,0,0,0,0,0,0,0,0,0,0
0.025413,0.025436,0.026144,0,0,0,0,0,0,0,0,0,0,0,0
0.025874,0.025811,0.026055,0,0,0,0,0,0,0,0,0,0,0,0
0.026106,0.026068,0.026226,0,0,0,0,0,0,0,0,0,0,0,0
0.026528,0.026438,0.026617,0,0,0,0,0,0,0,0,0,0,0,0
0.025483,0.025429,0.025807,0,0,0,0,0,0,0,0,0,0,0,0
0.02519,0.025198,0.025478,0,0,0,0,0,0,0,0,0,0,0,0
0.02526,0.025188,0.025559,0,0,0,0,0,0,0,0,0,0,0,0
0.026151,0.0264,0.026409,0,0,0,0,0,0,0,0,0,0,0,0
0.025072,0.025395,0.02536,0,0,0,0,0,0,0,0,0,0,0,0
0.024287,0.024459,0.024267,0,0,0,0,0,0,0,0,0,0,0,0
0.024959,0.025389,0.025277,0,0,0,0,0,0,0,0,0,0,0,0
0.024538,0.025084,0.024567,0,0,0,0,0,0,0,0,0,0,0,0
0.024388,0.024586,0.024571,0,0,0,0,0,0,0,0,0,0,0,0
0.024091,0.024434,0.024456,0,0,0,0,0,0,0,0,0,0,0,0
0.024262,0.024646,0.025009,0,0,0,0,0,0,0,0,0,0,0,0
0.024748,0.024917,0.025417,0,0,0,0,0,0,0,0,0,0,0,0
0.024652,0.025079,0.025708,0,0,0,0,0,0,0,0,0,0,0,0
0.024527,0.024678,0.025304,0,0,0,0,0,0,0,0,0,0,0,0
0.024737,0.024961,0.025576,0,0,0,0,0,0,0,0,0,0,0,0
0.02376,0.024202,0.024043,0,0,0,0,0,0,0,0,0,0,0,0
0.024163,0.024382,0.024683,0,0,0,0,0,0,0,0,0,0,0,0
