1
290.1544,155.9147,88.7032,195.5963
287.4060,155.3650,88.7032,195.5963
285.7570,153.7160,88.7032,195.5963
283.7899,151.1401,91.5382,201.8475
283.2227,151.7073,91.5382,201.8475
281.5210,152.2745,91.5382,201.8475
279.8193,151.7073,91.5382,201.8475
278.1176,152.2745,91.5382,201.8475
276.4159,151.7073,91.5382,201.8475
274.7142,151.1401,91.5382,201.8475
274.1469,149.4384,91.5382,201.8475
272.4452,148.8711,91.5382,201.8475
269.6091,148.3039,91.5382,201.8475
266.7729,147.7367,91.5382,201.8475
261.9304,151.3846,88.7440,195.6861
260.2807,150.8347,88.7440,195.6861
256.4312,150.2848,88.7440,195.6861
254.7815,150.8347,88.7440,195.6861
251.1867,152.1716,86.0350,189.7127
249.5873,150.5723,86.0350,189.7127
246.9216,150.0391,86.0350,189.7127
245.3222,149.5060,86.0350,189.7127
244.7891,148.9729,86.0350,189.7127
242.1234,147.3735,86.0350,189.7127
239.4578,146.8403,86.0350,189.7127
229.5751,149.2027,83.4088,183.9216
226.1964,152.5267,80.8627,178.3074
2
0
0
0
0
1
300.5564,133.8385,80.5096,168.1114
298.4129,137.8496,78.0521,162.9798
297.9458,135.5144,78.0521,162.9798
296.2315,131.5088,80.5466,168.1886
294.0870,132.6299,78.0879,163.0546
291.0735,134.6513,75.7042,158.0773
286.9965,136.9163,75.7042,158.0773
289.2615,133.7453,75.7042,158.0773
287.9025,133.2923,75.7042,158.0773
285.6375,131.9333,75.7042,158.0773
283.6219,134.7989,73.3933,153.2520
282.8882,131.9108,75.7390,158.1499
281.5286,131.4576,75.7390,158.1499
280.7715,126.6643,78.1596,163.2044
277.7552,130.5583,75.7738,158.2225
277.3018,130.1049,75.7738,158.2225
276.5443,125.3094,78.1955,163.2793
276.6985,122.2323,80.6946,168.4977
274.2841,120.7837,80.6946,168.4977
273.8013,119.3351,80.6946,168.4977
272.3527,119.8180,80.6946,168.4977
269.2386,122.8726,78.2314,163.3542
268.7704,123.3407,78.2314,163.3542
268.3023,122.8726,78.2314,163.3542
258.4717,123.3407,78.2314,163.3542
264.5573,122.8726,78.2314,163.3542
263.4107,126.7702,75.8434,158.3678
263.2068,130.5488,73.5282,153.5336
264.5267,130.1088,73.5282,153.5336
264.0867,130.5488,73.5282,153.5336
2
0
0
0
0
1
342.1613,143.7775,80.9140,145.8246
342.6030,144.2192,80.9140,145.8246
343.0447,143.7775,80.9140,145.8246
343.4865,143.3358,80.9140,145.8246
343.9282,142.8940,80.9140,145.8246
344.3700,142.4523,80.9140,145.8246
344.8117,142.0105,80.9140,145.8246
343.9604,139.2385,83.5000,150.4851
344.4163,138.7827,83.5000,150.4851
344.8721,138.3268,83.5000,150.4851
343.8673,140.1678,80.9511,145.8915
345.1931,140.6097,80.9511,145.8915
346.5190,140.1678,80.9511,145.8915
346.9609,138.8419,80.9511,145.8915
345.2253,136.9525,83.5383,150.5542
342.0329,136.4964,83.5383,150.5542
342.4890,136.0404,83.5383,150.5542
342.9450,135.5843,83.5383,150.5542
343.7639,136.5140,80.9883,145.9585
341.1433,134.6237,83.5767,150.6233
340.2640,131.7605,86.2478,155.4373
340.7349,132.2313,86.2478,155.4373
340.2640,131.7605,86.2478,155.4373
339.7932,132.2313,86.2478,155.4373
338.8858,129.2766,89.0043,160.4050
337.4281,128.7907,89.0043,160.4050
336.9422,128.3048,89.0043,160.4050
336.4563,127.8189,89.0043,160.4050
335.5199,124.7697,91.8489,165.5316
334.0156,125.2711,91.8489,165.5316
332.5113,124.7697,91.8489,165.5316
329.0012,124.2682,91.8489,165.5316
327.4969,123.7668,91.8489,165.5316
325.9926,124.2682,91.8489,165.5316
324.4883,123.7668,91.8489,165.5316
322.5191,121.6230,94.7844,170.8220
318.8969,121.1056,94.7844,170.8220
317.3445,120.5881,94.7844,170.8220
313.7222,121.1056,94.7844,170.8220
366.3977,124.2302,91.8910,165.6076
307.7026,122.7252,91.8910,165.6076
306.7359,120.5805,94.8279,170.9004
303.1120,120.0628,94.8279,170.9004
302.1143,117.8495,97.8586,176.3624
296.2376,117.3153,97.8586,176.3624
296.7719,117.8495,97.8586,176.3624
297.8793,115.5655,100.9861,181.9989
294.0201,115.0142,100.9861,181.9989
292.3661,115.5655,100.9861,181.9989
290.7122,115.0142,100.9861,181.9989
290.7523,112.6571,104.2136,187.8156
286.7698,112.0882,104.2136,187.8156
287.3387,112.6571,104.2136,187.8156
287.3802,110.2248,107.5443,193.8182
284.4446,109.6377,107.5443,193.8182
283.8575,109.0505,107.5443,193.8182
285.0745,105.3662,110.9814,200.0126
283.2569,105.9721,110.9814,200.0126
282.6510,105.3662,110.9814,200.0126
283.2569,105.9721,110.9814,200.0126
348.5691,109.6307,107.5937,193.9072
282.1935,109.0433,107.5937,193.9072
283.4112,106.5321,111.0324,200.1044
283.4554,103.9406,114.5810,206.4998
282.8298,103.3150,114.5810,206.4998
282.2043,103.9406,114.5810,206.4998
282.8298,104.5661,114.5810,206.4998
291.6330,100.6407,118.2430,213.0995
287.1143,102.5773,118.2430,213.0995
287.7598,103.2228,118.2430,213.0995
288.4053,103.8684,118.2430,213.0995
289.0509,105.8050,118.2430,213.0995
289.6964,106.4505,118.2430,213.0995
290.8556,110.3485,114.6336,206.5946
291.4814,110.9743,114.6336,206.5946
293.3589,111.6001,114.6336,206.5946
295.2364,112.2260,114.6336,206.5946
295.8622,112.8518,114.6336,206.5946
296.4880,113.4776,114.6336,206.5946
298.3655,114.1035,114.6336,206.5946
300.2430,114.7293,114.6336,206.5946
302.1205,115.3551,114.6336,206.5946
303.9980,115.9809,114.6336,206.5946
305.8754,116.6068,114.6336,206.5946
306.5013,118.4842,114.6336,206.5946
304.0436,105.7954,118.2973,213.1973
307.7866,118.7368,114.6862,206.6894
311.4154,121.2654,111.1854,200.3802
312.5053,123.7167,107.7914,194.2635
315.9160,127.2701,104.5010,188.3335
316.4865,126.6996,104.5010,188.3335
317.5109,129.0036,101.3111,182.5846
318.0640,128.4505,101.3111,182.5846
319.0572,130.6841,98.2186,177.0112
321.0925,132.8496,95.2204,171.6078
320.9863,135.9886,92.3138,166.3694
322.8992,139.0318,89.4959,161.2910
323.3878,138.5432,89.4959,161.2910
324.8536,138.0546,89.4959,161.2910
326.7081,140.0278,86.7640,156.3675
328.1291,140.5014,86.7640,156.3675
329.5502,140.9751,86.7640,156.3675
332.2954,141.9407,84.1155,151.5943
333.6731,142.3999,84.1155,151.5943
336.8876,141.9407,84.1155,151.5943
338.2653,143.3183,84.1155,151.5943
339.6429,143.7776,84.1155,151.5943
342.8575,144.2368,84.1155,151.5943
344.2351,144.6960,84.1155,151.5943
333.1201,147.4689,81.5478,146.9669
347.8116,148.8045,81.5478,146.9669
349.6249,146.9012,84.1541,151.6639
353.7598,146.4418,84.1541,151.6639
354.7121,143.5588,86.8437,156.5111
338.4955,145.4734,84.1927,151.7336
359.6724,139.8312,86.8835,156.5830
359.7070,140.6494,89.6603,161.5874
357.7847,139.5357,92.5259,166.7517
362.8729,137.3761,95.4830,172.0811
363.3942,137.8974,95.4830,172.0811
368.5004,141.0451,92.5684,166.8283
376.4830,143.0859,89.7427,161.7358
379.3225,146.0444,87.0033,156.7987
381.6974,146.5194,87.0033,156.7987
385.9723,146.0444,87.0033,156.7987
385.0570,144.0137,89.7839,161.8100
387.5078,143.5236,89.7839,161.8100
389.9586,143.0334,89.7839,161.8100
390.4488,142.5432,89.7839,161.8100
392.8996,143.0334,89.7839,161.8100
393.3898,142.5432,89.7839,161.8100
395.8406,143.0334,89.7839,161.8100
397.3111,143.5236,89.7839,161.8100
403.2288,138.4870,92.6534,166.9815
400.2307,137.3362,95.6146,172.3182
401.7967,136.8142,95.6146,172.3182
403.3627,136.2922,95.6146,172.3182
405.9726,135.7702,95.6146,172.3182
408.5826,134.2042,95.6146,172.3182
411.1926,133.6822,95.6146,172.3182
412.7586,133.1602,95.6146,172.3182
412.7966,130.9285,98.6704,177.8255
415.4901,130.3899,98.6704,177.8255
417.1061,129.8512,98.6704,177.8255
419.7995,129.3125,98.6704,177.8255
421.4155,129.8512,98.6704,177.8255
421.9542,129.3125,98.6704,177.8255
2
0
0
0
0
1
342.1262,125.1124,85.3718,176.2009
342.6333,123.5912,85.3718,176.2009
344.1545,124.0983,85.3718,176.2009
345.6758,123.5912,85.3718,176.2009
346.1829,123.0841,85.3718,176.2009
346.6900,124.6054,85.3718,176.2009
348.2112,123.0841,85.3718,176.2009
349.7325,122.5770,85.3718,176.2009
348.8753,120.2684,88.1003,181.8323
349.3987,119.7451,88.1003,181.8323
350.9685,118.1752,88.1003,181.8323
351.4918,117.6519,88.1003,181.8323
350.9685,118.1752,88.1003,181.8323
351.1306,115.7929,90.9159,187.6437
350.5905,115.2528,90.9159,187.6437
349.6777,113.8743,93.8216,193.6408
349.1205,113.3171,93.8216,193.6408
349.6777,113.8743,93.8216,193.6408
347.6212,110.2227,96.8202,199.8295
345.8959,109.6476,96.8202,199.8295
345.3208,110.2227,96.8202,199.8295
346.2235,113.8477,93.8647,193.7297
345.6660,115.5203,93.8647,193.7297
342.8783,116.0778,93.8647,193.7297
341.2057,115.5203,93.8647,193.7297
339.1482,112.9820,96.8646,199.9213
336.2714,113.5574,96.8646,199.9213
332.9975,109.7873,99.9604,206.3107
328.8413,109.1936,99.9604,206.3107
328.5858,111.7487,96.9091,200.0130
327.6128,109.1281,100.0063,206.4055
327.0187,108.5341,100.0063,206.4055
324.0487,109.1281,100.0063,206.4055
323.4547,108.5341,100.0063,206.4055
320.4846,107.9400,100.0063,206.4055
317.5146,107.3460,100.0063,206.4055
312.1685,107.9400,100.0063,206.4055
310.3864,107.3460,100.0063,206.4055
308.6044,106.7520,100.0063,206.4055
306.4123,102.8596,103.2025,213.0022
299.6693,103.4726,103.2025,213.0022
297.8303,102.8596,103.2025,213.0022
294.7653,103.4726,103.2025,213.0022
291.7003,104.0856,103.2025,213.0022
285.3065,109.1756,100.0522,206.5002
284.7122,109.7699,100.0522,206.5002
2
0
0
0
0
1
399.7589,131.4189,83.4286,159.9830
399.2857,132.8385,83.4286,159.9830
393.1342,132.3653,83.4286,159.9830
386.9826,131.8921,83.4286,159.9830
382.7239,131.4189,83.4286,159.9830
381.3043,130.9457,83.4286,159.9830
378.5515,123.1841,86.0950,165.0960
378.0632,124.6490,86.0950,165.0960
370.7384,128.0672,86.0950,165.0960
368.2968,127.5789,86.0950,165.0960
364.8786,128.0672,86.0950,165.0960
361.0612,124.9407,88.8466,170.3725
357.1218,122.7221,91.6861,175.8176
353.4816,123.2421,91.6861,175.8176
349.8414,123.7621,91.6861,175.8176
343.0810,124.2822,91.6861,175.8176
341.0958,123.0327,94.6164,181.4367
334.1194,122.4960,94.6164,181.4367
330.3628,123.0327,94.6164,181.4367
324.4596,122.4960,94.6164,181.4367
321.7764,123.0327,94.6164,181.4367
318.0198,122.4960,94.6164,181.4367
313.8246,120.1333,97.6403,187.2355
307.7328,120.6871,97.6403,187.2355
363.6668,117.9181,97.6403,187.2355
301.4698,122.4372,94.6598,181.5200
296.6377,122.9741,94.6598,181.5200
299.9572,120.6103,97.6852,187.3214
295.6259,118.1710,100.8072,193.3082
293.9106,116.4557,100.8072,193.3082
292.1953,117.0275,100.8072,193.3082
290.4800,116.4557,100.8072,193.3082
286.4776,117.0275,100.8072,193.3082
284.7623,117.5992,100.8072,193.3082
281.9035,118.1710,100.8072,193.3082
279.0447,117.5992,100.8072,193.3082
277.3294,118.1710,100.8072,193.3082
275.1467,115.6537,104.0290,199.4863
272.8943,113.0559,107.3537,205.8619
271.7877,110.3752,110.7848,212.4413
270.6457,106.3520,114.3254,219.2309
270.4453,107.7527,110.8356,212.5388
268.5594,104.6095,110.8356,212.5388
268.6742,101.8418,114.3779,219.3315
268.0254,98.5981,114.3779,219.3315
269.4413,95.7419,118.0335,226.3414
269.5636,92.7945,121.8058,233.5753
269.6897,86.9893,125.6987,241.0403
291.7910,54.9068,125.6987,241.0403
269.6897,79.8599,125.6987,241.0403
264.6991,81.9987,125.6987,241.0403
265.4120,81.2858,125.6987,241.0403
266.1250,81.9987,125.6987,241.0403
262.5603,82.7117,125.6987,241.0403
276.9493,75.2951,129.7160,248.7440
255.6131,89.2740,129.7160,248.7440
254.8774,88.5383,129.7160,248.7440
252.6702,89.2740,129.7160,248.7440
253.4059,87.0668,129.7160,248.7440
254.6500,87.1846,125.7564,241.1510
253.9368,86.4714,125.7564,241.1510
253.2235,85.7581,125.7564,241.1510
248.7234,88.7254,121.9177,233.7898
252.1809,90.7999,121.9177,233.7898
253.3502,93.6767,118.1961,226.6533
256.7021,93.0063,118.1961,226.6533
261.3949,92.3359,118.1961,226.6533
263.4061,93.0063,118.1961,226.6533
269.4396,92.3359,118.1961,226.6533
271.4507,93.0063,118.1961,226.6533
273.9251,94.4544,114.5881,219.7346
278.9237,99.7580,111.0903,213.0271
284.5945,101.6482,111.0903,213.0271
318.7343,57.2883,114.6407,219.8355
292.5243,100.3074,111.1413,213.1249
294.8510,107.9729,107.7487,206.6192
309.6298,105.2822,111.1923,213.2228
288.3023,84.8469,114.7460,220.0374
279.8416,76.3862,114.7460,220.0374
284.8470,76.4905,111.2434,213.3207
285.9139,76.5915,107.8476,206.8090
289.3951,76.6895,104.5555,200.4961
285.6537,76.7845,101.3640,194.3759
287.7757,71.1273,98.2698,188.4425
284.2592,74.5608,95.2701,182.6902
285.1729,77.8895,92.3619,177.1136
286.0587,72.7348,89.5425,171.7071
294.0277,76.8791,86.8092,166.4657
293.8755,72.0343,84.1594,161.3843
286.3253,73.7514,86.8491,166.5421
278.9363,80.1552,86.8491,166.5421
