1
537.2260,202.7138,21.8425,21.7355
534.3952,209.4907,21.8425,21.7355
532.5938,217.2970,21.8425,21.7355
531.1354,223.9023,21.8425,21.7355
528.6477,231.3654,21.8425,21.7355
528.2188,238.1423,21.8425,21.7355
528.1330,244.4045,21.8425,21.7355
529.4197,249.9804,21.8425,21.7355
531.3928,254.5269,21.8425,21.7355
535.4246,257.1862,21.8425,21.7355
541.1721,258.8161,21.8425,21.7355
548.4637,261.6469,21.8425,21.7355
557.8140,263.9631,21.8425,21.7355
566.8213,267.4802,21.8425,21.7355
577.3726,269.2817,21.8425,21.7355
588.4387,270.3969,21.8425,21.7355
600.5244,271.8438,21.1757,21.0720
610.9200,274.2556,21.1757,21.0720
620.1512,275.6693,21.1757,21.0720
629.5489,278.2475,21.1757,21.0720
639.1034,280.8145,20.5293,20.4288
646.2791,282.1852,20.5293,20.4288
654.0906,284.5126,19.9027,19.8052
659.9530,286.4667,19.9027,19.8052
665.0284,286.3848,20.5388,20.4382
668.4969,285.4975,20.5388,20.4382
668.4070,284.7608,19.9118,19.8143
672.0825,285.6210,19.9118,19.8143
675.6015,285.5428,19.9118,19.8143
680.2065,285.2978,19.3040,19.2094
683.7697,284.4638,19.3040,19.2094
687.6362,283.4783,19.3040,19.2094
691.8060,281.5829,19.3040,19.2094
695.6725,279.2327,19.3040,19.2094
699.8336,277.7822,18.7147,18.6231
703.7291,274.3277,18.7147,18.6231
709.3885,270.5792,18.7147,18.6231
716.3660,266.2391,19.3128,19.2183
727.2037,261.6023,18.7233,18.6316
736.9752,256.6658,18.1518,18.0629
746.5992,253.1727,18.1518,18.0629
755.2252,247.2557,18.1518,18.0629
767.2680,242.6185,18.7319,18.6402
782.1970,237.5387,19.3306,19.2359
795.4775,233.2077,19.9484,19.8507
808.8690,227.6414,20.5859,20.4851
823.9821,223.3524,21.2439,21.1398
838.7439,218.7596,21.9228,21.8154
854.8385,215.2253,22.6235,22.5127
870.7427,211.4047,22.6235,22.5127
887.1700,207.7501,21.9329,21.8255
902.4067,204.5515,21.2634,21.1592
917.3548,199.6245,21.2634,21.1592
932.8040,194.6974,21.2634,21.1592
947.7521,189.1023,21.2634,21.1592
960.6960,181.1690,21.2634,21.1592
972.6378,173.9037,21.2634,21.1592
983.9115,169.3107,21.2634,21.1592
994.6841,164.2166,21.2634,21.1592
1006.6260,161.2938,21.2634,21.1592
1018.2337,159.0391,21.2634,21.1592
1028.0043,156.9514,21.2634,21.1592
1038.4429,157.8699,21.2634,21.1592
1048.2135,164.4672,21.2634,21.1592
1055.4788,169.8952,21.2634,21.1592
1062.0664,170.1347,20.6143,20.5133
1066.8431,164.8723,20.6143,20.5133
1070.4863,156.3715,20.6143,20.5133
1074.4441,148.3457,19.9851,19.8872
1076.5634,141.5172,19.9851,19.8872
1078.6825,135.6306,19.9851,19.8872
1081.2726,131.4707,19.9851,19.8872
1082.9209,125.4271,19.9851,19.8872
1084.8831,120.0114,19.9851,19.8872
1086.9933,117.8817,19.3750,19.2801
1089.0392,116.5781,18.7836,18.6916
1092.6455,114.1339,18.2102,18.1210
1094.7196,106.7675,18.2102,18.1210
1097.3575,96.2448,17.6543,17.5679
1097.7042,82.1698,17.6543,17.5679
1099.7102,75.9956,18.2186,18.1293
1103.9268,71.7706,18.8008,18.7087
1108.1355,67.8572,18.8008,18.7087
1112.1882,60.6852,18.2269,18.1377
1117.9865,54.8869,18.2269,18.1377
1123.7848,50.9498,18.2269,18.1377
1130.0126,48.7307,18.2269,18.1377
1134.5223,46.0821,18.2269,18.1377
1140.8933,41.7155,18.2269,18.1377
1147.6855,42.2071,17.6705,17.5840
1154.0009,42.2765,17.6705,17.5840
1159.8998,40.2639,17.6705,17.5840
1165.5210,37.8349,17.6705,17.5840
1170.0320,36.2388,17.6705,17.5840
1177.5964,36.5858,17.6705,17.5840
1183.0789,39.1535,17.6705,17.5840
1189.8105,43.3868,17.6705,17.5840
1196.6810,46.6486,17.6705,17.5840
1202.8575,53.6578,17.6705,17.5840
1208.8951,65.6638,17.6705,17.5840
1215.0717,80.5845,17.6705,17.5840
1220.8318,94.9500,17.6705,17.5840
1226.0366,108.6216,17.6705,17.5840
1231.2416,123.5423,17.6705,17.5840
1234.2257,139.7121,17.6705,17.5840
1238.1814,156.1596,17.6705,17.5840
1241.8547,170.3829,18.2353,18.1460
1246.3617,185.0609,18.8181,18.7259
1248.8005,202.8721,18.8181,18.7259
1252.5647,221.8622,19.4195,19.3244
1254.3188,241.7680,19.4195,19.3244
1256.6831,259.8434,19.4195,19.3244
1256.6068,274.8681,19.4195,19.3244
1256.3781,286.8421,19.4195,19.3244
1254.9290,294.8502,19.4195,19.3244
1252.1071,299.9601,19.4195,19.3244
1248.8188,303.9921,18.8267,18.7345
1245.6311,308.0490,18.2520,18.1626
1244.4125,310.5579,18.2520,18.1626
1237.1644,313.9174,17.6949,17.6082
1230.9714,318.8423,17.1547,17.0707
1224.5634,324.8295,16.6311,16.5496
1216.9139,332.9854,16.1234,16.0445
1208.6115,341.2722,15.6313,15.5547
1199.9556,349.4370,15.6313,15.5547
1191.4224,360.4258,15.6313,15.5547
1182.1526,369.5728,15.6313,15.5547
1174.4789,377.8604,15.6313,15.5547
1164.8407,387.6214,15.6313,15.5547
1156.7987,397.8734,15.6313,15.5547
1146.5466,410.5811,15.6313,15.5547
1136.9084,422.5521,15.6313,15.5547
1129.2278,433.1643,15.1541,15.0799
1123.5737,439.0564,15.1541,15.0799
1118.1578,442.6868,15.1541,15.0799
1113.0990,446.7934,15.1541,15.0799
1108.1550,451.3732,15.6384,15.5618
1103.0574,455.8567,15.6384,15.5618
1098.6968,459.9717,15.6384,15.5618
1094.9503,462.9812,15.6384,15.5618
1091.8137,463.8994,16.1382,16.0592
1090.4827,463.0755,16.1382,16.0592
1088.7715,459.0825,16.1382,16.0592
1087.6940,455.8501,16.1382,16.0592
1085.9827,453.3782,16.1382,16.0592
1084.5177,449.3768,15.6456,15.5690
1082.6129,446.8575,15.6456,15.5690
1078.8577,445.9277,15.1680,15.0937
1073.4368,445.8681,15.1680,15.0937
1069.8030,444.3789,15.1680,15.0937
1065.0969,442.2939,15.1680,15.0937
1058.9545,443.0604,14.7050,14.6330
1052.4244,444.1549,15.1750,15.1007
1045.9242,442.7812,15.6600,15.5833
1041.9224,442.1017,16.1605,16.0813
1039.9476,444.4416,15.6672,15.5904
1036.9326,444.2570,15.6672,15.5904
1031.3291,441.3620,16.1679,16.0887
1027.1974,438.7555,16.6846,16.6029
1024.1102,434.3565,16.1753,16.0961
1018.3293,430.4814,16.1753,16.0961
1014.9552,427.8684,15.6816,15.6047
1010.6987,426.0742,15.2029,15.1284
1004.1838,422.7824,14.7388,14.6666
1000.8777,421.3276,14.2889,14.2189
995.5402,421.8252,13.8527,13.7849
991.0246,422.3148,13.8527,13.7849
986.6141,421.7137,14.2955,14.2254
982.0626,422.1040,14.7523,14.6801
977.3657,421.5797,15.2238,15.1493
973.2361,419.9625,15.7104,15.6334
969.3447,419.0339,16.2125,16.1331
964.8196,414.7648,16.7306,16.6487
962.6512,409.8367,16.7306,16.6487
959.8184,407.0026,16.2199,16.1405
955.9282,402.4767,16.7383,16.6563
954.6717,398.3265,16.2274,16.1479
952.5641,393.2886,16.7460,16.6640
966.3096,376.1233,16.7460,16.6640
2
0
0
0
0
1
931.8233,349.0863,21.3197,15.3001
930.1176,347.0457,22.0011,15.7891
930.1176,347.0457,22.0011,15.7891
931.0814,347.4164,22.0011,15.7891
932.8259,344.1729,21.3295,15.3071
2
0
0
0
0
1
879.2200,327.1658,26.0000,9.0000
873.6583,326.8215,26.8310,9.2876
866.6772,328.1215,27.6885,9.5845
859.7578,330.7441,28.5734,9.8908
852.3235,331.6878,29.4866,10.2069
846.3354,331.4604,29.4866,10.2069
839.2863,330.6267,29.4866,10.2069
832.3887,329.4897,29.4866,10.2069
825.1715,328.0381,30.4290,10.5331
817.2544,327.4786,31.4015,10.8698
809.1016,330.6267,31.4015,10.8698
801.2718,333.4519,31.4015,10.8698
794.7335,337.7301,31.4015,10.8698
787.0601,339.7525,30.4430,10.5380
780.8729,340.6177,29.5137,10.2163
775.4816,341.1529,28.6128,9.9044
770.7008,341.0794,28.6128,9.9044
771.8041,340.7116,28.6128,9.9044
756.2688,332.9776,29.5272,10.2210
750.2678,328.5035,28.6259,9.9090
744.5971,323.8718,27.7521,9.6065
740.5264,317.9546,26.9050,9.3133
737.1375,311.5226,26.9050,9.3133
732.0887,304.3990,26.9050,9.3133
728.1422,296.3109,26.0837,9.0290
723.1134,289.2707,26.0837,9.0290
718.7552,282.4986,26.0837,9.0290
714.7992,275.9948,26.0837,9.0290
710.1582,271.3581,26.9173,9.3175
705.3839,265.6151,26.9173,9.3175
701.8551,260.2872,26.9173,9.3175
698.0494,258.4190,26.9173,9.3175
694.5056,254.4645,27.7776,9.6153
691.7164,249.6844,26.9297,9.3218
688.1710,247.8048,27.7903,9.6197
684.8134,246.0189,27.7903,9.6197
681.1547,243.0791,28.6785,9.9272
678.7219,241.0886,28.6785,9.9272
675.4045,239.9828,28.6785,9.9272
671.0390,237.2440,29.5951,10.2445
667.7512,234.1133,30.5409,10.5719
663.1023,231.6676,31.5170,10.9097
658.6464,228.8320,31.5170,10.9097
654.4969,225.9841,32.5243,11.2584
647.7196,224.2330,31.5315,10.9147
642.9374,222.6930,31.5315,10.9147
636.3720,222.4498,31.5315,10.9147
630.4500,221.7248,30.5690,10.5816
624.7087,220.8648,29.6359,10.2586
617.7715,224.4495,28.7312,9.9454
610.2961,223.3305,29.6495,10.2633
603.0391,221.5659,30.5971,10.5913
594.6233,219.7569,30.5971,10.5913
587.3086,218.1052,30.5971,10.5913
594.7806,213.1502,30.5971,10.5913
2
0
0
0
0
1
527.9298,211.6947,21.2842,18.2948
521.6235,211.9283,21.2842,18.2948
516.5629,213.0961,21.2842,18.2948
511.5023,213.9526,21.2842,18.2948
506.7531,214.0304,21.2842,18.2948
502.6267,214.7311,21.2842,18.2948
498.3446,215.2761,21.2842,18.2948
494.3874,216.5675,20.6345,17.7363
491.0039,217.9704,20.0046,17.1949
487.4183,218.1899,20.0046,17.1949
484.2718,220.1656,20.0046,17.1949
481.1252,221.7023,20.0046,17.1949
478.2714,224.4098,20.0046,17.1949
475.5639,226.9709,20.0046,17.1949
472.9758,231.3061,20.6439,17.7445
470.3329,234.7043,20.6439,17.7445
467.0858,237.0452,20.6439,17.7445
465.7742,240.6128,21.3037,18.3116
464.2936,244.1196,21.3037,18.3116
462.1895,248.7173,21.3037,18.3116
460.6802,252.0872,21.9846,18.8968
459.7956,255.7060,21.9846,18.8968
458.5893,258.3598,21.9846,18.8968
457.8656,261.0136,21.9846,18.8968
457.9460,262.7024,21.9846,18.8968
458.2011,265.6446,21.3135,18.3200
456.8757,268.5292,21.3135,18.3200
457.1096,272.3494,21.3135,18.3200
458.1366,276.4492,20.6629,17.7608
460.1773,280.4551,20.6629,17.7608
460.7064,284.4610,20.6629,17.7608
463.0625,288.2845,20.0322,17.2186
464.0278,290.3792,19.4207,16.6930
466.2300,292.4393,19.4207,16.6930
467.5797,295.0678,19.4207,16.6930
469.3557,297.4121,19.4207,16.6930
471.8543,301.2899,18.8278,16.1834
473.4130,302.2021,19.4296,16.7007
475.2020,304.5180,18.8365,16.1909
476.6490,305.6894,18.8365,16.1909
476.8557,308.2388,18.8365,16.1909
478.0270,310.6503,18.8365,16.1909
478.5212,315.7895,18.2615,15.6966
473.0859,319.0790,18.8451,16.1983
478.2305,320.2678,19.4474,16.7160
469.4544,324.9091,20.0690,17.2502
467.0048,321.9173,20.7104,17.8016
470.8815,320.4466,20.0782,17.2582
470.8207,321.8116,19.4653,16.7314
470.5809,323.7516,20.0874,17.2661
472.3907,329.1335,20.7294,17.8179
461.4090,322.2019,20.0966,17.2740
460.6130,322.8331,19.4832,16.7467
457.9884,323.4450,18.8884,16.2355
454.8793,323.9287,18.8884,16.2355
451.8828,324.1529,19.4921,16.7544
449.1021,326.2206,19.4921,16.7544
448.6153,328.6866,18.8971,16.2430
445.5047,328.0645,18.8971,16.2430
445.1591,329.1014,18.8971,16.2430
442.7397,328.4792,18.8971,16.2430
441.7029,329.7926,18.8971,16.2430
441.2310,331.4921,18.3203,15.7472
441.5413,330.1013,18.9058,16.2504
442.3140,330.4184,18.3287,15.7544
442.9174,330.6196,18.3287,15.7544
442.8256,331.1053,18.9145,16.2579
445.6623,332.8350,18.9145,16.2579
447.6687,333.8728,18.9145,16.2579
448.4417,333.2215,18.3371,15.7616
449.8503,333.4227,18.3371,15.7616
449.5265,333.9987,17.7773,15.2805
450.5132,335.4674,17.2347,14.8140
449.0632,337.6740,17.2347,14.8140
445.9741,339.5022,17.2347,14.8140
441.8871,340.1696,16.7086,14.3618
438.2811,340.2307,16.7086,14.3618
432.5746,339.5734,17.2426,14.8209
427.4766,339.9888,16.7163,14.3684
421.5228,339.2089,17.2505,14.8277
415.9177,337.8577,16.7239,14.3750
410.5955,335.5942,16.7239,14.3750
405.0286,333.0860,16.7239,14.3750
399.3394,330.2108,16.7239,14.3750
393.0158,326.1271,17.2584,14.8345
386.7660,321.8974,17.2584,14.8345
381.7896,319.2830,16.7316,14.3816
376.8322,316.8960,16.7316,14.3816
373.0988,313.0403,16.7316,14.3816
368.8758,309.9189,16.7316,14.3816
365.1424,307.1648,16.7316,14.3816
362.1435,304.4106,16.7316,14.3816
359.7671,300.8968,16.2209,13.9426
358.8873,298.7955,15.7257,13.5170
356.5289,295.7468,15.7257,13.5170
355.0908,293.1582,15.7257,13.5170
353.7776,291.6964,15.2457,13.1044
