0.20173
0.2307
0.065243
0.038506
0.047012
0.041616
0.035489
0.03204
0.031976
0.03173
0.031761
0.031942
0.031388
0.031294
0.031706
0.031264
0.031349
0.031271
0.031817
0.031452
0.031481
0.031537
0.031962
0.031311
0.031307
0.031289
0.031296
0.031289
0.031606
0.031114
0.031246
0.031675
0.031501
0.031503
0.031294
0.031365
0.032068
0.031819
0.031355
0.031255
0.031975
0.031926
0.032097
0.031187
0.031777
0.03127
0.031334
0.031111
0.031164
0.031545
0.031197
0.031142
0.031233
0.031491
0.031499
0.031219
0.031153
0.031208
0.031289
0.031128
0.031175
0.031216
0.031064
0.031576
0.031358
0.031299
0.031227
0.03122
0.031182
0.031193
0.031201
0.031197
0.031288
0.031328
0.03119
0.03123
0.072233
0.032405
0.031411
0.030994
0.03097
0.030979
0.030997
0.030973
0.030945
0.030935
0.030908
0.030999
0.030979
0.030913
0.030892
0.030939
0.031028
0.03086
0.030831
0.030862
0.030792
0.031001
0.03094
0.030933
0.031526
0.031503
0.03092
0.031045
0.030917
0.030947
0.030985
0.033097
0.032651
0.032571
0.032462
0.038462
0.043424
0.036748
0.043479
0.035189
0.036081
0.035293
0.031929
0.032576
0.032438
0.032482
0.030886
0.031155
0.031222
0.031791
0.031753
0.03178
0.031818
0.031651
0.031175
0.031044
0.031027
0.03105
0.031005
0.03113
0.031194
0.031018
0.031194
0.03114
0.031215
0.031146
0.02985
0.031201
0.031182
0.031227
0.031155
0.031234
0.031182
0.031248
0.031207
0.031138
0.03107
0.033531
0.031276
0.031145
0.031163
0.031861
0.031987
0.032006
0.031937
0.031958
0.031929
0.031708
0.031395
0.033415
0.03137
0.031298
0.032067
0.031426
0.033421
0.031293
0.031371
0.031419
0.03131
0.031446
0.031362
0.031552
0.031517
0.031676
0.031378
NaN
NaN
NaN
NaN
0.24058
0.23174
0.065496
0.080258
NaN
0.052496
0.041812
NaN
NaN
NaN
NaN
0.20944
0.23203
0.066785
0.040393
0.049277
0.043694
0.036921
0.033532
0.033306
0.033015
0.033075
0.033647
0.03276
0.032833
0.032417
0.032305
0.032154
0.032645
0.032187
0.032362
0.032306
0.032504
0.032199
0.032314
0.032294
0.032348
0.032115
0.032631
0.03227
0.03237
0.032204
0.032656
0.032313
0.032456
0.032543
0.032324
0.032259
0.032488
0.0322
0.03232
0.032835
0.07357
0.034781
0.032397
0.032927
0.032424
0.032397
0.032267
0.032429
0.032256
0.037289
0.032356
0.041635
0.032512
0.032233
0.032246
0.032239
NaN
NaN
NaN
NaN
0.20814
0.23018
0.066094
0.03969
0.045727
0.042371
0.036206
0.03259
0.032827
0.03285
0.074053
0.039051
0.041497
0.035511
0.043728
0.035068
0.032625
0.032527
0.032563
0.032634
0.032882
0.032659
0.033517
0.032499
0.03209
0.032161
0.032215
0.032624
0.032102
0.03202
0.031782
0.032344
0.031982
0.034197
0.032192
0.032266
0.032013
0.032327
0.032526
0.032205
0.032574
0.032219
0.032683
0.032019
0.032579
0.031767
0.031918
0.032241
0.031739
0.031795
0.03176
0.031757
0.031766
0.031962
0.031731
0.031819
0.031736
0.03176
0.031761
0.031783
0.031672
0.031762
0.03194
0.031953
0.031884
0.031986
0.031817
0.031859
0.03191
0.031749
0.031904
0.031849
0.031693
0.031734
0.031837
0.031492
0.031792
0.031682
0.031781
0.031517
0.031638
0.031506
0.031517
0.03171
0.03163
0.031601
0.031838
0.031568
0.031626
0.031524
0.031434
0.031583
0.031695
0.031524
0.032249
0.033747
0.034487
0.033676
