0.20261,0.20294,0.20656,0,0,0,0,0,0,0,0,0,0,0,0
0.23312,0.23399,0.23249,0,0,0,0,0,0,0,0,0,0,0,0
0.068294,0.067502,0.068423,0,0,0,0,0,0,0,0,0,0,0,0
0.036685,0.03751,0.038679,0,0,0,0,0,0,0,0,0,0,0,0
0.048261,0.045175,0.046318,0,0,0,0,0,0,0,0,0,0,0,0
0.045826,0.044597,0.045471,0,0,0,0,0,0,0,0,0,0,0,0
0.038732,0.037822,0.039051,0,0,0,0,0,0,0,0,0,0,0,0
0.034596,0.03387,0.034857,0,0,0,0,0,0,0,0,0,0,0,0
0.034658,0.034132,0.035053,0,0,0,0,0,0,0,0,0,0,0,0
0.035172,0.034583,0.035717,0,0,0,0,0,0,0,0,0,0,0,0
0.036168,0.035578,0.036476,0,0,0,0,0,0,0,0,0,0,0,0
0.034838,0.03436,0.035201,0,0,0,0,0,0,0,0,0,0,0,0
0.035481,0.034701,0.035727,0,0,0,0,0,0,0,0,0,0,0,0
0.035234,0.034761,0.035741,0,0,0,0,0,0,0,0,0,0,0,0
0.03569,0.035036,0.035377,0,0,0,0,0,0,0,0,0,0,0,0
0.03542,0.034876,0.035058,0,0,0,0,0,0,0,0,0,0,0,0
0.035524,0.034806,0.035002,0,0,0,0,0,0,0,0,0,0,0,0
0.035084,0.03489,0.035197,0,0,0,0,0,0,0,0,0,0,0,0
0.034509,0.034624,0.034916,0,0,0,0,0,0,0,0,0,0,0,0
0.034164,0.03426,0.03454,0,0,0,0,0,0,0,0,0,0,0,0
0.034259,0.034341,0.034691,0,0,0,0,0,0,0,0,0,0,0,0
0.034763,0.034877,0.034976,0,0,0,0,0,0,0,0,0,0,0,0
0.034422,0.034525,0.034697,0,0,0,0,0,0,0,0,0,0,0,0
0.034865,0.034977,0.035015,0,0,0,0,0,0,0,0,0,0,0,0
0.034789,0.034956,0.035224,0,0,0,0,0,0,0,0,0,0,0,0
0.033197,0.03349,0.033623,0,0,0,0,0,0,0,0,0,0,0,0
0.033397,0.033524,0.033742,0,0,0,0,0,0,0,0,0,0,0,0
0.033472,0.033459,0.033717,0,0,0,0,0,0,0,0,0,0,0,0
0.033312,0.033368,0.033745,0,0,0,0,0,0,0,0,0,0,0,0
0.032872,0.032785,0.032949,0,0,0,0,0,0,0,0,0,0,0,0
0.033278,0.033443,0.03365,0,0,0,0,0,0,0,0,0,0,0,0
0.033552,0.03358,0.033887,0,0,0,0,0,0,0,0,0,0,0,0
0.033379,0.03339,0.040172,0,0,0,0,0,0,0,0,0,0,0,0
0.033445,0.033495,0.036818,0,0,0,0,0,0,0,0,0,0,0,0
0.033337,0.033476,0.033513,0,0,0,0,0,0,0,0,0,0,0,0
0.033298,0.033438,0.033474,0,0,0,0,0,0,0,0,0,0,0,0
0.033346,0.03335,0.033431,0,0,0,0,0,0,0,0,0,0,0,0
0.033441,0.033672,0.034863,0,0,0,0,0,0,0,0,0,0,0,0
0.033602,0.033404,0.042553,0,0,0,0,0,0,0,0,0,0,0,0
0.032067,0.032205,0.034584,0,0,0,0,0,0,0,0,0,0,0,0
0.032687,0.03279,0.03294,0,0,0,0,0,0,0,0,0,0,0,0
0.03241,0.032404,0.032592,0,0,0,0,0,0,0,0,0,0,0,0
0.032938,0.032982,0.033127,0,0,0,0,0,0,0,0,0,0,0,0
0.032322,0.032294,0.034003,0,0,0,0,0,0,0,0,0,0,0,0
0.032672,0.032785,0.0415,0,0,0,0,0,0,0,0,0,0,0,0
0.031907,0.032116,0.038703,0,0,0,0,0,0,0,0,0,0,0,0
0.032364,0.031965,0.034884,0,0,0,0,0,0,0,0,0,0,0,0
0.032018,0.032233,0.032248,0,0,0,0,0,0,0,0,0,0,0,0
0.031437,0.031954,0.032133,0,0,0,0,0,0,0,0,0,0,0,0
0.031496,0.032029,0.032104,0,0,0,0,0,0,0,0,0,0,0,0
0.031809,0.032152,0.032273,0,0,0,0,0,0,0,0,0,0,0,0
0.031393,0.031975,0.031889,0,0,0,0,0,0,0,0,0,0,0,0
0.031627,0.032124,0.032105,0,0,0,0,0,0,0,0,0,0,0,0
0.031544,0.032126,0.032012,0,0,0,0,0,0,0,0,0,0,0,0
0.031404,0.031854,0.032063,0,0,0,0,0,0,0,0,0,0,0,0
0.031441,0.032032,0.032095,0,0,0,0,0,0,0,0,0,0,0,0
0.031418,0.031969,0.032105,0,0,0,0,0,0,0,0,0,0,0,0
NaN,NaN,NaN,0,0,0,0,0,0,0,0,0,0,0,0
NaN,NaN,NaN,0,0,0,0,0,0,0,0,0,0,0,0
NaN,NaN,NaN,0,0,0,0,0,0,0,0,0,0,0,0
NaN,NaN,NaN,0,0,0,0,0,0,0,0,0,0,0,0
0.20115,0.20849,0.19943,0,0,0,0,0,0,0,0,0,0,0,0
0.23019,0.23061,0.23058,0,0,0,0,0,0,0,0,0,0,0,0
0.064747,0.065495,0.065557,0,0,0,0,0,0,0,0,0,0,0,0
0.039654,0.038544,0.03891,0,0,0,0,0,0,0,0,0,0,0,0
0.047072,0.047404,0.047684,0,0,0,0,0,0,0,0,0,0,0,0
0.041217,0.04176,0.041483,0,0,0,0,0,0,0,0,0,0,0,0
0.035306,0.036035,0.03578,0,0,0,0,0,0,0,0,0,0,0,0
0.031954,0.032483,0.03213,0,0,0,0,0,0,0,0,0,0,0,0
0.031986,0.032509,0.032388,0,0,0,0,0,0,0,0,0,0,0,0
0.031784,0.03227,0.031885,0,0,0,0,0,0,0,0,0,0,0,0
0.031587,0.032254,0.031892,0,0,0,0,0,0,0,0,0,0,0,0
0.031616,0.032145,0.032,0,0,0,0,0,0,0,0,0,0,0,0
0.031661,0.032136,0.031763,0,0,0,0,0,0,0,0,0,0,0,0
0.032318,0.032676,0.032463,0,0,0,0,0,0,0,0,0,0,0,0
0.032425,0.032806,0.032341,0,0,0,0,0,0,0,0,0,0,0,0
0.031419,0.03205,0.031791,0,0,0,0,0,0,0,0,0,0,0,0
0.031433,0.032039,0.031726,0,0,0,0,0,0,0,0,0,0,0,0
0.031512,0.032071,0.031671,0,0,0,0,0,0,0,0,0,0,0,0
0.031322,0.032054,0.031747,0,0,0,0,0,0,0,0,0,0,0,0
0.031416,0.032266,0.031781,0,0,0,0,0,0,0,0,0,0,0,0
0.031418,0.032207,0.031765,0,0,0,0,0,0,0,0,0,0,0,0
0.03176,0.032376,0.032207,0,0,0,0,0,0,0,0,0,0,0,0
0.031684,0.032426,0.032181,0,0,0,0,0,0,0,0,0,0,0,0
0.031419,0.032195,0.031895,0,0,0,0,0,0,0,0,0,0,0,0
0.031497,0.032133,0.03174,0,0,0,0,0,0,0,0,0,0,0,0
0.031463,0.032105,0.031775,0,0,0,0,0,0,0,0,0,0,0,0
0.03137,0.03217,0.032016,0,0,0,0,0,0,0,0,0,0,0,0
0.031576,0.032174,0.031581,0,0,0,0,0,0,0,0,0,0,0,0
0.031365,0.032182,0.031536,0,0,0,0,0,0,0,0,0,0,0,0
0.031586,0.032173,0.031409,0,0,0,0,0,0,0,0,0,0,0,0
0.031524,0.02999,0.031426,0,0,0,0,0,0,0,0,0,0,0,0
0.032347,0.032632,0.031863,0,0,0,0,0,0,0,0,0,0,0,0
0.029804,0.032733,0.031962,0,0,0,0,0,0,0,0,0,0,0,0
0.031912,0.032536,0.03187,0,0,0,0,0,0,0,0,0,0,0,0
0.031902,0.032502,0.029628,0,0,0,0,0,0,0,0,0,0,0,0
0.031621,0.032155,0.031442,0,0,0,0,0,0,0,0,0,0,0,0
0.031464,0.032315,0.031497,0,0,0,0,0,0,0,0,0,0,0,0
0.072496,0.073786,0.072587,0,0,0,0,0,0,0,0,0,0,0,0
0.033512,0.03406,0.033717,0,0,0,0,0,0,0,0,0,0,0,0
0.031979,0.032484,0.03217,0,0,0,0,0,0,0,0,0,0,0,0
0.032257,0.032791,0.032675,0,0,0,0,0,0,0,0,0,0,0,0
0.032208,0.032857,0.03267,0,0,0,0,0,0,0,0,0,0,0,0
0.032307,0.033087,0.032731,0,0,0,0,0,0,0,0,0,0,0,0
0.031719,0.032349,0.031981,0,0,0,0,0,0,0,0,0,0,0,0
0.032287,0.03279,0.032544,0,0,0,0,0,0,0,0,0,0,0,0
0.031732,0.032238,0.031926,0,0,0,0,0,0,0,0,0,0,0,0
0.031624,0.032197,0.032039,0,0,0,0,0,0,0,0,0,0,0,0
0.031522,0.032123,0.031806,0,0,0,0,0,0,0,0,0,0,0,0
0.031959,0.032158,0.031882,0,0,0,0,0,0,0,0,0,0,0,0
0.031616,0.032251,0.031941,0,0,0,0,0,0,0,0,0,0,0,0
0.03143,0.031903,0.031751,0,0,0,0,0,0,0,0,0,0,0,0
0.031572,0.032147,0.031821,0,0,0,0,0,0,0,0,0,0,0,0
0.031682,0.032202,0.031861,0,0,0,0,0,0,0,0,0,0,0,0
0.031695,0.032238,0.031909,0,0,0,0,0,0,0,0,0,0,0,0
0.031506,0.031925,0.031794,0,0,0,0,0,0,0,0,0,0,0,0
0.031571,0.032171,0.031998,0,0,0,0,0,0,0,0,0,0,0,0
0.031576,0.032117,0.031828,0,0,0,0,0,0,0,0,0,0,0,0
0.031596,0.032219,0.031733,0,0,0,0,0,0,0,0,0,0,0,0
0.031682,0.032065,0.031865,0,0,0,0,0,0,0,0,0,0,0,0
0.031577,0.032086,0.031693,0,0,0,0,0,0,0,0,0,0,0,0
0.031531,0.032172,0.031775,0,0,0,0,0,0,0,0,0,0,0,0
0.03202,0.031962,0.031814,0,0,0,0,0,0,0,0,0,0,0,0
0.031592,0.032055,0.031895,0,0,0,0,0,0,0,0,0,0,0,0
0.031749,0.032289,0.031906,0,0,0,0,0,0,0,0,0,0,0,0
0.031476,0.032136,0.031849,0,0,0,0,0,0,0,0,0,0,0,0
0.0312,0.031863,0.031604,0,0,0,0,0,0,0,0,0,0,0,0
0.031635,0.031967,0.03178,0,0,0,0,0,0,0,0,0,0,0,0
0.031803,0.032079,0.031814,0,0,0,0,0,0,0,0,0,0,0,0
0.031629,0.031979,0.031751,0,0,0,0,0,0,0,0,0,0,0,0
0.031466,0.031964,0.031677,0,0,0,0,0,0,0,0,0,0,0,0
0.031429,0.032105,0.031818,0,0,0,0,0,0,0,0,0,0,0,0
0.03153,0.032024,0.031694,0,0,0,0,0,0,0,0,0,0,0,0
0.031763,0.03206,0.031871,0,0,0,0,0,0,0,0,0,0,0,0
0.031693,0.032054,0.031673,0,0,0,0,0,0,0,0,0,0,0,0
0.031495,0.032091,0.031795,0,0,0,0,0,0,0,0,0,0,0,0
0.031583,0.03204,0.031721,0,0,0,0,0,0,0,0,0,0,0,0
0.03152,0.032044,0.031622,0,0,0,0,0,0,0,0,0,0,0,0
0.031344,0.031857,0.03176,0,0,0,0,0,0,0,0,0,0,0,0
0.031436,0.031863,0.031709,0,0,0,0,0,0,0,0,0,0,0,0
0.031346,0.031962,0.031481,0,0,0,0,0,0,0,0,0,0,0,0
0.031208,0.031708,0.03136,0,0,0,0,0,0,0,0,0,0,0,0
0.031327,0.031741,0.031599,0,0,0,0,0,0,0,0,0,0,0,0
0.031481,0.031835,0.031546,0,0,0,0,0,0,0,0,0,0,0,0
0.031581,0.031976,0.031684,0,0,0,0,0,0,0,0,0,0,0,0
0.031424,0.031836,0.031613,0,0,0,0,0,0,0,0,0,0,0,0
0.031395,0.03192,0.031712,0,0,0,0,0,0,0,0,0,0,0,0
