1
592.9688,200.7317,42.4736,38.3462
591.5374,199.6184,42.4736,38.3462
589.1517,198.1870,42.4736,38.3462
587.0842,197.3918,42.4736,38.3462
585.0166,195.6424,42.4736,38.3462
582.9491,194.8471,42.4736,38.3462
581.5177,194.6881,42.4736,38.3462
582.6309,195.8014,42.4736,38.3462
584.6985,197.5509,42.4736,38.3462
580.1035,203.8919,43.4133,39.1946
575.3892,209.5816,43.4133,39.1946
572.8751,212.0364,42.4875,38.3587
570.7212,214.7455,41.5815,37.5407
568.9135,217.0968,40.6947,36.7402
567.7318,218.5166,39.8269,35.9567
565.8987,218.5830,40.7081,36.7522
564.5268,218.7355,40.7081,36.7522
563.6021,219.1196,41.6087,37.5653
562.3335,219.5123,42.5293,38.3965
562.3587,219.5832,43.4703,39.2460
561.5449,219.0949,43.4703,39.2460
562.3587,218.9321,43.4703,39.2460
561.2193,217.4671,43.4703,39.2460
560.4055,215.6766,43.4703,39.2460
559.7557,215.0736,44.4321,40.1143
558.9239,213.9090,44.4321,40.1143
558.7575,213.4098,44.4321,40.1143
558.2583,212.9107,44.4321,40.1143
558.0919,213.0771,44.4321,40.1143
557.5928,212.2452,44.4321,40.1143
556.7610,211.4133,44.4321,40.1143
556.2618,210.9142,44.4321,40.1143
555.9429,209.6074,45.4151,41.0018
555.0926,209.0972,45.4151,41.0018
555.8252,207.4086,46.4199,41.9090
554.8124,206.6827,45.4300,41.0153
551.2400,183.7175,45.4300,41.0153
549.0285,181.5060,45.4300,41.0153
547.8377,181.3359,45.4300,41.0153
546.9871,182.1865,45.4300,41.0153
546.8170,182.6968,45.4300,41.0153
545.9664,183.5474,45.4300,41.0153
545.7963,184.0577,45.4300,41.0153
544.9458,183.8876,45.4300,41.0153
545.1159,184.7381,45.4300,41.0153
544.9458,184.9083,45.4300,41.0153
544.4354,185.0784,45.4300,41.0153
545.2860,184.9083,45.4300,41.0153
545.1159,185.7588,45.4300,41.0153
545.2860,186.2691,45.4300,41.0153
546.1366,186.4392,45.4300,41.0153
546.9872,187.2898,45.4300,41.0153
547.8378,187.8001,45.4300,41.0153
548.6884,188.6507,45.4300,41.0153
550.8999,189.5012,45.4300,41.0153
554.1320,191.3725,45.4300,41.0153
556.3435,197.6666,45.4300,41.0153
553.1113,204.9815,45.4300,41.0153
550.8999,208.5538,45.4300,41.0153
548.6884,210.7653,45.4300,41.0153
549.5390,212.6365,45.4300,41.0153
551.0700,214.8480,45.4300,41.0153
552.7021,217.7448,44.4612,40.1406
554.2005,219.9091,44.4612,40.1406
556.7606,221.7813,43.5131,39.2846
558.9521,223.9276,42.5851,38.4468
561.3440,224.7249,42.5851,38.4468
564.1035,226.2108,41.6770,37.6270
566.8041,227.3640,40.7882,36.8246
569.4472,228.7872,39.9184,36.0393
571.3904,229.8335,39.9184,36.0393
573.3336,230.5809,39.9184,36.0393
575.0558,231.3974,39.0671,35.2707
576.9576,232.1288,39.0671,35.2707
578.5667,232.8602,39.0671,35.2707
580.1758,233.2991,39.0671,35.2707
582.0776,233.4454,39.0671,35.2707
583.9220,233.2070,39.9315,36.0511
585.1867,233.2735,40.8150,36.8487
586.5622,233.4264,40.8150,36.8487
588.2433,233.5792,40.8150,36.8487
589.6188,233.7320,40.8150,36.8487
591.3000,233.8849,40.8150,36.8487
592.6755,234.3434,40.8150,36.8487
594.3566,234.8019,40.8150,36.8487
595.7321,235.2604,40.8150,36.8487
597.1076,235.7188,40.8150,36.8487
598.1774,236.1773,40.8150,36.8487
599.2472,236.3302,40.8150,36.8487
600.0114,236.7887,40.8150,36.8487
600.6698,237.1739,41.7180,37.6640
598.4255,236.2710,42.6410,38.4973
598.7821,235.3481,43.5845,39.3491
599.2717,235.8378,43.5845,39.3491
599.2976,235.5718,44.5488,40.2197
599.6701,234.6076,45.5344,41.1095
600.0509,233.9760,46.5419,42.0191
600.2251,233.8017,46.5419,42.0191
601.0965,233.9760,46.5419,42.0191
599.8766,233.4531,46.5419,42.0191
600.9890,232.8075,47.5716,42.9487
602.4957,231.4083,48.6241,43.8990
604.4135,229.9782,49.6999,44.8702
608.3045,230.4472,50.7995,45.8630
612.2816,229.3478,51.9235,46.8777
614.4203,221.7651,51.9235,46.8777
615.0035,213.7936,51.9235,46.8777
612.4760,211.6549,51.9235,46.8777
611.5039,211.8493,51.9235,46.8777
609.6213,210.2878,50.8162,45.8780
607.7789,210.9604,49.7325,44.8997
607.0528,209.4647,48.6720,43.9422
605.2881,209.0549,47.6340,43.0051
603.6828,209.2333,47.6340,43.0051
602.0775,207.9847,47.6340,43.0051
599.4021,208.8766,47.6340,43.0051
597.6750,207.1002,46.6182,42.0880
596.1040,207.9730,46.6182,42.0880
593.9583,208.0507,47.6496,43.0192
592.5056,208.1301,48.7039,43.9710
590.1348,206.4888,48.7039,43.9710
588.8581,207.0359,48.7039,43.9710
587.2168,205.0298,48.7039,43.9710
585.3535,205.1110,49.7814,44.9439
583.6759,203.4334,49.7814,44.9439
582.5897,204.4516,48.7198,43.9854
584.9612,204.9989,48.7198,43.9854
584.2499,208.1054,47.6809,43.0474
576.9297,215.0685,47.6809,43.0474
573.5374,217.0325,47.6809,43.0474
571.5735,218.2822,47.6809,43.0474
569.8448,220.6342,46.6641,42.1294
567.4792,226.9780,45.6689,41.2310
565.4938,232.8569,44.6950,40.3517
563.5507,235.3842,43.7419,39.4912
561.9648,237.2261,42.8091,38.6491
563.4075,238.9894,42.8091,38.6491
561.9648,244.9205,42.8091,38.6491
563.1938,251.6673,41.8962,37.8249
2
0
0
0
0
1
572.0741,201.5708,45.6885,50.0150
573.3925,201.3825,45.6885,50.0150
574.7110,201.9475,45.6885,50.0150
574.8993,201.3825,45.6885,50.0150
576.2177,201.5708,45.6885,50.0150
577.1595,200.6291,45.6885,50.0150
578.4779,200.4407,45.6885,50.0150
579.7963,201.0058,45.6885,50.0150
580.7380,200.0640,45.6885,50.0150
581.9912,198.9245,46.6994,51.1216
583.3388,199.5020,46.6994,51.1216
580.8362,201.2346,46.6994,51.1216
582.5166,200.4694,47.7326,52.2526
584.2342,199.2789,48.7887,53.4087
586.0444,200.2845,48.7887,53.4087
587.3826,199.9023,49.8682,54.5904
589.6439,199.2856,49.8682,54.5904
591.4941,197.8466,49.8682,54.5904
593.3442,198.8745,49.8682,54.5904
594.3721,199.4912,49.8682,54.5904
595.4000,199.6968,49.8682,54.5904
597.2502,198.6689,49.8682,54.5904
597.8669,198.8745,49.8682,54.5904
596.0167,200.7246,49.8682,54.5904
596.7466,203.0900,48.8047,53.4262
598.1549,203.2912,48.8047,53.4262
597.3179,204.4426,47.7639,52.2869
596.7272,205.8209,47.7639,52.2869
618.8743,202.5868,48.8207,53.4437
612.6965,198.4459,49.9009,54.6262
609.3700,196.7745,51.0049,55.8348
612.9444,195.7232,51.0049,55.8348
609.3700,195.9335,51.0049,55.8348
605.7956,197.4053,51.0049,55.8348
607.2674,197.6155,51.0049,55.8348
605.7956,197.4053,51.0049,55.8348
607.2674,197.6155,51.0049,55.8348
605.3751,197.4053,51.0049,55.8348
606.7742,197.0057,52.1334,57.0701
608.2786,195.9312,52.1334,57.0701
606.3444,197.0057,52.1334,57.0701
605.8645,198.6500,51.0217,55.8531
609.4495,201.4755,49.9336,54.6620
614.9420,203.8440,48.8688,53.4963
617.5990,204.9969,47.8266,52.3555
617.4018,205.9827,47.8266,52.3555
616.8103,206.1799,47.8266,52.3555
616.2188,206.3771,47.8266,52.3555
615.7787,206.3652,46.8067,51.2390
614.4280,207.3300,46.8067,51.2390
613.4632,207.5229,46.8067,51.2390
612.8843,206.5582,46.8067,51.2390
612.4535,208.0344,45.8085,50.1463
611.1316,207.8456,45.8085,50.1463
610.1874,208.4121,45.8085,50.1463
609.2432,207.4679,45.8085,50.1463
608.6767,208.0344,45.8085,50.1463
608.4878,208.2232,45.8085,50.1463
607.5436,208.0344,45.8085,50.1463
606.9771,208.2232,45.8085,50.1463
606.7882,207.6567,45.8085,50.1463
605.8440,206.3348,45.8085,50.1463
604.8998,206.1460,45.8085,50.1463
603.9556,206.3348,45.8085,50.1463
603.0114,206.5237,45.8085,50.1463
602.0672,207.0902,45.8085,50.1463
601.1230,206.5237,45.8085,50.1463
599.8011,207.0902,45.8085,50.1463
599.2345,207.2790,45.8085,50.1463
598.2903,206.7125,45.8085,50.1463
597.3461,207.6567,45.8085,50.1463
596.7796,208.6009,45.8085,50.1463
596.5907,208.4121,45.8085,50.1463
596.0242,207.8456,45.8085,50.1463
595.8354,208.7898,45.8085,50.1463
595.6465,209.3563,45.8085,50.1463
595.4577,209.1674,45.8085,50.1463
595.6465,208.6009,45.8085,50.1463
596.5907,209.5451,45.8085,50.1463
598.2903,210.8670,45.8085,50.1463
599.6122,212.5665,45.8085,50.1463
601.6894,214.2661,45.8085,50.1463
601.9958,217.1670,44.8316,49.0769
601.8110,219.1999,44.8316,49.0769
601.7546,222.7514,43.8756,48.0304
600.6534,226.2272,42.9399,47.0061
598.3522,228.1744,42.9399,47.0061
596.7590,230.1216,42.9399,47.0061
593.0417,232.4227,42.9399,47.0061
590.0325,234.7239,42.9399,47.0061
586.3152,237.3791,42.9399,47.0061
582.5980,238.6182,42.9399,47.0061
578.1726,237.7332,42.9399,47.0061
574.4553,238.6182,42.9399,47.0061
570.7380,238.7952,42.9399,47.0061
566.3127,237.9102,42.9399,47.0061
562.1639,238.5820,42.0242,46.0037
557.1400,239.1017,42.0242,46.0037
552.1161,238.5820,42.0242,46.0037
548.0558,240.2414,41.1281,45.0226
543.4781,241.7673,41.1281,45.0226
537.8831,243.6323,41.1281,45.0226
533.9836,245.4973,41.1281,45.0226
529.0668,247.3622,41.1281,45.0226
524.1500,249.2272,41.1281,45.0226
519.2332,251.4313,41.1281,45.0226
514.3163,253.2963,41.1281,45.0226
509.0605,255.1613,41.1281,45.0226
503.8046,257.0263,41.1281,45.0226
498.5488,258.8913,41.1281,45.0226
493.6320,260.4172,41.1281,45.0226
489.3933,262.2822,41.1281,45.0226
485.8329,263.4690,41.1281,45.0226
481.2552,264.6558,41.1281,45.0226
478.3730,265.1644,41.1281,45.0226
475.4907,266.3512,41.1281,45.0226
471.5912,267.1989,41.1281,45.0226
468.3698,268.0466,41.1281,45.0226
465.8266,267.5380,41.1281,45.0226
461.5880,266.6903,41.1281,45.0226
459.0448,267.5380,41.1281,45.0226
457.5189,268.0466,41.1281,45.0226
455.6539,269.2334,41.1281,45.0226
454.4671,268.7248,41.1281,45.0226
452.9412,266.8598,41.1281,45.0226
452.0935,265.3339,41.1281,45.0226
450.9067,263.8080,41.1281,45.0226
449.7199,262.6212,41.1281,45.0226
448.5331,261.7735,41.1281,45.0226
447.6854,261.6039,41.1281,45.0226
447.1768,261.7735,41.1281,45.0226
447.3463,262.2821,41.1281,45.0226
447.5159,263.1298,41.1281,45.0226
447.0072,263.9775,41.1281,45.0226
447.5159,264.8253,41.1281,45.0226
448.1178,266.1224,40.2510,44.0625
449.6665,267.3919,39.3926,43.1229
452.7519,268.2038,39.3926,43.1229
455.5126,268.6910,39.3926,43.1229
456.3245,269.8277,39.3926,43.1229
456.4869,270.3149,39.3926,43.1229
455.9997,271.4516,39.3926,43.1229
454.7215,271.4800,40.2642,44.0770
454.3509,270.1902,39.4055,43.1370
453.2138,268.4033,39.4055,43.1370
452.0767,267.5910,39.4055,43.1370
450.9396,268.0784,39.4055,43.1370
449.1527,268.2408,39.4055,43.1370
448.0156,269.3779,39.4055,43.1370
446.4003,270.6208,38.5652,42.2171
444.8195,272.4500,37.7428,41.3168
443.5948,273.4457,38.5779,42.2309
442.6266,274.3559,37.7552,41.3304
440.6033,275.1341,37.7552,41.3304
438.5800,275.9123,37.7552,41.3304
437.1792,276.3792,37.7552,41.3304
436.5317,277.8700,36.9500,40.4490
436.0747,278.3270,36.9500,40.4490
437.4964,279.4923,36.1621,39.5864
438.5399,279.9395,36.1621,39.5864
439.8816,279.1942,36.1621,39.5864
440.8735,277.9829,36.9621,40.4622
441.9401,278.1353,36.9621,40.4622
443.0067,278.5924,36.9621,40.4622
444.0206,278.3029,37.7799,41.3575
445.7337,278.7701,37.7799,41.3575
446.8239,278.3029,37.7799,41.3575
448.8486,278.4586,37.7799,41.3575
452.4038,279.9504,36.9743,40.4755
454.6901,280.1028,36.9743,40.4755
454.9374,279.5060,36.1858,39.6124
453.4538,277.9845,36.9864,40.4888
452.2537,275.7965,37.8047,41.3846
450.7036,273.2367,38.6411,42.3002
450.2258,271.8031,38.6411,42.3002
449.7479,270.6880,38.6411,42.3002
449.1552,268.4021,39.4961,43.2361
448.8872,265.7279,40.3699,44.1927
448.7207,262.8987,40.3699,44.1927
448.5543,260.7353,40.3699,44.1927
449.6617,260.7644,41.2631,45.1705
451.5328,261.6149,41.2631,45.1705
453.4039,262.4654,41.2631,45.1705
454.9349,262.9757,41.2631,45.1705
456.8060,263.1458,41.2631,45.1705
459.3575,261.9551,41.2631,45.1705
461.1953,261.9848,42.1761,46.1699
462.7601,261.4632,42.1761,46.1699
465.3680,260.5939,42.1761,46.1699
467.6283,261.1155,42.1761,46.1699
469.9214,261.4402,41.2766,45.1853
469.4109,259.9088,41.2766,45.1853
470.9423,259.0580,41.2766,45.1853
472.4737,259.5685,41.2766,45.1853
475.3739,259.2302,40.3964,44.2217
478.5333,259.2202,39.5349,43.2787
482.8820,259.5246,38.6918,42.3557
486.5506,259.0461,38.6918,42.3557
490.2191,256.9726,38.6918,42.3557
493.5687,255.5371,38.6918,42.3557
497.2372,254.4206,38.6918,42.3557
500.5868,253.3040,38.6918,42.3557
504.2278,253.2944,37.8667,41.4525
506.8815,251.8895,37.8667,41.4525
510.7840,251.4212,37.8667,41.4525
514.0621,250.6408,37.8667,41.4525
517.6524,250.1725,37.8667,41.4525
520.9149,249.5613,37.0592,40.5685
524.7341,248.1863,37.0592,40.5685
527.6527,246.6280,37.8791,41.4661
530.9162,246.0166,37.0714,40.5818
534.7367,244.9469,37.0714,40.5818
538.2516,243.8771,37.0714,40.5818
541.1552,242.5017,37.0714,40.5818
544.3645,241.1263,37.0714,40.5818
547.5737,240.0565,37.0714,40.5818
550.7829,238.9868,37.0714,40.5818
553.6866,237.6114,37.0714,40.5818
556.2845,235.9304,37.0714,40.5818
558.8825,234.8606,37.0714,40.5818
562.7030,233.7909,37.0714,40.5818
566.8292,233.0267,37.0714,40.5818
570.3829,231.1508,37.8916,41.4797
573.3670,229.2334,38.7299,42.3974
575.7545,227.6049,39.5868,43.3355
576.8404,225.6017,40.4627,44.2943
576.2197,222.5158,41.3579,45.2743
577.7079,220.0692,42.2729,46.2760
577.1852,217.4553,42.2729,46.2760
579.4506,215.8869,42.2729,46.2760
578.0790,213.0246,43.2082,47.2998
579.6821,211.4215,43.2082,47.2998
580.4977,209.6047,44.1642,48.3463
579.8202,206.9921,45.1414,49.4160
581.4950,205.6894,45.1414,49.4160
580.0303,203.0190,46.1401,50.5093
581.3617,203.5896,46.1401,50.5093
580.2592,200.8602,47.1610,51.6268
580.0648,199.1104,47.1610,51.6268
579.8704,198.1383,47.1610,51.6268
580.9354,198.8762,46.1552,50.5259
580.7452,196.7833,46.1552,50.5259
580.5550,194.6903,46.1552,50.5259
580.3647,192.9779,46.1552,50.5259
581.6966,191.2655,46.1552,50.5259
580.5938,188.9299,47.1764,51.6438
580.7883,186.4017,47.1764,51.6438
581.3717,185.0403,47.1764,51.6438
580.7883,182.9011,47.1764,51.6438
581.3717,180.7618,47.1764,51.6438
580.0104,179.4005,47.1764,51.6438
578.0766,177.8892,46.1704,50.5424
574.0796,176.5569,46.1704,50.5424
569.2518,175.8116,45.1858,49.4646
567.3997,174.0050,44.2222,48.4098
565.9384,171.5341,43.2791,47.3774
565.5400,169.4598,42.3562,46.3671
565.4868,168.1030,41.4529,45.3783
566.4229,167.4339,40.5689,44.4106
566.0495,166.1343,39.7038,43.4635
566.8679,166.6253,39.7038,43.4635
566.8180,164.7224,38.8571,42.5366
566.3374,164.2418,38.8571,42.5366
566.4976,162.4798,38.8571,42.5366
566.6578,161.3585,38.8571,42.5366
565.8569,160.5576,38.8571,42.5366
565.8080,159.9304,38.0285,41.6295
565.3377,158.5195,38.0285,41.6295
565.4944,158.3627,38.0285,41.6295
564.3971,156.9518,38.0285,41.6295
564.5538,156.1680,38.0285,41.6295
563.4565,155.0706,38.0285,41.6295
563.2997,154.2868,38.0285,41.6295
562.5159,153.1894,38.0285,41.6295
561.4186,152.0921,38.0285,41.6295
561.5753,152.5624,38.0285,41.6295
560.7915,151.4650,38.0285,41.6295
560.3212,150.6812,38.0285,41.6295
560.7915,150.8380,38.0285,41.6295
560.0077,149.1135,38.0285,41.6295
559.5374,148.3297,38.0285,41.6295
559.0671,147.8594,38.0285,41.6295
559.2239,147.0756,38.0285,41.6295
558.7536,146.6052,38.0285,41.6295
558.2833,146.7620,38.0285,41.6295
558.1266,145.6646,38.0285,41.6295
557.9698,146.4485,38.0285,41.6295
557.4996,145.6646,38.0285,41.6295
556.7158,146.1350,38.0285,41.6295
556.5590,145.0376,38.0285,41.6295
557.6564,145.8214,38.0285,41.6295
560.6349,146.9188,38.0285,41.6295
563.9551,146.2956,38.8698,42.5506
567.3487,144.3287,39.7298,43.4920
569.8054,146.4578,39.7298,43.4920
569.1960,146.4865,40.6089,44.4543
568.2257,146.8631,41.5073,45.4378
567.3702,147.0342,41.5073,45.4378
566.1724,147.5475,41.5073,45.4378
565.3169,147.7187,41.5073,45.4378
563.7769,148.2320,41.5073,45.4378
562.9214,148.4031,41.5073,45.4378
562.0659,147.5475,41.5073,45.4378
560.8681,146.3498,41.5073,45.4378
560.3548,146.5209,41.5073,45.4378
558.6529,144.4205,42.4257,46.4431
557.6392,142.2737,43.3643,47.4707
557.8180,143.5250,43.3643,47.4707
556.9242,144.4188,43.3643,47.4707
556.3879,143.1675,43.3643,47.4707
557.2817,144.0613,43.3643,47.4707
556.3879,142.0949,43.3643,47.4707
556.2091,142.9887,43.3643,47.4707
555.6728,141.7374,43.3643,47.4707
555.0076,141.3977,44.3238,48.5210
554.8249,140.1187,44.3238,48.5210
553.9113,140.6668,44.3238,48.5210
552.2668,139.3878,44.3238,48.5210
550.4499,141.1380,43.3786,47.4863
545.9794,142.0321,43.3786,47.4863
542.2242,140.7803,43.3786,47.4863
540.7908,139.7354,42.4535,46.4736
540.0626,138.7128,41.5482,45.4825
540.2339,139.5692,41.5482,45.4825
540.1817,139.2288,40.6621,44.5126
540.0141,139.3964,40.6621,44.5126
539.5112,138.8935,40.6621,44.5126
540.0141,139.0611,40.6621,44.5126
539.1760,138.2230,40.6621,44.5126
539.4480,139.5055,39.7950,43.5634
538.9558,139.0133,39.7950,43.5634
539.7761,139.5055,39.7950,43.5634
539.7260,139.4956,38.9464,42.6344
539.5655,139.0139,38.9464,42.6344
539.0839,139.8167,38.9464,42.6344
538.6023,139.6561,38.9464,42.6344
539.0839,140.1378,38.9464,42.6344
538.2812,139.9772,38.9464,42.6344
538.1206,139.8167,38.9464,42.6344
537.9601,139.3350,38.9464,42.6344
539.0839,139.1745,38.9464,42.6344
538.2812,139.6561,38.9464,42.6344
538.1207,138.8534,38.9464,42.6344
537.9602,139.0139,38.9464,42.6344
539.0840,139.1745,38.9464,42.6344
538.2813,138.6928,38.9464,42.6344
538.1208,138.2112,38.9464,42.6344
538.3813,137.5825,38.1158,41.7252
539.5450,138.7847,37.3030,40.8354
538.4686,137.7082,37.3030,40.8354
538.0073,137.5544,37.3030,40.8354
538.4686,138.3233,37.3030,40.8354
537.3921,137.5544,37.3030,40.8354
536.9308,137.7082,37.3030,40.8354
537.0846,136.6318,37.3030,40.8354
536.9308,136.1705,37.3030,40.8354
536.7771,136.6318,37.3030,40.8354
536.3158,135.8629,37.3030,40.8354
536.7771,136.3243,37.3030,40.8354
536.0082,135.8629,37.3030,40.8354
535.8545,135.4016,37.3030,40.8354
535.7007,135.8629,37.3030,40.8354
535.2394,134.7865,37.3030,40.8354
535.3932,134.6327,37.3030,40.8354
534.3168,133.8638,37.3030,40.8354
535.0856,134.0176,37.3030,40.8354
534.3168,133.8638,37.3030,40.8354
533.5479,133.0950,37.3030,40.8354
530.6262,130.7883,37.3030,40.8354
530.4724,127.8666,37.3030,40.8354
532.1639,127.0977,37.3030,40.8354
533.5062,127.1246,38.1283,41.7389
532.2691,127.1520,38.9719,42.6623
533.3380,126.8468,39.8342,43.6062
534.1591,125.6973,39.8342,43.6062
532.8666,125.3853,40.7155,44.5710
533.7058,125.5531,40.7155,44.5710
533.8736,125.0496,40.7155,44.5710
533.7058,124.2104,40.7155,44.5710
533.2022,124.3782,40.7155,44.5710
534.0415,123.8747,40.7155,44.5710
533.2022,123.0355,40.7155,44.5710
532.6987,123.2033,40.7155,44.5710
530.8525,123.3712,40.7155,44.5710
533.3897,125.9495,39.8472,43.6205
538.4819,127.4279,39.8472,43.6205
542.9170,127.2636,39.8472,43.6205
545.7095,125.7853,39.8472,43.6205
547.1879,126.6066,39.8472,43.6205
547.0237,125.4567,39.8472,43.6205
546.8594,126.6066,39.8472,43.6205
546.0381,125.7853,39.8472,43.6205
545.8738,124.9639,39.8472,43.6205
544.9217,125.3335,40.7288,44.5856
544.9937,125.3629,41.6300,45.5721
544.4789,123.8183,41.6300,45.5721
543.6208,125.0196,41.6300,45.5721
543.5685,125.6710,40.7422,44.6003
543.4005,124.8312,40.7422,44.6003
542.8967,123.9914,40.7422,44.6003
542.8454,125.2764,39.8734,43.6491
542.7953,126.2171,39.0230,42.7183
543.3664,125.5872,38.1909,41.8073
543.0149,126.4882,37.3764,40.9158
542.9679,127.0730,36.5794,40.0432
542.9219,126.4826,35.7993,39.1893
542.4791,126.0399,35.7993,39.1893
541.7412,126.7778,35.7993,39.1893
541.0033,125.7447,35.7993,39.1893
540.9583,126.5893,35.0359,38.3536
538.7918,126.7337,35.0359,38.3536
532.2605,125.2605,35.8111,39.2022
526.2078,122.4556,35.8111,39.2022
522.8124,116.1077,35.8111,39.2022
524.7316,111.8266,35.8111,39.2022
526.0602,109.9074,35.8111,39.2022
526.2078,110.0550,35.8111,39.2022
524.5839,110.4979,35.8111,39.2022
523.7283,110.8301,36.6034,40.0695
522.6720,110.3774,36.6034,40.0695
521.1713,111.0300,37.4132,40.9560
521.6340,109.9503,37.4132,40.9560
520.2459,110.4130,37.4132,40.9560
520.7086,110.8757,37.4132,40.9560
519.3206,109.7961,37.4132,40.9560
518.5494,109.9503,37.4132,40.9560
519.9889,110.5357,36.6154,40.0826
519.2342,109.4791,36.6154,40.0826
517.8757,109.9319,36.6154,40.0826
518.9323,110.0829,36.6154,40.0826
518.1776,110.5357,36.6154,40.0826
518.6304,110.0829,36.6154,40.0826
517.5738,110.5357,36.6154,40.0826
517.7248,109.7810,36.6154,40.0826
517.2720,110.5357,36.6154,40.0826
515.7707,110.5621,37.4255,40.9695
517.5081,110.5528,36.6274,40.0958
516.1491,110.7038,36.6274,40.0958
516.9763,110.4036,35.8463,39.2407
515.9418,112.6202,35.8463,39.2407
519.0302,120.0177,35.0819,38.4039
523.2242,123.3440,35.0819,38.4039
530.4285,126.1231,34.3337,37.5849
533.7198,130.8469,35.0934,38.4165
535.2828,131.7727,35.8698,39.2665
536.2667,133.0259,36.6634,40.1352
535.3907,134.6204,37.4746,41.0232
534.8159,135.6090,38.3037,41.9309
535.5389,136.2919,39.1512,42.8586
534.6035,136.9900,40.0174,43.8068
534.1086,137.4849,40.0174,43.8068
534.9334,137.9798,40.0174,43.8068
535.0042,138.3509,40.9028,44.7761
534.8355,139.1940,40.9028,44.7761
535.4342,139.8339,40.0305,43.8212
536.6563,140.4602,39.1769,42.8867
535.7202,141.1587,40.0437,43.8356
536.1336,139.8175,40.9296,44.8054
535.5057,140.1971,41.8352,45.7968
537.4479,141.8490,40.9430,44.8201
537.3964,143.4656,40.0699,43.8643
538.5526,143.6308,40.0699,43.8643
537.7267,144.1264,40.0699,43.8643
539.2685,145.0717,39.2154,42.9289
540.7234,145.8800,39.2154,42.9289
539.9151,147.0116,39.2154,42.9289
541.7356,147.9368,38.3791,42.0134
542.1318,148.6211,39.2283,42.9430
542.6169,149.1062,39.2283,42.9430
542.7787,149.9148,39.2283,42.9430
545.2233,151.1520,38.3917,42.0272
546.6048,150.1945,39.2411,42.9571
546.1195,152.2974,39.2411,42.9571
549.1885,155.7179,38.4043,42.0410
548.2709,158.7021,39.2540,42.9711
549.0800,161.1294,39.2540,42.9711
548.1421,162.8366,40.1225,43.9219
547.1834,164.2383,41.0102,44.8937
548.3084,165.3203,41.9176,45.8869
547.4444,166.8755,41.9176,45.8869
546.4428,167.9814,42.8450,46.9022
547.9845,166.5463,43.7929,47.9399
547.5815,168.2755,42.8590,46.9175
545.8242,169.4062,43.8073,47.9556
546.1172,171.4841,42.8731,46.9329
548.3934,169.6813,43.8217,47.9713
546.9715,170.0878,44.7912,49.0327
549.7627,168.6529,43.8360,47.9871
549.0109,169.6871,42.9012,46.9637
550.5547,167.8832,43.8504,48.0028
550.0124,169.1485,43.8504,48.0028
549.8316,170.0524,43.8504,48.0028
552.2157,168.9961,42.9153,46.9791
552.1618,170.6906,42.0001,45.9773
551.1583,171.7987,42.9293,46.9945
551.1043,174.8584,42.0139,45.9924
553.3349,172.7324,42.9434,47.0099
551.9415,173.8653,43.8935,48.0500
554.6556,173.6844,43.8935,48.0500
553.7509,174.2272,43.8935,48.0500
553.6957,175.9604,42.9575,47.0253
555.6090,174.1541,43.9079,48.0658
555.5538,176.2368,42.9716,47.0408
558.5730,175.2017,42.0552,46.0376
558.1860,177.5307,41.1584,45.0558
561.4050,176.5392,40.2807,44.0950
561.3543,177.4896,39.4217,43.1547
2
0
0
0
0
1
557.2942,125.2836,30.6945,37.1418
557.6944,125.1502,30.6945,37.1418
558.6281,125.2836,30.6945,37.1418
559.0282,125.4170,30.6945,37.1418
559.4284,125.8172,30.6945,37.1418
559.0282,126.4841,30.6945,37.1418
559.9619,126.0839,30.6945,37.1418
559.8286,126.2173,30.6945,37.1418
559.9619,126.0839,30.6945,37.1418
560.6289,125.4170,30.6945,37.1418
560.2287,126.3507,30.6945,37.1418
560.8956,125.6838,30.6945,37.1418
561.5626,126.3507,30.6945,37.1418
561.9627,125.6838,30.6945,37.1418
562.6297,126.0839,30.6945,37.1418
562.5713,127.1228,30.0400,36.3498
566.0371,126.8812,29.3994,35.5746
572.2972,128.2866,29.3994,35.5746
573.1649,129.8813,30.0498,36.3617
572.1008,131.4017,29.4090,35.5863
570.9506,130.2515,29.4090,35.5863
571.8186,129.9905,30.0597,36.3736
572.4717,129.0761,30.0597,36.3736
573.3861,129.4680,30.0597,36.3736
574.0392,129.8598,30.0597,36.3736
574.9536,128.4230,30.0597,36.3736
576.3905,128.0311,30.0597,36.3736
577.3405,129.0484,29.4186,35.5979
576.2988,128.0726,28.7913,34.8388
575.5204,127.1175,28.1773,34.0959
575.9389,128.3072,27.5764,33.3687
575.3397,127.2287,27.5764,33.3687
576.2113,127.9310,26.9883,32.6572
576.7977,128.9865,26.9883,32.6572
576.2113,127.9310,26.9883,32.6572
577.0078,128.6648,27.5855,33.3797
576.1687,127.5860,27.5855,33.3797
577.0078,127.9456,27.5855,33.3797
575.9290,126.6270,27.5855,33.3797
577.2476,127.9456,27.5855,33.3797
578.8059,126.1475,27.5855,33.3797
572.9041,123.1664,28.1958,34.1182
568.1256,121.5736,28.1958,34.1182
570.6986,120.2258,28.1958,34.1182
572.7816,118.8780,28.1958,34.1182
573.8843,119.9807,28.1958,34.1182
574.0068,118.8780,28.1958,34.1182
572.4140,119.9807,28.1958,34.1182
572.7815,118.6330,28.1958,34.1182
571.6788,119.7357,28.1958,34.1182
572.0463,119.3681,28.1958,34.1182
570.6986,119.2456,28.1958,34.1182
571.8013,118.8780,28.1958,34.1182
571.1887,119.9807,28.1958,34.1182
571.3112,118.6329,28.1958,34.1182
570.6986,119.7357,28.1958,34.1182
572.0463,119.3681,28.1958,34.1182
570.9436,119.2456,28.1958,34.1182
571.5562,118.6329,28.1958,34.1182
570.1002,119.1453,28.8196,34.8731
570.9769,118.2687,28.8196,34.8731
571.8535,118.6444,28.8196,34.8731
571.2273,119.2706,28.8196,34.8731
570.8516,118.3939,28.8196,34.8731
571.7283,118.7696,28.8196,34.8731
570.2400,118.5138,29.4572,35.6446
571.9041,118.1297,29.4572,35.6446
571.5201,119.0258,29.4572,35.6446
571.6481,118.3858,29.4572,35.6446
573.0562,117.7457,29.4572,35.6446
574.7203,118.8978,29.4572,35.6446
576.6404,119.2818,29.4572,35.6446
578.0485,118.3858,29.4572,35.6446
579.2006,118.5138,29.4572,35.6446
580.0966,118.6418,29.4572,35.6446
580.9927,118.2578,29.4572,35.6446
582.1448,117.3617,29.4572,35.6446
583.0408,117.4897,29.4572,35.6446
583.6809,117.1057,29.4572,35.6446
582.7848,118.2578,29.4572,35.6446
583.9369,117.1057,29.4572,35.6446
584.3209,118.0017,29.4572,35.6446
584.9610,117.3617,29.4572,35.6446
586.1131,116.4656,29.4572,35.6446
585.4730,117.1057,29.4572,35.6446
585.0890,117.4897,29.4572,35.6446
586.2411,116.5936,29.4572,35.6446
585.8571,116.9777,29.4572,35.6446
585.2171,117.6177,29.4572,35.6446
586.3692,116.4656,29.4572,35.6446
585.2171,116.5936,29.4572,35.6446
586.6251,116.2096,29.4572,35.6446
585.4730,115.5696,29.4572,35.6446
584.0650,115.9536,29.4572,35.6446
581.8888,117.3617,29.4572,35.6446
583.8068,119.0990,28.8291,34.8845
588.5820,118.6257,28.2143,34.1406
590.1759,119.7291,28.2143,34.1406
589.0724,119.8517,28.2143,34.1406
589.7278,120.8066,27.6126,33.4125
589.4440,119.6594,27.0238,32.7000
590.2981,118.7630,26.4475,32.0027
591.3555,120.1012,25.8835,31.3202
592.1735,120.9772,25.3315,30.6523
591.2765,120.1369,24.7913,29.9986
591.8152,120.6756,24.7913,29.9986
592.3233,119.7849,25.3398,30.6623
592.4334,120.7759,25.3398,30.6623
591.4424,120.0051,25.3398,30.6623
590.7574,120.8627,24.7994,30.0085
589.2531,119.7481,25.3481,30.6724
586.6568,120.8183,24.8075,30.0183
585.4710,120.4949,24.8075,30.0183
584.0696,120.3871,24.8075,30.0183
583.6067,121.4345,24.2785,29.3781
582.7908,120.5622,24.8157,30.0281
583.2995,121.0132,25.3647,30.6925
582.6138,120.8093,24.8238,30.0380
582.2902,120.9171,24.8238,30.0380
581.5351,120.3778,24.8238,30.0380
581.8587,121.1329,24.8238,30.0380
582.1823,120.3778,24.8238,30.0380
581.0953,120.3861,24.2944,29.3974
581.8123,120.8277,24.8320,30.0478
581.9202,120.0723,24.8320,30.0478
582.2439,120.6119,24.8320,30.0478
582.3051,120.1675,25.3814,30.7126
583.0772,120.4984,25.3814,30.7126
583.8794,119.6565,24.8401,30.0577
586.3621,117.8214,24.8401,30.0577
581.2716,115.1371,25.3897,30.7227
578.9547,113.9234,25.3897,30.7227
580.3890,112.2684,25.3897,30.7227
579.5358,112.5009,25.9514,31.4025
579.8338,111.3345,26.5256,32.0972
578.4640,112.0557,27.1125,32.8074
576.8195,111.5706,27.7124,33.5332
577.6624,110.9684,27.7124,33.5332
576.2314,111.7219,28.3255,34.2752
576.1083,111.3527,28.3255,34.2752
575.0005,112.2143,28.3255,34.2752
573.1541,113.0759,28.3255,34.2752
574.5082,112.2143,28.3255,34.2752
578.9626,114.1221,27.7214,33.5442
577.3966,115.6882,27.7214,33.5442
575.1078,117.2542,27.7214,33.5442
574.0236,116.1700,27.7214,33.5442
574.8418,117.1738,28.3348,34.2864
574.5505,116.2339,27.7305,33.5552
575.6350,116.3544,27.7305,33.5552
575.9534,117.1084,28.3441,34.2977
575.1871,116.1682,27.7396,33.5662
576.2560,116.6723,28.3534,34.3089
576.6256,115.8098,28.3534,34.3089
576.3341,116.5319,27.7487,33.5773
575.4900,115.4467,27.7487,33.5773
576.3341,116.0496,27.7487,33.5773
576.9029,116.3037,28.3627,34.3201
575.6609,115.6004,27.7578,33.5883
576.2640,115.9623,27.7578,33.5883
577.5909,116.8067,27.7578,33.5883
578.1940,115.2386,27.7578,33.5883
569.8710,110.7755,27.7578,33.5883
568.5441,111.6199,27.7578,33.5883
570.8360,109.3280,27.7578,33.5883
572.6453,107.7599,27.7578,33.5883
571.7125,108.0141,28.3720,34.3314
572.5756,108.1374,28.3720,34.3314
571.9591,108.5073,28.3720,34.3314
573.0687,107.6442,28.3720,34.3314
572.2057,108.5073,28.3720,34.3314
573.3153,107.6442,28.3720,34.3314
571.7125,108.2607,28.3720,34.3314
572.3290,108.3840,28.3720,34.3314
571.7125,107.5209,28.3720,34.3314
572.3290,107.6442,28.3720,34.3314
571.4659,108.0141,28.3720,34.3314
572.3290,107.6442,28.3720,34.3314
571.4659,107.5209,28.3720,34.3314
572.0824,107.1510,28.3720,34.3314
572.4523,108.0141,28.3720,34.3314
571.5892,107.8908,28.3720,34.3314
572.2057,107.5209,28.3720,34.3314
573.0687,107.1510,28.3720,34.3314
572.4523,108.2607,28.3720,34.3314
571.8358,108.3840,28.3720,34.3314
572.4523,107.2743,28.3720,34.3314
570.3563,108.3840,28.3720,34.3314
565.5479,107.0277,28.3720,34.3314
577.8977,111.3808,28.9997,35.0910
579.3001,113.0911,28.3813,34.3427
579.3700,113.8628,29.0092,35.1025
579.4960,112.9804,29.0092,35.1025
579.8742,113.8628,29.0092,35.1025
580.7566,113.7368,29.0092,35.1025
580.2154,113.2605,28.3906,34.3539
581.0790,114.1241,28.3906,34.3539
581.4491,114.0008,28.3906,34.3539
581.7751,114.0047,29.0187,35.1140
580.5044,113.2852,28.3999,34.3652
581.3426,114.3135,29.0282,35.1255
581.6759,115.1028,29.6705,35.9027
580.2576,114.2003,29.6705,35.9027
579.2070,113.2161,29.0377,35.1370
578.4930,113.7438,29.6802,35.9144
578.5661,113.7479,30.3369,36.7090
577.3796,114.1434,30.3369,36.7090
576.1931,114.0116,30.3369,36.7090
575.6271,113.0053,29.6899,35.9262
575.2401,112.1022,29.6899,35.9262
575.6271,112.7472,29.6899,35.9262
577.3044,111.0700,29.6899,35.9262
576.3066,109.2001,30.3468,36.7211
571.1636,107.4858,30.3468,36.7211
569.9767,106.2989,30.3468,36.7211
567.8852,104.5296,29.6997,35.9380
567.3311,105.0372,29.0663,35.1716
566.7888,104.3165,28.4465,34.4216
567.6879,104.8027,27.8398,33.6875
567.5669,105.4076,27.8398,33.6875
567.9803,104.4841,27.2461,32.9691
567.4720,105.4063,26.6651,32.2660
568.9849,104.7451,26.0965,31.5780
568.8715,105.5390,26.0965,31.5780
568.7581,106.3328,26.0965,31.5780
570.0201,105.4671,25.5400,30.9046
569.4652,106.2440,25.5400,30.9046
570.0584,106.4666,24.9953,30.2455
570.8484,106.0562,24.4623,29.6005
571.1673,106.5877,24.4623,29.6005
571.9114,106.9067,24.4623,29.6005
570.9547,105.9499,24.4623,29.6005
571.9114,106.6940,24.4623,29.6005
572.6556,107.2256,24.4623,29.6005
574.2501,108.1823,24.4623,29.6005
578.0602,107.7445,25.0035,30.2554
580.5592,108.7224,25.0035,30.2554
582.1990,108.2750,25.5567,30.9248
583.6446,107.1263,26.1222,31.6090
584.8933,107.4669,26.1222,31.6090
585.6879,107.8074,26.1222,31.6090
586.4825,106.7858,26.1222,31.6090
585.6047,107.2605,26.7001,32.3084
586.3927,106.7827,27.2908,33.0232
585.2295,107.7709,27.8947,33.7538
586.3204,106.6799,27.8947,33.7538
586.9265,107.0435,27.8947,33.7538
587.0477,107.8921,27.8947,33.7538
588.1387,107.2860,27.8947,33.7538
588.7447,108.1345,27.8947,33.7538
589.1084,107.5284,27.8947,33.7538
589.7145,108.3769,27.8947,33.7538
589.1084,108.0133,27.8947,33.7538
589.9317,107.2626,28.5118,34.5007
588.4594,107.7808,29.1427,35.2640
589.0926,106.8943,29.1427,35.2640
589.7257,107.5275,29.1427,35.2640
588.8393,106.6410,29.1427,35.2640
587.4462,106.7676,29.1427,35.2640
583.5203,108.4140,29.1427,35.2640
581.2270,107.6297,29.7874,36.0442
591.1942,109.5713,29.7874,36.0442
592.3419,110.6499,30.4465,36.8417
593.0035,111.5760,30.4465,36.8417
593.3530,111.8548,31.1201,37.6568
592.6769,110.6377,31.1201,37.6568
593.3147,111.7645,31.8086,38.4900
594.0059,111.3498,31.8086,38.4900
594.6579,112.2147,32.5124,39.3415
595.1407,113.5874,31.8191,38.5026
594.2805,112.7985,31.1405,37.6815
594.9571,113.4751,31.1405,37.6815
594.5512,113.8811,31.1405,37.6815
594.3471,113.8854,31.8295,38.5152
594.2088,112.9172,31.8295,38.5152
594.6238,113.3322,31.8295,38.5152
595.3153,113.4705,31.8295,38.5152
594.9004,112.5023,31.8295,38.5152
595.8686,113.4705,31.8295,38.5152
595.1770,112.5023,31.8295,38.5152
596.1829,113.5795,31.1507,37.6938
595.3408,112.8072,30.4864,36.8900
596.5155,113.6361,31.1609,37.7062
597.9972,111.6736,31.8504,38.5405
590.9384,108.2134,31.8504,38.5405
588.8623,108.3518,31.8504,38.5405
591.4920,106.5525,31.8504,38.5405
594.1218,105.3069,31.8504,38.5405
595.6443,104.8916,31.8504,38.5405
593.9996,105.7577,32.5551,39.3932
595.8387,105.0503,32.5551,39.3932
594.4511,105.0548,33.2754,40.2647
595.7525,104.0426,33.2754,40.2647
594.3342,104.6474,34.0116,41.1556
595.6448,104.9588,34.7641,42.0662
597.0044,103.9013,34.7641,42.0662
595.5226,104.8466,35.5332,42.9969
597.2212,104.6922,35.5332,42.9969
597.6291,103.7359,36.3194,43.9482
596.4086,104.3960,37.1230,44.9205
598.5058,103.9120,37.1230,44.9205
599.9577,102.7827,37.1230,44.9205
601.4096,102.6214,37.1230,44.9205
602.8615,102.1375,37.1230,44.9205
601.2792,102.4774,37.9443,45.9144
603.0834,102.4827,38.7838,46.9303
604.9374,101.3029,38.7838,46.9303
606.7913,100.7973,38.7838,46.9303
605.9486,101.9771,38.7838,46.9303
608.1396,101.1344,38.7838,46.9303
607.2969,100.6288,38.7838,46.9303
609.1508,100.7973,38.7838,46.9303
609.6564,100.9658,38.7838,46.9303
610.4991,101.1344,38.7838,46.9303
608.8461,100.4404,39.6419,47.9686
610.0520,100.9572,39.6419,47.9686
610.5687,100.0958,39.6419,47.9686
611.4301,100.6126,39.6419,47.9686
609.7404,100.6181,40.5190,49.0299
610.9730,100.0899,40.5190,49.0299
610.0926,99.9138,40.5190,49.0299
611.6773,100.4421,40.5190,49.0299
609.3883,99.5617,40.5190,49.0299
606.9352,101.2725,39.6549,47.9843
609.1851,99.6249,38.8093,46.9610
618.2142,102.2388,37.9817,45.9596
619.6997,104.0543,37.9817,45.9596
617.7184,105.9762,37.1717,44.9795
616.0907,107.8570,36.3790,44.0203
617.5135,108.9636,36.3790,44.0203
618.5872,108.9687,37.1839,44.9942
619.0719,107.8376,37.1839,44.9942
619.1635,108.1781,38.0066,45.9897
618.9984,108.0129,38.0066,45.9897
619.1635,106.5265,38.0066,45.9897
618.4545,107.4944,37.1961,45.0090
618.9394,108.3026,37.1961,45.0090
619.3664,107.9724,38.0190,46.0048
619.8621,106.4855,38.0190,46.0048
620.3577,105.3290,38.0190,46.0048
621.1370,105.6771,38.8602,47.0227
619.6172,104.4950,38.8602,47.0227
621.1370,105.3394,38.8602,47.0227
619.6172,104.1573,38.8602,47.0227
621.4747,105.3394,38.8602,47.0227
619.9549,103.8195,38.8602,47.0227
621.8125,105.3394,38.8602,47.0227
620.2926,103.8195,38.8602,47.0227
621.4747,105.3394,38.8602,47.0227
620.7497,104.0503,38.0315,46.0199
622.8982,102.5629,38.0315,46.0199
616.7833,99.4228,38.0315,46.0199
611.2949,101.0286,37.2205,45.0385
612.1036,98.2789,37.2205,45.0385
613.8827,96.4997,37.2205,45.0385
613.7210,95.3675,37.2205,45.0385
612.9123,96.4997,37.2205,45.0385
614.0445,95.0440,37.2205,45.0385
612.5888,96.1762,37.2205,45.0385
611.7801,96.3380,37.2205,45.0385
612.9123,95.8528,37.2205,45.0385
611.7801,95.6910,37.2205,45.0385
612.2653,95.2058,37.2205,45.0385
611.4566,96.3380,37.2205,45.0385
611.2949,95.2058,37.2205,45.0385
609.6651,96.7773,36.4267,44.0780
612.3561,96.9356,36.4267,44.0780
617.7794,99.6942,35.6499,43.1381
619.4835,101.3983,35.6499,43.1381
620.9089,102.0076,34.8897,42.2181
621.7193,101.7271,34.1456,41.3178
622.2264,102.8827,33.4175,40.4367
622.6621,101.8662,33.4175,40.4367
623.3881,102.3018,33.4175,40.4367
622.6621,100.7044,33.4175,40.4367
623.3881,101.7210,33.4175,40.4367
622.6621,100.7044,33.4175,40.4367
623.6483,101.3118,34.1568,41.3314
623.7968,102.0539,34.1568,41.3314
623.1595,100.6348,33.4284,40.4500
623.8447,101.2423,34.1680,41.3449
624.5871,101.9847,34.1680,41.3449
625.3294,102.4301,34.1680,41.3449
624.5871,100.4999,34.1680,41.3449
625.6264,100.9453,34.1680,41.3449
626.9627,101.6877,34.1680,41.3449
628.2990,103.6179,34.1680,41.3449
621.9132,96.2284,34.9240,42.2597
619.2137,95.0699,34.1792,41.3585
622.0357,93.7332,34.1792,41.3585
624.2637,92.6935,34.1792,41.3585
626.4892,93.2776,33.4504,40.4765
627.2160,92.5508,33.4504,40.4765
627.0706,93.2776,33.4504,40.4765
627.7974,92.5508,33.4504,40.4765
629.1348,93.9632,32.7370,39.6133
630.1695,93.1515,32.0389,38.7686
630.9137,93.9674,31.3557,37.9418
631.8675,94.1037,31.3557,37.9418
632.5488,93.1499,31.3557,37.9418
632.1400,93.5587,31.3557,37.9418
633.3664,93.6949,31.3557,37.9418
632.9576,94.1037,31.3557,37.9418
634.4565,93.1499,31.3557,37.9418
634.8652,93.2862,31.3557,37.9418
636.0915,93.1499,31.3557,37.9418
636.7728,93.2862,31.3557,37.9418
636.3640,92.8774,31.3557,37.9418
633.7751,94.9213,31.3557,37.9418
636.3421,96.5078,30.6870,37.1327
643.7386,98.5747,30.0326,36.3408
645.1910,100.3459,29.3921,35.5658
645.8296,101.7508,29.3921,35.5658
646.1670,102.2850,30.0424,36.3527
647.0537,102.5601,30.7071,37.1570
648.2369,102.5644,31.3865,37.9791
649.1632,102.5687,32.0809,38.8194
650.1391,103.2658,32.0809,38.8194
650.7967,103.2703,32.7907,39.6783
651.4688,103.5705,33.5162,40.5562
652.7796,104.5901,33.5162,40.5562
654.3817,105.6096,33.5162,40.5562
655.6731,106.5209,34.2578,41.4535
657.6168,108.2543,33.5272,40.5695
660.6424,114.1636,32.8122,39.7043
662.2292,119.3971,32.1125,38.8576
662.4370,122.6360,31.4277,38.0290
661.7542,124.4115,31.4277,38.0290
662.7475,125.4751,30.7575,37.2180
661.9160,127.0314,30.1016,36.4243
663.0933,127.4238,30.1016,36.4243
661.9160,128.8627,30.1016,36.4243
662.5701,130.0400,30.1016,36.4243
661.1312,132.0021,30.1016,36.4243
659.6923,134.2259,30.1016,36.4243
658.5150,139.0658,30.1016,36.4243
657.8610,141.2895,30.1016,36.4243
657.4686,144.0365,30.1016,36.4243
656.4026,146.0639,29.4597,35.6476
653.8188,147.3962,30.1114,36.4363
651.9958,149.1721,29.4693,35.6592
2
0
0
0
0
1
643.4705,95.0959,52.0588,49.0051
644.4652,95.2948,52.0588,49.0051
645.0619,95.4937,52.0588,49.0051
644.8630,96.0905,52.0588,49.0051
646.6533,95.4937,52.0588,49.0051
646.8522,96.0905,52.0588,49.0051
647.8468,95.8915,52.0588,49.0051
648.4436,95.6926,52.0588,49.0051
648.2446,95.8915,52.0588,49.0051
649.2393,96.0905,52.0588,49.0051
649.8360,96.2894,52.0588,49.0051
650.8306,96.4883,52.0588,49.0051
651.8253,96.6872,52.0588,49.0051
652.8199,96.0905,52.0588,49.0051
653.0188,96.6872,52.0588,49.0051
652.8199,96.0905,52.0588,49.0051
654.6102,95.8915,52.0588,49.0051
653.0562,96.9893,50.9487,47.9601
655.2882,96.1871,49.8622,46.9373
663.8620,99.8072,49.8622,46.9373
675.1032,101.1409,49.8622,46.9373
680.6285,103.9988,49.8622,46.9373
683.1054,106.4757,49.8622,46.9373
684.4390,108.9525,49.8622,46.9373
683.6852,116.2478,48.7988,45.9364
682.3799,123.8929,48.7988,45.9364
681.0747,127.4357,48.7988,45.9364
682.0070,129.8597,48.7988,45.9364
681.0747,131.9109,48.7988,45.9364
681.2612,133.2161,48.7988,45.9364
680.3289,134.5214,48.7988,45.9364
681.6341,133.9620,48.7988,45.9364
681.6152,135.3504,47.7582,44.9568
683.2576,134.8029,47.7582,44.9568
682.3452,135.7154,47.7582,44.9568
683.6226,134.8029,47.7582,44.9568
682.7102,135.3504,47.7582,44.9568
683.9876,134.0730,47.7582,44.9568
682.7102,134.9854,47.7582,44.9568
680.9328,133.8817,46.7397,43.9980
676.8251,133.3459,46.7397,43.9980
670.5742,97.8051,46.7397,43.9980
672.1815,95.4833,46.7397,43.9980
672.3601,96.7335,46.7397,43.9980
672.5387,96.5549,46.7397,43.9980
672.0029,97.0907,46.7397,43.9980
672.1815,97.6265,46.7397,43.9980
672.3601,96.7335,46.7397,43.9980
673.6103,96.9121,46.7397,43.9980
673.4317,97.4479,46.7397,43.9980
673.2531,97.9837,46.7397,43.9980
673.4317,97.0907,46.7397,43.9980
674.6819,97.2693,46.7397,43.9980
675.9321,97.4479,46.7397,43.9980
676.8251,97.9837,46.7397,43.9980
677.0037,98.1623,46.7397,43.9980
677.5394,98.3409,46.7397,43.9980
677.0037,98.5195,46.7397,43.9980
678.9683,97.2693,46.7397,43.9980
679.1469,98.1623,46.7397,43.9980
678.6111,98.3409,46.7397,43.9980
679.5041,98.1623,46.7397,43.9980
677.8967,98.6981,46.7397,43.9980
682.3616,104.5918,46.7397,43.9980
690.9241,105.0315,47.7738,44.9715
698.4086,105.9442,47.7738,44.9715
702.6072,107.9523,47.7738,44.9715
704.9803,109.9603,47.7738,44.9715
706.2581,112.6986,47.7738,44.9715
706.0755,115.8019,47.7738,44.9715
706.4090,120.3283,46.7551,44.0125
705.8730,123.3654,46.7551,44.0125
705.3371,126.7599,46.7551,44.0125
704.0865,129.0824,46.7551,44.0125
703.5505,131.7622,46.7551,44.0125
701.9426,134.0848,46.7551,44.0125
701.4067,136.0500,46.7551,44.0125
700.1560,137.6579,46.7551,44.0125
698.9054,138.9085,46.7551,44.0125
698.3695,140.1591,46.7551,44.0125
696.7616,139.2658,46.7551,44.0125
693.7244,137.6579,46.7551,44.0125
687.1141,135.6927,46.7551,44.0125
684.4343,101.5694,46.7551,44.0125
684.9703,99.6042,46.7551,44.0125
685.1489,100.4975,46.7551,44.0125
683.8983,100.3188,46.7551,44.0125
683.1957,100.3880,47.7895,44.9863
683.7436,100.2054,47.7895,44.9863
683.1957,100.0228,47.7895,44.9863
684.1087,99.1097,47.7895,44.9863
684.6566,98.9271,47.7895,44.9863
684.1087,99.4750,47.7895,44.9863
685.0218,98.5619,47.7895,44.9863
684.4739,98.7445,47.7895,44.9863
685.0218,98.5619,47.7895,44.9863
683.2432,100.2736,46.7704,44.0269
691.2854,106.5287,46.7704,44.0269
699.6850,107.7797,46.7704,44.0269
705.9400,110.1029,46.7704,44.0269
708.6207,116.7154,46.7704,44.0269
707.3698,122.9704,46.7704,44.0269
706.4762,126.0085,46.7704,44.0269
705.5826,128.6892,46.7704,44.0269
704.3317,131.0125,46.7704,44.0269
703.0807,132.9784,46.7704,44.0269
702.9020,134.9442,46.7704,44.0269
702.0084,136.5526,46.7704,44.0269
701.1149,138.1611,46.7704,44.0269
699.5064,139.7695,46.7704,44.0269
698.6129,141.3779,46.7704,44.0269
698.4341,142.9864,46.7704,44.0269
697.5406,144.5948,46.7704,44.0269
696.6470,146.5606,46.7704,44.0269
696.1109,148.5265,46.7704,44.0269
695.5748,149.7775,46.7704,44.0269
693.6089,149.9562,46.7704,44.0269
690.3102,149.2838,47.8052,45.0010
685.3782,150.5624,47.8052,45.0010
680.8695,151.0122,48.8629,45.9966
681.2975,98.7824,49.9440,47.0143
680.3433,97.8282,49.9440,47.0143
679.7708,98.4007,49.9440,47.0143
679.5799,98.9732,49.9440,47.0143
679.3890,98.4007,49.9440,47.0143
679.5799,98.9732,49.9440,47.0143
679.7708,98.4007,49.9440,47.0143
680.3433,98.9732,49.9440,47.0143
680.1524,98.4007,49.9440,47.0143
680.3433,98.9732,49.9440,47.0143
680.9158,98.4007,49.9440,47.0143
681.8700,98.5915,49.9440,47.0143
682.0609,98.0190,49.9440,47.0143
681.4883,98.2098,49.9440,47.0143
682.4426,98.4007,49.9440,47.0143
683.0151,98.5915,49.9440,47.0143
683.9693,97.6373,49.9440,47.0143
684.1602,97.8282,49.9440,47.0143
683.9693,98.0190,49.9440,47.0143
685.6869,98.2098,49.9440,47.0143
686.2594,98.7824,49.9440,47.0143
687.2136,98.2098,49.9440,47.0143
688.1679,99.1640,49.9440,47.0143
689.5037,99.3549,49.9440,47.0143
691.2213,99.9274,49.9440,47.0143
691.7938,100.4999,49.9440,47.0143
693.5114,101.4541,49.9440,47.0143
694.8473,103.9351,49.9440,47.0143
696.9465,104.8893,49.9440,47.0143
699.0458,105.4618,49.9440,47.0143
700.0000,107.1794,49.9440,47.0143
702.4810,107.7519,49.9440,47.0143
704.1986,108.3244,49.9440,47.0143
705.5344,109.6603,49.9440,47.0143
707.6337,109.0878,49.9440,47.0143
709.7329,110.8054,49.9440,47.0143
711.8322,111.7596,49.9440,47.0143
713.9314,113.0955,49.9440,47.0143
716.4124,114.8131,49.9440,47.0143
718.8933,116.1490,49.9440,47.0143
721.7559,118.2482,49.9440,47.0143
725.0003,120.3474,49.9440,47.0143
727.8629,122.4467,49.9440,47.0143
728.8171,124.1643,49.9440,47.0143
729.7713,125.8818,49.9440,47.0143
731.4889,127.5994,49.9440,47.0143
733.2065,129.3170,49.9440,47.0143
735.3057,131.4162,49.9440,47.0143
737.4050,133.8972,49.9440,47.0143
739.5042,135.6147,49.9440,47.0143
741.2218,137.7140,49.9440,47.0143
742.9394,139.8132,49.9440,47.0143
744.6570,141.1491,49.9440,47.0143
745.9929,142.4850,49.9440,47.0143
747.7105,143.8209,49.9440,47.0143
749.0463,144.3934,49.9440,47.0143
750.3822,146.4927,49.9440,47.0143
752.0998,148.5919,49.9440,47.0143
751.5273,150.3095,49.9440,47.0143
752.8632,152.0270,49.9440,47.0143
753.0540,152.9813,49.9440,47.0143
752.4815,153.1721,49.9440,47.0143
752.2907,154.1263,49.9440,47.0143
750.1914,155.0805,49.9440,47.0143
747.9648,156.5015,48.8789,46.0117
743.2955,158.1825,48.8789,46.0117
738.2527,160.2369,48.8789,46.0117
732.8363,161.9179,48.8789,46.0117
724.8051,163.9724,48.8789,46.0117
714.9063,166.7740,48.8789,46.0117
704.8062,171.7651,47.8365,45.0305
696.6834,179.1163,46.8164,44.0702
693.2845,186.8086,46.8164,44.0702
689.8856,192.7119,46.8164,44.0702
691.1378,196.4686,46.8164,44.0702
692.3901,198.4364,46.8164,44.0702
694.7156,198.9731,46.8164,44.0702
696.6834,196.2897,46.8164,44.0702
697.9357,194.3220,46.8164,44.0702
700.2612,192.3542,46.8164,44.0702
702.5868,190.0286,46.8164,44.0702
706.7013,186.6297,46.8164,44.0702
710.1002,184.3041,46.8164,44.0702
707.6682,191.8434,45.8180,43.1304
713.3879,196.1845,44.8409,42.2106
720.1803,198.3840,45.8331,43.1446
745.2930,211.5343,46.8471,44.0991
751.8313,208.7263,45.8481,43.1587
753.1645,208.0044,44.8704,42.2383
751.4946,208.9506,43.9135,41.3376
748.6421,207.7760,43.9135,41.3376
744.7827,208.9506,43.9135,41.3376
743.9437,207.4404,43.9135,41.3376
2
0
0
0
0
1
732.8338,179.6255,24.8958,31.9601
734.7328,179.0670,24.8958,31.9601
735.7382,178.2851,24.8958,31.9601
738.3074,177.5031,24.8958,31.9601
742.1259,175.7982,24.3649,31.2785
746.1708,177.0008,24.3649,31.2785
752.2260,180.8115,23.8453,30.6115
751.1852,181.9159,24.3729,31.2888
750.2010,183.5563,24.3729,31.2888
748.6833,184.9121,24.9121,31.9810
745.0446,186.7617,25.4633,32.6886
742.2737,186.5186,26.0267,33.4118
738.7145,186.7548,26.6025,34.1511
734.7755,186.6354,26.6025,34.1511
733.2238,185.7999,26.6025,34.1511
731.4334,183.5320,26.6025,34.1511
729.0338,181.5443,27.1911,34.9067
726.3280,183.0568,27.7927,35.6790
721.7510,181.7565,28.4076,36.4684
2
0
0
0
0
1
733.7308,167.4489,19.2205,56.1561
726.1064,163.8524,19.2205,56.1561
718.1306,162.6487,18.8106,54.9586
713.7661,160.8184,18.8106,54.9586
713.4120,158.0194,19.2268,56.1745
710.7042,157.0927,18.8168,54.9766
708.5972,156.7286,18.4155,53.8042
706.0037,156.9038,18.0228,52.6568
703.7255,156.2951,17.6385,51.5339
703.8575,155.1070,17.6385,51.5339
701.6133,154.9749,17.6385,51.5339
699.6330,154.5789,17.6385,51.5339
696.8607,153.9188,17.6385,51.5339
694.0884,155.1070,17.6385,51.5339
695.0125,155.7670,17.6385,51.5339
695.9366,157.4832,17.6385,51.5339
693.6924,160.5196,17.6385,51.5339
689.5252,168.3045,18.0287,52.6741
686.1518,178.1549,18.0287,52.6741
683.0483,192.3232,18.0287,52.6741
678.3255,210.5397,18.0287,52.6741
674.4859,232.5611,17.6442,51.5508
674.0376,258.6953,17.2680,50.4515
676.5886,272.3132,16.8997,49.3756
676.8907,273.6931,16.5393,48.3226
672.8910,273.3731,16.1866,47.2921
671.3120,273.5271,15.8414,46.2836