0.0160
0.0219
0.0219
0.0219
0.0219
0.0220
0.0219
0.0219
0.0219
0.0219
0.0219
0.0219
0.0209
0.0209
0.0219
0.0219
0.0209
0.0219
0.0199
0.0199
0.0189
0.0190
0.0199
0.0199
0.0189
0.0199
0.0199
0.0189
0.0189
0.0199
0.0200
0.0200
0.0199
0.0199
0.0189
0.0199
0.0189
0.0199
0.0189
0.0189
0.0199
0.0189
0.0190
0.0189
0.0189
0.0199
0.0190
NaN
NaN
NaN
NaN
0.0160
0.0190
0.0200
0.0200
0.0200
0.0190
0.0200
0.0200
0.0190
0.0190
0.0199
0.0189
0.0200
0.0200
0.0190
0.0200
0.0190
0.0189
0.0190
0.0190
0.0200
0.0190
0.0200
0.0190
0.0200
0.0190
0.0200
0.0190
0.0200
0.0190
0.0200
0.0200
0.0189
0.0200
0.0200
0.0190
0.0200
0.0200
0.0190
0.0200
0.0190
0.0200
0.0200
0.0189
0.0190
0.0190
0.0190
0.0189
0.0190
0.0200
0.0200
0.0199
0.0199
0.0199
0.0190
0.0190
0.0199
0.0190
0.0200
0.0200
0.0190
0.0190
0.0200
0.0189
0.0200
0.0200
0.0190
0.0200
0.0189
0.0200
0.0190
0.0200
0.0190
0.0190
0.0210
0.0200
0.0189
0.0200
0.0190
0.0200
0.0190
0.0200
0.0190
0.0200
0.0190
0.0190
0.0200
0.0190
0.0200
0.0190
0.0200
0.0190
NaN
NaN
NaN
NaN
0.0160
0.0199
0.0190
0.0189
0.0199
0.0199
0.0189
0.0189
0.0199
0.0199
0.0199
0.0190
0.0199
0.0189
0.0200
0.0189
0.0190
0.0199
0.0189
0.0199
0.0189
0.0190
0.0200
0.0189
0.0189
0.0199
0.0190
0.0200
0.0199
0.0199
0.0199
0.0190
0.0199
0.0189
0.0199
0.0199
0.0189
0.0199
0.0199
0.0189
0.0199
0.0199
0.0189
0.0199
0.0189
0.0199
0.0189
0.0189
0.0199
0.0189
0.0190
0.0189
0.0209
0.0199
0.0189
0.0199
0.0199
0.0190
0.0189
0.0199
0.0199
0.0189
0.0199
0.0190
0.0199
0.0189
0.0199
0.0189
0.0199
0.0189
0.0189
0.0199
0.0190
0.0199
0.0189
0.0209
0.0189
0.0199
0.0189
0.0189
0.0199
0.0189
0.0199
0.0199
0.0189
0.0189
0.0189
0.0189
0.0190
0.0189
0.0200
0.0190
0.0190
0.0200
0.0190
0.0200
0.0190
0.0200
0.0200
0.0190
0.0199
0.0189
0.0190
0.0200
0.0190
0.0200
0.0190
0.0200
0.0190
0.0200
0.0190
0.0199
0.0199
0.0199
0.0199
0.0199
0.0189
0.0189
0.0199
0.0189
0.0199
0.0189
0.0199
0.0199
0.0189
0.0200
NaN
NaN
NaN
NaN
0.0160
0.0199
0.0199
0.0199
0.0199
0.0200
0.0189
0.0190
0.0199
0.0189
0.0189
0.0199
0.0189
0.0189
0.0199
0.0199
0.0189
0.0199
0.0199
0.0189
0.0199
0.0190
0.0199
0.0189
0.0190
0.0189
0.0189
0.0199
0.0189
0.0199
0.0189
0.0199
0.0189
0.0199
0.0189
0.0189
0.0190
0.0199
0.0189
NaN
NaN
NaN
NaN
0.0160
0.0189
0.0199
0.0200
0.0190
0.0199
0.0190
0.0189
0.0189
0.0199
0.0189
0.0189
0.0189
0.0190
0.0189
0.0189
0.0199
0.0190
0.0190
0.0189
0.0190
0.0190
0.0199
0.0189
0.0190
0.0199
0.0190
0.0200
0.0189
0.0189
0.0199
0.0189
0.0189
0.0190
0.0189
0.0189
0.0189
NaN
NaN
NaN
NaN
0.0159
0.0200
0.0199
0.0189
0.0199
0.0199
0.0190
0.0199
0.0200
0.0189
0.0199
0.0199
0.0199
0.0199
0.0199
0.0189
0.0189
0.0200
0.0199
0.0199
0.0199
0.0190
0.0199
0.0200
0.0199
0.0199
0.0199
0.0189
0.0199
0.0199
0.0200
0.0189
0.0189
0.0199
0.0189
0.0200
0.0199
0.0189
NaN
NaN
NaN