1
700.8823,243.2185,33.6792,71.3382
697.8316,243.4219,33.6792,71.3382
694.7809,241.1848,33.6792,71.3382
691.7303,240.9814,33.6792,71.3382
688.6796,239.9645,33.6792,71.3382
686.0357,239.3544,33.6792,71.3382
684.2053,237.5240,33.6792,71.3382
681.5614,237.7274,33.6792,71.3382
679.7310,238.3375,33.6792,71.3382
677.9006,239.7612,33.6792,71.3382
676.0703,242.4050,33.6792,71.3382
673.4263,245.0489,33.6792,71.3382
668.3419,246.8793,33.6792,71.3382
664.0710,246.6759,33.6792,71.3382
658.9866,247.2861,33.6792,71.3382
653.9022,248.7097,33.6792,71.3382
649.7527,247.7062,32.9610,69.8169
645.1747,249.4975,32.9610,69.8169
641.7911,250.4927,32.9610,69.8169
638.8055,251.0898,32.9610,69.8169
635.0237,248.9004,32.9610,69.8169
633.6305,247.9052,32.9610,69.8169
631.4410,248.5023,32.9610,69.8169
629.2516,247.1090,32.9610,69.8169
626.6640,248.5023,32.9610,69.8169
624.0765,249.0994,32.9610,69.8169
621.8871,250.0946,32.9610,69.8169
619.6976,249.8956,32.9610,69.8169
617.1101,250.0946,32.9610,69.8169
613.7264,249.0994,32.9610,69.8169
612.3332,249.6965,32.9610,69.8169
603.3764,247.1090,32.9610,69.8169
598.4004,245.7157,32.9610,69.8169
594.6186,245.1186,32.9610,69.8169
592.0311,246.1138,32.9610,69.8169
590.2397,247.1090,32.9610,69.8169
585.6618,246.9100,32.9610,69.8169
597.0071,253.8764,32.9610,69.8169
599.1965,254.8716,32.9610,69.8169
597.8033,255.8668,32.9610,69.8169
595.2770,253.3498,32.2581,68.3280
591.9655,254.7134,32.2581,68.3280
589.0436,256.0769,32.2581,68.3280
586.4636,255.9273,32.9718,69.8398
584.2734,257.3211,32.9718,69.8398
2
0
0
0
0
1
542.0023,244.7649,25.4533,45.5018
541.3110,244.9031,25.4533,45.5018
540.0665,244.4883,25.4533,45.5018
539.6517,243.7969,25.4533,45.5018
539.2370,244.2118,25.4533,45.5018
539.0987,244.6266,25.4533,45.5018
538.9605,243.6587,25.4533,45.5018
538.2691,244.3500,25.4533,45.5018
539.2370,243.3821,25.4533,45.5018
538.5457,243.5204,25.4533,45.5018
538.4074,243.1056,25.4533,45.5018
537.4395,242.6907,25.4533,45.5018
538.4074,241.4463,25.4533,45.5018
537.1630,241.0314,25.4533,45.5018
538.4074,241.7228,25.4533,45.5018
536.3333,242.4142,25.4533,45.5018
537.3012,241.4463,25.4533,45.5018
536.8864,241.8611,25.4533,45.5018
534.8123,241.4463,25.4533,45.5018
533.2913,242.1376,25.4533,45.5018
531.7703,242.2759,25.4533,45.5018
530.8024,241.3080,25.4533,45.5018
530.9407,241.7228,25.4533,45.5018
531.0789,242.1376,25.4533,45.5018
532.2833,242.2230,24.9105,44.5315
533.2305,242.8996,24.9105,44.5315
534.7191,243.5762,24.9105,44.5315
537.2903,243.9822,24.9105,44.5315
539.5908,245.2001,24.9105,44.5315
542.7033,246.4181,24.9105,44.5315
544.1919,244.1175,24.9105,44.5315
544.0662,242.6358,24.3793,43.5818
546.0528,243.0332,24.3793,43.5818
547.5096,242.6358,24.3793,43.5818
550.0260,242.2385,24.3793,43.5818
552.0126,242.6358,24.3793,43.5818
554.2640,243.0332,24.3793,43.5818
556.5155,243.4305,24.3793,43.5818
558.7669,242.5034,24.3793,43.5818
561.0184,242.1061,24.3793,43.5818
563.2699,243.0332,24.3793,43.5818
565.5213,242.1061,24.3793,43.5818
567.5079,242.2385,24.3793,43.5818
569.4945,240.2519,24.3793,43.5818
571.2162,240.1195,24.3793,43.5818
572.4082,240.7817,24.3793,43.5818
573.6001,240.9141,24.3793,43.5818
575.0570,240.5168,24.3793,43.5818
579.4275,240.1195,24.3793,43.5818
584.3278,241.5763,24.3793,43.5818
586.8442,240.6492,24.3793,43.5818
588.3010,239.7221,24.3793,43.5818
590.2876,240.9141,24.3793,43.5818
592.0093,241.5763,24.3793,43.5818
593.9959,242.7683,24.3793,43.5818
595.7176,244.2251,24.3793,43.5818
598.4989,245.4171,24.3793,43.5818
600.4855,245.0198,24.3793,43.5818
602.2072,246.4766,24.3793,43.5818
604.1938,247.9335,24.3793,43.5818
604.5911,247.5361,24.3793,43.5818
604.1938,246.0793,24.3793,43.5818
601.6774,244.3576,24.3793,43.5818
598.8962,243.1656,24.3793,43.5818
594.2608,241.1790,24.3793,43.5818
589.3605,239.4573,24.3793,43.5818
585.5198,237.7356,24.3793,43.5818
579.3416,236.2916,24.9187,44.5461
573.2499,234.5318,24.9187,44.5461
567.4290,234.3964,24.9187,44.5461
560.5251,234.2611,24.9187,44.5461
551.1846,233.3135,24.9187,44.5461
544.2807,233.9903,24.9187,44.5461
537.9183,234.6672,24.9187,44.5461
532.0973,234.8026,24.9187,44.5461
523.2983,234.9379,24.9187,44.5461
516.6652,234.2611,24.9187,44.5461
507.0539,233.5842,24.9187,44.5461
497.1719,234.2611,24.9187,44.5461
487.2899,235.2087,24.9187,44.5461
476.5956,236.1563,24.9187,44.5461
466.4428,237.6453,24.9187,44.5461
456.8315,242.3833,24.9187,44.5461
445.8665,244.4138,24.9187,44.5461
435.9845,241.0296,24.9187,44.5461
425.7372,239.5537,25.4700,45.5317
411.4855,239.9688,25.4700,45.5317
397.2339,244.8115,25.4700,45.5317
387.4100,250.4845,25.4700,45.5317
368.1772,278.2959,25.4700,45.5317
2
0
0
0
0
1
215.6393,250.9158,24.0000,42.0000
197.4915,252.3315,24.0000,42.0000
179.3437,252.9751,24.0000,42.0000
162.2256,253.8760,24.0000,42.0000
149.2262,254.2621,24.0000,42.0000
138.0286,255.1631,24.0000,42.0000
125.0291,255.8066,24.0000,42.0000
112.0296,257.4798,24.0000,42.0000
99.0302,259.9252,24.0000,42.0000
92.4661,262.3706,24.0000,42.0000
90.6130,264.4312,23.4882,41.1043
88.7236,266.0687,23.4882,41.1043
87.5899,266.9505,23.4882,41.1043
86.7477,265.5676,22.9873,40.2278
88.1037,264.2115,22.9873,40.2278
89.6559,262.8582,22.4971,39.3699
92.9134,264.6679,22.4971,39.3699
95.4470,266.9602,22.4971,39.3699
97.4980,271.1829,22.4971,39.3699
98.3425,272.7513,22.4971,39.3699
97.0706,274.4502,22.0173,38.5303
95.5357,275.5129,22.0173,38.5303
93.8357,277.4032,21.5478,37.7087
93.2579,278.6744,21.5478,37.7087
95.6039,277.8512,21.0883,36.9045
97.7527,279.3215,21.0883,36.9045
100.1276,280.5655,21.0883,36.9045
104.3121,282.4880,21.0883,36.9045
108.9489,283.7321,21.0883,36.9045
113.5857,282.9404,21.0883,36.9045
120.9367,281.4702,21.0883,36.9045
126.4782,280.2262,21.0883,36.9045
134.7340,278.7560,21.0883,36.9045
144.1207,277.9643,21.0883,36.9045
155.7692,277.6250,21.0883,36.9045
167.1916,277.2858,21.0883,36.9045
176.5783,276.9465,21.0883,36.9045
185.2864,276.3811,21.0883,36.9045
193.3838,276.7941,21.5549,37.7210
202.0534,276.2162,21.5549,37.7210
210.2606,278.4125,21.5549,37.7210
218.6991,279.4528,21.5549,37.7210
227.3687,278.4125,21.5549,37.7210
235.1136,280.3776,21.5549,37.7210
243.3208,280.0308,21.5549,37.7210
251.2968,279.4528,21.5549,37.7210
258.8105,278.4125,21.5549,37.7210
264.4747,273.9043,21.5549,37.7210
271.0636,268.2401,21.5549,37.7210
277.8837,266.0438,21.5549,37.7210
286.0909,264.5411,21.5549,37.7210
293.8358,265.5814,21.5549,37.7210
301.8118,266.3906,21.5549,37.7210
309.7878,264.8879,21.5549,37.7210
317.3015,264.3099,21.5549,37.7210
325.7399,264.6567,21.5549,37.7210
333.7160,263.1539,21.5549,37.7210
341.6920,262.8071,21.5549,37.7210
347.8185,260.8420,21.5549,37.7210
354.1763,259.3393,21.5549,37.7210
362.3835,259.2237,21.5549,37.7210
370.3596,258.1833,21.5549,37.7210
376.7173,258.6970,21.0952,36.9166
384.2480,259.4177,20.6453,36.1294
388.7874,258.4213,20.6453,36.1294
392.8839,259.4177,20.6453,36.1294
397.6447,260.8570,20.6453,36.1294
406.1700,261.1892,20.6453,36.1294
414.4738,259.3070,20.6453,36.1294
422.9110,257.6646,20.2051,35.3589
430.8210,256.4727,20.2051,35.3589
438.7310,256.7978,20.2051,35.3589
446.6410,256.9062,20.2051,35.3589
454.1176,257.8814,20.2051,35.3589
461.3774,259.0733,20.2051,35.3589
469.2874,260.4819,20.2051,35.3589
476.7640,261.8906,20.2051,35.3589
484.2405,263.2992,20.2051,35.3589
486.5160,267.3084,20.2051,35.3589
487.9247,271.3176,20.2051,35.3589
489.5500,272.5095,20.2051,35.3589
492.2589,270.0173,20.2051,35.3589
494.9678,266.6583,20.2051,35.3589
496.5931,262.6491,20.2051,35.3589
497.1349,260.5903,20.2051,35.3589
497.4600,261.1321,20.2051,35.3589
497.7850,262.1073,20.2051,35.3589
497.8934,263.5159,20.2051,35.3589
500.1689,270.9925,20.2051,35.3589
502.0109,274.5682,20.2051,35.3589
504.5031,275.9769,20.2051,35.3589
505.9117,277.6022,20.2051,35.3589
505.5867,278.7941,20.2051,35.3589
503.9613,280.2028,20.2051,35.3589
500.1688,280.9612,20.2051,35.3589
489.2249,279.9860,20.2051,35.3589
474.1634,280.3111,20.2051,35.3589
459.3186,279.9860,20.2051,35.3589
440.5730,280.3111,20.2051,35.3589
425.9449,280.4195,20.2051,35.3589
411.5335,279.2275,20.2051,35.3589
397.1221,280.8529,20.2051,35.3589
382.7108,282.2615,20.2051,35.3589
370.8999,283.8868,20.2051,35.3589
359.0891,285.0788,20.2051,35.3589
344.2443,286.2707,20.2051,35.3589
332.4335,287.4626,20.2051,35.3589
321.9229,286.9208,20.2051,35.3589
312.5934,287.7663,20.6521,36.1412
305.3945,288.7631,20.6521,36.1412
301.2966,289.3168,20.6521,36.1412
297.8632,289.2061,20.6521,36.1412
293.1009,289.9814,20.6521,36.1412
287.8954,292.0857,20.6521,36.1412
282.2470,294.1900,20.6521,36.1412
274.8265,296.5158,20.6521,36.1412
267.1845,297.5126,20.6521,36.1412
261.9791,294.0793,20.6521,36.1412
253.5922,292.8751,21.1090,36.9408
241.7058,294.3468,21.1090,36.9408
229.8194,296.2712,21.1090,36.9408
214.5369,298.6485,21.1090,36.9408
206.2730,306.4596,21.1090,36.9408
201.6316,314.9499,21.1090,36.9408
2
0
0
0
0
1
189.4694,302.6323,33.3281,31.3761
197.3127,306.2812,32.6174,30.7070
192.2024,312.3886,32.6174,30.7070
189.8343,311.0176,32.6174,30.7070
192.9503,309.6465,32.6174,30.7070
205.0404,310.2697,32.6174,30.7070
209.4027,311.1422,32.6174,30.7070
213.7651,313.2611,32.6174,30.7070
215.8613,313.8266,33.3390,31.3863
220.8298,314.7184,33.3390,31.3863
214.2487,327.4565,34.0767,32.0808
243.3538,304.0772,33.3500,31.3966
244.0779,302.3238,32.6388,30.7271
244.7015,303.9452,32.6388,30.7271
246.0735,304.8182,32.6388,30.7271
250.9376,302.1990,32.6388,30.7271
269.2717,302.5732,32.6388,30.7271
272.3897,303.1968,32.6388,30.7271
275.0089,303.8204,32.6388,30.7271
277.8775,304.6935,32.6388,30.7271
283.2405,304.3193,32.6388,30.7271
290.3497,304.6935,32.6388,30.7271
296.2116,302.8226,32.6388,30.7271
300.3795,301.5769,33.3609,31.4069
304.9041,299.5101,34.0990,32.1018
311.8101,297.5556,34.0990,32.1018
317.4131,295.8617,34.0990,32.1018
324.3191,294.4283,34.0990,32.1018
333.5705,293.7768,34.0990,32.1018
356.6339,308.7615,34.0990,32.1018
361.7157,311.2373,34.0990,32.1018
363.6702,317.1009,34.0990,32.1018
365.6247,319.5766,34.0990,32.1018
366.7975,319.1857,34.0990,32.1018
365.5284,318.6488,33.3718,31.4172
366.9904,317.3860,32.6602,30.7472
364.8688,322.7525,32.6602,30.7472
2
0
0
0
0
1
384.9751,295.0165,18.3970,18.7937
389.8990,294.1585,18.0047,18.3929
392.6933,294.3734,18.0047,18.3929
393.7680,297.0244,18.0047,18.3929
394.8427,299.9619,18.0047,18.3929
394.6894,303.2657,17.6208,18.0006
396.4424,304.5979,17.6208,18.0006
397.0734,305.0888,17.6208,18.0006
396.3021,305.5796,17.6208,18.0006
397.3686,304.3523,17.2450,17.6168
398.5446,301.8282,16.8772,17.2411
399.1491,299.3433,16.8772,17.2411
398.8759,298.9445,16.5173,16.8734
398.8102,298.3529,16.5173,16.8734
397.5613,298.2872,16.5173,16.8734
395.3934,299.7975,16.1651,16.5136
394.8145,300.7624,16.1651,16.5136
395.1361,300.0548,16.1651,16.5136
397.9022,297.4174,16.1651,16.5136
399.1244,296.3238,16.1651,16.5136
398.5454,295.8735,16.1651,16.5136
396.1757,296.7317,15.8204,16.1614
394.0993,297.2074,15.4830,15.8168
393.4215,297.0225,15.4830,15.8168
390.3737,297.2950,15.8255,16.1667
389.9329,297.7358,15.8255,16.1667
389.4920,297.5469,15.8255,16.1667
372.6774,297.4839,15.8255,16.1667
370.0954,296.4133,15.8255,16.1667
369.1508,296.9801,15.8255,16.1667
366.0649,295.9095,15.8255,16.1667
363.0804,296.5801,16.1757,16.5244
358.2527,295.7433,16.1757,16.5244
351.7514,293.8766,16.1757,16.5244
344.8638,292.6536,16.1757,16.5244
2
0
0
0
0
1
249.6046,295.1817,31.3400,38.0000
240.4699,295.0453,31.3400,38.0000
229.6992,294.3636,31.3400,38.0000
218.6557,295.5907,31.3400,38.0000
211.1571,294.3636,31.3400,38.0000
204.4765,293.6819,31.3400,38.0000
191.2517,295.7270,31.3400,38.0000
184.0257,296.6814,31.3400,38.0000
177.3452,294.0910,31.3400,38.0000
171.7553,292.8639,31.3400,38.0000
168.8922,294.9090,31.3400,38.0000
166.3017,295.0453,31.3400,38.0000
164.2567,295.4544,31.3400,38.0000
161.9389,294.7727,31.3400,38.0000
160.4392,293.8183,31.3400,38.0000
142.7701,296.7203,30.6717,37.1896
138.6337,297.9211,30.6717,37.1896
136.3654,296.9871,30.6717,37.1896
133.8302,297.6543,30.6717,37.1896
134.4974,298.5883,30.6717,37.1896
132.4959,297.6543,30.6717,37.1896
140.4108,299.7227,30.0176,36.3966
139.4967,301.1591,30.0176,36.3966
137.5379,298.4168,30.0176,36.3966
137.1462,298.8086,30.0176,36.3966
137.5379,300.2450,30.0176,36.3966
139.2356,301.4203,30.0176,36.3966
137.2768,303.3791,30.0176,36.3966
132.7063,304.5543,30.0176,36.3966
128.3970,304.9461,30.0176,36.3966
125.1323,301.4202,30.0176,36.3966
123.9570,299.4615,30.0176,36.3966
124.6100,300.3756,30.0176,36.3966
121.3453,300.7673,30.0176,36.3966
119.3865,298.2862,30.0176,36.3966
120.0394,296.5886,30.0176,36.3966
2
0
0
0