0.0299
0.0339
0.0339
0.0289
0.0289
0.0309
0.0329
0.0389
0.0329
0.0339
0.0339
0.0329
0.0339
0.0339
0.0339
0.0339
0.0339
0.0339
0.0349
0.0339
0.0339
0.0339
0.0339
0.0339
0.0339
0.0339
0.0329
0.0329
0.0399
0.0329
0.0339
0.0329
0.0339
0.0329
0.0329
0.0339
0.0329
0.0329
0.0329
0.0319
0.0309
0.0309
0.0289
0.0289
0.0279
0.0289
0.0289
0.0289
0.0289
0.0289
0.0289
0.0279
0.0289
0.0279
0.0289
0.0289
0.0289
NaN
NaN
NaN
NaN
0.0289
0.0289
0.0289
0.0289
0.0289
0.0309
0.0279
0.0299
0.0289
0.0289
0.0289
0.0279
0.0289
0.0289
0.0289
0.0289
0.0279
0.0299
0.0279
0.0289
0.0329
0.0289
0.0299
0.0319
0.0289
0.0289
0.0389
0.0289
0.0289
0.0289
0.0289
0.0289
0.0289
0.0289
0.0289
0.0349
0.0289
0.0289
0.0289
0.0289
0.0289
0.0289
0.0289
0.0279
0.0289
0.0289
0.0289
0.0289
0.0289
0.0279
0.0279
0.0289
0.0299
0.0289
0.0299
0.0289
0.0289
0.0289
0.0289
0.0289
0.0279
0.0289
0.0279
0.0289
0.0279
0.0289
0.0289
0.0289
0.0279
0.0319
0.0289
0.0289
0.0289
0.0289
0.0279
0.0289
0.0279
0.0289
0.0279
0.0289
0.0289
0.0289
0.0289
0.0289
0.0289
0.0279