1
334.2974,119.2965,18.8707,25.8713
328.6398,117.9172,19.4738,26.6982
324.5623,119.0951,19.4738,26.6982
319.2675,117.3093,20.0962,27.5515
317.7975,115.9532,19.4827,26.7104
314.7408,116.4515,18.8880,25.8951
312.4803,116.7589,18.3114,25.1046
306.1383,115.5909,18.8967,25.9070
302.1817,115.8547,18.8967,25.9070
299.1043,114.3599,18.8967,25.9070
296.0269,113.9203,18.8967,25.9070
292.9495,113.1290,18.8967,25.9070
290.3996,112.8652,18.8967,25.9070
287.9623,112.8210,18.3199,25.1162
285.7699,114.9944,17.7606,24.3495
283.3139,113.9611,17.2185,23.6062
280.0291,115.8038,17.2185,23.6062
277.3275,115.7635,16.6929,22.8856
274.7644,116.7733,16.6929,22.8856
270.4924,116.2296,16.6929,22.8856
267.0411,116.2522,17.2264,23.6170
263.3192,115.4740,17.7769,24.3718
258.6512,115.1673,18.3451,25.1508
253.3219,113.4850,18.9314,25.9546
249.9363,114.3916,19.5365,26.7841
244.9366,113.2098,19.5365,26.7841
239.7552,113.3007,19.5365,26.7841
234.3265,112.7096,18.9401,25.9665
231.3548,114.6041,18.3619,25.1739
225.1179,113.8351,18.3619,25.1739
221.1506,114.3727,18.9488,25.9784
216.5276,113.6930,19.5544,26.8087
211.7568,113.9015,20.1794,27.6655
206.3372,114.2299,19.5634,26.8210
203.3848,114.6205,20.1886,27.6782
202.2839,114.7612,19.5724,26.8333
197.8214,115.5808,19.5724,26.8333
193.1113,115.7171,18.9749,26.0142
186.7161,116.6258,19.5813,26.8456
179.7521,116.1057,20.2072,27.7036
178.1537,116.7638,20.2072,27.7036
171.4103,115.7763,19.5903,26.8580
169.6784,115.1382,19.5903,26.8580
164.9640,115.6393,18.9923,26.0381
159.4466,117.6092,19.5993,26.8703
155.3428,119.5243,19.5993,26.8703
152.5673,118.8214,20.2257,27.7291
152.1500,120.5428,20.8721,28.6153
150.4291,123.4075,20.2350,27.7418
148.6935,123.8115,20.8817,28.6284
146.5137,124.2285,21.5491,29.5434
145.8685,123.2551,22.2378,30.4876
145.3512,125.4280,22.2378,30.4876
146.9032,124.2898,22.2378,30.4876
149.2086,126.3072,21.5590,29.5569
141.3406,126.9383,22.2480,30.5016
141.5027,127.3826,22.9591,31.4764
137.8241,125.7045,23.6928,32.4824
2
0
0
0
0
1
166.3954,135.7943,18.4482,19.0629
167.6512,136.3018,19.0378,19.6721
169.4043,137.2829,19.6462,20.3008
169.4835,136.8798,20.2741,20.9496
171.5128,138.2491,20.9221,21.6192
175.7841,138.9922,21.5907,22.3101
176.2001,140.6290,20.9317,21.6291
178.9648,142.0532,20.9317,21.6291
182.9024,141.9695,20.9317,21.6291
185.1650,141.5401,21.6007,22.3204
188.7103,142.1344,22.2910,23.0337
191.2984,140.0712,23.0034,23.7699
194.7056,141.0724,23.7386,24.5296
2
0
0
0
0
1
259.4350,145.2353,19.5008,21.1102
264.7901,145.7948,19.5008,21.1102
268.8664,145.8747,19.5008,21.1102
273.7420,146.9137,19.5008,21.1102
279.0971,146.8338,19.5008,21.1102
282.5340,147.3933,19.5008,21.1102
287.0677,146.8363,18.9056,20.4658
288.6950,147.5337,18.9056,20.4658
291.8720,146.2164,18.9056,20.4658
293.9641,146.9138,18.9056,20.4658
294.9715,145.4415,18.9056,20.4658
296.1338,144.8991,18.9056,20.4658
296.0563,144.8216,18.9056,20.4658
296.1338,145.2091,18.9056,20.4658
296.5212,144.6667,18.9056,20.4658
298.1485,144.4342,18.9056,20.4658
298.0710,143.2719,18.9056,20.4658
298.4584,143.9693,18.9056,20.4658
299.0087,142.9448,19.5098,21.1199
298.4489,142.3851,19.5098,21.1199
298.3770,141.4879,20.1333,21.7949
298.6246,140.9102,20.1333,21.7949
298.3770,140.8277,20.1333,21.7949
299.5920,141.0778,19.5187,21.1296
300.3120,139.8778,19.5187,21.1296
301.6500,141.5603,18.9229,20.4846
301.5724,140.5520,18.9229,20.4846
302.2704,140.7847,18.9229,20.4846
302.5110,140.6901,19.5277,21.1393
304.9700,141.0927,18.9316,20.4940
305.0555,140.8428,19.5367,21.1490
305.1436,140.2646,20.1610,21.8249
304.7388,139.5027,20.8054,22.5224
304.6622,139.0575,21.4703,23.2422
305.2539,139.3243,20.8149,22.5328
303.9828,138.5376,21.4802,23.2529
305.6313,137.5719,20.8245,22.5431
305.5459,137.4866,20.8245,22.5431
305.9727,136.7184,20.8245,22.5431
306.3994,137.1452,20.8245,22.5431
306.4848,136.5477,20.8245,22.5431
306.5788,136.4435,21.4901,23.2636
307.3804,135.4552,22.1769,24.0071
308.3551,136.0943,21.4999,23.2743
308.7714,136.7139,20.8436,22.5638
309.0277,135.7742,20.8436,22.5638
309.7966,136.5430,20.8436,22.5638
310.2001,135.7768,20.2074,21.8751
310.4486,136.3566,20.2074,21.8751
311.8337,135.4481,19.5905,21.2073
311.4404,135.3501,20.2166,21.8851
312.8261,135.2698,19.5995,21.2170
313.0671,135.6715,19.5995,21.2170
312.5129,134.4488,20.2259,21.8951
312.5958,134.5317,20.2259,21.8951
312.8529,134.2647,20.8724,22.5949
312.7760,133.4759,21.5394,23.3170
313.3696,132.8607,20.8819,22.6053
312.2656,133.4409,21.5493,23.3277
312.0007,132.2927,21.5493,23.3277
313.1489,132.9109,21.5493,23.3277
313.5905,132.2927,21.5493,23.3277
312.6189,131.8511,21.5493,23.3277
313.2372,131.2328,21.5493,23.3277
313.1489,132.2044,21.5493,23.3277
314.6260,131.5889,20.8915,22.6157
314.5167,131.8484,20.2538,21.9253
314.4107,130.9378,19.6355,21.2560
314.6603,131.0006,20.2631,21.9354
315.0526,130.9201,19.6446,21.2658
315.1332,131.1616,19.6446,21.2658
315.2137,130.9201,19.6446,21.2658
314.4890,131.3227,19.6446,21.2658
314.7306,131.0811,19.6446,21.2658
314.6278,131.4862,19.0449,20.6166
314.5498,129.8470,19.0449,20.6166
314.4717,130.8617,19.0449,20.6166
313.4569,130.1592,19.0449,20.6166
312.4501,130.2201,19.6536,21.2756
311.5640,129.0118,19.6536,21.2756
312.1056,129.4170,19.0536,20.6261
312.1837,127.9332,19.0536,20.6261
311.9494,128.6361,19.0536,20.6261
313.4117,127.9357,18.4720,19.9965
312.8608,128.6194,17.9082,19.3861
312.9416,127.9426,18.4805,20.0057
313.0174,128.6243,18.4805,20.0057
313.5266,128.3995,17.9164,19.3950
313.3063,129.3541,17.9164,19.3950
313.3798,128.2526,17.9164,19.3950
313.0126,130.0884,17.9164,19.3950
313.3798,128.9869,17.9164,19.3950
312.1389,129.4848,18.4890,20.0149
312.8209,128.9543,18.4890,20.0149
311.5403,128.1040,19.0799,20.6545
311.1277,127.4026,18.4975,20.0240
311.9616,128.5398,18.4975,20.0240
312.1681,127.2533,17.9328,19.4128
311.2126,127.9149,17.9328,19.4128
311.2861,126.8123,17.9328,19.4128
311.2126,126.7388,17.9328,19.4128
310.6981,125.7833,17.9328,19.4128
311.6536,125.4158,17.9328,19.4128
311.2861,125.3423,17.9328,19.4128
310.9261,123.9296,18.5060,20.0332
311.1613,124.5955,19.0974,20.6735
311.3745,124.8328,18.5145,20.0424
311.0027,123.9813,19.1062,20.6830
311.2377,123.2765,19.1062,20.6830
311.9504,123.9640,19.7168,21.3440
312.0312,122.9135,19.7168,21.3440
312.4352,123.4792,19.7168,21.3440
312.4937,121.9462,19.1150,20.6925
312.3938,122.8105,18.5315,20.0608
312.9254,121.6712,18.5315,20.0608
312.0899,121.8990,18.5315,20.0608
311.8411,120.4583,17.9658,19.4485
311.0311,121.5628,17.9658,19.4485
311.3790,119.7242,17.4174,18.8548
312.1445,120.6545,16.8857,18.2793
312.1946,119.4801,16.3703,17.7213
312.0001,120.2033,16.8935,18.2877
309.8607,118.8725,17.4334,18.8721
312.6276,122.9476,16.9012,18.2961
311.0414,121.2005,17.4414,18.8808
311.8080,122.8469,16.9090,18.3045
311.8581,122.9183,16.3928,17.7457
307.3379,123.1220,15.8924,17.2040
306.8640,118.1084,15.4073,16.6789
307.1623,119.4365,14.9370,16.1697
308.3086,117.9079,14.4810,15.6761
308.6113,119.2599,14.9439,16.1771
308.8013,117.1027,15.4215,16.6942
304.6992,115.1293,15.9143,17.2277
305.5538,114.3974,16.4230,17.7783
304.1216,114.7361,15.9216,17.2356
304.1689,114.5423,15.4356,16.7095
304.9977,114.4651,15.9289,17.2435
305.0450,113.7490,15.4427,16.7172
308.0023,115.4599,14.9713,16.2069
307.8013,116.2595,14.5143,15.7122
309.6290,118.1055,14.0713,15.2325
309.7861,122.7789,13.6417,14.7676
309.4004,126.1772,14.0777,15.2395
308.0573,127.2753,13.6480,14.7743
307.5595,128.4377,14.0842,15.2465
305.3141,127.6745,14.5343,15.7338
303.9500,128.6741,14.9988,16.2367
2
0
0
0
0
1
293.4470,112.9534,12.2274,14.2639
292.6435,113.8486,11.8542,13.8285
291.8646,114.8174,11.4923,13.4064
290.4443,115.0623,11.4923,13.4064
289.1219,114.5235,11.4923,13.4064
287.5179,113.8685,11.8596,13.8349
285.8627,113.4958,12.2386,14.2770
285.7192,112.7982,12.6298,14.7333
284.8893,113.5075,12.2443,14.2836
283.5979,115.0013,12.6356,14.7401
283.5440,114.1935,12.6356,14.7401
2
0
0
0
0
1
261.6296,111.1296,21.0749,21.0749
260.2191,110.3829,21.0749,21.0749
258.8086,110.7977,21.0749,21.0749
258.7256,110.8807,21.0749,21.0749
257.6469,111.4615,21.0749,21.0749
256.7343,110.8807,21.0749,21.0749
255.8216,111.9593,21.0749,21.0749
255.2408,111.8763,21.0749,21.0749
253.9962,111.9593,21.0749,21.0749
252.4095,111.2023,20.4315,20.4315
251.8464,111.1219,20.4315,20.4315
250.1572,110.0762,20.4315,20.4315
249.7451,110.9511,19.8079,19.8079
248.7313,110.5612,19.8079,19.8079
248.6533,111.4190,19.8079,19.8079
247.0157,111.4970,19.8079,19.8079
246.4698,111.4190,19.8079,19.8079
246.3918,111.1851,19.8079,19.8079
245.3780,111.4190,19.8079,19.8079
245.7583,110.2396,19.2032,19.2032
245.8246,110.3059,18.6170,18.6170
244.8674,111.1078,19.2120,19.2120
244.9386,111.7841,19.8261,19.8261
244.2361,110.9255,19.8261,19.8261
244.1581,111.6280,19.8261,19.8261
244.3826,110.7598,19.2209,19.2209
244.2976,112.3396,18.6341,18.6341
244.5177,111.3859,18.6341,18.6341
244.5867,112.0418,19.2297,19.2297
244.5017,111.1997,18.6427,18.6427
243.2496,111.8559,19.2385,19.2385
243.4675,111.9223,18.6513,18.6513
239.4198,111.9867,18.0819,18.0819
237.9160,111.1949,17.5300,17.5300
241.0218,113.7485,17.5300,17.5300
239.4303,112.7092,18.0902,18.0902
239.2125,113.4884,18.6684,18.6684
237.9630,112.9739,18.6684,18.6684
238.0322,113.0431,19.2650,19.2650
236.1267,112.8062,18.6770,18.6770
236.2002,113.4680,18.6770,18.6770
234.5090,112.5121,18.6770,18.6770
233.8472,112.7327,18.6770,18.6770
233.4795,112.2179,18.6770,18.6770
230.9016,111.8459,19.2739,19.2739
229.7634,111.7701,19.2739,19.2739
229.5358,112.7565,19.2739,19.2739
227.7860,111.6138,19.8899,19.8899
226.9150,111.9957,19.2827,19.2827
226.9815,110.5439,18.6941,18.6941
226.9079,111.6479,18.6941,18.6941
224.9208,110.8383,18.6941,18.6941
224.2540,111.6436,19.2916,19.2916
210.8107,113.3905,19.2916,19.2916
209.9708,113.3100,19.9081,19.9081
209.2557,112.1247,19.3004,19.3004
207.3467,113.7110,18.7113,18.7113
205.7953,113.3384,19.3093,19.3093
204.6550,113.8705,19.3093,19.3093
202.1463,112.7302,19.3093,19.3093
199.6377,114.1746,19.3093,19.3093
203.3627,111.8179,19.3093,19.3093
195.8321,114.0181,19.9264,19.9264
192.3019,113.7827,19.9264,19.9264
189.5515,113.8565,20.5633,20.5633
186.5560,112.9660,20.5633,20.5633
182.9082,113.3660,21.2205,21.2205
178.6474,112.7812,21.2205,21.2205
176.0575,113.7002,21.2205,21.2205
172.7992,112.6141,21.2205,21.2205
170.2093,113.0318,21.2205,21.2205
166.6169,111.7787,21.2205,21.2205
165.3534,112.6874,20.5727,20.5727
162.6806,112.6064,20.5727,20.5727
161.4557,112.6774,19.9447,19.9447
158.8644,112.5989,19.9447,19.9447
156.4256,112.9868,20.5821,20.5821
154.5619,112.7438,20.5821,20.5821
152.0451,112.8200,21.2399,21.2399
151.7942,112.0674,21.2399,21.2399
150.2005,111.8116,21.9188,21.9188
145.4492,112.0654,22.6193,22.6193
142.6776,111.7873,21.9288,21.9288
141.3826,112.3916,21.9288,21.9288
138.3558,111.9549,22.6297,22.6297
135.5939,112.2221,22.6297,22.6297
133.1884,110.7076,22.6297,22.6297
131.3065,111.6766,21.9389,21.9389
130.0002,111.7523,21.2692,21.2692
127.7290,112.4956,20.6200,20.6200
125.6895,111.5926,19.9905,19.9905
123.8793,112.3010,19.9905,19.9905
122.0691,111.1204,19.9905,19.9905
118.6752,111.8190,19.3803,19.3803
115.6995,111.2849,19.3803,19.3803
111.0452,112.1242,19.3803,19.3803
105.1700,111.4375,19.3803,19.3803
100.5157,112.2768,19.3803,19.3803
95.7088,111.7427,19.3803,19.3803
91.0499,112.5776,19.9997,19.9997
86.5618,111.5539,19.9997,19.9997
82.3840,112.2579,20.6389,20.6389
2
0
0
0
0
1
73.3309,111.4807,18.5753,26.8310
68.0791,111.9258,18.5753,26.8310
63.5987,111.4080,19.1689,27.6885
57.9954,111.1325,19.1689,27.6885
53.1270,110.8569,19.1689,27.6885
47.8163,111.1876,18.5838,26.8433
42.5622,109.6737,18.5838,26.8433
37.8424,110.2971,18.5838,26.8433
32.8719,109.5491,18.0165,26.0239
29.6775,110.8441,18.0165,26.0239
24.5837,110.9305,18.0165,26.0239
21.0440,111.8801,18.0165,26.0239
16.8136,111.6211,18.0165,26.0239
14.4826,111.8801,18.0165,26.0239
