0.19364,0.19206,0.19643,0,0,0,0,0,0,0,0,0,0,0,0
0.22201,0.22173,0.22133,0,0,0,0,0,0,0,0,0,0,0,0
0.055668,0.054582,0.054714,0,0,0,0,0,0,0,0,0,0,0,0
0.028012,0.027556,0.027719,0,0,0,0,0,0,0,0,0,0,0,0
0.034786,0.034321,0.032198,0,0,0,0,0,0,0,0,0,0,0,0
0.030149,0.027055,0.0297,0,0,0,0,0,0,0,0,0,0,0,0
0.024328,0.023254,0.023933,0,0,0,0,0,0,0,0,0,0,0,0
0.020076,0.01936,0.019576,0,0,0,0,0,0,0,0,0,0,0,0
0.020333,0.019473,0.020198,0,0,0,0,0,0,0,0,0,0,0,0
0.019932,0.019051,0.019459,0,0,0,0,0,0,0,0,0,0,0,0
0.019836,0.019068,0.019673,0,0,0,0,0,0,0,0,0,0,0,0
0.019802,0.018922,0.01933,0,0,0,0,0,0,0,0,0,0,0,0
0.019766,0.018917,0.019635,0,0,0,0,0,0,0,0,0,0,0,0
0.019675,0.018852,0.019165,0,0,0,0,0,0,0,0,0,0,0,0
0.020232,0.019313,0.019963,0,0,0,0,0,0,0,0,0,0,0,0
0.019886,0.018978,0.019377,0,0,0,0,0,0,0,0,0,0,0,0
0.020323,0.019433,0.020186,0,0,0,0,0,0,0,0,0,0,0,0
0.019906,0.019145,0.019476,0,0,0,0,0,0,0,0,0,0,0,0
0.019814,0.019012,0.019792,0,0,0,0,0,0,0,0,0,0,0,0
0.020484,0.019361,0.019698,0,0,0,0,0,0,0,0,0,0,0,0
0.020393,0.019505,0.020251,0,0,0,0,0,0,0,0,0,0,0,0
0.019854,0.019168,0.019484,0,0,0,0,0,0,0,0,0,0,0,0
0.019742,0.018914,0.01968,0,0,0,0,0,0,0,0,0,0,0,0
0.019609,0.018795,0.019199,0,0,0,0,0,0,0,0,0,0,0,0
0.019775,0.018978,0.019663,0,0,0,0,0,0,0,0,0,0,0,0
0.019633,0.018825,0.019149,0,0,0,0,0,0,0,0,0,0,0,0
0.019776,0.018833,0.019582,0,0,0,0,0,0,0,0,0,0,0,0
0.019826,0.019043,0.019423,0,0,0,0,0,0,0,0,0,0,0,0
0.019627,0.018933,0.019558,0,0,0,0,0,0,0,0,0,0,0,0
0.019635,0.018825,0.019171,0,0,0,0,0,0,0,0,0,0,0,0
0.019568,0.018871,0.019605,0,0,0,0,0,0,0,0,0,0,0,0
0.020073,0.019208,0.019553,0,0,0,0,0,0,0,0,0,0,0,0
0.019875,0.019116,0.019932,0,0,0,0,0,0,0,0,0,0,0,0
0.019833,0.019097,0.019442,0,0,0,0,0,0,0,0,0,0,0,0
0.060646,0.060003,0.060808,0,0,0,0,0,0,0,0,0,0,0,0
0.021125,0.020882,0.02114,0,0,0,0,0,0,0,0,0,0,0,0
0.019569,0.019503,0.019542,0,0,0,0,0,0,0,0,0,0,0,0
0.019753,0.019645,0.019759,0,0,0,0,0,0,0,0,0,0,0,0
0.019467,0.019345,0.019601,0,0,0,0,0,0,0,0,0,0,0,0
0.019551,0.019382,0.0195,0,0,0,0,0,0,0,0,0,0,0,0
0.020039,0.019786,0.020041,0,0,0,0,0,0,0,0,0,0,0,0
0.020006,0.020033,0.020059,0,0,0,0,0,0,0,0,0,0,0,0
0.020432,0.020208,0.020448,0,0,0,0,0,0,0,0,0,0,0,0
0.019669,0.019667,0.019832,0,0,0,0,0,0,0,0,0,0,0,0
0.020072,0.019833,0.02013,0,0,0,0,0,0,0,0,0,0,0,0
0.0196,0.019489,0.019626,0,0,0,0,0,0,0,0,0,0,0,0
0.019507,0.019421,0.019496,0,0,0,0,0,0,0,0,0,0,0,0
0.019501,0.019319,0.019585,0,0,0,0,0,0,0,0,0,0,0,0
0.01946,0.019339,0.019623,0,0,0,0,0,0,0,0,0,0,0,0
0.019503,0.01954,0.019545,0,0,0,0,0,0,0,0,0,0,0,0
0.019714,0.019668,0.019805,0,0,0,0,0,0,0,0,0,0,0,0
0.01948,0.019307,0.019435,0,0,0,0,0,0,0,0,0,0,0,0
0.019536,0.019361,0.019475,0,0,0,0,0,0,0,0,0,0,0,0
0.019675,0.019516,0.019686,0,0,0,0,0,0,0,0,0,0,0,0
0.01943,0.019245,0.019406,0,0,0,0,0,0,0,0,0,0,0,0
0.020182,0.01942,0.019466,0,0,0,0,0,0,0,0,0,0,0,0
0.01955,0.019434,0.019395,0,0,0,0,0,0,0,0,0,0,0,0
0.01957,0.019324,0.019498,0,0,0,0,0,0,0,0,0,0,0,0
0.019715,0.019462,0.019581,0,0,0,0,0,0,0,0,0,0,0,0
0.019558,0.019406,0.019442,0,0,0,0,0,0,0,0,0,0,0,0
NaN,NaN,NaN,0,0,0,0,0,0,0,0,0,0,0,0
NaN,NaN,NaN,0,0,0,0,0,0,0,0,0,0,0,0
NaN,NaN,NaN,0,0,0,0,0,0,0,0,0,0,0,0
NaN,NaN,NaN,0,0,0,0,0,0,0,0,0,0,0,0
0.19199,0.19321,0.19323,0,0,0,0,0,0,0,0,0,0,0,0
0.22058,0.21946,0.21998,0,0,0,0,0,0,0,0,0,0,0,0
0.054101,0.053859,0.054124,0,0,0,0,0,0,0,0,0,0,0,0
0.068197,0.067923,0.068493,0,0,0,0,0,0,0,0,0,0,0,0
0.035553,0.035635,0.035645,0,0,0,0,0,0,0,0,0,0,0,0
0.030905,0.030795,0.030791,0,0,0,0,0,0,0,0,0,0,0,0
0.023685,0.023707,0.023755,0,0,0,0,0,0,0,0,0,0,0,0
0.020639,0.02063,0.020836,0,0,0,0,0,0,0,0,0,0,0,0
0.020163,0.020187,0.02028,0,0,0,0,0,0,0,0,0,0,0,0
0.019813,0.019868,0.020064,0,0,0,0,0,0,0,0,0,0,0,0
0.019647,0.019835,0.019845,0,0,0,0,0,0,0,0,0,0,0,0
0.019709,0.019729,0.019791,0,0,0,0,0,0,0,0,0,0,0,0
0.019579,0.019705,0.01975,0,0,0,0,0,0,0,0,0,0,0,0
0.019799,0.019703,0.019772,0,0,0,0,0,0,0,0,0,0,0,0
0.019912,0.020021,0.02017,0,0,0,0,0,0,0,0,0,0,0,0
NaN,NaN,NaN,0,0,0,0,0,0,0,0,0,0,0,0
NaN,NaN,NaN,0,0,0,0,0,0,0,0,0,0,0,0
NaN,NaN,NaN,0,0,0,0,0,0,0,0,0,0,0,0
NaN,NaN,NaN,0,0,0,0,0,0,0,0,0,0,0,0
0.19199,0.19203,0.19769,0,0,0,0,0,0,0,0,0,0,0,0
0.21965,0.21939,0.21823,0,0,0,0,0,0,0,0,0,0,0,0
0.053278,0.053208,0.053416,0,0,0,0,0,0,0,0,0,0,0,0
0.026052,0.026069,0.026103,0,0,0,0,0,0,0,0,0,0,0,0
0.034446,0.034426,0.034412,0,0,0,0,0,0,0,0,0,0,0,0
0.029415,0.029042,0.028916,0,0,0,0,0,0,0,0,0,0,0,0
0.023039,0.022918,0.022909,0,0,0,0,0,0,0,0,0,0,0,0
0.019849,0.019377,0.019448,0,0,0,0,0,0,0,0,0,0,0,0
0.061409,0.06129,0.061783,0,0,0,0,0,0,0,0,0,0,0,0
0.026402,0.026476,0.026528,0,0,0,0,0,0,0,0,0,0,0,0
0.028902,0.029096,0.02926,0,0,0,0,0,0,0,0,0,0,0,0
0.022768,0.022862,0.02304,0,0,0,0,0,0,0,0,0,0,0,0
0.030521,0.030804,0.030673,0,0,0,0,0,0,0,0,0,0,0,0
0.022132,0.022236,0.022274,0,0,0,0,0,0,0,0,0,0,0,0
0.022401,0.022571,0.022653,0,0,0,0,0,0,0,0,0,0,0,0
0.02178,0.021837,0.021906,0,0,0,0,0,0,0,0,0,0,0,0
0.022204,0.022297,0.022445,0,0,0,0,0,0,0,0,0,0,0,0
0.021601,0.021787,0.02183,0,0,0,0,0,0,0,0,0,0,0,0
0.02149,0.02167,0.021869,0,0,0,0,0,0,0,0,0,0,0,0
0.021523,0.021553,0.021695,0,0,0,0,0,0,0,0,0,0,0,0
0.019742,0.019823,0.020033,0,0,0,0,0,0,0,0,0,0,0,0
0.019591,0.019716,0.019891,0,0,0,0,0,0,0,0,0,0,0,0
0.019876,0.019978,0.020152,0,0,0,0,0,0,0,0,0,0,0,0
0.01961,0.019614,0.01988,0,0,0,0,0,0,0,0,0,0,0,0
0.019482,0.019536,0.019639,0,0,0,0,0,0,0,0,0,0,0,0
0.01938,0.019462,0.019594,0,0,0,0,0,0,0,0,0,0,0,0
0.019336,0.01941,0.01953,0,0,0,0,0,0,0,0,0,0,0,0
0.019852,0.019945,0.020112,0,0,0,0,0,0,0,0,0,0,0,0
0.01946,0.019462,0.019564,0,0,0,0,0,0,0,0,0,0,0,0
0.019442,0.019481,0.019601,0,0,0,0,0,0,0,0,0,0,0,0
0.019369,0.019421,0.019625,0,0,0,0,0,0,0,0,0,0,0,0
0.01982,0.019958,0.020113,0,0,0,0,0,0,0,0,0,0,0,0
0.019727,0.019775,0.020031,0,0,0,0,0,0,0,0,0,0,0,0
0.020233,0.020202,0.020428,0,0,0,0,0,0,0,0,0,0,0,0
0.020018,0.020051,0.020301,0,0,0,0,0,0,0,0,0,0,0,0
0.019942,0.020019,0.020126,0,0,0,0,0,0,0,0,0,0,0,0
0.019461,0.019614,0.019619,0,0,0,0,0,0,0,0,0,0,0,0
0.019588,0.019578,0.019779,0,0,0,0,0,0,0,0,0,0,0,0
0.019347,0.019457,0.019612,0,0,0,0,0,0,0,0,0,0,0,0
0.019413,0.019483,0.019658,0,0,0,0,0,0,0,0,0,0,0,0
0.019828,0.019909,0.02006,0,0,0,0,0,0,0,0,0,0,0,0
0.019927,0.020037,0.020297,0,0,0,0,0,0,0,0,0,0,0,0
0.020356,0.020401,0.020602,0,0,0,0,0,0,0,0,0,0,0,0
0.019566,0.019629,0.019812,0,0,0,0,0,0,0,0,0,0,0,0
0.020145,0.020321,0.020578,0,0,0,0,0,0,0,0,0,0,0,0
0.019483,0.019642,0.019687,0,0,0,0,0,0,0,0,0,0,0,0
0.019344,0.019508,0.019607,0,0,0,0,0,0,0,0,0,0,0,0
0.019291,0.019403,0.019537,0,0,0,0,0,0,0,0,0,0,0,0
0.019271,0.019477,0.019525,0,0,0,0,0,0,0,0,0,0,0,0
0.019247,0.019453,0.019506,0,0,0,0,0,0,0,0,0,0,0,0
0.019272,0.019381,0.019485,0,0,0,0,0,0,0,0,0,0,0,0
0.019311,0.019332,0.019492,0,0,0,0,0,0,0,0,0,0,0,0
0.019241,0.019496,0.019577,0,0,0,0,0,0,0,0,0,0,0,0
0.019477,0.019514,0.019731,0,0,0,0,0,0,0,0,0,0,0,0
0.019301,0.019392,0.019492,0,0,0,0,0,0,0,0,0,0,0,0
0.019324,0.019384,0.019495,0,0,0,0,0,0,0,0,0,0,0,0
0.019229,0.019466,0.019524,0,0,0,0,0,0,0,0,0,0,0,0
0.01924,0.019313,0.019624,0,0,0,0,0,0,0,0,0,0,0,0
0.019335,0.019382,0.019475,0,0,0,0,0,0,0,0,0,0,0,0
0.01923,0.019403,0.019475,0,0,0,0,0,0,0,0,0,0,0,0
0.019265,0.019352,0.019423,0,0,0,0,0,0,0,0,0,0,0,0
0.019271,0.019305,0.019459,0,0,0,0,0,0,0,0,0,0,0,0
0.019345,0.019403,0.019561,0,0,0,0,0,0,0,0,0,0,0,0
0.019486,0.019541,0.019795,0,0,0,0,0,0,0,0,0,0,0,0
0.019312,0.019388,0.019473,0,0,0,0,0,0,0,0,0,0,0,0
0.019286,0.019376,0.019498,0,0,0,0,0,0,0,0,0,0,0,0
0.019279,0.019395,0.019513,0,0,0,0,0,0,0,0,0,0,0,0
0.019339,0.019331,0.019528,0,0,0,0,0,0,0,0,0,0,0,0
0.019306,0.019346,0.019579,0,0,0,0,0,0,0,0,0,0,0,0
0.019293,0.019271,0.019411,0,0,0,0,0,0,0,0,0,0,0,0
0.019278,0.019376,0.019469,0,0,0,0,0,0,0,0,0,0,0,0
0.019344,0.019253,0.01941,0,0,0,0,0,0,0,0,0,0,0,0
0.019292,0.019257,0.019362,0,0,0,0,0,0,0,0,0,0,0,0
0.019238,0.019308,0.019443,0,0,0,0,0,0,0,0,0,0,0,0
0.019226,0.019338,0.019397,0,0,0,0,0,0,0,0,0,0,0,0
0.019499,0.01946,0.01965,0,0,0,0,0,0,0,0,0,0,0,0
0.01926,0.019293,0.019487,0,0,0,0,0,0,0,0,0,0,0,0
0.019293,0.019272,0.019329,0,0,0,0,0,0,0,0,0,0,0,0
0.019127,0.019157,0.019263,0,0,0,0,0,0,0,0,0,0,0,0
0.019104,0.019164,0.019315,0,0,0,0,0,0,0,0,0,0,0,0
0.019215,0.019193,0.019291,0,0,0,0,0,0,0,0,0,0,0,0
0.019152,0.019141,0.019408,0,0,0,0,0,0,0,0,0,0,0,0
0.019065,0.019176,0.019237,0,0,0,0,0,0,0,0,0,0,0,0
0.019096,0.019186,0.019237,0,0,0,0,0,0,0,0,0,0,0,0
0.019222,0.019347,0.019353,0,0,0,0,0,0,0,0,0,0,0,0
0.019186,0.019177,0.01941,0,0,0,0,0,0,0,0,0,0,0,0
0.019656,0.019619,0.019788,0,0,0,0,0,0,0,0,0,0,0,0
0.019447,0.019436,0.019548,0,0,0,0,0,0,0,0,0,0,0,0
0.019041,0.019109,0.019261,0,0,0,0,0,0,0,0,0,0,0,0
0.019163,0.019182,0.019282,0,0,0,0,0,0,0,0,0,0,0,0
0.019083,0.019165,0.019308,0,0,0,0,0,0,0,0,0,0,0,0
0.01925,0.019316,0.019424,0,0,0,0,0,0,0,0,0,0,0,0
0.019673,0.019595,0.019875,0,0,0,0,0,0,0,0,0,0,0,0
0.019144,0.019186,0.019342,0,0,0,0,0,0,0,0,0,0,0,0
0.019133,0.019203,0.019337,0,0,0,0,0,0,0,0,0,0,0,0
0.019144,0.019125,0.019304,0,0,0,0,0,0,0,0,0,0,0,0
0.019118,0.019136,0.019314,0,0,0,0,0,0,0,0,0,0,0,0
0.019123,0.019111,0.019421,0,0,0,0,0,0,0,0,0,0,0,0
0.019141,0.019196,0.019291,0,0,0,0,0,0,0,0,0,0,0,0
0.019194,0.019139,0.019238,0,0,0,0,0,0,0,0,0,0,0,0
0.019595,0.019685,0.019894,0,0,0,0,0,0,0,0,0,0,0,0
0.019678,0.019713,0.020081,0,0,0,0,0,0,0,0,0,0,0,0
0.019649,0.019682,0.019919,0,0,0,0,0,0,0,0,0,0,0,0
0.019266,0.019306,0.019459,0,0,0,0,0,0,0,0,0,0,0,0
0.019154,0.019209,0.019337,0,0,0,0,0,0,0,0,0,0,0,0
0.019117,0.019248,0.019278,0,0,0,0,0,0,0,0,0,0,0,0
0.019095,0.019271,0.019314,0,0,0,0,0,0,0,0,0,0,0,0
0.019101,0.019144,0.019279,0,0,0,0,0,0,0,0,0,0,0,0
0.01906,0.019234,0.01936,0,0,0,0,0,0,0,0,0,0,0,0
0.019092,0.019176,0.019257,0,0,0,0,0,0,0,0,0,0,0,0
0.019117,0.019188,0.019256,0,0,0,0,0,0,0,0,0,0,0,0
0.019408,0.019513,0.019767,0,0,0,0,0,0,0,0,0,0,0,0
0.01969,0.019801,0.02001,0,0,0,0,0,0,0,0,0,0,0,0
0.019625,0.019773,0.02,0,0,0,0,0,0,0,0,0,0,0,0
0.01943,0.019447,0.019458,0,0,0,0,0,0,0,0,0,0,0,0
0.019452,0.01945,0.019617,0,0,0,0,0,0,0,0,0,0,0,0
0.019381,0.019407,0.019441,0,0,0,0,0,0,0,0,0,0,0,0
0.019135,0.019246,0.019235,0,0,0,0,0,0,0,0,0,0,0,0
0.019209,0.019252,0.01925,0,0,0,0,0,0,0,0,0,0,0,0
0.019098,0.01922,0.019217,0,0,0,0,0,0,0,0,0,0,0,0
0.019108,0.019243,0.01921,0,0,0,0,0,0,0,0,0,0,0,0
0.019339,0.01937,0.0194,0,0,0,0,0,0,0,0,0,0,0,0
0.019114,0.019133,0.01928,0,0,0,0,0,0,0,0,0,0,0,0
0.019162,0.019172,0.019202,0,0,0,0,0,0,0,0,0,0,0,0
0.019137,0.019175,0.01918,0,0,0,0,0,0,0,0,0,0,0,0
0.019767,0.019764,0.019814,0,0,0,0,0,0,0,0,0,0,0,0
0.019736,0.019755,0.019781,0,0,0,0,0,0,0,0,0,0,0,0
0.019726,0.019682,0.019761,0,0,0,0,0,0,0,0,0,0,0,0
0.019859,0.019872,0.019881,0,0,0,0,0,0,0,0,0,0,0,0
0.020115,0.020069,0.020124,0,0,0,0,0,0,0,0,0,0,0,0
0.019779,0.019778,0.019802,0,0,0,0,0,0,0,0,0,0,0,0
0.019677,0.01974,0.019741,0,0,0,0,0,0,0,0,0,0,0,0
0.019563,0.019532,0.019584,0,0,0,0,0,0,0,0,0,0,0,0
0.019425,0.019556,0.01961,0,0,0,0,0,0,0,0,0,0,0,0
0.019511,0.019519,0.019477,0,0,0,0,0,0,0,0,0,0,0,0
0.019217,0.019077,0.019147,0,0,0,0,0,0,0,0,0,0,0,0
0.019082,0.019271,0.019271,0,0,0,0,0,0,0,0,0,0,0,0
0.019219,0.019259,0.019171,0,0,0,0,0,0,0,0,0,0,0,0
0.01911,0.019132,0.019114,0,0,0,0,0,0,0,0,0,0,0,0
0.019105,0.019119,0.019295,0,0,0,0,0,0,0,0,0,0,0,0
0.019129,0.019618,0.01912,0,0,0,0,0,0,0,0,0,0,0,0
0.019138,0.019261,0.01917,0,0,0,0,0,0,0,0,0,0,0,0
0.019149,0.019202,0.019138,0,0,0,0,0,0,0,0,0,0,0,0
0.021261,0.021111,0.021291,0,0,0,0,0,0,0,0,0,0,0,0
0.021446,0.021365,0.021485,0,0,0,0,0,0,0,0,0,0,0,0
0.021232,0.021106,0.021301,0,0,0,0,0,0,0,0,0,0,0,0
0.021118,0.021088,0.021299,0,0,0,0,0,0,0,0,0,0,0,0
0.021237,0.021059,0.021347,0,0,0,0,0,0,0,0,0,0,0,0
0.019112,0.019267,0.019337,0,0,0,0,0,0,0,0,0,0,0,0
0.019077,0.019262,0.019211,0,0,0,0,0,0,0,0,0,0,0,0
NaN,NaN,NaN,0,0,0,0,0,0,0,0,0,0,0,0
NaN,NaN,NaN,0,0,0,0,0,0,0,0,0,0,0,0
NaN,NaN,NaN,0,0,0,0,0,0,0,0,0,0,0,0
NaN,NaN,NaN,0,0,0,0,0,0,0,0,0,0,0,0
0.18521,0.19154,0.19293,0,0,0,0,0,0,0,0,0,0,0,0
0.21874,0.21758,0.22203,0,0,0,0,0,0,0,0,0,0,0,0
0.054171,0.053994,0.054387,0,0,0,0,0,0,0,0,0,0,0,0
0.027623,0.02751,0.027576,0,0,0,0,0,0,0,0,0,0,0,0
0.03701,0.037012,0.037243,0,0,0,0,0,0,0,0,0,0,0,0
0.030781,0.030732,0.030946,0,0,0,0,0,0,0,0,0,0,0,0
0.024833,0.024655,0.024697,0,0,0,0,0,0,0,0,0,0,0,0
0.021195,0.02067,0.021086,0,0,0,0,0,0,0,0,0,0,0,0
0.021252,0.021265,0.02108,0,0,0,0,0,0,0,0,0,0,0,0
0.021153,0.020624,0.020118,0,0,0,0,0,0,0,0,0,0,0,0
0.020852,0.020361,0.019649,0,0,0,0,0,0,0,0,0,0,0,0
0.021416,0.019893,0.020088,0,0,0,0,0,0,0,0,0,0,0,0
0.020434,0.019715,0.019527,0,0,0,0,0,0,0,0,0,0,0,0
NaN,NaN,NaN,0,0,0,0,0,0,0,0,0,0,0,0
NaN,NaN,NaN,0,0,0,0,0,0,0,0,0,0,0,0
NaN,NaN,NaN,0,0,0,0,0,0,0,0,0,0,0,0
NaN,NaN,NaN,0,0,0,0,0,0,0,0,0,0,0,0
0.19267,0.19565,0.19569,0,0,0,0,0,0,0,0,0,0,0,0
0.21738,0.22362,0.22063,0,0,0,0,0,0,0,0,0,0,0,0
0.053285,0.053804,0.053425,0,0,0,0,0,0,0,0,0,0,0,0
0.026282,0.026252,0.026126,0,0,0,0,0,0,0,0,0,0,0,0
0.034445,0.034757,0.034778,0,0,0,0,0,0,0,0,0,0,0,0
0.029026,0.029161,0.029195,0,0,0,0,0,0,0,0,0,0,0,0
0.023158,0.023129,0.02357,0,0,0,0,0,0,0,0,0,0,0,0
0.019737,0.019736,0.020219,0,0,0,0,0,0,0,0,0,0,0,0
0.020388,0.020287,0.020182,0,0,0,0,0,0,0,0,0,0,0,0
0.01991,0.020098,0.019934,0,0,0,0,0,0,0,0,0,0,0,0
0.019904,0.019862,0.020018,0,0,0,0,0,0,0,0,0,0,0,0
0.020283,0.020592,0.020198,0,0,0,0,0,0,0,0,0,0,0,0
0.020312,0.019589,0.019707,0,0,0,0,0,0,0,0,0,0,0,0
0.019659,0.019467,0.019619,0,0,0,0,0,0,0,0,0,0,0,0
0.020582,0.023754,0.02076,0,0,0,0,0,0,0,0,0,0,0,0
0.020033,0.019845,0.020108,0,0,0,0,0,0,0,0,0,0,0,0
0.019628,0.019713,0.019647,0,0,0,0,0,0,0,0,0,0,0,0
0.019682,0.019561,0.019664,0,0,0,0,0,0,0,0,0,0,0,0
0.019523,0.01947,0.019684,0,0,0,0,0,0,0,0,0,0,0,0
0.019637,0.019447,0.019688,0,0,0,0,0,0,0,0,0,0,0,0
0.019858,0.022013,0.020089,0,0,0,0,0,0,0,0,0,0,0,0
0.020163,0.020228,0.020385,0,0,0,0,0,0,0,0,0,0,0,0
0.060969,0.06118,0.063605,0,0,0,0,0,0,0,0,0,0,0,0
0.021216,0.0213,0.021336,0,0,0,0,0,0,0,0,0,0,0,0
0.019546,0.019469,0.019599,0,0,0,0,0,0,0,0,0,0,0,0
0.019463,0.019509,0.019791,0,0,0,0,0,0,0,0,0,0,0,0
0.019494,0.019469,0.019612,0,0,0,0,0,0,0,0,0,0,0,0
0.01972,0.020876,0.019844,0,0,0,0,0,0,0,0,0,0,0,0
0.024537,0.024489,0.02473,0,0,0,0,0,0,0,0,0,0,0,0
0.028709,0.028809,0.029137,0,0,0,0,0,0,0,0,0,0,0,0
0.019516,0.019448,0.019609,0,0,0,0,0,0,0,0,0,0,0,0
0.02058,0.023728,0.020813,0,0,0,0,0,0,0,0,0,0,0,0
0.019766,0.021488,0.019893,0,0,0,0,0,0,0,0,0,0,0,0
0.019695,0.021296,0.019931,0,0,0,0,0,0,0,0,0,0,0,0
0.019716,0.019667,0.019818,0,0,0,0,0,0,0,0,0,0,0,0
0.020037,0.0199,0.020099,0,0,0,0,0,0,0,0,0,0,0,0
0.01984,0.019931,0.019921,0,0,0,0,0,0,0,0,0,0,0,0
0.019668,0.019747,0.019766,0,0,0,0,0,0,0,0,0,0,0,0
0.019468,0.019487,0.019563,0,0,0,0,0,0,0,0,0,0,0,0
0.019452,0.01945,0.019557,0,0,0,0,0,0,0,0,0,0,0,0
0.019953,0.023284,0.02012,0,0,0,0,0,0,0,0,0,0,0,0
0.020006,0.023597,0.020254,0,0,0,0,0,0,0,0,0,0,0,0
0.020344,0.024063,0.020616,0,0,0,0,0,0,0,0,0,0,0,0
0.019568,0.020465,0.019885,0,0,0,0,0,0,0,0,0,0,0,0
0.019976,0.022844,0.020259,0,0,0,0,0,0,0,0,0,0,0,0
0.019496,0.019392,0.01965,0,0,0,0,0,0,0,0,0,0,0,0
0.019477,0.01933,0.019524,0,0,0,0,0,0,0,0,0,0,0,0
0.019537,0.019368,0.019471,0,0,0,0,0,0,0,0,0,0,0,0
0.019366,0.019278,0.019454,0,0,0,0,0,0,0,0,0,0,0,0
0.019396,0.019378,0.019529,0,0,0,0,0,0,0,0,0,0,0,0
0.019445,0.019304,0.019404,0,0,0,0,0,0,0,0,0,0,0,0
0.01935,0.01934,0.019485,0,0,0,0,0,0,0,0,0,0,0,0
0.019346,0.019356,0.019419,0,0,0,0,0,0,0,0,0,0,0,0
0.019534,0.019516,0.019698,0,0,0,0,0,0,0,0,0,0,0,0
0.019369,0.019265,0.019451,0,0,0,0,0,0,0,0,0,0,0,0
0.019396,0.019259,0.019534,0,0,0,0,0,0,0,0,0,0,0,0
0.019295,0.019297,0.019422,0,0,0,0,0,0,0,0,0,0,0,0
0.022682,0.022458,0.022794,0,0,0,0,0,0,0,0,0,0,0,0
0.019494,0.019305,0.019453,0,0,0,0,0,0,0,0,0,0,0,0
0.03031,0.030434,0.030662,0,0,0,0,0,0,0,0,0,0,0,0
0.021958,0.02172,0.021985,0,0,0,0,0,0,0,0,0,0,0,0
0.021959,0.021668,0.021918,0,0,0,0,0,0,0,0,0,0,0,0
0.02173,0.022061,0.021608,0,0,0,0,0,0,0,0,0,0,0,0
0.0223,0.023516,0.02251,0,0,0,0,0,0,0,0,0,0,0,0
0.019401,0.01932,0.019449,0,0,0,0,0,0,0,0,0,0,0,0
0.019345,0.019246,0.019481,0,0,0,0,0,0,0,0,0,0,0,0
0.019399,0.019243,0.01953,0,0,0,0,0,0,0,0,0,0,0,0
0.019427,0.01923,0.019446,0,0,0,0,0,0,0,0,0,0,0,0
0.01941,0.019343,0.019295,0,0,0,0,0,0,0,0,0,0,0,0
0.019642,0.019468,0.019626,0,0,0,0,0,0,0,0,0,0,0,0
0.019326,0.019181,0.019336,0,0,0,0,0,0,0,0,0,0,0,0
0.019364,0.01922,0.019379,0,0,0,0,0,0,0,0,0,0,0,0
0.019374,0.019196,0.019351,0,0,0,0,0,0,0,0,0,0,0,0
0.019287,0.019113,0.019367,0,0,0,0,0,0,0,0,0,0,0,0
0.019301,0.019269,0.019334,0,0,0,0,0,0,0,0,0,0,0,0
0.019489,0.02001,0.01953,0,0,0,0,0,0,0,0,0,0,0,0
0.019269,0.019258,0.019414,0,0,0,0,0,0,0,0,0,0,0,0
0.01922,0.019123,0.019242,0,0,0,0,0,0,0,0,0,0,0,0
0.019311,0.019169,0.019281,0,0,0,0,0,0,0,0,0,0,0,0
0.019137,0.019139,0.019296,0,0,0,0,0,0,0,0,0,0,0,0
0.019284,0.019126,0.019245,0,0,0,0,0,0,0,0,0,0,0,0
0.019151,0.019084,0.019167,0,0,0,0,0,0,0,0,0,0,0,0
0.019493,0.019391,0.017226,0,0,0,0,0,0,0,0,0,0,0,0
0.016993,0.016795,0.019316,0,0,0,0,0,0,0,0,0,0,0,0
0.019296,0.019691,0.019284,0,0,0,0,0,0,0,0,0,0,0,0
0.019206,0.019115,0.019346,0,0,0,0,0,0,0,0,0,0,0,0
0.019266,0.019102,0.019263,0,0,0,0,0,0,0,0,0,0,0,0
0.019138,0.018985,0.019296,0,0,0,0,0,0,0,0,0,0,0,0
0.019188,0.019024,0.019197,0,0,0,0,0,0,0,0,0,0,0,0
0.019143,0.019114,0.019261,0,0,0,0,0,0,0,0,0,0,0,0
0.019568,0.019358,0.019612,0,0,0,0,0,0,0,0,0,0,0,0
0.019184,0.019099,0.019202,0,0,0,0,0,0,0,0,0,0,0,0
0.019475,0.020952,0.019541,0,0,0,0,0,0,0,0,0,0,0,0
0.019209,0.019045,0.019298,0,0,0,0,0,0,0,0,0,0,0,0
0.019223,0.019003,0.019355,0,0,0,0,0,0,0,0,0,0,0,0
0.021117,0.020946,0.02163,0,0,0,0,0,0,0,0,0,0,0,0
0.021334,0.021185,0.021727,0,0,0,0,0,0,0,0,0,0,0,0
0.021023,0.020881,0.021363,0,0,0,0,0,0,0,0,0,0,0,0
0.020985,0.020832,0.021354,0,0,0,0,0,0,0,0,0,0,0,0
0.021045,0.020807,0.021327,0,0,0,0,0,0,0,0,0,0,0,0
0.021905,0.025373,0.022091,0,0,0,0,0,0,0,0,0,0,0,0
0.019794,0.024142,0.019959,0,0,0,0,0,0,0,0,0,0,0,0
0.019736,0.024067,0.019928,0,0,0,0,0,0,0,0,0,0,0,0
0.019258,0.020679,0.019437,0,0,0,0,0,0,0,0,0,0,0,0
NaN,NaN,NaN,0,0,0,0,0,0,0,0,0,0,0,0
NaN,NaN,NaN,0,0,0,0,0,0,0,0,0,0,0,0
NaN,NaN,NaN,0,0,0,0,0,0,0,0,0,0,0,0
NaN,NaN,NaN,0,0,0,0,0,0,0,0,0,0,0,0
0.18899,0.18771,0.1917,0,0,0,0,0,0,0,0,0,0,0,0
0.22059,0.2194,0.22081,0,0,0,0,0,0,0,0,0,0,0,0
0.054336,0.053761,0.053911,0,0,0,0,0,0,0,0,0,0,0,0
0.026204,0.025974,0.025997,0,0,0,0,0,0,0,0,0,0,0,0
0.076368,0.075718,0.0759,0,0,0,0,0,0,0,0,0,0,0,0
0.036296,0.035905,0.035962,0,0,0,0,0,0,0,0,0,0,0,0
0.032988,0.032759,0.032894,0,0,0,0,0,0,0,0,0,0,0,0
0.020007,0.020001,0.020033,0,0,0,0,0,0,0,0,0,0,0,0
0.020103,0.019912,0.020402,0,0,0,0,0,0,0,0,0,0,0,0
0.02099,0.020846,0.021042,0,0,0,0,0,0,0,0,0,0,0,0
0.020856,0.020712,0.020968,0,0,0,0,0,0,0,0,0,0,0,0
0.020896,0.020766,0.020883,0,0,0,0,0,0,0,0,0,0,0,0
0.020763,0.020603,0.020903,0,0,0,0,0,0,0,0,0,0,0,0
0.020944,0.020733,0.020917,0,0,0,0,0,0,0,0,0,0,0,0
0.020998,0.021211,0.024696,0,0,0,0,0,0,0,0,0,0,0,0
