1
655.3044,272.4017,22.9610,138.8807
656.1968,275.6737,22.9610,138.8807
658.2790,277.1609,22.9610,138.8807
659.1714,278.6482,22.9610,138.8807
654.1147,281.9202,22.9610,138.8807
646.6783,285.1922,22.9610,138.8807
646.3808,286.6795,22.9610,138.8807
650.2477,287.5719,22.9610,138.8807
651.1401,289.0591,22.9610,138.8807
646.6783,290.5464,22.9610,138.8807
640.4317,294.4133,22.9610,138.8807
637.7546,300.6599,22.9610,138.8807
634.4825,308.6912,22.9610,138.8807
629.4258,314.3428,22.9610,138.8807
626.7486,316.4250,22.9610,138.8807
630.0207,314.3428,22.9610,138.8807
637.4571,311.0708,22.9610,138.8807
643.7037,306.0141,22.9610,138.8807
645.1910,302.1472,22.9610,138.8807
640.7291,301.2548,22.9610,138.8807
633.8876,302.7421,22.9610,138.8807
637.1597,301.8497,22.9610,138.8807
648.7604,299.1726,22.9610,138.8807
652.0325,299.4701,22.9610,138.8807
651.7350,299.7675,22.9610,138.8807
652.6274,297.6853,22.9610,138.8807
654.7096,296.1981,22.9610,138.8807
656.1969,293.5210,22.9610,138.8807
659.4689,288.4642,22.9610,138.8807
662.1460,283.4075,22.9610,138.8807
663.6334,279.5406,22.9610,138.8807
665.7156,275.6737,22.9610,138.8807
669.5825,269.4271,22.9610,138.8807
669.8800,264.9653,22.9610,138.8807
662.4436,261.0984,22.9610,138.8807
657.3868,259.0162,22.9610,138.8807
653.5199,256.9340,22.9610,138.8807
652.6275,253.0671,22.9610,138.8807
652.3300,250.9849,22.9610,138.8807
649.6529,248.9027,22.9610,138.8807
643.4063,248.0104,22.9610,138.8807
635.9699,250.6875,22.9610,138.8807
627.9386,251.5798,22.9610,138.8807
634.1852,247.7129,22.9610,138.8807
642.8114,242.6562,22.9610,138.8807
644.2987,239.3842,22.9610,138.8807
641.0267,237.3020,22.9610,138.8807
637.1597,236.4096,22.9610,138.8807
639.8368,235.5173,22.9610,138.8807
644.2987,237.5995,22.9610,138.8807
647.5707,238.4918,22.9610,138.8807
647.8682,239.3842,22.9610,138.8807
646.9758,237.8969,22.9610,138.8807
645.4885,237.5995,22.9610,138.8807
642.2165,236.1122,22.9610,138.8807
643.3214,237.3063,22.4713,135.9190
646.6475,240.7197,21.9921,133.0205
650.3512,238.7254,21.9921,133.0205
652.9154,237.3008,21.9921,133.0205
657.7588,239.2952,21.9921,133.0205
664.3116,240.1499,21.9921,133.0205
669.7247,238.7253,21.9921,133.0205
673.9153,235.1847,22.4787,135.9636
677.7010,233.1462,22.4787,135.9636
682.6515,231.6902,22.4787,135.9636
688.7668,231.9814,22.4787,135.9636
694.2998,229.9430,22.4787,135.9636
699.1873,225.7197,22.9760,138.9718
703.0567,223.6362,22.9760,138.9718
706.3309,222.1479,22.9760,138.9718
706.6286,219.4690,22.9760,138.9718
705.1404,215.5996,22.9760,138.9718
707.8192,211.7301,22.9760,138.9718
710.4980,208.4560,22.9760,138.9718
710.7957,205.1819,22.9760,138.9718
712.8792,203.6936,22.9760,138.9718
713.7722,201.0148,22.9760,138.9718
714.0699,197.1453,22.9760,138.9718
715.5581,195.6571,22.9760,138.9718
726.5711,199.5265,22.9760,138.9718
740.5607,196.2524,22.9760,138.9718
761.6146,188.8476,23.4844,142.0465
765.5696,185.5010,23.4844,142.0465
759.9439,183.6139,24.0040,145.1893
755.2794,191.3881,24.0040,145.1893
758.0781,199.1623,24.0040,145.1893
763.3645,205.0706,24.0040,145.1893
761.1878,207.8693,24.0040,145.1893
759.6330,211.9119,24.0040,145.1893
758.7001,213.4668,24.0040,145.1893
755.9013,212.5339,24.0040,145.1893
752.7322,214.4766,24.5350,148.4016
749.4929,215.8028,25.0779,151.6850
747.5301,212.4395,25.6327,155.0410
750.3473,207.6237,26.1998,158.4713
746.6137,203.2113,26.1998,158.4713
740.0230,202.6110,25.6411,155.0919
735.2591,197.7936,26.2084,158.5233
737.6358,196.7750,26.2084,158.5233
739.3335,194.3984,26.2084,158.5233
741.7102,190.6636,26.2084,158.5233
740.6916,186.9288,26.2084,158.5233
738.9940,183.8731,26.2084,158.5233
744.0869,181.4964,26.2084,158.5233
749.8588,183.8731,26.2084,158.5233
751.5564,184.8917,26.2084,158.5233
750.5379,183.8731,26.2084,158.5233
750.8774,182.1755,26.2084,158.5233
754.6122,181.8359,26.2084,158.5233
759.8005,182.5444,25.6495,155.1427
764.1202,182.2122,25.6495,155.1427
766.4462,184.5382,25.6495,155.1427
768.7722,184.2059,25.6495,155.1427
771.7627,181.8799,25.6495,155.1427
770.7659,177.5602,25.6495,155.1427
765.1170,173.9051,25.6495,155.1427
761.4619,172.9082,25.6495,155.1427
761.7941,178.5571,25.6495,155.1427
762.1264,182.2122,25.6495,155.1427
763.7878,183.2090,25.6495,155.1427
768.1075,178.2248,25.6495,155.1427
782.3958,175.2342,25.6495,155.1427
784.7218,178.8893,25.6495,155.1427
781.0667,184.5382,25.6495,155.1427
778.7407,188.8579,25.6495,155.1427
780.4021,191.8484,25.6495,155.1427
784.8392,195.7446,25.1026,151.8343
789.8085,198.9308,24.5672,148.5964
790.7633,203.7047,24.5672,148.5964
787.8989,207.2056,24.5672,148.5964
780.0325,209.8544,25.1108,151.8840
771.8999,207.5772,25.1108,151.8840
773.5264,206.6013,25.1108,151.8840
779.0566,206.9266,25.1108,151.8840
788.4904,204.6495,25.1108,151.8840
797.2737,201.7217,25.1108,151.8840
810.6112,199.4446,25.1108,151.8840
825.2500,202.3724,25.1108,151.8840
842.7628,209.9492,24.5753,148.6451
849.4486,212.1778,24.5753,148.6451
861.3981,205.5788,25.1190,151.9339
876.6924,198.7452,25.1190,151.9339
897.3475,195.0331,24.5833,148.6938
906.5833,192.1669,24.5833,148.6938
904.9909,195.0331,24.5833,148.6938
903.3986,197.8994,24.5833,148.6938
903.0801,202.0395,24.5833,148.6938
902.1246,206.8166,24.5833,148.6938
903.3077,211.1647,24.0591,145.5229
909.2721,216.0210,23.5460,142.4196
909.2291,221.9497,23.0439,139.3824
904.0078,226.0255,22.5525,136.4100
905.4686,232.7453,22.5525,136.4100
913.8756,236.7342,22.0715,133.5011
2
0
0
0
0
1
818.7601,243.9582,108.8201,128.3024
826.6886,238.8280,108.8201,128.3024
823.8032,243.3427,106.4995,125.5663
822.4339,249.2764,106.4995,125.5663
818.3260,256.1229,106.4995,125.5663
827.8204,262.3011,104.2283,122.8886
837.9734,268.3476,102.0056,120.2679
853.2746,251.2977,102.0056,120.2679
863.3297,243.8657,102.0056,120.2679
865.3763,242.0816,104.2625,122.9289
863.1420,239.8474,104.2625,122.9289
862.6952,236.7194,104.2625,122.9289
862.9326,234.8959,106.5693,125.6487
865.2163,234.4392,106.5693,125.6487
867.4999,239.4633,106.5693,125.6487
870.8374,243.8846,104.2967,122.9692
876.6399,238.3505,106.6043,125.6899
891.1033,236.4860,108.9629,128.4708
894.2584,232.6422,111.3737,131.3132
889.5597,234.6562,113.8378,134.2185
874.6335,234.6899,116.3565,137.1881
884.1084,231.1991,116.3565,137.1881
901.9644,223.9903,118.9309,140.2234
922.3308,219.7949,121.5622,143.3258
959.3212,217.1900,121.5622,143.3258
955.6743,229.1728,121.5622,143.3258
952.7079,237.8574,124.2518,146.4969
928.6813,252.2589,127.0009,149.7381
908.5422,268.0437,127.0009,149.7381
898.2004,281.6512,127.0009,149.7381
891.1245,291.9930,127.0009,149.7381
895.9314,298.8072,129.8108,153.0511
893.1497,307.1523,129.8108,153.0511
857.5336,324.3351,127.0425,149.7872
822.1423,335.7692,127.0425,149.7872
817.2420,342.8474,127.0425,149.7872
816.6975,348.8367,127.0425,149.7872
822.6868,353.7371,127.0425,149.7872
831.9429,359.7263,127.0425,149.7872
844.3183,368.1459,124.3333,146.5930
854.3754,375.3587,121.6818,143.4668
2
0
0
0
0
1
587.7676,137.4854,132.0111,235.3766
602.8039,143.9295,132.0111,235.3766
612.1121,146.0776,132.0111,235.3766
642.9006,143.9295,132.0111,235.3766
669.8431,142.9886,129.1960,230.3571
683.1572,143.6893,129.1960,230.3571
710.4862,144.3901,129.1960,230.3571
729.4062,135.2804,129.1960,230.3571
745.5233,117.7618,129.1960,230.3571
771.4508,87.6299,129.1960,230.3571
801.5827,58.8994,129.1960,230.3571
2
0
0
0
0
1
619.8004,156.5352,103.2195,371.9084
609.9320,159.2265,103.2195,371.9084
598.2694,167.3007,103.2195,371.9084
590.1954,173.5806,103.2195,371.9084
583.9155,178.0662,103.2195,371.9084
577.6357,182.5518,103.2195,371.9084
567.7673,192.4202,103.2195,371.9084
563.2817,198.7001,103.2195,371.9084
565.9731,208.5684,103.2195,371.9084
568.6644,216.6426,103.2195,371.9084
569.5615,219.3339,103.2195,371.9084
570.4586,218.4368,103.2195,371.9084
562.3845,222.9224,103.2195,371.9084
566.8701,229.2023,103.2195,371.9084
565.9730,231.8937,103.2195,371.9084