0.0279
0.0279
0.0289
0.0289
0.0279
0.0289
0.0309
0.0319
0.0279
0.0279
0.0279
0.0279
0.0279
0.0279
0.0279
0.0279
0.0289
0.0279
0.0279
0.0279
0.0279
0.0279
0.0289
0.0289
0.0279
0.0279
0.0279
0.0279
0.0279
0.0279
0.0279
0.0279
0.0289
0.0289
0.0279
0.0269
0.0279
0.0289
0.0279
0.0279
0.0279
0.0279
0.0279
0.0279
0.0279
0.0269
0.0279
0.0279
0.0279
0.0279
0.0289
0.0279
0.0279
0.0289
0.0289
0.0279
0.0279
0.0279
0.0279
0.0289
0.0279
0.0279
0.0289
0.0289
0.0279
0.0289
0.0289
0.0279
0.0289
0.0279
0.0279
0.0279
0.0289
0.0279
0.0279
0.0279
0.0279
0.0269
0.0279
0.0279
0.0279
0.0279
0.0269
0.0279
0.0279
0.0279
0.0289
0.0279
0.0279
0.0279
0.0279
0.0279
0.0289
0.0289
0.0279
0.0279
0.0289
0.0289
0.0279
0.0289
0.0289
0.0279
0.0279
0.0279
0.0279
0.0279
0.0289
0.0279
0.0289
0.0289
0.0289
0.0289
0.0279
0.0289
0.0289
0.0279
0.0289
0.0289
0.0289
0.0289
0.0289
0.0289
0.0289
0.0289
0.0289
0.0279
0.0279
0.0279
0.0289
0.0289
0.0289
0.0279
0.0289
0.0279
0.0279
0.0279
0.0279
0.0279
0.0279
0.0279
0.0279
0.0279
0.0279
0.0279
0.0279
0.0279
0.0289
0.0279
0.0289
0.0279
0.0279
0.0289
0.0279
0.0309
0.0279
0.0269
NaN
NaN
NaN
NaN
0.0289
0.0279
0.0289
0.0279
0.0289
0.0289
0.0289
0.0289
0.0279
0.0289
0.0289
0.0289
0.0289
0.0279
0.0289
0.0289
0.0279
0.0279
0.0279
0.0279
0.0279
0.0279
0.0289
0.0289
0.0289
0.0289
0.0319
0.0319
0.0319
0.0289
0.0289
0.0289
0.0299
0.0289
0.0289
0.0289
0.0289
0.0299
0.0299
0.0299
0.0309
0.0309
0.0299
NaN
NaN
NaN
NaN
0.0289
0.0359
0.0359
0.0349
0.0359
0.0349
0.0349
0.0359
0.0349
0.0359
0.0349
0.0359
0.0359
NaN
NaN
NaN
NaN
0.0289
0.0349
0.0349
0.0359
0.0359
0.0359
0.0359
0.0349
0.0359
0.0359
0.0359
0.0359
0.0369
0.0359
0.0369
0.0369