0.0120
0.0189
0.0189
0.0189
0.0189
0.0189
0.0189
0.0190
0.0189
0.0189
0.0189
0.0189
0.0189
0.0189
0.0189
0.0190
0.0229
0.0189
0.0179
0.0189
0.0189
0.0189
0.0189
0.0189
0.0189
0.0199
0.0189
0.0189
0.0189
0.0190
0.0189
0.0189
0.0189
0.0189
0.0189
0.0189
0.0189
0.0189
0.0190
0.0190
0.0180
0.0189
0.0190
0.0189
0.0189
0.0189
0.0189
0.0190
0.0190
0.0190
0.0200
0.0190
0.0189
0.0189
0.0189
0.0180
0.0189
0.0180
0.0180
0.0189
0.0189
0.0189
0.0190
0.0180
0.0189
0.0189
0.0179
0.0189
0.0190
0.0200
0.0180
0.0180
0.0180
0.0189
0.0179
0.0180
0.0180
0.0179
0.0180
0.0180
0.0180
0.0180
0.0180
0.0170
0.0170
0.0170
0.0179
0.0179
0.0180
0.0179
0.0180
0.0180
0.0180
0.0180
0.0179
0.0170
0.0169
0.0170
0.0180
0.0179
0.0179
0.0170
0.0180
0.0179
0.0180
0.0180
0.0179
0.0170
0.0180
0.0170
0.0170
0.0170
0.0180
0.0170
0.0170
0.0170
0.0170
0.0170
0.0170
0.0169
0.0170
0.0160
0.0169
0.0160
0.0160
0.0160
0.0160
0.0160
0.0159
0.0170
0.0170
0.0160
0.0169
0.0170
0.0170
0.0170
0.0170
0.0160
0.0160
0.0160
0.0170
0.0170
0.0170
0.0170
0.0169
0.0180
0.0179
0.0170
0.0170
0.0170
0.0180
0.0170
0.0169
0.0180
0.0180
0.0180
0.0170
0.0180
0.0179
0.0180
0.0180
0.0179
0.0180
0.0179
0.0170
0.0180
0.0180
0.0170
0.0169
0.0170
0.0170
0.0180
0.0170
0.0170
0.0180
0.0180
0.0179
0.0180
0.0180
0.0180
0.0180
0.0179
0.0179
0.0180
0.0179
0.0180
0.0180
0.0180
0.0189
0.0190
0.0189
NaN
NaN
NaN
NaN
0.0120
0.0200
0.0170
0.0170
0.0160
0.0170
0.0170
0.0160
0.0170
0.0170
NaN
NaN
NaN
NaN
0.0120
0.0170
0.0170
0.0160
0.0160
0.0160
0.0150
0.0150
0.0160
0.0170
0.0170
0.0170
0.0169
0.0180
0.0180
0.0179
0.0179
0.0180
0.0169
0.0180
0.0169
0.0189
0.0180
0.0180
0.0179
0.0180
0.0180
0.0190
0.0179
0.0179
0.0180
0.0179
0.0189
0.0179
0.0180
0.0180
0.0180
0.0180
0.0180
0.0179
0.0170
0.0180
0.0189
0.0180
NaN
NaN
NaN
NaN
0.0120
0.0159
0.0150
0.0160
0.0160
0.0150
0.0150
0.0160
0.0160
0.0160
0.0159
0.0160
0.0160
0.0160
0.0160
0.0160
0.0160
0.0160
0.0160
0.0160
0.0160
0.0159
0.0160
0.0160
0.0160
0.0160
0.0160
0.0160
0.0160
0.0160
0.0170
0.0169
0.0170
0.0170
NaN