1
145.0791,125.4058,82.7009,191.7911
142.4313,124.8762,82.7009,191.7911
138.7243,123.2875,82.7009,191.7911
137.1357,122.7580,82.7009,191.7911
134.4878,120.1102,82.7009,191.7911
130.7809,118.5215,82.7009,191.7911
129.1922,121.1693,82.7009,191.7911
126.5444,120.6397,82.7009,191.7911
126.0149,124.3467,82.7009,191.7911
126.5444,126.9945,82.7009,191.7911
122.8375,122.2284,82.7009,191.7911
121.2488,120.6397,82.7009,191.7911
117.5418,125.4058,82.7009,191.7911
114.8940,123.8171,82.7009,191.7911
112.2462,125.4058,82.7009,191.7911
109.5984,123.8171,82.7009,191.7911
109.0689,125.4058,82.7009,191.7911
108.5393,123.8171,82.7009,191.7911
106.9506,124.3467,82.7009,191.7911
107.4802,126.9945,82.7009,191.7911
105.8915,123.2876,82.7009,191.7911
105.3619,128.0536,82.7009,191.7911
104.8324,123.2876,82.7009,191.7911
104.3028,129.1127,82.7009,191.7911
103.7733,125.4058,82.7009,191.7911
103.2437,130.1719,82.7009,191.7911
102.7141,125.4058,82.7009,191.7911
103.2437,131.2310,82.7009,191.7911
102.7141,126.4649,82.7009,191.7911
103.2437,133.3493,82.7009,191.7911
102.7141,128.5832,82.7009,191.7911
103.2437,135.4675,82.7009,191.7911
103.7733,130.7014,82.7009,191.7911
104.3028,135.4675,82.7009,191.7911
104.8324,138.1153,82.7009,191.7911
105.3619,134.4084,82.7009,191.7911
104.8324,140.2336,82.7009,191.7911
104.3028,135.4675,82.7009,191.7911
104.8324,141.2927,82.7009,191.7911
104.3028,136.5266,82.7009,191.7911
103.7733,141.2927,82.7009,191.7911
104.3028,136.5266,82.7009,191.7911
103.7733,141.2927,82.7009,191.7911
103.2437,136.5266,82.7009,191.7911
104.8324,143.4110,82.7009,191.7911
108.5393,151.3544,82.7009,191.7911
111.1871,147.6475,82.7009,191.7911
111.7167,141.8223,82.7009,191.7911
113.3054,145.5292,82.7009,191.7911
120.1897,147.1179,82.7009,191.7911
123.8966,155.0614,82.7009,191.7911
126.3097,163.7418,80.9373,187.7011
132.0107,159.0774,80.9373,187.7011
128.3828,156.4861,80.9373,187.7011
126.8280,150.7851,80.9373,187.7011
126.3097,151.3033,80.9373,187.7011
120.6088,154.9312,80.9373,187.7011
121.1270,150.2668,80.9373,187.7011
123.7184,144.5658,80.9373,187.7011
116.9809,150.2668,80.9373,187.7011
118.5357,158.0408,80.9373,187.7011
120.0905,156.4860,80.9373,187.7011
113.4604,164.9814,79.2113,183.6983
113.1104,168.7379,80.9638,187.7626
114.6657,175.4776,80.9638,187.7626
118.0275,176.9799,79.2373,183.7585
120.5644,166.3249,79.2373,183.7585
117.0079,171.7076,77.5475,179.8398
116.3989,177.9327,75.8938,176.0047
118.6134,184.0250,74.2753,172.2513
119.8638,188.1538,72.6914,168.5780
120.1902,192.1945,71.1412,164.9831
121.3879,193.5146,69.6241,161.4648
122.5600,196.5254,68.1393,158.0215
122.1236,196.0891,68.1393,158.0215
122.5600,194.7801,68.1393,158.0215
124.5481,197.7267,66.6862,154.6516
124.0245,199.7873,65.2641,151.3536
123.6065,200.2052,65.2641,151.3536
124.0245,199.7873,65.2641,151.3536
121.9349,201.0410,65.2641,151.3536
124.6448,203.0576,63.8724,148.1260
122.5998,204.2846,63.8724,148.1260
124.6448,204.6936,63.8724,148.1260
124.2358,206.7386,63.8724,148.1260
124.6448,207.9656,63.8724,148.1260
126.5085,211.5161,62.5103,144.9671
127.5608,214.2192,61.1772,141.8757
128.7360,215.3944,61.1772,141.8757
129.1278,215.7862,61.1772,141.8757
127.9526,216.9614,61.1772,141.8757
129.1278,217.3532,61.1772,141.8757
129.5195,219.3119,61.1772,141.8757
131.3046,220.4471,59.8726,138.8501
130.1544,223.8975,59.8726,138.8501
132.0713,221.9806,59.8726,138.8501
131.6880,224.6643,59.8726,138.8501
133.6049,223.5141,59.8726,138.8501
133.2215,226.9646,59.8726,138.8501
134.3717,225.8145,59.8726,138.8501
135.5218,226.1979,59.8726,138.8501
135.9052,228.1148,59.8726,138.8501
137.8221,226.9646,59.8726,138.8501
138.2055,227.3480,59.8726,138.8501
138.5889,226.9646,59.8726,138.8501
139.7391,226.5813,59.8726,138.8501
140.1225,226.1979,59.8726,138.8501
140.5059,225.8145,59.8726,138.8501
141.6560,225.4311,59.8726,138.8501
141.2726,228.1148,59.8726,138.8501
141.6560,226.9646,59.8726,138.8501
143.5730,225.8145,59.8726,138.8501
142.4228,226.9646,59.8726,138.8501
142.8062,226.5812,59.8726,138.8501
143.1896,226.1978,59.8726,138.8501
143.4585,230.2650,58.5958,135.8891
145.3345,228.3890,58.5958,135.8891
144.9593,228.7642,58.5958,135.8891
145.3345,228.3890,58.5958,135.8891
146.4601,228.0138,58.5958,135.8891
146.8354,229.1394,58.5958,135.8891
147.2106,228.0138,58.5958,135.8891
147.5858,229.1394,58.5958,135.8891
148.7114,228.0138,58.5958,135.8891
148.3362,229.1394,58.5958,135.8891
150.2122,227.2634,58.5958,135.8891
149.8370,227.6386,58.5958,135.8891
150.2122,227.2634,58.5958,135.8891
151.3379,226.1377,58.5958,135.8891
152.4635,225.7625,58.5958,135.8891
152.0883,226.1377,58.5958,135.8891
151.7131,225.0121,58.5958,135.8891
151.3379,225.3873,58.5958,135.8891
151.7131,224.2617,58.5958,135.8891
149.8370,223.8865,58.5958,135.8891
147.9610,222.0104,58.5958,135.8891
147.5858,220.1344,58.5958,135.8891
147.9610,217.5079,58.5958,135.8891
146.0849,217.1327,58.5958,135.8891
142.7080,214.5062,58.5958,135.8891
139.3311,210.3789,58.5958,135.8891
137.4551,207.0020,58.5958,135.8891
135.5790,211.8798,58.5958,135.8891
132.2021,210.0037,58.5958,135.8891
128.8252,209.6285,58.5958,135.8891
126.1988,210.0037,58.5958,135.8891
125.8236,211.8798,58.5958,135.8891
122.4467,211.5045,58.5958,135.8891
119.8202,213.3806,58.5958,135.8891
117.9442,213.0054,58.5958,135.8891
119.0698,212.6301,58.5958,135.8891
116.4433,211.5045,58.5958,135.8891
117.5689,211.1293,58.5958,135.8891
115.6622,213.6632,57.3462,132.9912
116.7638,212.5615,57.3462,132.9912
114.9278,213.6632,57.3462,132.9912
117.4982,211.8271,57.3462,132.9912
116.3966,212.1944,57.3462,132.9912
118.2326,212.5616,57.3462,132.9912
120.0687,212.1944,57.3462,132.9912
120.4359,211.8271,57.3462,132.9912
117.1310,209.9911,57.3462,132.9912
119.7015,211.0927,57.3462,132.9912
119.3343,212.9288,57.3462,132.9912
121.1703,212.5615,57.3462,132.9912
120.7199,210.0863,56.1233,130.1552
124.2005,203.0536,57.3650,133.0349
139.1911,185.9567,58.6342,135.9782
143.6064,184.0629,59.9315,138.9868
127.6003,192.5728,58.6535,136.0228
120.4643,198.2065,58.6535,136.0228
114.9357,201.4669,57.4027,133.1221
110.2335,198.9892,56.1785,130.2832
107.7119,200.0316,54.9805,127.5049
105.9228,200.3732,53.8080,124.7858
102.1328,198.6504,53.8080,124.7858
88.6952,151.4468,53.8080,124.7858
81.4597,145.5895,53.8080,124.7858
72.8459,141.1103,53.8080,124.7858
74.0380,135.7977,54.9985,127.5467
69.4104,127.4444,56.2154,130.3687
73.6435,124.1349,57.4591,133.2531
72.6262,112.3541,58.7304,136.2013
63.0024,96.4109,60.0298,139.2148
57.9515,93.6744,61.3580,142.2949
54.4193,88.4316,62.7155,145.4432
60.8086,88.0726,64.1031,148.6611
66.1447,86.8412,64.1031,148.6611
93.9687,91.5847,65.5214,151.9502
2
0
0
0
0
1
55.0349,219.2473,34.6719,73.7404
60.8675,212.5474,33.9325,72.1679
61.9841,211.1096,34.6832,73.7646
61.8183,208.7685,35.4506,75.3967
75.9004,191.2334,36.2349,77.0648
69.3541,180.1386,37.0366,78.7699
66.3853,173.4511,37.8561,80.5127
66.2044,167.5668,38.6936,82.2940
2
0
0
0
0
1
118.0965,158.1081,71.1219,93.0492
123.5782,155.8510,71.1219,93.0492
126.4802,153.5938,71.1219,93.0492
127.4476,151.9816,71.1219,93.0492
127.1251,149.7244,71.1219,93.0492
123.3274,132.9716,72.6955,95.1080
119.4457,134.9969,74.3039,97.2122
114.7792,140.5622,75.9479,99.3630
115.0107,146.2506,77.6282,101.5614
110.1353,144.0316,79.3457,103.8085
111.8702,145.4958,81.1012,106.1053
108.3026,140.1257,82.8956,108.4528
114.0143,135.4167,84.7297,110.8524
111.8813,133.7918,86.6043,113.3050
109.7011,133.7605,88.5204,115.8118
112.4693,135.3940,90.4790,118.3742
116.1612,137.4451,90.4790,118.3742
114.7347,132.3052,92.4808,120.9932
121.0240,129.3702,92.4808,120.9932
117.8258,123.2466,94.5269,123.6702
124.2543,124.5323,94.5269,123.6702
128.9685,121.5324,94.5269,123.6702
131.9684,117.6753,94.5269,123.6702
134.1112,115.5325,94.5269,123.6702
129.0638,111.9412,96.6184,126.4064
123.9047,110.0883,98.7560,129.2031
118.6315,108.1945,100.9410,132.0618
114.1912,106.2588,103.1743,134.9836
117.4656,109.5332,103.1743,134.9836
112.9271,104.6427,105.4571,137.9701
115.3177,111.8145,105.4571,137.9701
118.6645,118.0300,105.4571,137.9701
126.7925,125.2018,105.4571,137.9701
133.9642,134.2860,105.4571,137.9701
140.1798,143.3703,105.4571,137.9701
138.7454,142.8921,105.4571,137.9701
141.2524,136.5290,103.2082,135.0279
144.6079,127.5956,101.0072,132.1484
150.5402,125.9149,98.8532,129.3303
155.4702,129.0521,98.8532,129.3303
156.8147,131.2930,98.8532,129.3303
145.0265,113.5879,101.0403,132.1917
2
0
0
0
0
1
206.0824,233.4064,63.2820,65.6435
206.1723,223.9915,64.6821,67.0959
209.0256,215.4314,64.6821,67.0959
206.4262,210.6524,66.1132,68.5804
203.7693,206.8679,67.5759,70.0977
199.9289,199.6257,69.0710,71.6486
195.4289,192.7980,70.5992,73.2339
182.0170,182.8819,72.1612,74.8542
170.1098,175.7488,73.7578,76.5103
163.4631,170.9129,75.3897,78.2031
158.3234,168.1918,75.3897,78.2031
152.1570,163.2490,77.0577,79.9333
149.0602,158.8380,78.7626,81.7019
150.0078,160.4173,78.7626,81.7019
151.4304,157.2195,80.5052,83.5095
166.9527,156.6306,82.2864,85.3572
173.2322,162.1914,84.1070,87.2457
180.3153,187.4884,84.1070,87.2457
186.7239,199.9683,84.1070,87.2457
191.0426,202.1527,85.9679,89.1760
207.5772,208.7526,84.1346,87.2743
223.7591,220.4150,82.3404,85.4132
237.9581,226.6890,82.3404,85.4132
242.9113,240.2276,82.3404,85.4132
237.2977,254.4266,82.3404,85.4132
241.5905,264.6631,82.3404,85.4132
247.2425,266.5287,80.5844,83.5917
259.6268,280.8140,78.8660,81.8091
261.0513,288.1123,80.6109,83.6191
273.9108,293.5598,82.3944,85.4692
277.4560,288.8433,84.2174,87.3602
284.5484,297.2868,84.2174,87.3602
2
0