0.20175
0.21768
0.059721
0.031398
0.039877
0.034177
0.028328
0.02489
0.025104
0.024582
0.024468
0.024877
0.024548
0.023837
0.024743
0.024549
0.024333
0.024198
0.023936
0.024283
0.02431
0.024011
0.023903
0.024291
0.023476
0.024256
0.023938
0.024701
0.023399
0.023673
0.023374
0.02417
0.024208
0.024174
0.02363
0.024609
0.024137
0.024573
0.023553
0.024063
0.024386
0.023701
0.024399
0.023668
0.024028
0.022548
0.022625
0.022481
0.022422
0.022353
0.022378
0.022393
0.022516
0.022619
0.022489
0.02239
0.022303
0.022379
0.023625
0.023872
0.023464
0.023392
0.023877
0.023965
0.023226
0.023289
0.023881
0.023839
0.023184
0.023805
0.02371
0.023199
0.023468
0.023372
0.023129
0.023526
0.023444
0.023264
0.02361
0.023711
0.023826
0.02385
0.025167
0.025511
0.025431
0.025027
0.025284
0.02525
0.02515
0.025273
0.025264
0.024116
0.024808
0.025056
0.025265
0.025235
0.02558
0.02478
0.025232
0.025255
0.024237
0.024401
0.02392
0.023938
0.02319
0.02345
0.023186
0.023142
0.023993
0.023656
0.024172
0.024243
0.023746
0.024001
0.023613
0.023824
0.02364
0.023743
0.023583
0.023836
0.023929
0.024113
0.024212
0.024448
0.024636
0.025092
0.024872
0.024346
0.024624
0.024434
0.02418
0.023564
0.023365
0.023186
0.023985
0.024103
0.0236
0.023197
0.023911
0.024085
0.023331
0.02318
0.023184
0.023456
0.023465
0.02341
0.023304
0.024099
0.022752
0.022515
0.022743
0.023811
0.023206
0.023477
0.023563
0.022708
0.023329
0.023196
0.023241
0.023512
0.023555
0.023219
0.023241
0.02334
0.023416
0.022417
0.022642
0.062919
0.02475
0.024237
0.024351
0.024619
0.0241
0.023984
0.023726
0.024531
0.023734
0.024226
0.024511
0.024531
0.024154
0.02375
0.023672
0.023723
0.023734
0.023733
0.023778
0.022176
0.023842
0.024028
0.024515
0.023877
0.024086
0.024565
0.023767
0.02371
0.023761
0.023873
0.023837
0.023812
0.023922
0.024111
0.023711
0.023711
0.023984
0.02452
0.023746
0.02389
0.023741
0.023708
0.02374
0.02404
0.023774
0.024294
0.023977
0.024353
0.024657
0.024329
0.023864
0.023837
0.023797
0.023713
0.023735
0.023872
0.024235
0.023851
0.023887
0.024457
0.024182
0.023895
0.02382
0.023728
0.023843
0.023736
0.023862
0.023906
0.023722
0.023846
0.023855
0.023804
0.024069
0.023731
0.024077
0.024122
0.024112
0.023799
0.023804
0.023799
0.023794
0.023776
0.024263
0.024726
0.024658
0.024337
0.023176
0.022978
0.023423
0.023226
0.022965
0.023033
0.023947
0.024007
0.024233
0.024069
0.024362
0.024931
0.024613
0.023856
0.023821
0.024658
0.02491
0.024846
0.025008
0.025365
0.025213
0.025605
0.025131
0.024091
0.024774
0.024671
0.024723
0.024739
0.025621
0.025552
0.025577
0.02557
0.025769
0.024714
0.023962
0.024926
0.025183
0.02476
0.025208
0.0244
0.024049
0.024089
0.024824
0.024859
0.023901
0.02396
0.023687
0.023946
0.023572
0.023856
0.023596
0.023949
0.023807
0.024064
0.02384
0.023894
0.023734
0.024315
0.024702
0.024376
0.023828
0.024844
0.023946
0.023907
0.024054
0.024067
0.023775
0.023947
0.023947
0.024102
0.023727
0.02402
0.023638
0.024027
0.023744
0.024012
0.023638
0.023868
0.023682
0.024033
0.024235
0.024676
0.02404
0.02426
0.024114
0.02349
0.022896
0.02322
0.023692
0.024058
0.024003
0.024096
0.023613
0.023883
0.023652
0.024001
0.023581
0.023911
0.023592
0.02387
0.022794
0.023213
0.023648
0.023939
0.02357
0.023976
0.023694
0.023866
0.023651
0.023923
0.023597
