0.20244
0.22145
0.063344
0.035771
0.044047
0.038458
0.032775
0.028732
0.029615
0.027679
0.028148
0.027546
0.026824
0.026147
0.027495
0.025533
0.025968
0.025629
0.026703
0.025586
0.027047
0.026617
0.02671
0.025664
0.026802
0.025593
0.026819
0.027397
0.028194
0.027906
0.028254
0.028521
0.027843
0.026858
0.027563
0.026434
0.025396
0.027457
0.027476
0.027268
0.028406
0.026966
0.027973
0.026575
0.027454
0.026544
0.026808
0.027139
0.026819
0.026278
0.026731
0.026471
0.027536
0.026623
0.026715
0.026433
0.026747
0.026567
0.02689
0.027697
0.028762
0.027916
0.027613
0.02807
0.027374
0.027017
0.025939
0.026552
0.026867
0.025822
0.026916
0.026556
0.028196
0.027389
0.027931
0.026514
0.027727
0.027293
0.027142
0.026379
0.027487
0.027315
0.026841
0.026813
0.026834
0.027464
0.027094
0.027037
0.025783
0.026468
0.026317
0.026445
0.025888
0.026416
0.02549
0.025514
0.026355
0.026439
0.026346
0.027701
0.026867
0.026786
0.026632
0.026603
0.027478
0.027517
0.027887
0.027954
0.02785
0.027914
0.027873
0.028741
0.02785
0.026636
0.028146
0.02696
0.027752
0.028075
0.02691
0.027292
0.027068
0.02602
0.026085
0.026088
0.026029
0.026931
0.029183
0.02818
0.02695
0.028196
0.028116
0.028516
0.026983
0.02612
0.026101
0.026031
0.027063
0.026048
0.027148
0.026081
0.027108
0.026414
0.026707
0.026142
0.026076
0.027168
0.026057
0.027179
0.026062
0.026069
0.027404
0.027585
0.028212
0.028386
0.028639
0.026077
0.026943
0.027001
0.026846
0.025934
0.02687
0.02687
0.026889
0.026865
0.025926
0.025975
0.026856
0.025885
0.027949
0.027333
0.02814
0.026549
0.027752
0.027216
0.026004
0.027242
0.028141
0.02634
0.026108
0.026681
0.026756
0.026502
0.026531
0.026809
0.028642
0.027643
0.026753
0.026723
0.028562
0.029642
0.028008
0.027907
0.028173
0.026949
0.028088
0.028106
0.0278
0.027941
0.026766
0.026776
0.028733
0.028702
0.027974
0.028986
0.027819
0.02776
0.027134
0.02694
0.026883
0.027989
0.025918
0.027744
0.02679
0.025516
0.025718
0.025571
0.025577
0.026815
0.02685
0.024649
0.025507
0.026942
0.02548
0.025433
0.025402
0.025392
0.026777
0.025407
0.025505
0.025417
0.026686
0.025514
0.025465
0.026388
0.027448
0.026611
0.027501
0.026248
0.026168
0.027532
0.026295
0.025285
0.026875
0.026938
0.026654
0.026688
0.026619
0.026559
0.025374
0.025354
0.026054
0.026402
0.026622
0.027058
0.025456
0.026597
0.027971
0.027044
0.026588
0.026758
0.025722
0.024597
0.026087
0.025938
0.025505
0.025968
0.025823
0.02571
0.025645
0.025629
0.027081
0.025987
0.025546
0.025742
0.02598
0.026086
0.025624
0.025549
0.025627
0.025603
0.025609
0.025888
0.026359
0.025584
0.025615
0.0269
0.027134
0.026035
0.025655
0.025906
0.02598
0.025699
0.02558
0.02557
0.025756
0.025058
0.025288
0.024623
0.024888
0.024676
0.024685
0.024517
0.024725
0.024639
0.024807
0.025221
0.025188
0.024631
0.024818
0.024568
0.024757
0.024657
0.025035
0.024025
0.024228
0.02371
0.023736
0.023671
0.023751
0.023896
0.023802
0.024391
0.024321
0.023665
0.024017
0.023756
0.023809
0.023682
0.023832
0.023668
0.023803
0.023672
0.024168
0.024118
0.024585
0.024838
0.02445
0.024583
0.024245
0.02429
0.024154
0.023849
0.023658
0.0243
0.02368
0.023943
0.023641
0.024335
0.023665
0.023939
0.024142
0.024037
0.023632
0.02401
0.023775
0.023955
0.023883
0.024912
0.023724
0.024069
0.023659
0.02396
0.023761
0.023913
0.023603
0.023884
0.02421
0.02364
0.023333
0.023588
0.023315
0.023555
0.023825
0.024074
0.023338
0.023545
0.023293
0.02401
0.023881
0.023649
0.023478
0.023948
0.024082
0.023628
0.02341
0.023914
0.023802
0.023557
0.023797
0.023599
0.023341
0.025289
0.023247
0.023369
0.024087
0.024746
0.02428
0.024834
0.024274
0.024888
0.023753
0.02396
0.02425
0.02444
0.024173
0.024458
0.024313
0.024512
0.024221
0.024897
0.024241
0.024946
0.02429
0.02445
0.024308
0.024619
0.024238
0.02445
0.022932
0.024403
0.024772
0.024487
0.024274
0.024401
0.024595
0.024521
0.024226
0.024497
0.024614
0.024459
0.024324
0.024499
0.024272
0.024536
0.024368
0.024615
0.02344
0.023687
0.023712
0.023662
0.023554
0.024547
0.023904
0.023734
0.023534
0.023752
0.023543
0.024889
0.023586
0.023729
0.023596
0.023859
0.023577
0.023795
0.023607
0.024241
0.023724
0.02391
0.02378
0.023947
0.023771
0.023969
0.023711
0.023936
0.023596
0.023809
0.023621
0.023875
0.023709
0.02397
0.023689
0.024014
0.023691
0.023962
0.023682
0.024
0.023722
0.024012
0.023649
0.023945
0.023748
0.023916
0.023756
0.023897
0.02372
0.024126
0.023719
0.023974
0.023771
0.023905
0.023759
0.02398
0.023701
0.023953
0.02378
0.024007
0.023796
0.023978
0.023798
0.024162
0.024064
0.024463
0.024463
0.024677
0.024336
0.024438
0.024244
0.023976
0.023849
0.023872
0.023936
0.02379
0.023825
0.02378
0.024012
0.023802
0.024144
0.023786
0.023778
0.023825
0.02379
0.023892
0.023768
0.023868
0.023783
0.02385
0.023825
0.023865
0.023815
0.023832
0.023952
0.023832
0.02385
0.023846
0.023922
0.023915
0.023859
0.023845
0.023869
0.023811
0.023902
0.023882
0.023988
0.023878
0.023957
0.023877
0.023842
0.023905
0.023806
0.023938
0.023828
0.023945
0.023885
0.023879
0.023794
0.023864
0.023797
0.023772
0.023917
0.023873
0.023846
0.023815
0.023779
0.023837
0.023811
0.023823
0.023825
0.02389
0.023869
0.02393
0.02393
0.0239
0.023878
0.023879
0.023907
0.023886
0.023894
0.023841
0.023822
0.023918
0.023939
0.02388
0.023839
0.023912
0.023839
0.023901
0.024
0.023867
0.02384
0.023839
0.023899
0.023923
0.023967
0.023909
0.02387
0.023867
0.023855
0.023809
0.02382
0.023965
0.023907
0.02398
0.023829
0.023897
0.023867
0.023923
0.023868
0.023949
0.024
0.023996
0.023986
0.024013
0.023906
0.023929
0.023893
0.023972
0.023922
0.02395
0.023913
0.023972
0.023986
0.023943
0.02389
0.023984
0.023002
0.023962
0.023923
0.02393
0.024008
0.024004
0.023943
0.023888
0.023976
0.02392
0.024029
0.023895
0.023891
0.023912
0.023889
0.023967
0.023892
0.02399
0.023974
0.023882
0.02393
0.023892
0.023898
0.02399
0.023944
0.024052
0.023889
0.02395
0.023877
0.024039
0.023931
0.023875
0.023879
0.023851
0.02402
0.023948
0.023964
0.023838
0.023868
0.023855
0.023899
0.02395
0.023955
0.023916
0.023922
0.02395
0.023926
0.023933
0.023904
0.02397
0.023885
0.02394
0.023856
0.023853
0.023875
0.023928
0.02391
0.023965
0.023951
0.023901
0.023899
0.023899
0.023878
0.024075
0.023994
0.023889
0.024028
0.023895
0.023874
0.023847
0.023975
0.023913
0.023903
0.023956
0.023831
0.023892
0.023811
0.023834
0.023859
0.023987
0.023903
0.023868
0.023977
0.023902
