0.20034,0.19671,0.19794,0,0,0,0,0,0,0,0,0,0,0,0
0.22503,0.22571,0.22688,0,0,0,0,0,0,0,0,0,0,0,0
0.058387,0.058778,0.058662,0,0,0,0,0,0,0,0,0,0,0,0
0.029106,0.029292,0.029143,0,0,0,0,0,0,0,0,0,0,0,0
0.038239,0.038435,0.0385,0,0,0,0,0,0,0,0,0,0,0,0
0.033624,0.034293,0.034196,0,0,0,0,0,0,0,0,0,0,0,0
0.027591,0.027816,0.027444,0,0,0,0,0,0,0,0,0,0,0,0
0.023815,0.023782,0.023678,0,0,0,0,0,0,0,0,0,0,0,0
0.024323,0.024706,0.023986,0,0,0,0,0,0,0,0,0,0,0,0
0.023468,0.023608,0.023594,0,0,0,0,0,0,0,0,0,0,0,0
0.023886,0.024203,0.023569,0,0,0,0,0,0,0,0,0,0,0,0
0.024777,0.024985,0.024673,0,0,0,0,0,0,0,0,0,0,0,0
0.024031,0.024381,0.0238,0,0,0,0,0,0,0,0,0,0,0,0
0.023916,0.02405,0.023662,0,0,0,0,0,0,0,0,0,0,0,0
0.025116,0.025147,0.024318,0,0,0,0,0,0,0,0,0,0,0,0
0.024265,0.024133,0.02403,0,0,0,0,0,0,0,0,0,0,0,0
0.023898,0.024102,0.023421,0,0,0,0,0,0,0,0,0,0,0,0
0.02386,0.023905,0.023695,0,0,0,0,0,0,0,0,0,0,0,0
0.02348,0.023609,0.023052,0,0,0,0,0,0,0,0,0,0,0,0
0.024175,0.024423,0.024139,0,0,0,0,0,0,0,0,0,0,0,0
0.024821,0.024957,0.024229,0,0,0,0,0,0,0,0,0,0,0,0
0.024241,0.024125,0.023857,0,0,0,0,0,0,0,0,0,0,0,0
0.024094,0.024076,0.023642,0,0,0,0,0,0,0,0,0,0,0,0
0.025921,0.02574,0.025375,0,0,0,0,0,0,0,0,0,0,0,0
0.024423,0.024484,0.023948,0,0,0,0,0,0,0,0,0,0,0,0
0.024782,0.024689,0.024436,0,0,0,0,0,0,0,0,0,0,0,0
0.024538,0.024607,0.024055,0,0,0,0,0,0,0,0,0,0,0,0
0.025297,0.025168,0.024657,0,0,0,0,0,0,0,0,0,0,0,0
0.024843,0.024924,0.024328,0,0,0,0,0,0,0,0,0,0,0,0
0.024317,0.024568,0.024219,0,0,0,0,0,0,0,0,0,0,0,0
0.02418,0.024224,0.023704,0,0,0,0,0,0,0,0,0,0,0,0
0.024755,0.024775,0.024224,0,0,0,0,0,0,0,0,0,0,0,0
0.023557,0.023622,0.023116,0,0,0,0,0,0,0,0,0,0,0,0
0.024537,0.024551,0.024063,0,0,0,0,0,0,0,0,0,0,0,0
0.02401,0.024092,0.023597,0,0,0,0,0,0,0,0,0,0,0,0
0.024623,0.02492,0.024352,0,0,0,0,0,0,0,0,0,0,0,0
0.025423,0.024346,0.023917,0,0,0,0,0,0,0,0,0,0,0,0
0.024213,0.024625,0.024191,0,0,0,0,0,0,0,0,0,0,0,0
0.024454,0.024692,0.024029,0,0,0,0,0,0,0,0,0,0,0,0
0.023817,0.024199,0.023726,0,0,0,0,0,0,0,0,0,0,0,0
0.023755,0.021983,0.023418,0,0,0,0,0,0,0,0,0,0,0,0
0.024235,0.024719,0.022116,0,0,0,0,0,0,0,0,0,0,0,0
0.023285,0.024475,0.023627,0,0,0,0,0,0,0,0,0,0,0,0
0.023837,0.024234,0.023793,0,0,0,0,0,0,0,0,0,0,0,0
0.024597,0.025102,0.024214,0,0,0,0,0,0,0,0,0,0,0,0
0.023741,0.024171,0.023722,0,0,0,0,0,0,0,0,0,0,0,0
0.023853,0.024119,0.023547,0,0,0,0,0,0,0,0,0,0,0,0
0.023657,0.023999,0.023586,0,0,0,0,0,0,0,0,0,0,0,0
0.02319,0.023206,0.022796,0,0,0,0,0,0,0,0,0,0,0,0
0.023796,0.024258,0.02371,0,0,0,0,0,0,0,0,0,0,0,0
0.023874,0.023975,0.023487,0,0,0,0,0,0,0,0,0,0,0,0
0.023856,0.024184,0.02381,0,0,0,0,0,0,0,0,0,0,0,0
0.024019,0.024215,0.023708,0,0,0,0,0,0,0,0,0,0,0,0
0.023251,0.023037,0.023106,0,0,0,0,0,0,0,0,0,0,0,0
0.023343,0.023304,0.022981,0,0,0,0,0,0,0,0,0,0,0,0
0.024547,0.024655,0.024601,0,0,0,0,0,0,0,0,0,0,0,0
0.023781,0.023916,0.023407,0,0,0,0,0,0,0,0,0,0,0,0
0.023148,0.023192,0.023113,0,0,0,0,0,0,0,0,0,0,0,0
0.023953,0.024116,0.023589,0,0,0,0,0,0,0,0,0,0,0,0
0.024308,0.024519,0.024315,0,0,0,0,0,0,0,0,0,0,0,0
0.02382,0.023823,0.023381,0,0,0,0,0,0,0,0,0,0,0,0
0.023944,0.023983,0.023902,0,0,0,0,0,0,0,0,0,0,0,0
0.024102,0.024454,0.023764,0,0,0,0,0,0,0,0,0,0,0,0
0.024164,0.024303,0.02395,0,0,0,0,0,0,0,0,0,0,0,0
0.02322,0.023175,0.022806,0,0,0,0,0,0,0,0,0,0,0,0
0.023793,0.023802,0.023524,0,0,0,0,0,0,0,0,0,0,0,0
0.024822,0.024686,0.024055,0,0,0,0,0,0,0,0,0,0,0,0
0.023973,0.023974,0.023621,0,0,0,0,0,0,0,0,0,0,0,0
0.023321,0.023129,0.022539,0,0,0,0,0,0,0,0,0,0,0,0
0.024136,0.023723,0.023293,0,0,0,0,0,0,0,0,0,0,0,0
0.024917,0.024564,0.023861,0,0,0,0,0,0,0,0,0,0,0,0
0.023101,0.022811,0.022601,0,0,0,0,0,0,0,0,0,0,0,0
0.02398,0.023509,0.023212,0,0,0,0,0,0,0,0,0,0,0,0
0.023108,0.022755,0.022562,0,0,0,0,0,0,0,0,0,0,0,0
0.0232,0.02271,0.022462,0,0,0,0,0,0,0,0,0,0,0,0
0.023341,0.022891,0.022775,0,0,0,0,0,0,0,0,0,0,0,0
0.023156,0.022676,0.02257,0,0,0,0,0,0,0,0,0,0,0,0
0.023106,0.022603,0.022501,0,0,0,0,0,0,0,0,0,0,0,0
0.024059,0.0235,0.023202,0,0,0,0,0,0,0,0,0,0,0,0
0.023313,0.022964,0.022786,0,0,0,0,0,0,0,0,0,0,0,0
0.024469,0.024186,0.023766,0,0,0,0,0,0,0,0,0,0,0,0
0.024806,0.024425,0.023963,0,0,0,0,0,0,0,0,0,0,0,0
0.024491,0.02425,0.023786,0,0,0,0,0,0,0,0,0,0,0,0
0.024399,0.024073,0.023762,0,0,0,0,0,0,0,0,0,0,0,0
0.023853,0.02408,0.023256,0,0,0,0,0,0,0,0,0,0,0,0
0.024563,0.024968,0.02395,0,0,0,0,0,0,0,0,0,0,0,0
0.023367,0.023745,0.023042,0,0,0,0,0,0,0,0,0,0,0,0
0.024344,0.025016,0.023785,0,0,0,0,0,0,0,0,0,0,0,0
0.023272,0.023746,0.023021,0,0,0,0,0,0,0,0,0,0,0,0
0.023574,0.024037,0.023014,0,0,0,0,0,0,0,0,0,0,0,0
0.023221,0.023638,0.023023,0,0,0,0,0,0,0,0,0,0,0,0
0.023954,0.024472,0.023529,0,0,0,0,0,0,0,0,0,0,0,0
0.022948,0.023203,0.022705,0,0,0,0,0,0,0,0,0,0,0,0
0.024244,0.024781,0.02383,0,0,0,0,0,0,0,0,0,0,0,0
0.023503,0.024114,0.023146,0,0,0,0,0,0,0,0,0,0,0,0
0.024416,0.024753,0.023879,0,0,0,0,0,0,0,0,0,0,0,0
0.066443,0.068996,0.066359,0,0,0,0,0,0,0,0,0,0,0,0
0.02378,0.024076,0.023788,0,0,0,0,0,0,0,0,0,0,0,0
0.023034,0.023176,0.022752,0,0,0,0,0,0,0,0,0,0,0,0
0.023054,0.023182,0.022762,0,0,0,0,0,0,0,0,0,0,0,0
0.023853,0.024062,0.023624,0,0,0,0,0,0,0,0,0,0,0,0
0.023609,0.023932,0.023237,0,0,0,0,0,0,0,0,0,0,0,0
0.023297,0.02351,0.023124,0,0,0,0,0,0,0,0,0,0,0,0
0.023031,0.023109,0.022682,0,0,0,0,0,0,0,0,0,0,0,0
0.023152,0.023072,0.022695,0,0,0,0,0,0,0,0,0,0,0,0
0.023056,0.023154,0.022748,0,0,0,0,0,0,0,0,0,0,0,0
0.022982,0.023239,0.022728,0,0,0,0,0,0,0,0,0,0,0,0
0.023044,0.023141,0.022712,0,0,0,0,0,0,0,0,0,0,0,0
0.023741,0.023866,0.023315,0,0,0,0,0,0,0,0,0,0,0,0
0.024206,0.024269,0.023574,0,0,0,0,0,0,0,0,0,0,0,0
0.023023,0.023253,0.022884,0,0,0,0,0,0,0,0,0,0,0,0
0.024118,0.024068,0.023535,0,0,0,0,0,0,0,0,0,0,0,0
0.024009,0.024017,0.023382,0,0,0,0,0,0,0,0,0,0,0,0
0.023996,0.02395,0.023325,0,0,0,0,0,0,0,0,0,0,0,0
0.024576,0.024586,0.02389,0,0,0,0,0,0,0,0,0,0,0,0
0.02597,0.026037,0.024783,0,0,0,0,0,0,0,0,0,0,0,0
0.025262,0.025327,0.024536,0,0,0,0,0,0,0,0,0,0,0,0
0.025276,0.025295,0.024385,0,0,0,0,0,0,0,0,0,0,0,0
0.024789,0.024862,0.024072,0,0,0,0,0,0,0,0,0,0,0,0
0.024895,0.024851,0.024,0,0,0,0,0,0,0,0,0,0,0,0
0.02479,0.024835,0.024064,0,0,0,0,0,0,0,0,0,0,0,0
0.02493,0.025203,0.024191,0,0,0,0,0,0,0,0,0,0,0,0
0.024817,0.024914,0.02411,0,0,0,0,0,0,0,0,0,0,0,0
0.025098,0.025196,0.024282,0,0,0,0,0,0,0,0,0,0,0,0
0.024473,0.024912,0.023932,0,0,0,0,0,0,0,0,0,0,0,0
0.025242,0.025558,0.024308,0,0,0,0,0,0,0,0,0,0,0,0
0.025141,0.025169,0.024396,0,0,0,0,0,0,0,0,0,0,0,0
0.025311,0.025334,0.024242,0,0,0,0,0,0,0,0,0,0,0,0
0.024381,0.024454,0.023887,0,0,0,0,0,0,0,0,0,0,0,0
0.025218,0.025129,0.024109,0,0,0,0,0,0,0,0,0,0,0,0
0.026118,0.026777,0.025295,0,0,0,0,0,0,0,0,0,0,0,0
0.024536,0.024887,0.024231,0,0,0,0,0,0,0,0,0,0,0,0
NaN,NaN,NaN,0,0,0,0,0,0,0,0,0,0,0,0
NaN,NaN,NaN,0,0,0,0,0,0,0,0,0,0,0,0
NaN,NaN,NaN,0,0,0,0,0,0,0,0,0,0,0,0
NaN,NaN,NaN,0,0,0,0,0,0,0,0,0,0,0,0
0.19191,0.1904,0.19528,0,0,0,0,0,0,0,0,0,0,0,0
0.22341,0.22418,0.22438,0,0,0,0,0,0,0,0,0,0,0,0
0.057877,0.058281,0.058074,0,0,0,0,0,0,0,0,0,0,0,0
0.028802,0.029026,0.028867,0,0,0,0,0,0,0,0,0,0,0,0
0.03826,0.038581,0.038309,0,0,0,0,0,0,0,0,0,0,0,0
0.034167,0.034527,0.034226,0,0,0,0,0,0,0,0,0,0,0,0
0.026997,0.027097,0.026898,0,0,0,0,0,0,0,0,0,0,0,0
0.024705,0.024439,0.024299,0,0,0,0,0,0,0,0,0,0,0,0
0.024175,0.023966,0.023821,0,0,0,0,0,0,0,0,0,0,0,0
0.023804,0.023456,0.023391,0,0,0,0,0,0,0,0,0,0,0,0
0.023189,0.022871,0.022644,0,0,0,0,0,0,0,0,0,0,0,0
0.023202,0.022799,0.022686,0,0,0,0,0,0,0,0,0,0,0,0
0.023535,0.023454,0.023183,0,0,0,0,0,0,0,0,0,0,0,0
0.023761,0.023759,0.023366,0,0,0,0,0,0,0,0,0,0,0,0
0.023391,0.023352,0.022858,0,0,0,0,0,0,0,0,0,0,0,0
0.023683,0.02345,0.023218,0,0,0,0,0,0,0,0,0,0,0,0
0.023475,0.023375,0.023038,0,0,0,0,0,0,0,0,0,0,0,0
0.023494,0.023347,0.023093,0,0,0,0,0,0,0,0,0,0,0,0
0.022944,0.022774,0.022557,0,0,0,0,0,0,0,0,0,0,0,0
0.023444,0.023448,0.023128,0,0,0,0,0,0,0,0,0,0,0,0
0.023755,0.023758,0.023349,0,0,0,0,0,0,0,0,0,0,0,0
0.023789,0.023796,0.023415,0,0,0,0,0,0,0,0,0,0,0,0
0.023589,0.023466,0.023276,0,0,0,0,0,0,0,0,0,0,0,0
0.023557,0.023437,0.023133,0,0,0,0,0,0,0,0,0,0,0,0
0.023484,0.023463,0.023213,0,0,0,0,0,0,0,0,0,0,0,0
0.023675,0.023508,0.023199,0,0,0,0,0,0,0,0,0,0,0,0
0.023559,0.023408,0.023079,0,0,0,0,0,0,0,0,0,0,0,0
0.02326,0.023098,0.02275,0,0,0,0,0,0,0,0,0,0,0,0
0.023602,0.023459,0.023135,0,0,0,0,0,0,0,0,0,0,0,0
0.02365,0.023522,0.023244,0,0,0,0,0,0,0,0,0,0,0,0
0.023037,0.022861,0.022636,0,0,0,0,0,0,0,0,0,0,0,0
0.023466,0.023426,0.02319,0,0,0,0,0,0,0,0,0,0,0,0
0.023673,0.023711,0.023245,0,0,0,0,0,0,0,0,0,0,0,0
0.023881,0.023959,0.0234,0,0,0,0,0,0,0,0,0,0,0,0
0.023683,0.023556,0.023248,0,0,0,0,0,0,0,0,0,0,0,0
0.023041,0.022931,0.022693,0,0,0,0,0,0,0,0,0,0,0,0
0.023149,0.022966,0.022786,0,0,0,0,0,0,0,0,0,0,0,0
0.023266,0.023162,0.022897,0,0,0,0,0,0,0,0,0,0,0,0
0.023688,0.023598,0.023329,0,0,0,0,0,0,0,0,0,0,0,0
0.022505,0.022313,0.022077,0,0,0,0,0,0,0,0,0,0,0,0
NaN,NaN,NaN,0,0,0,0,0,0,0,0,0,0,0,0
NaN,NaN,NaN,0,0,0,0,0,0,0,0,0,0,0,0
NaN,NaN,NaN,0,0,0,0,0,0,0,0,0,0,0,0
NaN,NaN,NaN,0,0,0,0,0,0,0,0,0,0,0,0
0.19394,0.19188,0.19236,0,0,0,0,0,0,0,0,0,0,0,0
0.2243,0.22616,0.22434,0,0,0,0,0,0,0,0,0,0,0,0
0.057868,0.058299,0.057724,0,0,0,0,0,0,0,0,0,0,0,0
0.029645,0.030074,0.029505,0,0,0,0,0,0,0,0,0,0,0,0
0.039129,0.039508,0.039145,0,0,0,0,0,0,0,0,0,0,0,0
0.034771,0.035052,0.034705,0,0,0,0,0,0,0,0,0,0,0,0
0.027697,0.027854,0.02764,0,0,0,0,0,0,0,0,0,0,0,0
0.024225,0.024074,0.024131,0,0,0,0,0,0,0,0,0,0,0,0
0.023906,0.023647,0.023766,0,0,0,0,0,0,0,0,0,0,0,0
0.023372,0.023243,0.023541,0,0,0,0,0,0,0,0,0,0,0,0
0.02394,0.023756,0.024115,0,0,0,0,0,0,0,0,0,0,0,0
0.023808,0.023832,0.023886,0,0,0,0,0,0,0,0,0,0,0,0
0.023851,0.023764,0.023833,0,0,0,0,0,0,0,0,0,0,0,0
0.023863,0.023828,0.023852,0,0,0,0,0,0,0,0,0,0,0,0
0.024684,0.02483,0.024979,0,0,0,0,0,0,0,0,0,0,0,0
0.023869,0.023897,0.023896,0,0,0,0,0,0,0,0,0,0,0,0
0.023812,0.023724,0.023922,0,0,0,0,0,0,0,0,0,0,0,0
0.02379,0.023742,0.024004,0,0,0,0,0,0,0,0,0,0,0,0
0.023768,0.023844,0.023858,0,0,0,0,0,0,0,0,0,0,0,0
0.023177,0.023114,0.023345,0,0,0,0,0,0,0,0,0,0,0,0
0.024021,0.024043,0.02428,0,0,0,0,0,0,0,0,0,0,0,0
0.024471,0.024575,0.02479,0,0,0,0,0,0,0,0,0,0,0,0
0.024307,0.024274,0.024523,0,0,0,0,0,0,0,0,0,0,0,0
0.023897,0.023765,0.023945,0,0,0,0,0,0,0,0,0,0,0,0
0.024299,0.02427,0.024469,0,0,0,0,0,0,0,0,0,0,0,0
0.023283,0.023088,0.023227,0,0,0,0,0,0,0,0,0,0,0,0
0.023102,0.022899,0.023273,0,0,0,0,0,0,0,0,0,0,0,0
0.023387,0.023274,0.023454,0,0,0,0,0,0,0,0,0,0,0,0
0.024372,0.024412,0.024599,0,0,0,0,0,0,0,0,0,0,0,0
0.024565,0.024465,0.024734,0,0,0,0,0,0,0,0,0,0,0,0
0.024546,0.024436,0.024755,0,0,0,0,0,0,0,0,0,0,0,0
0.023879,0.023822,0.024013,0,0,0,0,0,0,0,0,0,0,0,0
0.024021,0.024045,0.024406,0,0,0,0,0,0,0,0,0,0,0,0
0.024128,0.02415,0.024358,0,0,0,0,0,0,0,0,0,0,0,0
0.024725,0.024822,0.025228,0,0,0,0,0,0,0,0,0,0,0,0
0.024569,0.024539,0.024762,0,0,0,0,0,0,0,0,0,0,0,0
0.023879,0.023824,0.024051,0,0,0,0,0,0,0,0,0,0,0,0
0.023408,0.023287,0.023457,0,0,0,0,0,0,0,0,0,0,0,0
0.023151,0.022836,0.023208,0,0,0,0,0,0,0,0,0,0,0,0
0.02387,0.023697,0.023958,0,0,0,0,0,0,0,0,0,0,0,0
0.024972,0.02521,0.025455,0,0,0,0,0,0,0,0,0,0,0,0
0.024533,0.024465,0.024689,0,0,0,0,0,0,0,0,0,0,0,0
0.024776,0.024904,0.025202,0,0,0,0,0,0,0,0,0,0,0,0
0.024622,0.024596,0.024715,0,0,0,0,0,0,0,0,0,0,0,0
0.023727,0.023726,0.023774,0,0,0,0,0,0,0,0,0,0,0,0
0.023958,0.023883,0.02392,0,0,0,0,0,0,0,0,0,0,0,0
0.024688,0.02469,0.024696,0,0,0,0,0,0,0,0,0,0,0,0
0.024556,0.024606,0.024609,0,0,0,0,0,0,0,0,0,0,0,0
0.024665,0.02463,0.025028,0,0,0,0,0,0,0,0,0,0,0,0
0.024455,0.02453,0.024837,0,0,0,0,0,0,0,0,0,0,0,0
0.023179,0.023042,0.023364,0,0,0,0,0,0,0,0,0,0,0,0
0.024208,0.024318,0.024601,0,0,0,0,0,0,0,0,0,0,0,0
0.023862,0.023792,0.024085,0,0,0,0,0,0,0,0,0,0,0,0
0.02398,0.023995,0.024238,0,0,0,0,0,0,0,0,0,0,0,0
0.023858,0.023713,0.024053,0,0,0,0,0,0,0,0,0,0,0,0
0.023782,0.023767,0.024034,0,0,0,0,0,0,0,0,0,0,0,0
0.023865,0.023873,0.024107,0,0,0,0,0,0,0,0,0,0,0,0
0.02402,0.024191,0.024353,0,0,0,0,0,0,0,0,0,0,0,0
0.023357,0.023294,0.023573,0,0,0,0,0,0,0,0,0,0,0,0
0.023798,0.023808,0.02416,0,0,0,0,0,0,0,0,0,0,0,0
0.023902,0.02387,0.024058,0,0,0,0,0,0,0,0,0,0,0,0
0.024421,0.024578,0.024853,0,0,0,0,0,0,0,0,0,0,0,0
0.024232,0.024073,0.024299,0,0,0,0,0,0,0,0,0,0,0,0
0.023955,0.024219,0.024483,0,0,0,0,0,0,0,0,0,0,0,0
0.023929,0.023915,0.024087,0,0,0,0,0,0,0,0,0,0,0,0
0.025281,0.023882,0.024224,0,0,0,0,0,0,0,0,0,0,0,0
0.023914,0.023851,0.024069,0,0,0,0,0,0,0,0,0,0,0,0
0.023932,0.023882,0.024309,0,0,0,0,0,0,0,0,0,0,0,0
0.023313,0.02301,0.023375,0,0,0,0,0,0,0,0,0,0,0,0
0.023956,0.02397,0.024324,0,0,0,0,0,0,0,0,0,0,0,0
0.023978,0.024003,0.02433,0,0,0,0,0,0,0,0,0,0,0,0
0.023175,0.023069,0.023351,0,0,0,0,0,0,0,0,0,0,0,0
0.02315,0.02302,0.023263,0,0,0,0,0,0,0,0,0,0,0,0
0.02425,0.024265,0.024505,0,0,0,0,0,0,0,0,0,0,0,0
0.023637,0.023418,0.023761,0,0,0,0,0,0,0,0,0,0,0,0
0.023672,0.023621,0.023826,0,0,0,0,0,0,0,0,0,0,0,0
0.023282,0.023091,0.023335,0,0,0,0,0,0,0,0,0,0,0,0
0.024387,0.024604,0.025042,0,0,0,0,0,0,0,0,0,0,0,0
0.024424,0.024542,0.024817,0,0,0,0,0,0,0,0,0,0,0,0
0.023129,0.023022,0.023319,0,0,0,0,0,0,0,0,0,0,0,0
0.023178,0.022951,0.023259,0,0,0,0,0,0,0,0,0,0,0,0
0.023114,0.022976,0.023285,0,0,0,0,0,0,0,0,0,0,0,0
0.023062,0.02299,0.023234,0,0,0,0,0,0,0,0,0,0,0,0
0.023231,0.023016,0.023288,0,0,0,0,0,0,0,0,0,0,0,0
0.023605,0.023502,0.023699,0,0,0,0,0,0,0,0,0,0,0,0
0.023822,0.024069,0.024179,0,0,0,0,0,0,0,0,0,0,0,0
0.023672,0.02388,0.023705,0,0,0,0,0,0,0,0,0,0,0,0
0.024478,0.02479,0.024433,0,0,0,0,0,0,0,0,0,0,0,0
0.0236,0.023574,0.023499,0,0,0,0,0,0,0,0,0,0,0,0
0.023807,0.023874,0.023794,0,0,0,0,0,0,0,0,0,0,0,0
0.02383,0.023873,0.023688,0,0,0,0,0,0,0,0,0,0,0,0
0.023561,0.023679,0.023479,0,0,0,0,0,0,0,0,0,0,0,0
0.0234,0.023318,0.023376,0,0,0,0,0,0,0,0,0,0,0,0
0.024476,0.024678,0.024441,0,0,0,0,0,0,0,0,0,0,0,0
0.024347,0.024398,0.024313,0,0,0,0,0,0,0,0,0,0,0,0
0.024388,0.024442,0.024502,0,0,0,0,0,0,0,0,0,0,0,0
0.024309,0.024393,0.024293,0,0,0,0,0,0,0,0,0,0,0,0
0.024363,0.024472,0.024426,0,0,0,0,0,0,0,0,0,0,0,0
0.024329,0.024849,0.024384,0,0,0,0,0,0,0,0,0,0,0,0
0.023175,0.023426,0.023274,0,0,0,0,0,0,0,0,0,0,0,0
0.023762,0.023473,0.023645,0,0,0,0,0,0,0,0,0,0,0,0
0.025009,0.02475,0.024948,0,0,0,0,0,0,0,0,0,0,0,0
0.024627,0.024397,0.024695,0,0,0,0,0,0,0,0,0,0,0,0
0.023641,0.023651,0.023921,0,0,0,0,0,0,0,0,0,0,0,0
0.023153,0.022992,0.023285,0,0,0,0,0,0,0,0,0,0,0,0
0.022863,0.022964,0.023124,0,0,0,0,0,0,0,0,0,0,0,0
0.023184,0.022925,0.023147,0,0,0,0,0,0,0,0,0,0,0,0
0.022825,0.022875,0.023255,0,0,0,0,0,0,0,0,0,0,0,0
0.023162,0.022894,0.023158,0,0,0,0,0,0,0,0,0,0,0,0
0.024245,0.024347,0.024514,0,0,0,0,0,0,0,0,0,0,0,0
0.024008,0.023781,0.024407,0,0,0,0,0,0,0,0,0,0,0,0
0.023505,0.023585,0.024091,0,0,0,0,0,0,0,0,0,0,0,0
0.024555,0.02424,0.024656,0,0,0,0,0,0,0,0,0,0,0,0
0.023411,0.023522,0.023749,0,0,0,0,0,0,0,0,0,0,0,0
0.023311,0.023055,0.023322,0,0,0,0,0,0,0,0,0,0,0,0
0.023477,0.023588,0.023813,0,0,0,0,0,0,0,0,0,0,0,0
0.024295,0.024066,0.024381,0,0,0,0,0,0,0,0,0,0,0,0
0.02292,0.023029,0.023175,0,0,0,0,0,0,0,0,0,0,0,0
0.023125,0.022892,0.023247,0,0,0,0,0,0,0,0,0,0,0,0
0.022964,0.022952,0.023235,0,0,0,0,0,0,0,0,0,0,0,0
0.023657,0.023453,0.023828,0,0,0,0,0,0,0,0,0,0,0,0
0.022903,0.022935,0.023239,0,0,0,0,0,0,0,0,0,0,0,0
0.02304,0.022905,0.023332,0,0,0,0,0,0,0,0,0,0,0,0
0.023569,0.023568,0.024206,0,0,0,0,0,0,0,0,0,0,0,0
0.023805,0.023582,0.02428,0,0,0,0,0,0,0,0,0,0,0,0
0.02419,0.024149,0.02503,0,0,0,0,0,0,0,0,0,0,0,0
0.023831,0.023576,0.023711,0,0,0,0,0,0,0,0,0,0,0,0
0.023734,0.023803,0.023937,0,0,0,0,0,0,0,0,0,0,0,0
0.023931,0.02368,0.023969,0,0,0,0,0,0,0,0,0,0,0,0
0.024061,0.024207,0.024468,0,0,0,0,0,0,0,0,0,0,0,0
0.023909,0.023764,0.023876,0,0,0,0,0,0,0,0,0,0,0,0
0.02327,0.023365,0.02359,0,0,0,0,0,0,0,0,0,0,0,0
0.023168,0.023132,0.023234,0,0,0,0,0,0,0,0,0,0,0,0
0.022841,0.022781,0.023017,0,0,0,0,0,0,0,0,0,0,0,0
0.023154,0.022914,0.023184,0,0,0,0,0,0,0,0,0,0,0,0
0.022832,0.022869,0.023024,0,0,0,0,0,0,0,0,0,0,0,0
0.023064,0.022873,0.023114,0,0,0,0,0,0,0,0,0,0,0,0
0.022813,0.022848,0.023036,0,0,0,0,0,0,0,0,0,0,0,0
0.023727,0.023656,0.023772,0,0,0,0,0,0,0,0,0,0,0,0
0.0227,0.023084,0.022958,0,0,0,0,0,0,0,0,0,0,0,0
0.02335,0.023407,0.02328,0,0,0,0,0,0,0,0,0,0,0,0
0.023523,0.02352,0.023831,0,0,0,0,0,0,0,0,0,0,0,0
0.023152,0.022822,0.022917,0,0,0,0,0,0,0,0,0,0,0,0
0.022809,0.023169,0.022745,0,0,0,0,0,0,0,0,0,0,0,0
0.023035,0.023072,0.02285,0,0,0,0,0,0,0,0,0,0,0,0
0.023013,0.023052,0.022951,0,0,0,0,0,0,0,0,0,0,0,0
0.023449,0.023462,0.023337,0,0,0,0,0,0,0,0,0,0,0,0
0.022587,0.023247,0.022724,0,0,0,0,0,0,0,0,0,0,0,0
0.02339,0.023631,0.024199,0,0,0,0,0,0,0,0,0,0,0,0
0.023633,0.023888,0.023953,0,0,0,0,0,0,0,0,0,0,0,0
0.022791,0.023164,0.022974,0,0,0,0,0,0,0,0,0,0,0,0
0.023503,0.02373,0.023943,0,0,0,0,0,0,0,0,0,0,0,0
0.024351,0.024831,0.025193,0,0,0,0,0,0,0,0,0,0,0,0
0.023802,0.024269,0.024167,0,0,0,0,0,0,0,0,0,0,0,0
0.024125,0.024587,0.024897,0,0,0,0,0,0,0,0,0,0,0,0
0.023677,0.023758,0.023969,0,0,0,0,0,0,0,0,0,0,0,0
0.023368,0.023544,0.023603,0,0,0,0,0,0,0,0,0,0,0,0
0.023345,0.023518,0.023403,0,0,0,0,0,0,0,0,0,0,0,0
0.022966,0.022992,0.023274,0,0,0,0,0,0,0,0,0,0,0,0
0.02293,0.023209,0.023045,0,0,0,0,0,0,0,0,0,0,0,0
0.023361,0.023507,0.023736,0,0,0,0,0,0,0,0,0,0,0,0
0.02346,0.023602,0.023438,0,0,0,0,0,0,0,0,0,0,0,0
0.023401,0.023493,0.023734,0,0,0,0,0,0,0,0,0,0,0,0
0.02424,0.02423,0.024288,0,0,0,0,0,0,0,0,0,0,0,0
0.022966,0.022798,0.022977,0,0,0,0,0,0,0,0,0,0,0,0
0.02447,0.024185,0.023989,0,0,0,0,0,0,0,0,0,0,0,0
0.022992,0.022769,0.022676,0,0,0,0,0,0,0,0,0,0,0,0
0.023964,0.023819,0.023574,0,0,0,0,0,0,0,0,0,0,0,0
0.024441,0.024284,0.024021,0,0,0,0,0,0,0,0,0,0,0,0
0.023315,0.023261,0.023022,0,0,0,0,0,0,0,0,0,0,0,0
0.023104,0.022926,0.0226,0,0,0,0,0,0,0,0,0,0,0,0
0.023028,0.022786,0.022757,0,0,0,0,0,0,0,0,0,0,0,0
0.02301,0.022805,0.022659,0,0,0,0,0,0,0,0,0,0,0,0
0.023102,0.022891,0.022685,0,0,0,0,0,0,0,0,0,0,0,0
0.023889,0.023614,0.023446,0,0,0,0,0,0,0,0,0,0,0,0
0.024512,0.024773,0.024248,0,0,0,0,0,0,0,0,0,0,0,0
0.024506,0.024767,0.022867,0,0,0,0,0,0,0,0,0,0,0,0
0.024416,0.024723,0.024035,0,0,0,0,0,0,0,0,0,0,0,0
0.024517,0.024688,0.024142,0,0,0,0,0,0,0,0,0,0,0,0
0.024206,0.024482,0.02389,0,0,0,0,0,0,0,0,0,0,0,0
0.023982,0.024369,0.024129,0,0,0,0,0,0,0,0,0,0,0,0
0.025523,0.0254,0.025529,0,0,0,0,0,0,0,0,0,0,0,0
0.02397,0.023814,0.024046,0,0,0,0,0,0,0,0,0,0,0,0
0.024044,0.023934,0.02419,0,0,0,0,0,0,0,0,0,0,0,0
0.023125,0.02295,0.022839,0,0,0,0,0,0,0,0,0,0,0,0
0.023156,0.02303,0.022879,0,0,0,0,0,0,0,0,0,0,0,0
0.02309,0.023009,0.022825,0,0,0,0,0,0,0,0,0,0,0,0
0.023211,0.023108,0.022887,0,0,0,0,0,0,0,0,0,0,0,0
0.023048,0.023048,0.022843,0,0,0,0,0,0,0,0,0,0,0,0
0.022572,0.023935,0.023687,0,0,0,0,0,0,0,0,0,0,0,0
0.024045,0.022825,0.023745,0,0,0,0,0,0,0,0,0,0,0,0
0.023548,0.023293,0.023137,0,0,0,0,0,0,0,0,0,0,0,0
0.023894,0.02379,0.023639,0,0,0,0,0,0,0,0,0,0,0,0
0.02323,0.023118,0.022844,0,0,0,0,0,0,0,0,0,0,0,0
0.023113,0.023062,0.022829,0,0,0,0,0,0,0,0,0,0,0,0
0.023951,0.023806,0.023583,0,0,0,0,0,0,0,0,0,0,0,0
0.023071,0.023001,0.022812,0,0,0,0,0,0,0,0,0,0,0,0
0.023079,0.022973,0.022786,0,0,0,0,0,0,0,0,0,0,0,0
0.023064,0.022971,0.02278,0,0,0,0,0,0,0,0,0,0,0,0
0.023839,0.02372,0.023558,0,0,0,0,0,0,0,0,0,0,0,0
0.023674,0.023495,0.023276,0,0,0,0,0,0,0,0,0,0,0,0
0.023094,0.023094,0.022792,0,0,0,0,0,0,0,0,0,0,0,0
0.024007,0.024032,0.023778,0,0,0,0,0,0,0,0,0,0,0,0
0.023829,0.023692,0.023436,0,0,0,0,0,0,0,0,0,0,0,0
0.023453,0.023329,0.023196,0,0,0,0,0,0,0,0,0,0,0,0
0.023144,0.023057,0.022789,0,0,0,0,0,0,0,0,0,0,0,0
0.023093,0.023069,0.022862,0,0,0,0,0,0,0,0,0,0,0,0
0.024015,0.024008,0.023609,0,0,0,0,0,0,0,0,0,0,0,0
0.023214,0.023012,0.02286,0,0,0,0,0,0,0,0,0,0,0,0
0.023344,0.023075,0.022855,0,0,0,0,0,0,0,0,0,0,0,0
0.023136,0.022995,0.022848,0,0,0,0,0,0,0,0,0,0,0,0
0.023867,0.023731,0.023473,0,0,0,0,0,0,0,0,0,0,0,0
0.024508,0.024226,0.024056,0,0,0,0,0,0,0,0,0,0,0,0
0.023218,0.023068,0.022822,0,0,0,0,0,0,0,0,0,0,0,0
0.023148,0.023421,0.022853,0,0,0,0,0,0,0,0,0,0,0,0
0.02321,0.023493,0.02286,0,0,0,0,0,0,0,0,0,0,0,0
0.024011,0.023779,0.02357,0,0,0,0,0,0,0,0,0,0,0,0
0.023157,0.023342,0.022878,0,0,0,0,0,0,0,0,0,0,0,0
0.024022,0.024278,0.023754,0,0,0,0,0,0,0,0,0,0,0,0
0.023176,0.023305,0.022871,0,0,0,0,0,0,0,0,0,0,0,0
0.024012,0.02425,0.023712,0,0,0,0,0,0,0,0,0,0,0,0
0.023169,0.02337,0.02284,0,0,0,0,0,0,0,0,0,0,0,0
0.023989,0.024083,0.023618,0,0,0,0,0,0,0,0,0,0,0,0
0.023218,0.023423,0.023183,0,0,0,0,0,0,0,0,0,0,0,0
0.023976,0.024111,0.024077,0,0,0,0,0,0,0,0,0,0,0,0
0.024096,0.024253,0.023724,0,0,0,0,0,0,0,0,0,0,0,0
0.023274,0.023334,0.02291,0,0,0,0,0,0,0,0,0,0,0,0
0.023291,0.023446,0.02298,0,0,0,0,0,0,0,0,0,0,0,0
0.024188,0.024346,0.023814,0,0,0,0,0,0,0,0,0,0,0,0
0.024222,0.024309,0.02414,0,0,0,0,0,0,0,0,0,0,0,0
0.023245,0.023536,0.023294,0,0,0,0,0,0,0,0,0,0,0,0
0.023237,0.023295,0.023164,0,0,0,0,0,0,0,0,0,0,0,0
0.024053,0.024303,0.023989,0,0,0,0,0,0,0,0,0,0,0,0
0.023335,0.023516,0.023283,0,0,0,0,0,0,0,0,0,0,0,0
0.023286,0.023419,0.023218,0,0,0,0,0,0,0,0,0,0,0,0
0.024033,0.024182,0.024016,0,0,0,0,0,0,0,0,0,0,0,0
0.024541,0.024599,0.024555,0,0,0,0,0,0,0,0,0,0,0,0
0.024089,0.024226,0.024044,0,0,0,0,0,0,0,0,0,0,0,0
0.023227,0.023299,0.023178,0,0,0,0,0,0,0,0,0,0,0,0
0.023299,0.023337,0.023237,0,0,0,0,0,0,0,0,0,0,0,0
0.023234,0.023499,0.023147,0,0,0,0,0,0,0,0,0,0,0,0
0.023245,0.02332,0.023193,0,0,0,0,0,0,0,0,0,0,0,0
0.023265,0.023405,0.023145,0,0,0,0,0,0,0,0,0,0,0,0
0.023211,0.023348,0.023146,0,0,0,0,0,0,0,0,0,0,0,0
0.023209,0.023324,0.023148,0,0,0,0,0,0,0,0,0,0,0,0
0.023338,0.023323,0.023243,0,0,0,0,0,0,0,0,0,0,0,0
0.023287,0.023363,0.023219,0,0,0,0,0,0,0,0,0,0,0,0
0.023222,0.023304,0.023193,0,0,0,0,0,0,0,0,0,0,0,0
0.023228,0.023445,0.023185,0,0,0,0,0,0,0,0,0,0,0,0
0.023282,0.023376,0.023182,0,0,0,0,0,0,0,0,0,0,0,0
0.024724,0.024761,0.024588,0,0,0,0,0,0,0,0,0,0,0,0
0.025222,0.025383,0.025215,0,0,0,0,0,0,0,0,0,0,0,0
0.02416,0.024301,0.024141,0,0,0,0,0,0,0,0,0,0,0,0
0.024473,0.024676,0.024403,0,0,0,0,0,0,0,0,0,0,0,0
0.023805,0.023824,0.023595,0,0,0,0,0,0,0,0,0,0,0,0
0.024655,0.024814,0.024678,0,0,0,0,0,0,0,0,0,0,0,0
0.023651,0.023799,0.02359,0,0,0,0,0,0,0,0,0,0,0,0
0.023339,0.023381,0.023225,0,0,0,0,0,0,0,0,0,0,0,0
0.023298,0.023426,0.023282,0,0,0,0,0,0,0,0,0,0,0,0
0.023267,0.023406,0.02322,0,0,0,0,0,0,0,0,0,0,0,0
0.023246,0.023377,0.023197,0,0,0,0,0,0,0,0,0,0,0,0
0.023269,0.023459,0.023255,0,0,0,0,0,0,0,0,0,0,0,0
0.024291,0.024423,0.024175,0,0,0,0,0,0,0,0,0,0,0,0
0.023894,0.024152,0.023928,0,0,0,0,0,0,0,0,0,0,0,0
0.023667,0.02386,0.023635,0,0,0,0,0,0,0,0,0,0,0,0
0.024119,0.024408,0.024133,0,0,0,0,0,0,0,0,0,0,0,0
0.023185,0.023385,0.023205,0,0,0,0,0,0,0,0,0,0,0,0
0.023336,0.023481,0.02328,0,0,0,0,0,0,0,0,0,0,0,0
0.023292,0.023492,0.023216,0,0,0,0,0,0,0,0,0,0,0,0
0.023446,0.023463,0.023279,0,0,0,0,0,0,0,0,0,0,0,0
0.024273,0.024337,0.024133,0,0,0,0,0,0,0,0,0,0,0,0
0.02367,0.023781,0.023541,0,0,0,0,0,0,0,0,0,0,0,0
0.023848,0.023792,0.023695,0,0,0,0,0,0,0,0,0,0,0,0
0.024181,0.0243,0.024168,0,0,0,0,0,0,0,0,0,0,0,0
0.02346,0.023528,0.023366,0,0,0,0,0,0,0,0,0,0,0,0
0.023397,0.023576,0.023354,0,0,0,0,0,0,0,0,0,0,0,0
0.023365,0.023448,0.02323,0,0,0,0,0,0,0,0,0,0,0,0
0.024305,0.024357,0.02429,0,0,0,0,0,0,0,0,0,0,0,0
0.024248,0.024449,0.024187,0,0,0,0,0,0,0,0,0,0,0,0
0.024271,0.02432,0.024215,0,0,0,0,0,0,0,0,0,0,0,0
0.024975,0.025106,0.024988,0,0,0,0,0,0,0,0,0,0,0,0
0.024192,0.024354,0.024192,0,0,0,0,0,0,0,0,0,0,0,0
0.024303,0.024484,0.024386,0,0,0,0,0,0,0,0,0,0,0,0
0.066892,0.067232,0.067047,0,0,0,0,0,0,0,0,0,0,0,0
0.024064,0.024113,0.023974,0,0,0,0,0,0,0,0,0,0,0,0
0.023409,0.023513,0.023296,0,0,0,0,0,0,0,0,0,0,0,0
0.024317,0.024532,0.02427,0,0,0,0,0,0,0,0,0,0,0,0
0.023294,0.023516,0.023276,0,0,0,0,0,0,0,0,0,0,0,0
0.023513,0.023554,0.023464,0,0,0,0,0,0,0,0,0,0,0,0
0.024378,0.024489,0.024287,0,0,0,0,0,0,0,0,0,0,0,0
0.023564,0.023656,0.02344,0,0,0,0,0,0,0,0,0,0,0,0
0.023733,0.023871,0.023725,0,0,0,0,0,0,0,0,0,0,0,0
0.023475,0.023649,0.023512,0,0,0,0,0,0,0,0,0,0,0,0
0.023448,0.02351,0.023346,0,0,0,0,0,0,0,0,0,0,0,0
0.023563,0.0236,0.023398,0,0,0,0,0,0,0,0,0,0,0,0
0.023368,0.02347,0.023366,0,0,0,0,0,0,0,0,0,0,0,0
0.023537,0.023733,0.023451,0,0,0,0,0,0,0,0,0,0,0,0
0.024188,0.024683,0.024182,0,0,0,0,0,0,0,0,0,0,0,0
0.023512,0.023657,0.023477,0,0,0,0,0,0,0,0,0,0,0,0
0.023379,0.023475,0.023401,0,0,0,0,0,0,0,0,0,0,0,0
0.023564,0.023674,0.023438,0,0,0,0,0,0,0,0,0,0,0,0
0.023441,0.023556,0.023349,0,0,0,0,0,0,0,0,0,0,0,0
0.023501,0.0237,0.023543,0,0,0,0,0,0,0,0,0,0,0,0
0.023477,0.023619,0.023359,0,0,0,0,0,0,0,0,0,0,0,0
0.023572,0.023695,0.02349,0,0,0,0,0,0,0,0,0,0,0,0
0.023399,0.023609,0.023399,0,0,0,0,0,0,0,0,0,0,0,0
0.023584,0.023805,0.023528,0,0,0,0,0,0,0,0,0,0,0,0
0.025088,0.025884,0.025261,0,0,0,0,0,0,0,0,0,0,0,0
0.023612,0.023913,0.023516,0,0,0,0,0,0,0,0,0,0,0,0
0.024269,0.024791,0.024215,0,0,0,0,0,0,0,0,0,0,0,0
0.024557,0.025116,0.024478,0,0,0,0,0,0,0,0,0,0,0,0
0.023867,0.024031,0.023692,0,0,0,0,0,0,0,0,0,0,0,0
0.023593,0.023679,0.023485,0,0,0,0,0,0,0,0,0,0,0,0
0.02455,0.025219,0.024418,0,0,0,0,0,0,0,0,0,0,0,0
0.024098,0.024138,0.023984,0,0,0,0,0,0,0,0,0,0,0,0
0.023666,0.023796,0.023608,0,0,0,0,0,0,0,0,0,0,0,0
0.024728,0.025343,0.024591,0,0,0,0,0,0,0,0,0,0,0,0
0.024047,0.024114,0.023968,0,0,0,0,0,0,0,0,0,0,0,0
0.023686,0.02384,0.023587,0,0,0,0,0,0,0,0,0,0,0,0
0.023693,0.023837,0.023658,0,0,0,0,0,0,0,0,0,0,0,0
0.02357,0.023868,0.023543,0,0,0,0,0,0,0,0,0,0,0,0
0.023691,0.023944,0.023643,0,0,0,0,0,0,0,0,0,0,0,0
0.02372,0.023806,0.023572,0,0,0,0,0,0,0,0,0,0,0,0
0.023749,0.023839,0.023567,0,0,0,0,0,0,0,0,0,0,0,0
0.023667,0.024039,0.023663,0,0,0,0,0,0,0,0,0,0,0,0
0.023865,0.023976,0.02377,0,0,0,0,0,0,0,0,0,0,0,0
0.024508,0.025038,0.024416,0,0,0,0,0,0,0,0,0,0,0,0
0.02377,0.023803,0.023643,0,0,0,0,0,0,0,0,0,0,0,0
0.023712,0.023822,0.023581,0,0,0,0,0,0,0,0,0,0,0,0
0.023637,0.023883,0.023652,0,0,0,0,0,0,0,0,0,0,0,0
0.023588,0.023741,0.023503,0,0,0,0,0,0,0,0,0,0,0,0
0.023998,0.024179,0.023912,0,0,0,0,0,0,0,0,0,0,0,0
0.025036,0.02576,0.025011,0,0,0,0,0,0,0,0,0,0,0,0
0.024417,0.024533,0.024363,0,0,0,0,0,0,0,0,0,0,0,0
0.024467,0.024854,0.0244,0,0,0,0,0,0,0,0,0,0,0,0
0.023997,0.024418,0.024029,0,0,0,0,0,0,0,0,0,0,0,0
0.023509,0.024015,0.023471,0,0,0,0,0,0,0,0,0,0,0,0
0.023406,0.023758,0.023268,0,0,0,0,0,0,0,0,0,0,0,0
0.023013,0.023465,0.022852,0,0,0,0,0,0,0,0,0,0,0,0
0.023223,0.023474,0.023146,0,0,0,0,0,0,0,0,0,0,0,0
0.022858,0.022911,0.022761,0,0,0,0,0,0,0,0,0,0,0,0
0.022829,0.023161,0.022767,0,0,0,0,0,0,0,0,0,0,0,0
0.0227,0.022833,0.022569,0,0,0,0,0,0,0,0,0,0,0,0
0.022686,0.022834,0.02263,0,0,0,0,0,0,0,0,0,0,0,0
0.022637,0.022789,0.02255,0,0,0,0,0,0,0,0,0,0,0,0
0.022659,0.022925,0.022592,0,0,0,0,0,0,0,0,0,0,0,0
0.022666,0.022861,0.02257,0,0,0,0,0,0,0,0,0,0,0,0
0.022744,0.022829,0.022756,0,0,0,0,0,0,0,0,0,0,0,0
0.023173,0.023184,0.023111,0,0,0,0,0,0,0,0,0,0,0,0
0.023084,0.023357,0.023062,0,0,0,0,0,0,0,0,0,0,0,0
0.022968,0.02318,0.023028,0,0,0,0,0,0,0,0,0,0,0,0
0.022681,0.022792,0.02267,0,0,0,0,0,0,0,0,0,0,0,0
0.022669,0.022744,0.022659,0,0,0,0,0,0,0,0,0,0,0,0
0.022734,0.022778,0.0227,0,0,0,0,0,0,0,0,0,0,0,0
0.022657,0.022739,0.022649,0,0,0,0,0,0,0,0,0,0,0,0
0.023141,0.023178,0.023073,0,0,0,0,0,0,0,0,0,0,0,0
0.022588,0.02275,0.022645,0,0,0,0,0,0,0,0,0,0,0,0
0.022681,0.022743,0.022798,0,0,0,0,0,0,0,0,0,0,0,0
0.022703,0.022695,0.022646,0,0,0,0,0,0,0,0,0,0,0,0
0.022656,0.022732,0.022699,0,0,0,0,0,0,0,0,0,0,0,0
0.022595,0.022699,0.022522,0,0,0,0,0,0,0,0,0,0,0,0
0.022699,0.022702,0.022618,0,0,0,0,0,0,0,0,0,0,0,0
0.022613,0.022682,0.022535,0,0,0,0,0,0,0,0,0,0,0,0
0.024451,0.024882,0.024755,0,0,0,0,0,0,0,0,0,0,0,0
0.024535,0.025049,0.025014,0,0,0,0,0,0,0,0,0,0,0,0
0.024581,0.025015,0.024917,0,0,0,0,0,0,0,0,0,0,0,0
0.025319,0.025679,0.02551,0,0,0,0,0,0,0,0,0,0,0,0
0.02569,0.026142,0.026032,0,0,0,0,0,0,0,0,0,0,0,0
0.024411,0.024798,0.024768,0,0,0,0,0,0,0,0,0,0,0,0
0.025385,0.025806,0.025689,0,0,0,0,0,0,0,0,0,0,0,0
0.024378,0.024941,0.024758,0,0,0,0,0,0,0,0,0,0,0,0
0.024438,0.024447,0.02438,0,0,0,0,0,0,0,0,0,0,0,0
0.025219,0.025579,0.025531,0,0,0,0,0,0,0,0,0,0,0,0
0.024511,0.024939,0.024776,0,0,0,0,0,0,0,0,0,0,0,0
0.024444,0.024476,0.024317,0,0,0,0,0,0,0,0,0,0,0,0
0.02469,0.025125,0.025065,0,0,0,0,0,0,0,0,0,0,0,0
0.023663,0.023749,0.023662,0,0,0,0,0,0,0,0,0,0,0,0
0.02363,0.023669,0.023525,0,0,0,0,0,0,0,0,0,0,0,0
0.023519,0.023562,0.023546,0,0,0,0,0,0,0,0,0,0,0,0
0.024355,0.024663,0.024612,0,0,0,0,0,0,0,0,0,0,0,0
0.023602,0.023715,0.023593,0,0,0,0,0,0,0,0,0,0,0,0
0.023613,0.023723,0.02357,0,0,0,0,0,0,0,0,0,0,0,0
0.023547,0.023664,0.023704,0,0,0,0,0,0,0,0,0,0,0,0
0.023903,0.024019,0.024013,0,0,0,0,0,0,0,0,0,0,0,0
0.023609,0.023661,0.023517,0,0,0,0,0,0,0,0,0,0,0,0
0.023949,0.02397,0.023839,0,0,0,0,0,0,0,0,0,0,0,0
0.023512,0.023679,0.02348,0,0,0,0,0,0,0,0,0,0,0,0
0.023591,0.023648,0.023664,0,0,0,0,0,0,0,0,0,0,0,0
0.023569,0.023633,0.023491,0,0,0,0,0,0,0,0,0,0,0,0
0.023584,0.023662,0.023573,0,0,0,0,0,0,0,0,0,0,0,0
0.023604,0.023641,0.023542,0,0,0,0,0,0,0,0,0,0,0,0
0.023435,0.02362,0.023512,0,0,0,0,0,0,0,0,0,0,0,0
0.024291,0.024382,0.024335,0,0,0,0,0,0,0,0,0,0,0,0
0.025487,0.026187,0.026009,0,0,0,0,0,0,0,0,0,0,0,0
0.024393,0.024396,0.024242,0,0,0,0,0,0,0,0,0,0,0,0
0.02516,0.025529,0.026671,0,0,0,0,0,0,0,0,0,0,0,0
0.02446,0.024478,0.024269,0,0,0,0,0,0,0,0,0,0,0,0
0.025332,0.025789,0.025701,0,0,0,0,0,0,0,0,0,0,0,0
0.024407,0.024448,0.024384,0,0,0,0,0,0,0,0,0,0,0,0
0.025368,0.025965,0.025789,0,0,0,0,0,0,0,0,0,0,0,0
0.024499,0.024461,0.02431,0,0,0,0,0,0,0,0,0,0,0,0
0.02442,0.02458,0.024431,0,0,0,0,0,0,0,0,0,0,0,0
0.025142,0.025487,0.02533,0,0,0,0,0,0,0,0,0,0,0,0
0.024308,0.024527,0.024208,0,0,0,0,0,0,0,0,0,0,0,0
0.024264,0.024338,0.024319,0,0,0,0,0,0,0,0,0,0,0,0
0.02534,0.025843,0.025961,0,0,0,0,0,0,0,0,0,0,0,0
0.024377,0.024451,0.024342,0,0,0,0,0,0,0,0,0,0,0,0
0.025371,0.025776,0.025867,0,0,0,0,0,0,0,0,0,0,0,0
0.024859,0.025141,0.024886,0,0,0,0,0,0,0,0,0,0,0,0
0.024867,0.025138,0.025069,0,0,0,0,0,0,0,0,0,0,0,0
0.023483,0.023673,0.02347,0,0,0,0,0,0,0,0,0,0,0,0
0.024772,0.024901,0.024752,0,0,0,0,0,0,0,0,0,0,0,0
0.023957,0.02406,0.02392,0,0,0,0,0,0,0,0,0,0,0,0
0.023068,0.023153,0.023009,0,0,0,0,0,0,0,0,0,0,0,0
0.023381,0.023543,0.023386,0,0,0,0,0,0,0,0,0,0,0,0
0.023002,0.023278,0.023061,0,0,0,0,0,0,0,0,0,0,0,0
0.022573,0.02287,0.022617,0,0,0,0,0,0,0,0,0,0,0,0
0.023547,0.023717,0.023583,0,0,0,0,0,0,0,0,0,0,0,0
0.023901,0.024038,0.023893,0,0,0,0,0,0,0,0,0,0,0,0
NaN,NaN,NaN,0,0,0,0,0,0,0,0,0,0,0,0
NaN,NaN,NaN,0,0,0,0,0,0,0,0,0,0,0,0
NaN,NaN,NaN,0,0,0,0,0,0,0,0,0,0,0,0
NaN,NaN,NaN,0,0,0,0,0,0,0,0,0,0,0,0
0.19116,0.19524,0.19514,0,0,0,0,0,0,0,0,0,0,0,0
0.22611,0.2242,0.2283,0,0,0,0,0,0,0,0,0,0,0,0
0.059881,0.059625,0.060027,0,0,0,0,0,0,0,0,0,0,0,0
0.031386,0.031076,0.031295,0,0,0,0,0,0,0,0,0,0,0,0
0.040419,0.040196,0.040367,0,0,0,0,0,0,0,0,0,0,0,0
0.035713,0.035838,0.036022,0,0,0,0,0,0,0,0,0,0,0,0
0.028791,0.029056,0.028944,0,0,0,0,0,0,0,0,0,0,0,0
0.025095,0.026057,0.025474,0,0,0,0,0,0,0,0,0,0,0,0
0.02485,0.024567,0.024993,0,0,0,0,0,0,0,0,0,0,0,0
0.024868,0.024312,0.025292,0,0,0,0,0,0,0,0,0,0,0,0
0.02505,0.024423,0.02521,0,0,0,0,0,0,0,0,0,0,0,0
0.02431,0.024469,0.024459,0,0,0,0,0,0,0,0,0,0,0,0
0.024098,0.024377,0.024028,0,0,0,0,0,0,0,0,0,0,0,0
0.024343,0.02455,0.024403,0,0,0,0,0,0,0,0,0,0,0,0
0.024551,0.024957,0.028434,0,0,0,0,0,0,0,0,0,0,0,0
0.02416,0.023986,0.024301,0,0,0,0,0,0,0,0,0,0,0,0
0.024274,0.023992,0.024075,0,0,0,0,0,0,0,0,0,0,0,0
0.024418,0.024069,0.025792,0,0,0,0,0,0,0,0,0,0,0,0
0.023764,0.023603,0.023655,0,0,0,0,0,0,0,0,0,0,0,0
0.023656,0.023521,0.023675,0,0,0,0,0,0,0,0,0,0,0,0
0.024368,0.02431,0.026527,0,0,0,0,0,0,0,0,0,0,0,0
0.023167,0.023146,0.023269,0,0,0,0,0,0,0,0,0,0,0,0
0.024107,0.023987,0.02399,0,0,0,0,0,0,0,0,0,0,0,0
0.02315,0.022978,0.0232,0,0,0,0,0,0,0,0,0,0,0,0
0.023624,0.023509,0.023509,0,0,0,0,0,0,0,0,0,0,0,0
0.023008,0.023013,0.023121,0,0,0,0,0,0,0,0,0,0,0,0
0.024322,0.024013,0.024068,0,0,0,0,0,0,0,0,0,0,0,0
0.023843,0.023743,0.025198,0,0,0,0,0,0,0,0,0,0,0,0
0.024156,0.024078,0.023967,0,0,0,0,0,0,0,0,0,0,0,0
0.02364,0.023692,0.023885,0,0,0,0,0,0,0,0,0,0,0,0
0.023631,0.023438,0.023446,0,0,0,0,0,0,0,0,0,0,0,0
0.024088,0.023996,0.02887,0,0,0,0,0,0,0,0,0,0,0,0
0.02339,0.023265,0.023247,0,0,0,0,0,0,0,0,0,0,0,0
0.023259,0.023279,0.025089,0,0,0,0,0,0,0,0,0,0,0,0
0.023723,0.023619,0.023524,0,0,0,0,0,0,0,0,0,0,0,0
0.023789,0.023753,0.023831,0,0,0,0,0,0,0,0,0,0,0,0
0.023716,0.02371,0.02375,0,0,0,0,0,0,0,0,0,0,0,0
0.023832,0.023758,0.023945,0,0,0,0,0,0,0,0,0,0,0,0
0.023232,0.02313,0.022971,0,0,0,0,0,0,0,0,0,0,0,0
0.023755,0.023635,0.023753,0,0,0,0,0,0,0,0,0,0,0,0
0.023733,0.023479,0.028226,0,0,0,0,0,0,0,0,0,0,0,0
0.023635,0.023525,0.02575,0,0,0,0,0,0,0,0,0,0,0,0
0.024068,0.024069,0.029076,0,0,0,0,0,0,0,0,0,0,0,0
0.023828,0.023808,0.024688,0,0,0,0,0,0,0,0,0,0,0,0
0.023732,0.02371,0.026393,0,0,0,0,0,0,0,0,0,0,0,0
0.024265,0.024308,0.024344,0,0,0,0,0,0,0,0,0,0,0,0
0.023766,0.023631,0.023572,0,0,0,0,0,0,0,0,0,0,0,0
0.023747,0.023815,0.023839,0,0,0,0,0,0,0,0,0,0,0,0
0.024158,0.024157,0.024029,0,0,0,0,0,0,0,0,0,0,0,0
0.023654,0.023696,0.023834,0,0,0,0,0,0,0,0,0,0,0,0
0.0238,0.023674,0.023603,0,0,0,0,0,0,0,0,0,0,0,0
0.023607,0.023709,0.023752,0,0,0,0,0,0,0,0,0,0,0,0
0.023766,0.023643,0.023873,0,0,0,0,0,0,0,0,0,0,0,0
0.023815,0.023865,0.023948,0,0,0,0,0,0,0,0,0,0,0,0
0.023667,0.023587,0.023426,0,0,0,0,0,0,0,0,0,0,0,0
0.023076,0.022949,0.0227,0,0,0,0,0,0,0,0,0,0,0,0
0.023065,0.023044,0.023361,0,0,0,0,0,0,0,0,0,0,0,0
0.02316,0.023095,0.024479,0,0,0,0,0,0,0,0,0,0,0,0
0.023783,0.023782,0.023554,0,0,0,0,0,0,0,0,0,0,0,0
0.023171,0.023064,0.022697,0,0,0,0,0,0,0,0,0,0,0,0
0.022967,0.022975,0.022717,0,0,0,0,0,0,0,0,0,0,0,0
0.023602,0.023567,0.023481,0,0,0,0,0,0,0,0,0,0,0,0
0.0238,0.023659,0.024102,0,0,0,0,0,0,0,0,0,0,0,0
0.024484,0.024386,0.025438,0,0,0,0,0,0,0,0,0,0,0,0
0.024443,0.024369,0.02406,0,0,0,0,0,0,0,0,0,0,0,0
0.023686,0.023636,0.023474,0,0,0,0,0,0,0,0,0,0,0,0
0.023055,0.023089,0.02271,0,0,0,0,0,0,0,0,0,0,0,0
0.023735,0.023883,0.023371,0,0,0,0,0,0,0,0,0,0,0,0
0.023695,0.023976,0.023491,0,0,0,0,0,0,0,0,0,0,0,0
0.024321,0.024623,0.023298,0,0,0,0,0,0,0,0,0,0,0,0
0.023345,0.023339,0.023067,0,0,0,0,0,0,0,0,0,0,0,0
0.023746,0.023926,0.023573,0,0,0,0,0,0,0,0,0,0,0,0
0.023782,0.024021,0.023491,0,0,0,0,0,0,0,0,0,0,0,0
0.023036,0.023081,0.022822,0,0,0,0,0,0,0,0,0,0,0,0
0.023883,0.02414,0.023572,0,0,0,0,0,0,0,0,0,0,0,0
0.022218,0.024469,0.024308,0,0,0,0,0,0,0,0,0,0,0,0
0.02375,0.02393,0.023573,0,0,0,0,0,0,0,0,0,0,0,0
0.022986,0.021005,0.023206,0,0,0,0,0,0,0,0,0,0,0,0
0.023034,0.02305,0.023137,0,0,0,0,0,0,0,0,0,0,0,0
0.023612,0.023889,0.023416,0,0,0,0,0,0,0,0,0,0,0,0
0.02297,0.02313,0.023092,0,0,0,0,0,0,0,0,0,0,0,0
0.023619,0.023868,0.023705,0,0,0,0,0,0,0,0,0,0,0,0
0.022924,0.023113,0.023039,0,0,0,0,0,0,0,0,0,0,0,0
0.023625,0.023878,0.02371,0,0,0,0,0,0,0,0,0,0,0,0
0.024757,0.025329,0.027211,0,0,0,0,0,0,0,0,0,0,0,0
0.023927,0.024218,0.029889,0,0,0,0,0,0,0,0,0,0,0,0
0.024382,0.024526,0.030417,0,0,0,0,0,0,0,0,0,0,0,0
0.02434,0.02505,0.03024,0,0,0,0,0,0,0,0,0,0,0,0
0.025178,0.025641,0.03153,0,0,0,0,0,0,0,0,0,0,0,0
0.02473,0.02509,0.030643,0,0,0,0,0,0,0,0,0,0,0,0
0.024344,0.023907,0.030051,0,0,0,0,0,0,0,0,0,0,0,0
0.02406,0.02391,0.030464,0,0,0,0,0,0,0,0,0,0,0,0
0.024024,0.023748,0.029769,0,0,0,0,0,0,0,0,0,0,0,0
0.02306,0.022983,0.026712,0,0,0,0,0,0,0,0,0,0,0,0
0.023029,0.022672,0.02298,0,0,0,0,0,0,0,0,0,0,0,0
0.023719,0.023624,0.023697,0,0,0,0,0,0,0,0,0,0,0,0
0.023047,0.022668,0.023069,0,0,0,0,0,0,0,0,0,0,0,0
0.023669,0.023694,0.023657,0,0,0,0,0,0,0,0,0,0,0,0
0.023735,0.023471,0.023691,0,0,0,0,0,0,0,0,0,0,0,0
0.023827,0.023746,0.023905,0,0,0,0,0,0,0,0,0,0,0,0
0.024246,0.023952,0.029453,0,0,0,0,0,0,0,0,0,0,0,0
0.023563,0.023682,0.02956,0,0,0,0,0,0,0,0,0,0,0,0
0.023256,0.022854,0.028687,0,0,0,0,0,0,0,0,0,0,0,0
0.023744,0.02364,0.023774,0,0,0,0,0,0,0,0,0,0,0,0
