0.20217
0.22961
0.063811
0.036685
0.044768
0.039513
0.03334
0.029695
0.030101
0.069923
0.031463
0.030629
0.029617
0.029944
0.029712
0.029729
0.029506
0.029714
0.029272
0.029911
0.029453
0.029992
0.029364
0.029645
0.029049
0.02971
0.029085
0.02965
0.033262
0.037263
0.030106
0.030209
0.032009
0.040322
0.029867
0.030053
0.030095
0.030285
0.03003
0.030032
0.030642
0.030285
0.031082
0.030945
0.030625
0.030232
0.030163
0.030259
0.029856
0.030117
0.029842
0.029879
0.029732
0.030044
0.029869
0.030262
0.030324
0.030102
0.030067
0.030123
0.030108
0.030405
0.03002
0.030009
0.029895
0.030281
0.030047
0.030208
0.02985
0.030394
0.029726
0.02987
0.029692
0.030086
0.02978
0.029999
0.029763
0.029948
0.029662
0.029873
0.029535
0.0298
0.029693
0.029896
0.029916
0.029848
0.029577
0.029761
0.029661
0.02995
0.02988
0.029889
0.030022
0.030165
0.02942
0.029833
0.029723
0.029974
0.029922
0.030071
0.030215
0.030385
0.029635
0.029703
0.029723
0.029978
0.02953
0.029985
0.029771
0.029821
0.029877
0.030247
0.0302
0.030089
0.02953
0.029839
0.029528
0.029606
0.029163
0.029464
0.02948
0.029627
0.029348
0.029696
0.029747
0.030618
0.030027
0.030243
0.029974
