1
334.7639,167.6255,28.3980,37.5786
333.8570,166.7186,28.3980,37.5786
331.1363,165.8117,28.3980,37.5786
332.5614,166.7186,28.3980,37.5786
331.9136,167.6255,28.3980,37.5786
331.0067,165.9412,28.3980,37.5786
327.8697,175.0693,29.0263,38.4101
325.7625,172.0339,29.6685,39.2599
335.6028,170.2346,29.0359,38.4227
333.3508,170.8970,29.0359,38.4227
331.3637,169.1748,29.0359,38.4227
328.8468,167.4527,29.0359,38.4227
322.8856,165.9956,29.0359,38.4227
325.4025,167.7177,29.0359,38.4227
327.9195,165.7306,29.0359,38.4227
325.1376,167.4527,29.0359,38.4227
324.2103,168.1151,29.0359,38.4227
318.8039,168.9270,29.6783,39.2728
316.6493,170.5997,30.3349,40.1417
310.9750,169.6309,30.3349,40.1417
321.9828,166.7459,31.0061,41.0298
322.9730,165.4727,31.0061,41.0298
321.1341,159.6729,31.0061,41.0298
325.1460,161.0648,30.3448,40.1548
323.0694,161.4801,30.3448,40.1548
317.6701,162.1724,30.3448,40.1548
321.1312,158.9882,30.3448,40.1548
322.9226,160.3504,29.6977,39.2985
323.8922,161.9448,29.0644,38.4605
321.9032,162.3426,29.0644,38.4605
324.1574,159.8231,29.0644,38.4605
328.7984,158.3645,29.0644,38.4605
329.1962,156.9059,29.0644,38.4605
330.3896,157.5689,29.0644,38.4605
328.6658,156.6407,29.0644,38.4605
324.8204,158.0993,29.0644,38.4605
326.0138,159.0275,29.0644,38.4605
327.7376,159.9558,29.0644,38.4605
329.4614,156.3755,29.0644,38.4605
330.3896,154.6517,29.0644,38.4605
330.2570,156.6407,29.0644,38.4605
329.5940,157.8341,29.0644,38.4605
331.5654,157.8608,28.4446,37.6403
330.1380,155.9142,28.4446,37.6403
328.1914,155.5249,28.4446,37.6403
327.0234,156.6928,28.4446,37.6403
325.9508,157.7196,27.8380,36.8376
326.8287,156.1262,28.4539,37.6526
328.2648,154.4975,29.0835,38.4857
328.9068,153.3834,29.7270,39.3372
332.0956,153.3704,30.3847,40.2075
331.4025,154.8952,30.3847,40.2075
333.7990,156.8954,31.0569,41.0971
335.0742,155.6202,31.0569,41.0971
334.7225,154.8293,30.3946,40.2207
336.5252,156.9093,30.3946,40.2207
337.4838,157.1837,31.0671,41.1106
335.2284,155.4055,31.7545,42.0202
332.7656,154.9709,31.7545,42.0202
330.5925,153.6670,31.7545,42.0202
331.0271,152.9426,31.7545,42.0202
328.8540,154.5363,31.7545,42.0202
329.5784,156.7094,31.7545,42.0202
330.8823,155.1158,31.7545,42.0202
333.6348,156.4196,31.7545,42.0202
331.1720,155.1158,31.7545,42.0202
327.8399,154.6811,31.7545,42.0202
335.0207,157.7823,31.0773,41.1241
334.3118,159.0584,31.0773,41.1241
328.7822,157.2152,31.0773,41.1241
330.8902,153.1439,30.4146,40.2471
320.9081,152.5547,31.0875,41.1376
320.7113,153.7182,31.7753,42.0477
323.4657,153.2833,31.7753,42.0477
326.2201,154.8780,31.7753,42.0477
328.3947,156.7626,31.7753,42.0477
329.4094,156.0377,31.7753,42.0477
326.2002,157.2270,32.4783,42.9780
323.3849,155.5971,32.4783,42.9780
322.2569,152.8157,33.1969,43.9289
322.4084,151.7555,33.1969,43.9289
319.5308,149.7866,33.1969,43.9289
321.4905,147.4814,32.4890,42.9921
323.4174,144.9615,32.4890,42.9921
322.9727,150.4458,32.4890,42.9921
325.4925,155.3373,32.4890,42.9921
327.1230,158.7464,32.4890,42.9921
324.6032,159.1911,32.4890,42.9921
324.7514,160.5251,32.4890,42.9921
324.8996,159.4876,32.4890,42.9921
324.1585,158.1535,32.4890,42.9921
326.3819,157.4124,32.4890,42.9921
328.0123,156.9677,32.4890,42.9921
328.1606,160.0805,32.4890,42.9921
330.9769,159.3393,32.4890,42.9921
332.9038,160.0805,32.4890,42.9921
344.3171,162.3038,32.4890,42.9921
347.3780,160.6192,31.7961,42.0753
348.6835,158.7334,31.7961,42.0753
342.7359,160.3291,31.7961,42.0753
337.1165,157.6061,32.4996,43.0062
334.2993,155.9751,32.4996,43.0062
332.6683,154.6406,32.4996,43.0062
333.7294,156.6712,31.8066,42.0891
335.6159,159.1381,31.8066,42.0891
341.4098,160.8457,31.1283,41.1915
348.0846,161.8398,31.1283,41.1915
2
0
0
0
0
1
351.9203,146.5350,40.9477,76.5502
350.7771,148.1354,40.9477,76.5502
352.8348,149.2785,40.9477,76.5502
350.7771,148.1354,40.9477,76.5502
349.1768,147.4495,40.9477,76.5502
352.1489,149.0499,40.9477,76.5502
355.1210,152.0220,40.9477,76.5502
358.0932,150.4217,40.9477,76.5502
357.4280,153.6619,40.0745,74.9177
358.9942,153.8856,40.0745,74.9177
357.8755,154.1094,40.0745,74.9177
358.0992,152.9906,40.0745,74.9177
353.8480,156.7944,40.0745,74.9177
356.4225,156.1977,40.9612,76.5753
355.2790,154.1394,40.9612,76.5753
353.6781,157.1125,40.9612,76.5753
354.8216,160.0856,40.9612,76.5753
356.9785,156.6285,41.8674,78.2695
362.8225,159.6674,41.8674,78.2695
366.3289,162.2387,41.8674,78.2695
362.8225,160.6024,41.8674,78.2695
357.9135,162.2387,41.8674,78.2695
356.2378,158.2200,42.7938,80.0012
371.7683,158.9368,42.7938,80.0012
372.9630,161.0872,42.7938,80.0012
371.7683,157.9811,42.7938,80.0012
378.4838,159.3271,43.7406,81.7712
383.3209,159.6894,44.7083,83.5804
387.0652,157.4428,44.7083,83.5804
388.8125,160.1886,44.7083,83.5804
389.0622,163.9330,44.7083,83.5804
394.3042,161.1871,44.7083,83.5804
393.0561,162.4352,44.7083,83.5804
391.8080,164.6818,44.7083,83.5804
395.5523,165.4307,44.7083,83.5804
397.2997,160.6879,44.7083,83.5804
399.0470,158.4413,44.7083,83.5804
397.2997,157.6924,44.7083,83.5804
396.5508,161.4367,44.7083,83.5804
402.7913,158.6909,44.7083,83.5804
403.0410,159.9390,44.7083,83.5804
403.2906,161.6864,44.7083,83.5804
403.0410,159.9390,44.7083,83.5804
400.7944,159.1901,44.7083,83.5804
398.0485,160.9375,44.7083,83.5804
398.2982,158.6909,44.7083,83.5804
398.5478,159.4398,44.7083,83.5804
401.2937,160.1886,44.7083,83.5804
399.0471,160.9375,44.7083,83.5804
401.9193,163.8976,45.6975,85.4296
404.2155,162.1116,45.6975,85.4296
409.2690,158.2547,46.7086,87.3198
414.5429,162.4535,45.7125,85.4576
419.2124,163.6107,44.7377,83.6352
423.3008,163.7802,43.7836,81.8517
432.9569,167.2448,42.8499,80.1062
436.4116,165.5624,41.9361,78.3979
439.9238,163.4551,41.9361,78.3979
444.6588,161.8086,41.0418,76.7260
447.6378,163.8709,41.0418,76.7260
450.0632,162.7012,40.1666,75.0898
454.5985,160.6918,39.3100,73.4885
458.1909,164.6486,38.4717,71.9213
461.2925,161.8958,37.6513,70.3876
462.7071,161.2280,36.8484,68.8866
460.9187,158.9880,36.0626,67.4175
459.5566,168.0520,35.2935,65.9798
462.5124,165.4902,35.2935,65.9798
461.9213,158.9874,35.2935,65.9798
459.2819,159.2797,36.0744,67.4396
461.1815,162.0861,36.8726,68.9317
464.2696,160.6450,36.8726,68.9317
463.2209,160.9505,37.6884,70.4569
464.6939,163.6860,37.6884,70.4569
466.1669,166.8424,37.6884,70.4569
464.6939,166.2111,37.6884,70.4569
463.2209,165.1590,37.6884,70.4569
459.2228,167.0528,37.6884,70.4569
456.0664,166.4215,37.6884,70.4569
453.7517,166.6320,37.6884,70.4569
450.5953,165.5798,37.6884,70.4569
448.2806,167.0528,37.6884,70.4569
446.8076,165.5798,37.6884,70.4569
448.7014,166.2111,37.6884,70.4569
448.0702,167.6841,37.6884,70.4569
449.5431,167.0528,37.6884,70.4569
449.3327,164.3173,37.6884,70.4569
447.4389,163.6860,37.6884,70.4569
445.5451,165.1590,37.6884,70.4569
447.7723,163.6792,36.8847,68.9543
448.8020,161.0020,36.8847,68.9543
446.9485,160.3842,36.8847,68.9543
447.1545,158.5307,36.8847,68.9543
444.8892,159.5604,36.8847,68.9543
447.4659,160.4941,36.0981,67.4839
445.6520,159.4864,36.0981,67.4839
444.2885,160.0117,35.3283,66.0448
443.3023,157.8420,35.3283,66.0448
445.0098,157.5956,34.5749,64.6363
442.1141,159.7190,34.5749,64.6363
443.0793,157.9816,34.5749,64.6363
441.7281,155.8582,34.5749,64.6363
442.6933,152.9625,34.5749,64.6363
441.7281,150.4529,34.5749,64.6363
440.7628,149.8738,34.5749,64.6363
431.3677,149.3591,35.3399,66.0664
2
0
0
0
0
1
445.1475,149.1602,30.7460,79.4917
447.2226,151.1352,31.4263,81.2505
2
0
0
0
0
1
451.2280,141.4504,39.6896,77.3650
456.4586,138.9488,39.6896,77.3650
466.6925,136.9020,39.6896,77.3650
469.7926,137.6978,40.5677,79.0767
471.0320,138.0289,41.4653,80.8262
482.1989,128.7627,41.4653,80.8262
488.1388,125.1988,41.4653,80.8262
492.4740,124.4576,40.5810,79.1026
503.8678,127.9455,40.5810,79.1026
509.2160,128.1780,40.5810,79.1026
515.4942,126.5504,40.5810,79.1026
518.9821,125.8528,40.5810,79.1026
522.7766,123.3344,39.7156,77.4157
526.1901,121.2863,39.7156,77.4157
528.2382,120.1484,39.7156,77.4157
526.6452,119.4657,39.7156,77.4157
523.2317,119.6933,39.7156,77.4157
522.5490,113.5489,39.7156,77.4157
520.9561,109.6803,39.7156,77.4157
517.9977,107.6322,39.7156,77.4157
516.8599,110.1354,39.7156,77.4157
515.2669,112.6387,39.7156,77.4157
514.1291,115.1419,39.7156,77.4157
513.4464,114.9144,39.7156,77.4157
512.7638,112.8663,39.7156,77.4157
511.2132,113.0337,38.8687,75.7648
509.2087,114.5927,38.8687,75.7648
506.7588,115.7062,38.8687,75.7648
503.9533,115.0114,38.0398,74.1491
501.1197,110.8701,38.0398,74.1491
499.5940,107.6006,38.0398,74.1491
496.3245,99.5359,38.0398,74.1491
494.8393,102.2173,37.2286,72.5678
495.0307,106.4864,36.4347,71.0203
493.9869,109.2004,36.4347,71.0203
493.3605,108.5741,36.4347,71.0203
491.0641,105.0250,36.4347,71.0203
487.5150,101.4760,36.4347,71.0203
485.5958,99.1741,37.2408,72.5916
483.7305,98.5084,36.4466,71.0436
481.9049,95.8440,35.6694,69.5286
480.9063,93.6304,34.9087,68.0459
480.3145,89.9217,34.1643,66.5948
480.1127,87.8015,33.4357,65.1746
478.0687,86.8345,32.7227,63.7848
479.0062,89.6470,32.7227,63.7848
481.8187,93.2095,32.7227,63.7848
484.1555,95.1547,32.0249,62.4245
485.0276,92.4598,31.3419,61.0933
486.9197,90.5148,30.6736,59.7905
487.4469,88.9329,30.6736,59.7905
486.2493,91.7727,30.0194,58.5154
487.0668,90.9045,29.3793,57.2676
488.8404,89.0813,28.7527,56.0463
489.9409,84.7562,28.1396,54.8511
487.5223,82.9826,28.1396,54.8511
486.1129,81.8579,27.5395,53.6814
484.6622,82.4101,28.1488,54.8691
491.6472,90.6127,27.5485,53.6990
493.0678,92.3491,27.5485,53.6990
491.9922,92.1610,26.9611,52.5538
490.9108,92.3154,26.9611,52.5538
487.0487,89.0713,26.9611,52.5538
483.4955,87.0630,26.9611,52.5538
479.9424,89.6892,26.9611,52.5538
484.2502,115.7117,26.3861,51.4331
482.5871,116.1653,26.3861,51.4331
481.5288,105.7331,26.3861,51.4331
476.1268,95.0606,25.8234,50.3363
467.7048,88.2096,26.3948,51.4500
461.7179,91.8195,25.8319,50.3528
456.2414,95.2238,25.8319,50.3528
450.8880,97.2774,26.4034,51.4669
453.5782,100.6321,26.9876,52.6056
445.7391,97.9645,27.5847,53.7695
441.6623,94.5819,28.1950,54.9591
440.1771,93.8063,28.8188,56.1751
441.0575,100.5518,29.4564,57.4180
437.3045,102.9535,28.8283,56.1935
433.9500,101.1645,28.2135,54.9952
432.2252,100.0368,27.6118,53.8224
430.5371,99.5433,27.0230,52.6746
428.2145,100.3175,27.0230,52.6746
426.8210,97.0658,27.0230,52.6746
426.6661,98.4594,27.0230,52.6746
427.8130,99.9651,27.6209,53.8400
427.9713,97.5911,27.6209,53.8400
428.4461,99.3320,27.6209,53.8400
426.0059,101.1994,28.2320,55.0312
424.8544,101.4298,28.8566,56.2488
425.3505,100.2724,28.8566,56.2488
424.8544,101.0991,28.8566,56.2488
422.6482,97.9037,29.4951,57.4933
420.7438,93.9361,30.1477,58.7653
419.1557,90.5977,30.8147,60.0655
416.9315,91.0680,30.1575,58.7846
415.3763,91.9320,30.1575,58.7846
411.5340,93.0585,29.5144,57.5310
409.4037,93.5089,28.8850,56.3042
408.9140,94.5878,28.2690,55.1035
406.8736,98.1418,27.6662,53.9284
405.4878,100.7031,27.0762,52.7783
404.4018,101.7891,27.0762,52.7783
402.0746,102.8751,27.0762,52.7783
398.3258,106.2791,26.4988,51.6528
395.7446,104.9126,26.4988,51.6528
395.0027,110.8782,25.9337,50.5513
395.9953,114.1385,25.3807,49.4733
395.5651,117.3293,24.8394,48.4182
393.7722,118.2571,24.3097,47.3857
388.2583,119.7022,23.7913,46.3752
383.3875,121.1165,23.2839,45.3862
380.9353,122.5005,22.7874,44.4184
379.0389,123.6034,22.3014,43.4711
377.6755,123.9438,21.8259,42.5441
377.3055,123.3125,21.3604,41.6368