0.20691
0.21895
0.059865
0.029835
0.039933
0.035788
0.029027
0.025314
0.025222
0.024667
0.024811
0.024126
0.025172
0.024401
0.024517
0.024439
0.024245
0.023817
0.023999
0.02378
0.026165
0.024746
0.024822
0.023843
0.024697
0.024943
0.025366
0.02467
0.025626
NaN
NaN
NaN
NaN
0.19218
0.22669
0.058147
0.03044
0.039104
0.035266
0.027438
0.024846
0.024483
0.023912
0.022961
0.023829
0.024319
0.023586
0.023731
0.023287
0.023253
0.023265
0.024307
0.02433
0.02431
0.024
0.023729
0.023791
0.023559
0.023303
0.023148
0.023346
0.023973
0.024326
0.0232
0.023664
NaN
NaN
NaN
NaN
0.19462
0.22838
0.058579
0.0299
0.038346
0.03396
0.027801
0.023434
0.024421
0.024451
0.023823
0.023623
0.024241
0.023095
0.027997
0.023748
0.023807
0.023678
0.023985
0.023613
0.026406
0.02463
0.024405
0.024436
0.023354
0.023201
0.024674
0.02556
0.024107
0.023904
0.02473
0.029286
0.024147
0.025632
0.024534
0.02374
0.024074
0.024301
0.024117
0.023959
0.029701
0.025484
0.030785
0.024159
0.026749
0.024245
0.024672
0.023698
0.024669
0.024117
0.023934
0.023661
0.024584
0.026412
0.025399
0.025273
0.026147
0.027118
0.025188
0.025865
0.024523
0.023933
0.02619
0.025952
0.024461
0.025802
0.024803
0.024542
0.024214
0.025343
0.025668
0.025047
0.024773
0.025156
0.025008
0.026245
0.024465
0.024432
0.032888
0.03229
0.030606
0.032079
0.032396
0.031909
0.032865
0.031627
0.02859
0.025327
0.025382
0.024829
0.025929
0.025839
0.026054
0.027069
0.025428
0.026184
0.026485
0.026042
0.024369
0.024292
0.030149
0.032719
0.027793
0.02322
0.023321
0.023443
0.023181
0.022995
0.023029
0.023751
0.024347
0.029883
0.032824
0.030153
0.024636
0.028672
0.024046
0.023837
0.024045
0.025013
0.026213
0.026333
0.026491
0.025932
0.026018
0.031111
0.032178
0.033361
0.033242
0.032339
0.03145
0.033008
0.029891
0.025987
0.025135
0.025282
0.025085
0.025053
0.02618
0.026074
0.026028
0.025134
0.02552
0.025802
0.026869
0.025684
0.025534
0.025615
0.024186
NaN
NaN
NaN
NaN
0.19126
0.2252
0.057934
0.030282
0.03929
0.0347
0.027287
0.023769
0.024128
0.023924
0.024471
0.023232
0.024311
0.023171
0.023622
0.024153
0.024407
0.026398
0.025922
0.023962
0.025605
0.025818
0.025229
0.024539
0.025484
0.025631
0.024962
0.025211
0.025896
0.025747
0.025284
0.026161
0.025104
0.024928
0.025098
0.02461
0.024897
0.025898
0.024897
0.024595
0.026554
0.025678
0.027032
0.02472
0.025379
0.025696
0.025221
0.024553
NaN
NaN
NaN
NaN
0.19306
0.22546
0.059289
0.030152
0.039974
0.035302
0.028314
0.025039
0.02579
0.02565
0.025703
0.023841
0.023352
0.024159
0.024967
0.024139
0.024128
0.023864
0.0241
0.026032
0.025571
0.024511
0.024284
0.024221
0.024581
0.025091
0.025322
0.02517
0.024193
0.025478
0.025459
0.026007
0.025116
0.024743
0.024401
0.025049
0.024557
0.024556
0.022294
0.025549
0.026331
0.026147
0.026749
0.025298
0.025726
0.025312
0.025026
0.025635
0.025222
0.02601
0.025971
0.02517
0.024719
0.024511
0.024233
0.024324
0.02532
0.025037
0.023985
0.024471
0.024591
0.025294
0.024444
0.024624
0.023914
0.024842
0.025103
0.025201
0.024624
0.024482
0.024575
0.025594
0.025931
0.026258
0.026625
0.025616
0.025245
0.025321
0.026351
0.025151
0.024419
0.025021
0.024619
0.024435
0.024354
0.024316
0.024878
0.02498
0.024683
0.024979
0.02399
0.024336
