1
230.7214,140.0158,54.9271,68.7116
228.5344,141.7168,54.9271,68.7116
231.2074,142.4458,54.9271,68.7116
231.4504,143.1748,54.9271,68.7116
254.5359,132.7256,54.9271,68.7116
257.2090,131.0246,54.9271,68.7116
256.9660,131.2676,54.9271,68.7116
255.7509,129.0806,54.9271,68.7116
253.3785,125.5471,56.1424,70.2318
247.9920,122.2261,54.9451,68.7341
240.3774,118.5073,53.7734,67.2684
236.3331,113.9872,53.7734,67.2684
234.3842,111.2649,52.6267,65.8338
232.9256,108.1519,51.5044,64.4299
232.2420,106.1011,51.5044,64.4299
231.6930,107.8863,50.4061,63.0559
231.9160,108.5553,50.4061,63.0559
230.3550,106.5482,50.4061,63.0559
229.6860,104.9872,50.4061,63.0559
200.6704,93.4155,51.5213,64.4510
198.9181,92.9390,52.6612,65.8770
198.5772,93.9022,53.8263,67.3345
200.2053,95.3809,55.0172,68.8243
200.9355,98.0584,55.0172,68.8243
203.1262,102.1962,55.0172,68.8243
202.7701,104.7178,56.2345,70.3471
204.4710,108.3276,57.4787,71.9035
205.1543,110.9619,58.7504,73.4944
206.9738,113.3012,58.7504,73.4944
208.8528,117.3417,57.4975,71.9271
208.5985,121.6661,57.4975,71.9271
211.3933,111.6333,58.7697,73.5184
212.1733,98.3731,58.7697,73.5184
212.9533,87.7129,58.7697,73.5184
213.7333,81.7328,58.7697,73.5184
216.1142,78.2564,57.5164,71.9506
217.4633,75.8351,56.2898,70.4163
218.7085,74.0919,56.2898,70.4163
220.4517,74.8390,56.2898,70.4163
220.7007,75.5861,56.2898,70.4163
221.4478,77.3293,56.2898,70.4163
221.6969,80.0687,56.2898,70.4163
221.9459,84.8003,56.2898,70.4163
221.6969,89.5320,56.2898,70.4163
221.3325,97.7960,57.5353,71.9742
223.1143,102.6323,57.5353,71.9742
223.3689,111.5414,57.5353,71.9742
225.1507,115.8686,57.5353,71.9742
225.3065,121.1464,58.8082,73.5667
227.6481,129.7322,58.8082,73.5667
226.3472,134.6756,58.8082,73.5667
225.9665,135.7513,60.1094,75.1943
228.8918,133.3579,60.1094,75.1943
232.8808,130.4326,60.1094,75.1943
235.8026,126.5658,61.4393,76.8580
237.0970,122.0495,62.7986,78.5585
239.5974,111.2141,62.7986,78.5585
239.4637,91.4322,61.4594,76.8832
237.2361,80.9827,60.1488,75.2436
237.1080,78.9636,58.8661,73.6391
237.4847,82.5100,57.6107,72.0687
241.7839,85.9807,56.3822,70.5318
245.9915,88.4158,55.1798,69.0277
245.8739,92.6813,54.0031,67.5556
249.9040,96.3953,52.8515,66.1150
250.6055,98.9673,52.8515,66.1150
250.3716,101.5393,52.8515,66.1150
250.1378,103.1761,52.8515,66.1150
250.3716,104.8128,52.8515,66.1150
252.0084,106.9172,52.8515,66.1150
253.1775,109.4893,52.8515,66.1150
253.8790,112.9966,52.8515,66.1150
255.5157,116.5039,52.8515,66.1150
255.2819,119.0760,52.8515,66.1150
253.9694,120.5279,54.0208,67.5778
254.1157,120.5242,55.2160,69.0729
253.7583,115.9584,56.4377,70.6012
256.0055,110.7149,56.4377,70.6012
256.6764,102.9395,57.6863,72.1632
256.9316,91.4550,57.6863,72.1632
258.2077,80.4809,57.6863,72.1632
259.4838,74.1006,57.6863,72.1632
260.2494,68.7412,57.6863,72.1632
260.5046,64.4026,57.6863,72.1632
261.7807,61.5952,57.6863,72.1632
262.0359,60.3192,57.6863,72.1632
264.8649,61.8266,56.4562,70.6243
265.6142,63.0754,56.4562,70.6243
267.3626,64.3243,56.4562,70.6243
267.1128,66.5722,56.4562,70.6243
266.8630,68.8201,56.4562,70.6243
266.1137,71.5676,56.4562,70.6243
266.3635,74.8146,56.4562,70.6243
266.1137,78.5611,56.4562,70.6243
264.3654,87.3031,56.4562,70.6243
262.1174,91.0496,56.4562,70.6243
259.8695,94.7961,56.4562,70.6243
251.6271,98.0432,56.4562,70.6243
248.1365,101.4444,55.2522,69.1182
232.4687,105.7155,54.0740,67.6443
222.6690,107.5896,52.9208,66.2017
219.6253,101.2682,52.9208,66.2017
217.5182,92.6054,52.9208,66.2017
219.2108,84.9617,51.7923,64.7900
220.3019,78.7772,52.9382,66.2234
246.6879,64.1943,54.1094,67.6886
250.2788,61.0822,54.1094,67.6886
251.5479,66.1879,52.9555,66.2452
253.6932,75.2494,51.8262,64.8325
252.0882,79.6058,51.8262,64.8325
253.7458,84.4961,50.7210,63.4499
255.3681,88.4169,49.6394,62.0968
255.1485,91.2719,49.6394,62.0968
253.6112,94.1268,49.6394,62.0968
252.9523,96.1033,49.6394,62.0968
252.2935,97.6406,49.6394,62.0968
252.1877,98.5144,48.5808,60.7726
249.8236,100.0189,48.5808,60.7726
250.0385,100.6637,48.5808,60.7726
247.8634,104.0047,47.5448,59.4766
233.5702,107.6800,46.5309,58.2082
227.5186,111.2769,45.5386,56.9669
226.2564,115.1855,44.5675,55.7521
224.8762,116.9601,44.5675,55.7521
225.1614,115.0840,43.6171,54.5631
227.2841,108.3301,43.6171,54.5631
230.9110,101.2862,42.6869,53.3996
233.7438,96.5649,42.6869,53.3996
236.2106,92.2514,43.6314,54.5810
237.5303,89.0441,44.5967,55.7886
238.4699,90.2692,45.5834,57.0230
240.2671,92.3584,46.5920,58.2846
248.0922,93.6383,47.6228,59.5742
256.9648,96.2582,48.6765,60.8922
258.9367,100.8512,47.6384,59.5937
260.8150,103.0346,48.6924,60.9122
261.3938,104.8192,49.7697,62.2599
258.9718,108.1220,49.7697,62.2599
256.9901,110.1037,49.7697,62.2599
254.7618,112.6776,48.7084,60.9322
254.9773,115.0480,48.7084,60.9322
254.6620,111.9147,49.7861,62.2803
248.8553,107.7979,50.8876,63.6582
245.7230,107.3273,52.0135,65.0667
245.8639,106.8462,53.1643,66.5063
257.7210,122.4602,54.3405,67.9777
258.8659,139.4174,55.5428,69.4817
259.5261,142.9828,56.7717,71.0190
256.5002,143.0138,55.5610,69.5045
244.4093,138.4195,56.7903,71.0423
242.9990,126.4248,58.0468,72.6141
241.5576,116.2962,59.3311,74.2207
240.7701,111.3089,59.3311,74.2207
243.1325,101.5968,59.3311,74.2207
244.0181,100.6172,58.0658,72.6379
243.8944,104.6106,56.8276,71.0889
243.7734,108.5188,55.6157,69.5729
243.6549,113.2923,54.4297,68.0892
242.9325,118.8308,54.4297,68.0892
246.9943,124.8951,53.2689,66.6372
248.1727,129.3728,53.2689,66.6372
246.5230,130.5512,53.2689,66.6372
243.2441,132.5036,54.4475,68.1116
241.3922,133.4995,55.6522,69.6185
241.5429,134.0066,56.8835,71.1589
239.7813,136.7748,56.8835,71.1589
238.0197,140.0464,56.8835,71.1589
240.7879,143.8213,56.8835,71.1589
242.5085,145.9062,58.1420,72.7332
241.3930,149.9048,56.9021,71.1822
238.9352,149.3786,58.1611,72.7571
237.4909,145.1032,59.4479,74.3668
233.8317,141.2789,60.7632,76.0122
233.0253,137.7842,60.7632,76.0122
233.2941,132.1389,60.7632,76.0122
233.4586,120.9785,62.1076,77.6940
229.8866,116.8570,62.1076,77.6940
226.8641,111.6363,62.1076,77.6940
228.7875,105.3165,62.1076,77.6940
230.1614,102.2940,62.1076,77.6940
250.2197,85.5330,62.1076,77.6940
253.7917,86.3573,62.1076,77.6940
255.6703,89.7739,63.4817,79.4130
257.0746,93.9867,63.4817,79.4130
252.8618,96.5144,63.4817,79.4130
248.6491,97.9186,63.4817,79.4130
246.6831,99.8846,63.4817,79.4130
243.3584,101.0458,64.8862,81.1700
240.5558,101.6370,66.3218,82.9659
239.5177,101.0236,67.7892,84.8015
234.1004,99.1520,69.2891,86.6777
227.2912,99.1472,70.8221,88.5955
221.6316,99.7925,72.3890,90.5556
220.0303,97.5507,72.3890,90.5556
216.9036,95.5521,73.9906,92.5592
217.1039,89.4339,75.6277,94.6070
216.1002,84.4151,75.6277,94.6070
217.1039,76.7196,75.6277,94.6070
215.9202,69.0775,77.3009,96.7002
214.2102,60.5278,77.3009,96.7002
211.8163,54.7139,77.3009,96.7002
210.1064,49.5841,77.3009,96.7002
211.1323,45.8222,77.3009,96.7002
211.4743,46.8482,77.3009,96.7002
211.3097,48.8682,75.6525,94.6381
211.7937,51.4902,74.0391,92.6199
212.1213,54.4383,74.0391,92.6199
210.2827,57.1519,75.6773,94.6691
210.6175,61.5044,75.6773,94.6691
208.9435,65.1873,75.6773,94.6691
207.0642,67.9610,77.3516,96.7636
206.5635,72.2162,79.0630,98.9045
206.0518,76.5656,80.8123,101.0928
206.2706,80.2694,82.6003,103.3295
205.7360,84.8134,84.4278,105.6157
207.6036,88.9221,84.4278,105.6157
209.4712,92.2838,84.4278,105.6157
211.3388,93.4043,84.4278,105.6157
213.2064,90.0427,84.4278,105.6157
215.8210,85.1869,84.4278,105.6157
253.5465,87.8015,84.4278,105.6157
265.8726,82.9458,84.4278,105.6157
266.2461,87.0545,84.4278,105.6157
268.8607,90.4162,84.4278,105.6157
274.4412,89.7422,82.6273,103.3634
282.7214,89.7873,80.8653,101.1591
285.9412,82.9899,80.8653,101.1591
293.3552,80.2754,79.1408,99.0019
299.2611,82.3435,77.4531,96.8906
2
0
0
0
0
1
243.3156,34.0486,76.1956,88.7553
244.9380,36.9688,76.1956,88.7553
246.5603,39.8891,76.1956,88.7553
247.5337,44.1072,76.1956,88.7553
247.8582,50.2721,76.1956,88.7553
247.5337,55.1392,76.1956,88.7553
245.9114,58.0594,76.1956,88.7553
240.3954,55.1392,76.1956,88.7553
234.8794,50.9211,76.1956,88.7553
230.6612,45.4051,76.1956,88.7553
223.4221,40.0469,77.8814,90.7191
216.0229,34.5702,79.6045,92.7262
211.6161,30.8413,79.6045,92.7262
207.8872,29.8244,79.6045,92.7262
202.8024,31.5193,79.6045,92.7262
199.7515,32.5363,79.6045,92.7262
196.7006,35.5872,79.6045,92.7262
193.6497,38.6380,79.6045,92.7262
191.9548,40.3330,79.6045,92.7262
187.5479,42.7059,79.6045,92.7262
184.4970,45.7568,79.6045,92.7262
180.0902,49.4857,79.6045,92.7262
175.6834,52.5365,79.6045,92.7262
173.3104,54.9095,79.6045,92.7262
169.5816,57.9604,79.6045,92.7262
166.5307,61.6892,79.6045,92.7262
162.1238,68.1300,79.6045,92.7262
157.7170,76.6047,79.6045,92.7262
156.7000,82.3675,79.6045,92.7262
157.7170,84.0624,79.6045,92.7262
160.7679,85.0794,79.6045,92.7262
164.4968,82.0285,79.6045,92.7262
167.5476,76.9437,79.6045,92.7262
170.5985,69.8249,79.6045,92.7262
174.3274,57.2824,79.6045,92.7262
177.3783,47.4517,79.6045,92.7262
180.4292,40.3330,79.6045,92.7262
184.1580,34.5702,79.6045,92.7262
187.8869,31.5193,79.6045,92.7262
191.6158,29.8244,79.6045,92.7262
196.7006,28.1294,79.6045,92.7262
199.6887,25.3451,81.3658,94.7778
204.1930,25.6916,81.3658,94.7778
210.0833,23.2662,81.3658,94.7778
211.6996,25.4531,83.1660,96.8747
213.3516,26.9534,85.0061,99.0181
216.6095,30.2113,85.0061,99.0181
218.4194,34.1932,85.0061,99.0181
222.4013,38.8991,85.0061,99.0181
224.9352,45.0529,85.0061,99.0181
226.0212,52.6547,85.0061,99.0181
227.1072,60.2565,85.0061,99.0181
224.8734,65.8481,83.1933,96.9065
217.4338,69.0365,83.1933,96.9065
208.5770,65.1395,83.1933,96.9065
200.4288,59.8255,83.1933,96.9065
193.6977,52.3858,83.1933,96.9065
188.3836,44.9461,83.1933,96.9065
183.7781,36.0894,83.1933,96.9065
178.4640,30.0668,83.1933,96.9065
173.8585,25.4613,83.1933,96.9065
169.9616,23.6899,83.1933,96.9065
166.0646,24.7527,83.1933,96.9065
164.2932,25.1070,83.1933,96.9065
161.8134,26.8783,83.1933,96.9065
159.3335,30.0668,83.1933,96.9065
159.6877,33.2552,83.1933,96.9065
153.6651,37.8607,83.1933,96.9065
149.7682,40.3406,83.1933,96.9065
149.4139,42.8205,83.1933,96.9065
145.5169,45.3004,83.1933,96.9065
143.7456,48.4888,83.1933,96.9065
141.9742,53.0943,83.1933,96.9065
139.4943,59.8255,83.1933,96.9065
135.5974,71.5164,83.1933,96.9065
134.5346,78.2475,83.1933,96.9065
136.3059,82.1445,83.1933,96.9065
139.4943,84.6244,83.1933,96.9065
141.2657,80.7274,83.1933,96.9065
144.4541,71.8706,83.1933,96.9065
146.2255,58.7626,83.1933,96.9065
150.1224,46.3632,83.1933,96.9065
152.6023,38.9235,83.1933,96.9065
155.7908,32.1924,83.1933,96.9065
158.9792,27.5869,83.1933,96.9065
162.8762,23.6899,83.1933,96.9065
166.0646,20.5015,83.1933,96.9065
169.2530,22.2728,83.1933,96.9065
172.4414,19.7929,83.1933,96.9065
174.2128,18.7301,83.1933,96.9065
177.4012,20.5015,83.1933,96.9065
179.8811,23.6899,83.1933,96.9065
181.6525,26.1698,83.1933,96.9065
182.7153,29.3582,83.1933,96.9065
183.7781,33.2552,83.1933,96.9065
184.1323,38.5692,83.1933,96.9065
184.4866,43.8833,83.1933,96.9065
183.4238,50.6144,83.1933,96.9065
182.3610,58.0541,83.1933,96.9065
181.8082,64.7007,85.0339,99.0506
180.7219,69.4081,85.0339,99.0506
178.9114,71.2187,85.0339,99.0506
177.1008,67.2355,85.0339,99.0506
176.0145,62.5281,85.0339,99.0506
174.2039,56.3722,85.0339,99.0506
173.8418,50.2164,85.0339,99.0506
172.7555,45.5090,85.0339,99.0506
172.3934,41.5258,85.0339,99.0506
174.3471,40.8368,83.2206,96.9383
174.8929,42.2120,81.4459,94.8710
174.5461,39.0906,81.4459,94.8710
174.1993,35.9691,81.4459,94.8710
172.2188,37.4384,83.2478,96.9701
171.1553,34.2479,83.2478,96.9701
169.3827,35.3114,83.2478,96.9701
169.9287,33.9536,81.4726,94.9022
169.1254,35.9687,79.7351,92.8783
167.6847,37.9408,78.0348,90.8977
167.5559,39.8709,76.3706,88.9593
166.1760,44.2675,74.7420,87.0622
162.6749,49.6783,74.7420,87.0622
157.2641,60.8182,74.7420,87.0622
156.3092,115.2442,74.7420,87.0622
153.4447,125.1110,74.7420,87.0622
153.1264,126.7024,74.7420,87.0622
150.8984,130.2035,74.7420,87.0622
149.3070,132.4314,74.7420,87.0622
149.6253,132.1131,74.7420,87.0622
148.0339,129.8852,74.7420,87.0622