0.0090
0.0140
0.0140
0.0130
0.0140
0.0140
0.0150
0.0130
0.0140
0.0140
0.0130
0.0130
0.0140
0.0140
0.0140
0.0140
0.0130
0.0130
0.0150
0.0140
0.0130
0.0140
0.0140
0.0140
0.0140
0.0140
0.0130
0.0130
0.0140
0.0140
0.0130
0.0139
0.0140
0.0130
0.0130
0.0130
0.0140
0.0140
0.0140
0.0130
0.0130
0.0140
0.0140
0.0140
0.0140
0.0140
0.0140
0.0139
0.0130
0.0130
0.0140
0.0140
0.0139
0.0150
0.0140
0.0140
0.0140
0.0130
0.0130
0.0140
0.0140
0.0140
0.0140
0.0140
0.0130
0.0140
0.0189
0.0140
0.0140
0.0130
0.0140
0.0130
0.0130
0.0140
0.0130
0.0140
0.0130
0.0130
0.0140
0.0130
0.0140
0.0130
0.0130
0.0140
0.0140
0.0130
0.0140
0.0130
0.0140
0.0130
0.0140
0.0140
0.0130
0.0140
0.0140
0.0130
0.0130
0.0140
0.0140
0.0130
0.0140
0.0130
0.0140
0.0140
0.0130
0.0130
0.0130
0.0140
0.0140
0.0140
0.0140
0.0140
0.0140
0.0140
0.0130
0.0130
0.0140
0.0130
0.0140
0.0130
0.0130
0.0140
0.0140
0.0130
0.0140
0.0130
0.0140
0.0140
0.0130
0.0140
0.0130
0.0130
0.0140
0.0130
0.0140
0.0140
0.0130
0.0130
0.0140
0.0140
0.0130
0.0140
0.0130
0.0130
0.0140
0.0130
0.0140
0.0140
0.0130
0.0140
0.0140
0.0140
0.0140
0.0130
0.0220
0.0130
0.0140
0.0140
0.0130
0.0130
0.0140
0.0130
0.0130
0.0140
0.0130
0.0130
0.0140
0.0140
0.0140
0.0130
0.0140
0.0140
0.0130
0.0140
0.0130
0.0140
0.0130
0.0130
0.0140
0.0140
0.0140
0.0140
0.0140
0.0140
0.0140
0.0140
0.0140
0.0140
0.0140
0.0140
0.0140
0.0140
0.0140
0.0140
0.0140
0.0140
0.0140
0.0140
0.0130
0.0140
0.0140
0.0200
0.0160
0.0150
0.0150
0.0160
0.0160
0.0160
0.0160
0.0160
0.0150
0.0150
0.0150
0.0150
0.0140
0.0140
0.0150
0.0160
0.0140
0.0140
0.0140
0.0150
0.0140
0.0150
0.0150
0.0140
0.0140
0.0140
0.0140
0.0140
0.0140
NaN
NaN
NaN
NaN
0.0090
0.0160
0.0160
0.0160
0.0150
0.0160
0.0150
0.0150
0.0230
0.0150
0.0150
0.0160
0.0150
0.0150
0.0150
0.0150
0.0160
0.0160
0.0160
0.0160
0.0160
0.0160
0.0160
0.0150
0.0150
0.0160
0.0150
0.0150
0.0150
0.0140
0.0140
0.0150
0.0140
0.0140
0.0140
0.0140
0.0160
0.0150
0.0160
0.0160
0.0220
0.0160
0.0160
0.0160
0.0160
0.0160
0.0160
0.0160
0.0160
0.0160
0.0150
0.0160
0.0160
0.0160
0.0150
0.0150
0.0160
0.0150
0.0150
0.0150
0.0160
0.0160
0.0160
0.0160
0.0160
0.0160
0.0160
0.0150
0.0150
0.0160
0.0160
0.0150
0.0160
0.0150
0.0160
0.0150
0.0150
0.0240
0.0140
0.0140
0.0140
0.0160
0.0200
0.0160
0.0150
0.0160
0.0160
0.0210
0.0160
0.0160
0.0160
0.0160
0.0160
0.0160
0.0160
0.0160
0.0150
0.0150
0.0160
0.0160
0.0150
0.0160
0.0160
0.0150
0.0150
0.0160
0.0160
0.0150
0.0150
0.0150
0.0160
0.0160
0.0160
0.0150
0.0160
0.0160
0.0150
0.0150
0.0150
0.0170
0.0150
0.0160
0.0150
0.0150
0.0140
0.0140
0.0140
0.0140
0.0140
0.0140