0.19759
0.22598
0.059311
0.030654
0.04123
0.03552
0.029476
0.025995
0.025871
0.026997
0.026358
0.025273
0.025382
0.024832
0.025762
0.024767
0.024722
0.024582
0.025107
0.025176
0.025541
0.025409
0.024575
0.027045
0.025571
0.025218
0.025266
0.025463
0.025285
0.025305
0.025328
0.025138
0.024884
0.024878
0.02529
0.025284
0.025428
0.025707
0.024931
0.025173
0.025781
0.025038
0.026144
0.02555
0.025481
0.024741
0.024698
0.02519
0.026096
0.025271
0.025197
0.025483
0.025604
0.025067
0.025254
0.025137
0.024681
0.025172
0.024595
0.02479
0.024636
0.024602
0.024759
0.024917
0.02534
0.024798
0.024735
0.024573
0.025679
0.024658
0.025385
0.025552
0.025539
0.026118
0.024491
0.02534
0.025219
0.024565
0.024426
0.024446
0.025016
0.024546
0.024712
0.024475
0.024323
0.024164
0.025403
0.025033
0.025025
0.024778
0.024756
0.024415
0.024705
0.024384
0.024442
0.024489
0.02448
0.025178
0.024644
0.024452
0.024882
0.025085
0.024702
0.024413
0.025401
0.025432
0.024436
0.024364
0.02529
0.026966
0.027155
0.026819
0.026652
0.026983
0.026083
0.025204
0.024956
0.026291
0.02548
0.024598
0.025262
0.025317
0.024512
0.024632
0.024817
0.025155
0.025775
0.026234
0.024553
0.025167
0.025377
0.024891
0.024238
0.024574
0.026104
0.02462
0.025879
0.026521
0.025685
0.026602
0.024338
0.024518
0.025032
0.024461
0.02405
0.024418
0.024162
0.025893
0.026285
0.026102
0.025657
0.026032
0.025539
0.025491
0.024836
0.024299
0.024388
0.025072
0.024264
0.025859
0.025088
0.024356
0.024357
0.024311
0.024042
0.024215
0.025768
0.025085
0.025579
0.025291
0.024084
0.024115
0.024035
0.024209
0.026134
0.025806
0.025357
0.024171
0.024975
0.024643
0.025517
0.026073
0.023991
0.024201
0.024422
0.02405
0.024913
0.024167
0.024094
0.025061
0.026261
0.025132
0.024713
0.024518
0.024137
0.024092
0.024092
0.024101
0.024087
0.023989
0.026038
0.025376
0.024756
0.026201
0.026447
0.024333
0.025021
0.024241
0.024322
0.024353
0.024315
0.025205
0.024309
0.025201
0.024826
0.02439
0.026304
0.025116
0.024567
0.025199
0.024209
0.024303
0.025408
0.02519
0.025121
0.024342
0.024318
0.025664
0.024372
0.025623
0.024848
0.024263
0.024166
0.02425
0.025
0.024421
0.024328
0.024344
0.024243
0.024171
0.024262
0.024236
0.024329
0.02417
0.024193
0.024316
0.024307
0.024523
0.024428
0.024234
0.024767
0.024831
0.024785
0.024438
0.024245
0.024769
0.024769
0.024309
0.024399
0.024278
0.024315
0.024313
0.024157
0.0244
0.024273
0.024173
0.024105
0.02426
0.023534
0.023515
0.023408
0.023306
0.024141
0.024358
0.024075
0.024263
0.023416
0.024272
0.023647
0.024347
0.024171
0.024132
0.024065
0.02423
0.024252
0.024267
0.024333
0.024133
0.024109
0.023369
0.024341
0.024468
0.024437
0.02328
0.024243
0.024217
0.024243
0.024094
0.024341
0.024526
0.024213
0.024232
0.024195
0.024239
0.024453
0.024548
0.024317
0.024265
0.024184
0.024189
0.02438
0.024158
0.024277
0.024247
0.024336
0.024488
0.02471
0.024386
0.023612
0.023365
0.02337
0.024351
0.024429
0.024289
0.024265
0.024466
0.024254
0.024252
0.023396
0.024458
0.024239
0.024398
0.023972
0.023873
0.023734
0.024904
0.02484
0.024817
0.024542
0.024357
0.023465
0.023472
0.023406
0.024322
0.024313
0.024319
0.024205
0.024247
0.024226
0.024346
0.024273
0.024228
0.02418
0.024358
0.024233
0.024314
0.024282
0.024207
0.024271
0.024423
0.02426
0.024331
0.024279
0.024496
0.024606
0.023504
0.023593
0.023397
0.023451
0.023445
0.023414
0.023642
0.023443
0.023371
0.024089
0.02425
0.024905
0.024307
0.024292
0.024375
0.024168
0.024179
0.024412
0.024104
0.023039
0.024297
0.024395
0.024381
0.024376
0.024421
0.024462
0.024293
0.024168
0.02437
0.024226
0.024461
0.024274
0.024265
0.024661
0.024516
0.024464
0.024188
0.023592
0.024289
0.02337
0.02346
0.023457
0.024345
0.024486
0.02444
0.024355
0.0243
0.024185
0.023496
0.023639
0.023488
0.023429
0.023532
0.02368
0.023569
0.02346
0.024413
0.024276
0.024308
0.024287
0.023515
0.023481
0.023515
0.024229
0.024331
0.024268
0.02352
0.023528
0.024415
0.024794
0.023601
0.023433
0.023539
0.023703
0.02371
0.023549
0.02345
0.023362
0.023786
0.024352
0.024571
0.024643
0.024783
0.024428
0.02419
0.024178
0.023468
0.024373
0.024278
0.023485
0.023485
0.023476
0.023636
0.024226
0.024987
0.024951
0.025096
0.024282
0.024282
0.02352
0.023402
0.023606
0.024415
0.024503
0.024415
0.024365
0.023571
0.023561
0.023706
0.023639
0.023456
0.0234
0.023381
0.024168
0.024285
0.024564
0.024372
0.024267
0.024536
0.023432
0.023493
0.023732
0.023352
0.023719
0.023532
0.024384
0.024478
0.024406
0.024299
0.024249
0.024283
0.024156
0.024215
0.023594
0.023641
0.02409
0.024248
0.024784
0.024455
0.024075
0.024071
0.02406
0.024319
0.024407
0.024562
0.024598
0.024366
0.024253
0.024402
0.024596
0.023458
0.023544
0.023971
0.023831
0.023399
0.023751
0.024011
0.024395
0.024556
0.023534
0.024482
0.024287
0.023387
0.023548
0.024262
0.024551
0.024631
0.024445
0.024384
0.024185
0.024337
0.024512
0.024285
0.024283
0.024198
0.023804
0.024509
0.024322
0.024245
0.023452
0.023476
0.02457
0.024396
0.024473
0.02465
0.024542
0.023441
0.023488
0.023623
0.023691
0.023596
0.023383
0.023485
0.024434
0.0245
0.024484
0.024396
0.024584
0.024604
0.024422
0.024267
0.024555
0.023612
0.023599
0.023604
0.023624
0.023599
0.023539
0.023392
0.02441
0.024386
0.024314
0.023511
0.023661
0.023489
0.023701
0.023624
0.023642
0.023688
0.023567
0.023358
0.023364
0.02445
0.024256
0.02448
0.02286
0.023456
0.023701
0.024296
0.024348
0.023652
0.023551
0.023543
0.023697
0.024591
0.024418
0.024368
0.023432
0.023484
0.024551
0.024467
0.024411
0.024608
0.02443
0.024643
0.024417
0.024614
0.02458
0.024278
0.024217
0.024405
0.024474
0.02449
0.023707
0.023693
0.023476
0.023487
0.023892
0.023755
0.023608
0.023859
0.024559
0.024234
0.023373
0.023634
0.023702
0.02447
0.024631
0.024541
0.023637
0.023559
0.024494
0.024639
0.024427
0.024301
0.024447
0.023467
0.024475
0.024462
0.024407
0.024417
0.024485
0.024506
0.024769
0.023741
0.023651
0.023582
0.023635
0.023469
0.024395
0.024494
0.024513
0.024439
0.024343
0.02441
0.024478
0.024641
0.024295
0.024565
0.024535
0.02458
0.024694
0.024554
0.02433
0.024312
0.024567
0.024563
0.024544
0.024343
0.02455
0.023779
0.023604
0.023562
0.023345
0.023651
0.024492
0.024451
0.024347
0.024443
0.024379
0.024304
0.023647
0.023445
0.023471
0.023695
0.024299
0.024407
0.023537
0.023631
0.024443
0.024287
0.023613
0.023486
0.023572
0.023697
0.023592
0.023716
0.02373
0.02427
0.024505
0.024767
0.024479
0.024254
0.02411
0.02365
0.023814
0.023519
0.023507
0.023638
0.024746
0.024604
0.024574
0.024583
0.024482
0.024284
0.023679
0.023753
0.024038
0.023775
0.023878
0.023484
0.02371
0.024511
0.024678
0.024672
0.024492
0.024259
0.023418
0.023588
0.023687
0.023766
0.023734
0.023873
0.023784
0.023781
0.023734
0.023614
