1
388.2402,472.5739,59.1805,62.5446
392.3085,467.1590,60.4898,63.9284
400.8798,461.0367,60.4898,63.9284
406.0226,457.3633,60.4898,63.9284
402.8390,458.0980,60.4898,63.9284
395.2472,459.3224,60.4898,63.9284
384.1608,461.9182,61.8282,65.3428
377.9030,467.6754,61.8282,65.3428
381.6577,457.9132,61.8282,65.3428
376.5589,451.2173,63.1961,66.7885
371.1860,446.3561,63.1961,66.7885
374.5725,444.3556,61.8484,65.3642
443.2507,472.9882,63.2168,66.8104
461.9353,475.1699,64.6155,68.2886
2
0
0
0
0
1
985.2087,378.6192,77.3369,40.1855
1045.7440,370.1671,77.3369,40.1855
1096.5491,362.0087,75.6877,39.3285
1155.7935,351.5012,75.6877,39.3285
1202.5183,342.7822,75.6877,39.3285
1253.9639,333.9358,74.0736,38.4898
1301.7817,325.2780,72.4940,37.6690
1350.3892,318.2117,72.4940,37.6690
1389.1468,309.0041,72.4940,37.6690
1426.6196,300.6530,72.4940,37.6690
1462.3794,292.7302,72.4940,37.6690
1494.2848,286.0922,72.4940,37.6690
1490.7235,288.7641,70.9480,36.8657
1492.6096,292.3267,70.9480,36.8657
1509.1651,290.0215,70.9480,36.8657
1517.3953,293.4444,69.4350,36.0795
1570.5213,289.6778,67.9543,35.3101
1574.7363,289.8785,67.9543,35.3101
1581.7616,290.8821,67.9543,35.3101
1586.3782,292.2872,67.9543,35.3101
1596.1957,288.9879,66.5052,34.5571
1603.1531,286.1375,65.0869,33.8202
1595.6553,287.0988,65.0869,33.8202
1592.4579,284.3092,63.6989,33.0990
1592.2304,280.8538,62.3405,32.3931
1582.9437,287.9462,63.7198,33.1098
1590.2449,295.1955,65.1296,33.8424
1593.3166,286.6378,66.5706,34.5911
1590.3672,277.3960,66.5706,34.5911
1587.4177,268.5475,66.5706,34.5911
1585.6637,260.7667,65.1510,33.8535
1587.3956,250.1825,65.1510,33.8535
1584.5090,242.2924,65.1510,33.8535
1585.7601,234.6775,63.7616,33.1315
1581.1755,226.8619,62.4019,32.4250
1575.6229,219.9237,61.0711,31.7335
1573.3182,218.0017,59.7688,31.0568
1571.0232,215.7067,59.7688,31.0568
1567.9809,212.9820,61.0912,31.7439
1568.2411,211.3203,62.4428,32.4463
1571.9291,208.9996,61.1112,31.7543
1572.7547,202.9008,59.8080,31.0772
1578.5080,189.5439,61.1312,31.7648
1576.1457,185.2584,62.4838,32.4675
1571.8163,182.4100,63.8662,33.1859
1563.4767,183.4129,65.2793,33.9201
1554.1524,186.4385,66.7236,34.6706
1539.7652,194.5190,66.7236,34.6706
1523.6914,202.5190,68.1998,35.4377
1523.0594,215.5176,66.7454,34.6820
2
0
0
0
0
1
1081.9192,277.8085,71.3557,60.4482
1035.5162,288.4371,71.3557,60.4482
987.0394,300.6212,71.3557,60.4482
937.5691,313.6692,72.9345,61.7856
890.3031,327.5557,74.5481,63.1526
842.9075,342.4515,74.5481,63.1526
795.1577,356.6453,76.1975,64.5498
747.8207,376.8535,76.1975,64.5498
701.0374,394.2934,76.1975,64.5498
658.1296,414.5016,76.1975,64.5498
616.3292,432.4952,76.1975,64.5498
570.0995,451.5961,76.1975,64.5498
521.2932,473.5712,77.8834,65.9780
481.3974,492.5288,77.8834,65.9780
444.3311,513.1841,77.8834,65.9780
440.0868,510.0717,77.8834,65.9780
424.8408,514.9194,79.6065,67.4378
415.2586,518.0741,81.3678,68.9298
410.3714,529.2726,83.1681,70.4549
412.1319,547.2063,81.3945,68.9524
407.5845,564.1875,79.6588,67.4820
398.1131,571.3226,77.9600,66.0429
394.3035,573.9377,76.2975,64.6345
390.5752,575.4284,74.6704,63.2562
384.9645,572.1956,76.3225,64.6557
380.3804,569.4666,78.0111,66.0863
378.0472,566.6773,79.7371,67.5484
373.2580,561.4218,81.5013,69.0429
377.5787,554.8213,83.3045,70.5705
388.2749,541.7949,85.1477,72.1319
2
0
0
0
0
1
422.0311,536.2663,59.8238,57.6845
419.9494,535.5724,59.8238,57.6845
421.5685,534.8785,59.8238,57.6845
423.6503,532.7968,59.8238,57.6845
426.1946,529.7898,59.8238,57.6845
426.4259,531.4090,59.8238,57.6845
434.9843,532.5655,59.8238,57.6845
445.2088,533.4036,58.5480,56.4543
449.5099,535.4409,58.5480,56.4543
450.6417,537.0255,58.5480,56.4543
446.9408,540.3937,59.8434,57.7034
449.0232,541.5506,59.8434,57.7034
453.4195,544.5585,59.8434,57.7034
458.7413,546.1782,59.8434,57.7034
454.8078,547.7979,59.8434,57.7034
453.4387,545.0679,58.5672,56.4729
2
0
0
0
0
1
871.2125,390.9488,87.0117,46.0731
941.9575,381.0392,88.9369,47.0925
1012.6025,370.1911,88.9369,47.0925
1083.2475,359.3430,88.9369,47.0925
1153.8925,351.6699,88.9369,47.0925
1214.7716,345.7964,87.0403,46.0882
1281.8401,337.0532,85.1841,45.1054
1347.4782,325.5652,83.3675,44.1435
1399.2857,316.7128,81.5897,43.2021
1462.6221,305.7096,79.8498,42.2808
1513.2211,295.9699,79.8498,42.2808
1567.1458,284.3297,79.8498,42.2808
1570.0579,282.2619,78.1469,41.3792
1579.5652,286.3871,79.8759,42.2947
1584.3521,288.6311,81.6432,43.2305
1586.5381,288.3883,81.6432,43.2305
1584.3750,284.1300,83.4496,44.1869
1585.7699,276.6868,85.2959,45.1646
1586.6692,275.3973,87.1831,46.1638
1584.8975,278.9231,89.1120,47.1852
1587.6364,283.2591,87.2116,46.1790
1584.7824,288.1887,87.2116,46.1790
1581.9610,284.9299,85.3518,45.1942
1578.1522,278.5819,85.3518,45.1942
1566.9337,267.8076,87.2402,46.1941
1561.9296,243.8698,89.1704,47.2162
1557.9503,233.5237,89.1704,47.2162
1555.0372,228.8729,91.1433,48.2608
1553.1342,231.2170,89.1997,47.2316
1549.1536,240.5049,89.1997,47.2316
1538.2735,238.1166,89.1997,47.2316
1532.3186,233.2489,87.2975,46.2244
1529.4617,227.7950,87.2975,46.2244
1526.0855,224.4187,87.2975,46.2244
1526.3453,226.2367,87.2975,46.2244
1520.7989,227.0726,89.2289,47.2471
1516.8171,230.5235,89.2289,47.2471
1512.3042,234.5054,89.2289,47.2471
1509.4178,240.3823,87.3261,46.2396
1501.5847,244.6314,85.4638,45.2535
1494.4088,250.7504,83.6413,44.2885
1486.1973,260.9526,83.6413,44.2885
1459.7137,270.5311,85.4919,45.2683
1404.1455,277.6827,87.3834,46.2699
1364.0702,295.2417,89.3167,47.2936
1306.5672,306.5729,91.2929,48.3400
1254.1490,316.6220,91.2929,48.3400
1204.9544,325.9496,93.3127,49.4095
1154.0953,336.0596,95.3773,50.5027
1112.3844,345.9908,95.3773,50.5027
1063.2960,355.9220,95.3773,50.5027
1017.0450,365.8532,95.3773,50.5027
970.7940,374.6494,95.3773,50.5027
921.1648,385.5719,97.4875,51.6201
880.2711,395.7228,97.4875,51.6201
838.2173,402.9734,97.4875,51.6201
796.7436,414.2844,97.4875,51.6201
754.6898,423.8553,97.4875,51.6201
712.0559,432.2660,97.4875,51.6201
667.3467,442.8284,99.6444,52.7622
627.9198,450.8323,99.6444,52.7622
593.2360,457.6505,99.6444,52.7622
553.8091,466.2473,99.6444,52.7622
515.5679,473.6584,99.6444,52.7622
480.8841,482.2552,99.6444,52.7622
440.8643,490.2592,99.6444,52.7622
415.6666,494.7058,99.6444,52.7622
383.9472,498.5596,99.6444,52.7622
352.2279,501.2276,99.6444,52.7622
325.8444,502.7098,99.6444,52.7622
311.9116,500.6347,99.6444,52.7622
305.6863,499.1525,99.6444,52.7622
295.3108,495.2987,99.6444,52.7622
294.3732,495.0041,97.5194,51.6370
290.6592,496.9529,95.4398,50.5358
286.4002,498.9405,95.4398,50.5358
284.4075,506.8685,93.4045,49.4581
282.4623,517.1500,93.4045,49.4581
279.9764,523.8376,91.4127,48.4034
285.4072,526.7128,89.4633,47.3712
292.4254,531.4354,91.4426,48.4193
299.0344,535.1334,93.4658,49.4906
301.1738,537.1823,95.5337,50.5856
301.3707,541.2829,93.4965,49.5068
301.0271,546.9046,91.5026,48.4511
294.0838,564.7265,93.5271,49.5230
293.9152,579.4786,95.5964,50.6187
307.3159,585.7051,97.7115,51.7387
320.3970,587.7400,97.7115,51.7387
334.0595,583.3796,97.7115,51.7387
353.1854,573.4578,99.8733,52.8834
364.1790,578.5089,99.8733,52.8834
2
0
0
0
0
1
926.3017,500.6146,91.1124,45.2245
996.4080,497.7045,91.1124,45.2245
1053.2867,495.8526,91.1124,45.2245
1121.8306,493.5300,89.1694,44.2601
1175.9429,491.1998,89.1694,44.2601
1243.5241,487.9284,87.2679,43.3162
1295.4690,485.6479,87.2679,43.3162
1352.3283,481.9579,85.4069,42.3925
1407.6291,480.7180,85.4069,42.3925
1458.4954,478.5407,83.5855,41.4885
1506.4056,473.6028,81.8030,40.6037
1540.8463,470.5151,81.8030,40.6037
1550.5847,478.3533,81.8030,40.6037
1554.8910,478.0994,80.0586,39.7378
1565.8229,475.0069,81.8299,40.6170