0.0708
0.0588
0.0578
0.0568
0.0588
0.0588
0.0578
0.0588
0.0568
0.0568
0.0568
0.0578
0.0568
0.0578
0.0608
0.0588
NaN
NaN
NaN
NaN
0.0698
0.0568
0.0568
0.0598
0.0578
0.0588
0.0578
0.0588
0.0588
0.0578
0.0588
0.0598
0.0578
0.0578
0.0578
0.0618
0.0588
0.0578
0.0578
0.0578
0.0618
0.0578
0.0618
0.0568
0.0568
0.0578
0.0578
0.0588
0.0578
0.0578
0.0578
0.0588
0.0578
0.0578
0.0598
0.0568
0.0578
0.0578
0.0568
0.0588
0.0578
0.0578
0.0578
0.0608
0.0598
0.0648
0.0588
0.0568
0.0578
0.0578
0.0588
0.0598
NaN
NaN
NaN
NaN
0.0728
0.0588
0.0588
0.0559
0.0568
0.0588
0.0578
0.0598
0.0588
0.0588
0.0588
0.0588
0.0598
0.0588
0.0588
0.0568
0.0588
0.0588
0.0588
0.0588
0.0598
0.0588
0.0588
0.0588
0.0588
0.0588
0.0588
0.0578
0.0588
0.0588
0.0588
0.0578
NaN
NaN
NaN
NaN
0.0708
0.0588
0.0588
0.0568
0.0578
0.0588
0.0598
0.0578
0.0588
0.0578
0.0588
0.0588
0.0588
0.0578
0.0568
0.0578
0.0568
0.0578
NaN
NaN
NaN
NaN
0.0768
0.0568
0.0588
0.0568
0.0618
0.0568
0.0578
0.0578
0.0578
0.0568
0.0588
0.0578
0.0588
0.0588
0.0568
0.0568
0.0588
0.0549
0.0578
0.0578
0.0568
0.0578
0.0588
0.0559
0.0578
0.0568
0.0608
0.0578
0.0638
0.0568
0.0578
0.0578
0.0578
0.0568
0.0578
0.0578
0.0549
0.0588
0.0568
0.0578
0.0578
0.0559
0.0568
0.0568
0.0588
0.0628
0.0578
0.0628
0.0578
0.0578
0.0588
0.0578
0.0568
0.0588
0.0578
0.0568
0.0588
0.0578
0.0568
0.0588
0.0568
0.0588
0.0588
0.0578
0.0578
0.0578
0.0578
0.0588
0.0578
0.0588
0.0578
0.0588
0.0608
0.0628
0.0598
0.0588
0.0588
0.0578
0.0588
0.0588
0.0618
0.0598
0.0598
0.0598
0.0588
0.0588
0.0588
0.0588
0.0578
0.0559
0.0588
0.0578
0.0588
0.0588
NaN
NaN
NaN
NaN
0.0708
0.0598
0.0588
0.0578
0.0588
0.0638
0.0568
0.0588
0.0588
0.0588
0.0578
0.0598
0.0598
0.0578
0.0598
0.0578