0.0269
0.0319
0.0299
0.0299
0.0289
0.0269
0.0269
0.0269
0.0269
0.0269
0.0269
0.0259
0.0269
0.0259
0.0279
0.0289
0.0269
0.0269
0.0269
0.0259
0.0269
0.0259
0.0259
0.0289
0.0269
0.0269
0.0259
0.0269
0.0259
0.0259
0.0269
0.0269
0.0269
0.0269
0.0269
0.0269
0.0269
0.0269
0.0259
0.0269
0.0269
0.0269
0.0269
0.0269
0.0259
0.0299
0.0259
0.0289
0.0259
0.0269
0.0259
0.0269
0.0269
0.0259
0.0269
0.0259
0.0269
0.0349
0.0259
0.0269
0.0299
0.0269
0.0259
0.0279
0.0259
0.0269
0.0269
0.0269
0.0269
0.0269
0.0269
0.0259
0.0269
0.0259
0.0269
0.0259
0.0279
0.0269
0.0259
0.0269
0.0269
0.0269
0.0259
0.0259
0.0259
0.0259
0.0269
0.0259
0.0259
0.0269
0.0259
0.0259
0.0259
0.0259
0.0259
0.0259
0.0269
0.0269
0.0269
0.0259
0.0269
0.0259
0.0269
0.0259
0.0259
0.0269
0.0259
0.0329
0.0259
0.0259
0.0279
0.0269
0.0279
0.0259
0.0259
0.0269
0.0269
0.0259
0.0259
0.0269
0.0259
0.0279
0.0279
0.0259
0.0259
0.0259
0.0259
0.0259
0.0269
NaN
NaN