0.20568
0.21754
0.059087
0.030717
0.040093
0.034819
0.028761
0.025134
0.025435
0.025012
0.024395
0.022666
0.022751
0.022851
NaN
NaN
NaN
NaN
0.19189
0.22092
0.056238
0.029174
0.03798
0.032685
0.026449
0.023177
0.02388
0.022932
0.022598
0.02278
0.022484
0.022529
0.023118
0.023175
0.02256
0.022513
0.023872
0.023734
NaN
NaN
NaN
NaN
0.19375
0.22091
0.056047
0.02892
0.037837
0.032433
0.026697
0.022599
0.022896
0.022445
0.02264
0.022052
0.022674
0.022152
NaN
NaN
NaN
NaN
0.1945
0.22261
0.056165
0.029179
0.038009
0.032742
0.026693
0.022918
0.023069
0.023212
0.022672
0.022523
0.022601
0.022494
0.023055
0.022967
0.022582
0.02258
0.022628
0.022469
0.022841
NaN
NaN
NaN
NaN
0.19118
0.22211
0.056672
0.02936
0.03791
0.033118
0.026755
NaN
NaN
NaN
NaN
0.19021
0.22053
0.056345
0.029527
0.037969
0.032842
NaN
NaN
NaN
NaN
0.19302
0.22124
0.057588
0.03049
0.038795
0.033939
0.027629
0.024039
0.024354
0.023759
NaN
NaN
NaN
NaN
0.20009
0.22512
0.057963
0.031101
0.039138
0.033247
0.026944
0.023707
0.023628
0.023311
0.023032
0.023118
NaN
NaN
NaN
NaN
0.19737
0.22565
0.057669
0.029814
0.038225
0.032926
0.027359
0.023869
0.023634
0.02302
0.023316
0.022573
0.023272
0.022665
0.02381
0.022952
0.023284
0.022796
0.023134
0.02302
0.023563
0.022991
0.023655
0.022933
0.023328
0.022909
0.023076
0.023285
0.023035
0.022975
0.023449
0.023186
0.023786
0.023153
0.023509
0.023207
0.023279
0.023291
0.02325
