0.19027
0.22124
0.054342
0.02683
0.037267
0.030169
0.02459
0.021453
0.020324
0.020408
0.019836
0.020148
0.019938
0.020085
0.020196
0.020221
0.020082
0.020128
0.019663
0.019995
0.020453
0.02037
0.01996
0.020118
0.019681
0.020179
0.01967
0.020381
0.019718
0.02008
0.019661
0.020515
0.020007
0.020521
0.019682
0.020092
0.01969
0.020178
0.019574
0.019993
0.02017
0.020723
0.020819
0.020228
0.020434
0.020048
0.019608
0.020003
0.019629
0.020019
0.019541
0.019999
0.019715
0.020147
0.01949
0.019911
0.01975
0.019836
0.019425
0.019981
0.019472
0.019889
0.019632
0.020333
0.019455
0.019913
0.019506
0.019882
0.019688
0.019925
0.019462
0.019914
0.01944
0.019866
0.019398
0.020068
0.01948
0.019857
0.019313
0.019708
0.019272
0.019871
0.019256
0.019705
0.01935
0.020824
0.01948
0.019618
0.019274
0.019761
0.019293
0.019716
0.019629
0.019712
0.01946
0.019746
0.019452
0.019904
0.019311
0.019817
0.019874
0.02061
0.019866
0.019756
0.019198
0.019721
0.019573
0.019745
0.019624
0.019677
0.019277
0.020387
0.020039
0.02061
0.019695
0.020175
0.019797
0.019704
0.019297
0.019852
0.019222
0.01977
0.019279
0.019706
0.019355
0.02059
0.020125
0.020525
0.019938
0.020369
0.02005
0.020303
0.019873
0.020289
0.019433
0.019785
0.019253
0.019717
0.019186
0.019622
0.01921
0.019815
0.019284
0.01964
0.019282
0.019637
0.019219
0.019685
0.019227
0.019833
0.019113
0.019688
0.019195
0.019746
0.019225
0.019626
0.019451
0.019813
0.01933
0.019736
0.019284
0.019674
0.019224
0.01964
0.019279
0.019721
0.019287
0.019893
0.020464
0.020551
0.020366
0.020593
0.020098
0.020514
0.064508
0.026773
0.019707
0.019879
0.019759
0.01992
0.02006
0.019587
0.019702
0.019611
0.019686
0.019942
0.019648
0.019605
0.019732
0.019723
0.019615
0.019609
0.019635
0.019613
0.019639
0.019672
0.019701
0.019679
0.019749
0.0196
0.019976
0.020237
0.019914
0.019657
0.019524
0.019572
0.019619
0.019577
0.019674
0.01998
0.019623
0.019619
0.019605
0.019577
0.019571
0.019737
0.019571
0.019593
0.019675
0.01967
0.019654
0.019579
0.019643
0.019511
0.01962
0.018202
0.019597
0.019565
0.019704
0.01962
0.019624
0.019597
0.019707
0.019589
0.019629
0.019626
0.019582
0.019636
0.019723
0.019613
0.019661
0.019751
0.019688
0.019658
0.019631
0.01972
0.019607
0.019598
0.019607
0.019629
0.020017
0.0204
0.020255
0.019592
0.019572
0.019576
0.019566
0.019712
0.020108
0.019729
0.019659
0.019616
0.019737
0.019634
0.019563
0.019631
0.01954
0.019559
0.019578
0.019649
0.019614
0.019525
0.019574
0.019626
0.019584
0.019555
0.019568
0.019581
0.019692
0.019729
0.019482
0.019536
0.019678
0.019564
0.019572
0.019698
0.019617
0.019593
0.019688
0.019651
0.019596
0.019565
0.019722
