1
624.5382,664.8511,57.6797,27.2759
619.1085,659.7505,57.6797,27.2759
606.5048,655.8594,59.5232,28.1476
578.4886,654.6708,59.5232,28.1476
557.6714,653.3721,61.4255,29.0472
538.2916,646.0742,63.3887,29.9756
523.6450,643.3619,63.3887,29.9756
507.5519,637.3948,63.3887,29.9756
481.3328,633.9592,63.3887,29.9756
463.4315,630.8852,63.3887,29.9756
437.9356,619.1318,63.3887,29.9756
409.1850,595.0826,63.3887,29.9756
388.4625,578.5104,65.4146,30.9336
373.7210,570.1134,65.4146,30.9336
353.0826,555.6240,67.5052,31.9222
330.2441,525.6516,69.6627,32.9425
315.4193,509.4264,71.8891,33.9953
309.3391,508.0996,69.6947,32.9576
290.3230,506.4157,67.5672,31.9515
274.5858,504.7832,65.5047,30.9762
254.5920,509.0809,65.5047,30.9762
230.1137,523.8427,65.5047,30.9762
203.0193,547.5737,65.5047,30.9762
193.1158,562.3354,65.5047,30.9762
188.0707,574.1074,65.5047,30.9762
169.9455,584.0109,65.5047,30.9762
167.5907,596.0353,67.5983,31.9662
172.1025,609.6011,69.7587,32.9878
171.9828,629.5702,71.9882,34.0421
180.4839,662.0880,74.2889,35.1301
189.2568,708.3599,76.6632,36.2529
199.9725,737.8828,76.6632,36.2529
200.2783,740.1464,79.1133,37.4115
223.8279,754.0323,76.6984,36.2695
244.6128,773.9421,76.6984,36.2695
262.1925,793.0927,74.3572,35.1624
280.6461,806.0314,74.3572,35.1624
288.4942,811.3342,74.3572,35.1624
295.4938,814.9401,74.3572,35.1624
308.8568,821.5155,74.3572,35.1624
329.7179,829.4760,72.0874,34.0890
350.1576,838.1849,74.3913,35.1785
366.0732,857.0713,74.3913,35.1785
371.8028,861.5276,74.3913,35.1785
374.5615,863.4376,74.3913,35.1785
371.8028,859.4056,74.3913,35.1785
369.8929,860.4666,74.3913,35.1785
359.5792,860.5411,76.7688,36.3028
365.7877,861.7521,74.4254,35.1947
367.1359,862.5016,72.1536,34.1203
370.9129,866.1097,69.9511,33.0788
372.3097,866.7084,69.9511,33.0788
376.1010,869.7015,69.9511,33.0788
381.8876,878.2818,69.9511,33.0788
383.1548,876.1926,67.8158,32.0691
381.4138,877.5468,67.8158,32.0691
378.1251,878.1271,67.8158,32.0691
373.2889,879.4813,67.8158,32.0691
381.4816,882.4856,65.7457,31.0902
379.7937,881.9229,65.7457,31.0902
374.3549,883.2358,65.7457,31.0902
372.2919,884.1735,65.7457,31.0902
373.4828,884.4604,63.7388,30.1411
375.8465,883.5513,63.7388,30.1411
373.8465,884.8241,63.7388,30.1411
376.5738,886.8241,63.7388,30.1411
377.3648,886.7387,61.7931,29.2211
376.4835,886.5624,61.7931,29.2211
376.6597,886.3862,61.7931,29.2211
377.8936,886.9150,61.7931,29.2211
379.8326,886.0336,61.7931,29.2211
381.4190,885.5048,61.7931,29.2211
383.7105,882.1556,61.7931,29.2211
386.3546,881.9794,61.7931,29.2211
388.0112,880.9836,63.7681,30.1550
386.3741,877.8912,63.7681,30.1550
385.1007,882.4388,63.7681,30.1550
386.0103,882.2570,63.7681,30.1550
389.4664,887.5322,63.7681,30.1550
396.1968,892.0798,63.7681,30.1550
402.8091,895.2686,61.8215,29.2345
407.9233,894.3868,61.8215,29.2345
412.3321,892.4470,61.8215,29.2345
411.4503,896.5030,61.8215,29.2345
412.5703,893.9512,59.9344,28.3421
412.7412,893.4384,59.9344,28.3421
409.8348,896.6867,59.9344,28.3421
410.5786,896.6064,58.1049,27.4769
410.0813,894.4517,58.1049,27.4769
408.9211,892.6284,58.1049,27.4769
407.6532,891.8876,56.3312,26.6382
402.9932,892.3696,56.3312,26.6382
401.5470,894.7800,56.3312,26.6382
400.4861,898.6929,58.1315,27.4895
400.9836,896.5372,58.1315,27.4895
402.1443,894.3815,58.1315,27.4895
401.9785,894.8789,58.1315,27.4895
403.5370,894.2738,59.9894,28.3681
401.3805,893.3071,61.9067,29.2748
400.8507,892.7773,61.9067,29.2748
392.1976,888.3625,61.9067,29.2748
389.5486,888.5391,61.9067,29.2748
390.7848,887.6561,61.9067,29.2748
392.0912,889.4840,63.8852,30.2104
393.7314,891.1241,63.8852,30.2104
392.0912,890.9419,63.8852,30.2104
392.6380,890.7597,63.8852,30.2104
392.8202,889.1196,63.8852,30.2104
394.5329,889.9125,65.9270,31.1759
399.3093,889.6023,68.0340,32.1723
405.7137,889.4083,68.0340,32.1723
409.0130,889.9905,68.0340,32.1723
410.0606,889.2823,70.2084,33.2005
410.2609,889.8831,70.2084,33.2005
413.2650,886.0779,70.2084,33.2005
417.1499,887.7504,72.4523,34.2616
415.7032,883.8235,72.4523,34.2616
414.6698,883.2035,72.4523,34.2616
409.7820,881.8663,70.2406,33.2157
410.3831,882.0667,70.2406,33.2157
409.3813,879.8627,70.2406,33.2157
410.3831,880.4637,70.2406,33.2157
416.2735,877.3282,72.4855,34.2773
431.7814,874.6401,72.4855,34.2773
448.9434,870.7115,72.4855,34.2773
458.6616,866.7828,72.4855,34.2773
470.4476,860.7865,72.4855,34.2773
489.2637,853.9631,72.4855,34.2773
515.1101,852.5157,72.4855,34.2773
538.0617,849.4141,72.4855,34.2773
553.1560,850.0344,72.4855,34.2773
559.1523,851.8953,72.4855,34.2773
561.4268,854.5834,72.4855,34.2773
561.4993,855.3133,70.2729,33.2310
563.3034,858.7211,70.2729,33.2310
562.3011,856.1151,70.2729,33.2310
560.8979,854.7119,70.2729,33.2310
560.6974,854.1105,70.2729,33.2310
562.5016,844.2880,70.2729,33.2310
563.1030,844.4885,70.2729,33.2310
565.7888,840.9506,72.5188,34.2931
566.8231,840.3300,72.5188,34.2931
578.6968,839.1614,74.8365,35.3891
581.5569,840.5172,77.2283,36.5201
586.7115,839.2726,79.6965,37.6873
589.7575,834.8056,82.2436,38.8918
599.0005,830.6650,84.8721,40.1348
601.1795,827.0334,84.8721,40.1348
600.4532,825.8229,84.8721,40.1348
604.0847,821.7072,84.8721,40.1348
604.4232,821.7921,87.5846,41.4175
606.6718,821.5423,87.5846,41.4175
609.0198,819.6312,90.3838,42.7412
610.3090,818.8577,90.3838,42.7412
615.3103,816.3699,93.2725,44.1072
623.1322,812.2062,96.2535,45.5168
645.7432,810.9789,93.3153,44.1274
644.4123,806.9861,93.3153,44.1274
650.5347,805.1227,93.3153,44.1274
655.0599,800.5975,93.3153,44.1274
667.9303,798.8753,90.4668,42.7804
675.7626,798.2380,87.7053,41.4745
682.0173,788.4807,87.7053,41.4745
685.7701,779.7241,87.7053,41.4745
693.3634,764.5954,85.0281,40.2085
704.7632,750.2849,85.0281,40.2085
716.6482,735.9745,85.0281,40.2085
733.8692,710.9919,85.0281,40.2085
746.0817,695.8398,82.4326,38.9811
759.9553,677.2633,82.4326,38.9811
763.4825,671.3847,82.4326,38.9811
764.6582,671.1495,82.4326,38.9811
768.1854,672.7955,82.4326,38.9811
768.4206,673.0307,82.4326,38.9811
768.1854,673.7361,82.4326,38.9811
770.3018,675.8524,82.4326,38.9811
770.5369,676.0876,82.4326,38.9811
770.6193,681.1503,79.9163,37.7912
769.4794,685.9376,79.9163,37.7912
771.8391,691.3018,77.4768,36.6376
771.9165,698.2702,75.1118,35.5193
776.2769,699.4551,72.8190,34.4350
771.3643,704.3428,70.5962,33.3839
769.0183,713.9146,68.4412,32.3648
767.6517,716.4526,68.4412,32.3648
767.0659,718.9907,68.4412,32.3648
766.8707,721.5287,68.4412,32.3648
766.2850,722.1144,68.4412,32.3648
763.3565,722.7001,68.4412,32.3648
758.4756,725.6286,68.4412,32.3648
754.4534,726.8685,70.6286,33.3992
748.6909,728.1481,72.8859,34.4666
735.6751,732.7951,75.2153,35.5682
720.8706,737.3008,75.2153,35.5682
701.7750,743.5230,75.2153,35.5682
687.3996,752.7490,75.2153,35.5682
671.3077,758.9712,75.2153,35.5682
665.5146,759.1858,75.2153,35.5682
665.3001,759.8295,75.2153,35.5682
665.0856,759.1858,75.2153,35.5682
664.8710,752.5345,75.2153,35.5682
665.9438,752.3199,75.2153,35.5682
666.0190,753.9355,72.9193,34.4825
665.8110,753.3115,72.9193,34.4825
659.3627,753.1035,72.9193,34.4825
665.8110,757.8877,72.9193,34.4825
664.3549,757.6797,72.9193,34.4825
665.6758,764.2383,70.6935,33.4299
663.3266,767.7734,68.5355,32.4094
661.9581,768.3599,68.5355,32.4094
661.3716,767.7734,68.5355,32.4094
661.9581,767.9689,68.5355,32.4094
662.9356,768.5554,68.5355,32.4094
661.5671,762.1038,68.5355,32.4094
659.0256,759.9532,68.5355,32.4094
660.3940,758.9757,68.5355,32.4094
661.4494,756.3073,70.7259,33.4452
655.5986,754.4915,70.7259,33.4452
658.6249,749.4478,70.7259,33.4452
656.8894,743.0625,72.9863,34.5141
658.3468,732.8607,72.9863,34.5141
655.2238,726.4065,72.9863,34.5141
652.7984,716.3151,70.7584,33.4606
642.5847,700.6421,73.0198,34.5300
636.9608,694.1849,73.0198,34.5300
634.2529,685.6448,73.0198,34.5300
621.5469,678.7711,73.0198,34.5300
607.5911,664.3987,73.0198,34.5300
588.6362,649.1932,73.0198,34.5300
564.2657,638.1536,73.0198,34.5300
530.3965,630.7280,75.3535,35.6336
486.7612,630.5131,75.3535,35.6336
467.2861,631.8782,77.7618,36.7724
451.5367,638.3110,77.7618,36.7724
418.4852,645.6312,77.7618,36.7724
387.6519,652.5077,77.7618,36.7724
359.0369,662.0460,77.7618,36.7724
339.2947,672.9153,77.7618,36.7724
317.3344,695.3193,77.7618,36.7724
302.9159,722.6035,77.7618,36.7724
289.3847,751.2185,77.7618,36.7724
286.5011,771.8480,77.7618,36.7724
279.7129,800.7627,80.2471,37.9477
281.3152,815.6420,80.2471,37.9477
285.2068,812.2083,80.2471,37.9477
301.9173,811.9794,80.2471,37.9477
313.5918,815.8708,80.2471,37.9477
324.3506,820.2202,80.2471,37.9477
340.1455,826.8586,80.2471,37.9477
360.0609,837.6175,80.2471,37.9477
381.8074,838.7620,80.2471,37.9477
390.2772,842.6535,80.2471,37.9477
401.4938,849.2920,80.2471,37.9477
421.8670,858.6774,80.2471,37.9477
421.9472,859.4854,77.7975,36.7893
418.1745,856.6004,77.7975,36.7893
417.5087,853.7154,77.7975,36.7893
415.0675,853.4935,77.7975,36.7893
410.0516,851.3521,80.2839,37.9651
392.4174,850.2070,80.2839,37.9651
371.5768,849.0620,80.2839,37.9651
353.9425,843.7946,80.2839,37.9651
339.0565,833.4888,80.2839,37.9651
320.9641,826.3893,80.2839,37.9651
299.6656,813.7934,80.2839,37.9651
277.4510,798.9073,80.2839,37.9651
252.0301,779.4409,80.2839,37.9651
221.5709,754.4781,80.2839,37.9651
198.4402,733.1795,80.2839,37.9651
176.6836,705.9265,80.2839,37.9651
153.5529,681.4218,80.2839,37.9651
144.1633,671.5740,80.2839,37.9651
137.0638,667.6807,80.2839,37.9651
138.2088,666.9937,80.2839,37.9651
138.4379,667.6807,80.2839,37.9651
137.7508,669.7419,80.2839,37.9651
137.0638,669.9709,80.2839,37.9651
136.3767,670.6580,80.2839,37.9651
135.6897,669.5129,80.2839,37.9651
135.0026,667.9098,80.2839,37.9651
135.5409,667.3441,77.8332,36.8062
133.9867,663.5697,77.8332,36.8062
131.5444,659.3512,77.8332,36.8062
129.5462,656.0208,77.8332,36.8062
125.7718,643.3654,77.8332,36.8062
120.3095,634.1182,80.3208,37.9825
120.0804,621.0582,80.3208,37.9825
111.1446,607.9983,80.3208,37.9825
100.3759,586.2317,80.3208,37.9825
100.2380,564.3164,82.8878,39.1964
100.0015,559.3511,82.8878,39.1964
107.3313,543.9822,82.8878,39.1964
111.3509,521.5200,82.8878,39.1964
112.5331,496.6933,82.8878,39.1964
116.5527,470.4479,82.8878,39.1964
129.5571,437.1093,82.8878,39.1964
131.2122,405.1892,82.8878,39.1964
138.5420,382.2541,82.8878,39.1964
154.4779,362.9486,85.5369,40.4491
166.9220,351.9686,85.5369,40.4491
175.5591,350.5902,88.2707,41.7419
174.4004,352.6929,91.0918,43.0760
169.5667,352.2644,94.0031,44.4527
161.7903,357.3593,94.0031,44.4527
155.1933,361.2076,97.0075,45.8734
144.4011,367.0187,97.0075,45.8734
140.6240,370.7628,94.0463,44.4731
139.6449,372.2464,91.1755,43.1155
135.5747,375.2452,88.3923,41.7994
131.6287,378.6568,85.6941,40.5235
2
0
0
0
0
1
210.7610,327.9404,36.0649,41.9545
212.4492,328.7078,36.0649,41.9545
216.5930,329.4751,36.0649,41.9545
223.1923,329.0147,36.0649,41.9545
231.0193,329.4751,36.0649,41.9545
234.8561,327.1730,36.0649,41.9545
244.5249,321.1876,36.0649,41.9545
248.0923,312.9971,37.2175,43.2953
256.8030,306.8204,37.2175,43.2953
259.7467,307.0060,36.0814,41.9737
261.4357,305.3171,36.0814,41.9737
268.0380,295.0297,36.0814,41.9737
280.7820,284.7424,36.0814,41.9737
287.1148,277.4693,37.2346,43.3152
291.3930,275.4095,37.2346,43.3152
293.7042,271.1587,36.0980,41.9930
298.7100,261.5075,34.9961,40.7111
296.4761,249.4447,34.9961,40.7111
296.0658,246.8581,36.1146,42.0123
300.8300,240.5571,36.1146,42.0123
307.7457,236.4076,36.1146,42.0123
308.5141,235.9466,36.1146,42.0123
308.0531,236.4076,36.1146,42.0123
307.8994,236.2540,36.1146,42.0123
309.2826,236.4076,36.1146,42.0123
308.2068,236.5613,36.1146,42.0123
308.3604,236.4076,36.1146,42.0123
308.5141,236.2540,36.1146,42.0123
308.6678,236.1003,36.1146,42.0123
308.5141,238.4055,36.1146,42.0123
307.1310,237.9445,36.1146,42.0123
306.6700,237.7908,36.1146,42.0123
306.4527,238.2783,35.0122,40.7298
305.6462,238.4530,33.9434,39.4865
305.5371,237.3887,35.0282,40.7485
305.1264,235.9922,36.1477,42.0509
304.6649,235.8384,36.1477,42.0509
304.5111,236.2999,36.1477,42.0509
299.4726,231.7823,37.3030,43.3948
298.0439,231.6235,37.3030,43.3948
298.2026,231.1473,37.3030,43.3948
295.8215,230.0361,37.3030,43.3948
295.5971,230.8572,36.1643,42.0702
295.1355,230.3955,36.1643,42.0702
293.3790,228.4214,35.0604,40.7860
292.0362,225.8850,35.0604,40.7860
292.1237,227.2535,33.9902,39.5410
293.0764,226.8445,32.9526,38.3340
289.7932,227.2894,31.9467,37.1638
284.4351,227.7206,30.9715,36.0294
282.1401,230.5111,30.0261,34.9296
280.9901,236.0054,30.0261,34.9296
274.2180,239.1998,30.0261,34.9296
257.9907,247.5051,30.0261,34.9296
242.8168,259.3410,30.9858,36.0459
227.3894,273.4499,30.9858,36.0459
202.4682,295.4702,30.9858,36.0459
199.4678,302.9375,31.9761,37.1979
195.4655,310.9892,31.0000,36.0625
197.7081,312.4403,31.0000,36.0625
203.6444,314.4191,31.0000,36.0625
206.4147,316.3979,31.0000,36.0625
204.9636,313.8914,31.0000,36.0625
205.9193,306.3234,31.9908,37.2150
210.1728,290.3455,33.0132,38.4044
226.9250,275.8237,34.0683,39.6318
250.5915,251.8494,35.1571,40.8984
268.4316,239.0775,36.2807,42.2056
297.3404,216.3252,37.4403,43.5544
327.4918,200.4933,38.6368,44.9464
366.1700,190.0745,39.8717,46.3829
397.6007,185.0915,41.1460,47.8653
418.4798,184.1516,42.4610,49.3951
459.7832,200.6255,41.1649,47.8873
504.8459,241.7270,42.4805,49.4178
513.9907,253.8699,41.1838,47.9093
522.5782,254.3957,41.1838,47.9093
524.5489,248.5477,42.5000,49.4405
539.9659,241.4277,43.8583,51.0206
576.7790,231.0939,45.2600,52.6512
612.8425,205.0218,46.7065,54.3339
621.3891,200.8479,46.7065,54.3339
622.6982,203.0685,45.2808,52.6754
620.4990,205.9921,43.8986,51.0674
617.9933,208.4527,42.5586,49.5086
615.5640,210.1139,41.2594,47.9973
613.9113,208.5640,40.0000,46.5322
609.6558,207.7129,40.0000,46.5322
605.3300,209.2742,38.7790,45.1118
599.8161,204.5170,37.5952,43.7347
590.9508,199.5850,36.4476,42.3997
580.2489,191.6749,36.4476,42.3997
554.6572,178.1811,36.4476,42.3997
529.9321,169.6773,35.3351,41.1055
508.4297,166.5196,35.3351,41.1055
503.7684,166.3693,35.3351,41.1055
505.1217,170.4292,35.3351,41.1055
508.8187,180.2289,34.2564,39.8507
514.5040,185.0395,34.2564,39.8507
519.3146,185.1853,34.2564,39.8507
526.7849,186.1520,35.3513,41.1243
545.3253,185.0435,36.4811,42.4387
566.9041,190.4770,36.4811,42.4387
603.1137,200.2002,37.6470,43.7950
641.4026,209.3318,37.6470,43.7950
666.5547,222.6288,37.6470,43.7950
682.9896,246.5269,36.4979,42.4581
699.2976,274.0176,36.4979,42.4581
739.2515,313.8762,37.6643,43.8151
738.4893,306.9252,38.8681,45.2154
755.5256,317.3454,38.8681,45.2154
771.9003,336.0357,38.8681,45.2154
786.2217,359.3857,37.6816,43.8352
785.4592,382.5776,38.8859,45.2362
778.2753,421.8242,37.6989,43.8553
769.1703,462.9944,38.9038,45.2570
760.4366,505.4804,40.1471,46.7034
759.5118,541.5579,38.9216,45.2777
754.3088,577.1966,37.7335,43.8956
729.4594,618.4047,38.9395,45.2985
722.5969,610.9765,37.7509,43.9158
711.4459,613.7352,36.5985,42.5752
691.6022,612.6718,35.4813,41.2756
660.2852,607.1113,34.3982,40.0157
640.5239,590.2776,34.3982,40.0157
621.9337,562.3191,34.3982,40.0157
603.0507,524.1140,34.3982,40.0157
589.4732,485.2694,35.4976,41.2946
573.0449,445.1834,36.6321,42.6143
563.5740,403.8163,37.8029,43.9763
559.1641,370.8661,36.6489,42.6339
558.3198,364.1868,35.5302,41.3325
543.6537,335.0058,35.5302,41.3325
526.0007,294.8830,36.6658,42.6535
513.9220,276.9665,35.5465,41.3515
507.7201,263.2013,35.5465,41.3515
496.9802,228.2588,35.5465,41.3515
500.7619,188.7784,35.5465,41.3515
508.1739,176.5258,35.5465,41.3515
510.1404,178.4923,35.5465,41.3515
510.8342,187.7456,34.4615,40.0892
506.8746,190.2386,34.4615,40.0892
498.2224,189.5054,34.4615,40.0892
488.3969,182.3196,34.4615,40.0892
473.2921,178.3601,34.4615,40.0892
441.7626,175.8671,34.4615,40.0892
418.4455,175.7204,34.4615,40.0892
390.0817,185.5711,33.4095,38.8655
359.4559,209.3384,32.3897,37.6791
336.9892,214.1625,32.3897,37.6791
310.9389,225.0513,32.3897,37.6791
293.4342,227.3944,32.3897,37.6791
271.5189,241.5912,32.3897,37.6791
253.2209,270.6230,33.4249,38.8833
234.3381,307.1256,34.4931,40.1260
215.4390,344.7949,35.5955,41.4084
2
0
0
0
0
1
225.7444,610.8872,30.8088,47.7970
203.1314,627.6547,30.8088,47.7970
171.5963,646.5757,30.8088,47.7970
165.2893,645.8066,30.8088,47.7970
166.4891,643.6583,31.7935,49.3246
170.1402,645.0870,31.7935,49.3246
164.0761,647.9500,32.8096,50.9010
161.6188,649.4243,32.8096,50.9010
160.6030,648.4471,33.8582,52.5278
162.4626,649.2924,33.8582,52.5278
162.9698,652.1663,33.8582,52.5278
165.1675,657.0690,33.8582,52.5278
166.8677,660.4065,32.8247,50.9244
169.9817,668.4373,32.8247,50.9244
175.3902,684.6630,32.8247,50.9244
183.8799,702.3693,33.8737,52.5519
207.8629,717.9354,34.9563,54.2315
222.3496,738.3564,34.9563,54.2315
230.3434,752.6747,36.0735,55.9647
236.7915,757.3640,37.2265,57.7533
253.8545,765.5488,38.4162,59.5991
261.8723,772.4608,39.6440,61.5039
274.5010,767.3212,40.9110,63.4696
303.4665,754.6635,42.2185,65.4981
343.8976,747.0821,43.5678,67.5914
376.4844,744.0441,44.9603,69.7516
411.0107,748.9907,46.3972,71.9809
428.1073,749.4621,47.8801,74.2814
446.7066,755.2080,49.4103,76.6554
476.5583,771.2440,49.4103,76.6554
489.4011,789.9302,47.9020,74.3155
499.9384,816.6564,46.4398,72.0470
509.2266,837.4655,45.0222,69.8477
511.9370,837.4076,43.6479,67.7156
521.7441,834.1385,43.6479,67.7156
520.0130,835.3900,42.3155,65.6486
520.6469,835.1787,42.3155,65.6486
522.7717,835.5468,41.0238,63.6446
529.1215,835.3420,41.0238,63.6446
535.0617,836.7758,41.0238,63.6446
535.4303,835.9636,42.3350,65.6787
536.0645,837.0205,42.3350,65.6787
535.4303,837.2319,42.3350,65.6787
539.0237,829.4108,42.3350,65.6787
540.6724,826.0361,43.6880,67.7778
540.4543,823.6366,43.6880,67.7778
541.5450,820.8008,43.6880,67.7778
541.7631,817.5288,43.6880,67.7778
542.8538,816.4381,43.6880,67.7778
549.6160,794.4064,43.6880,67.7778
553.1186,793.9139,42.3544,65.7089
557.7831,794.7053,41.0615,63.7031
560.6650,794.6525,39.8081,61.7585
560.0687,794.8513,39.8081,61.7585
559.8700,795.0500,39.8081,61.7585
563.8054,796.2495,41.0804,63.7323
573.8561,794.4035,41.0804,63.7323
575.2919,794.6086,41.0804,63.7323
577.5482,793.9932,41.0804,63.7323
584.4810,789.8981,42.3933,65.7692
585.7086,788.6354,43.7482,67.8712
588.9852,788.8538,43.7482,67.8712
593.1354,790.3829,43.7482,67.8712
600.7807,792.3488,43.7482,67.8712
607.9891,790.3829,43.7482,67.8712
608.8191,787.3324,45.1464,70.0403
611.2987,787.5578,45.1464,70.0403
611.2535,785.3115,46.5893,72.2788
612.6026,786.7153,48.0783,74.5889
614.2830,785.9951,48.0783,74.5889
612.6026,785.2750,48.0783,74.5889
613.8029,785.0349,48.0783,74.5889
614.0430,784.7949,48.0783,74.5889
613.8029,784.5547,48.0783,74.5889
615.0032,785.2750,48.0783,74.5889
615.7233,785.0349,48.0783,74.5889
616.9236,784.7949,48.0783,74.5889
619.0842,784.5547,48.0783,74.5889
620.2844,785.7551,48.0783,74.5889
621.4847,785.9951,48.0783,74.5889
621.4366,786.0035,49.6148,76.9727
621.8824,786.0121,51.2005,79.4328
623.6719,785.2452,51.2005,79.4328
622.3937,784.9895,51.2005,79.4328
623.1606,784.2226,51.2005,79.4328
623.4163,783.4556,51.2005,79.4328
625.7171,782.6887,51.2005,79.4328
641.0704,774.4421,49.6376,77.0081
657.9377,764.9603,48.1224,74.6574
678.8419,748.8616,48.1224,74.6574
699.0388,724.2914,46.6535,72.3784
702.7791,711.6525,45.2293,70.1691
707.3086,708.8843,43.8487,68.0271
708.1968,711.4552,42.5102,65.9506
709.0579,713.5231,41.2126,63.9374
709.8926,715.9393,39.9545,61.9857
709.5050,714.2920,38.7349,60.0936
708.5380,714.8722,38.7349,60.0936
707.9578,713.1315,38.7349,60.0936
710.0852,711.0041,38.7349,60.0936
