0.19853,0.19114,0.19209,0,0,0,0,0,0,0,0,0,0,0,0
0.22567,0.22141,0.2214,0,0,0,0,0,0,0,0,0,0,0,0
0.057453,0.05699,0.055435,0,0,0,0,0,0,0,0,0,0,0,0
0.027922,0.027726,0.0264,0,0,0,0,0,0,0,0,0,0,0,0
0.037268,0.036777,0.035453,0,0,0,0,0,0,0,0,0,0,0,0
0.032854,0.032617,0.031192,0,0,0,0,0,0,0,0,0,0,0,0
0.025476,0.025358,0.024024,0,0,0,0,0,0,0,0,0,0,0,0
0.02237,0.022276,0.021085,0,0,0,0,0,0,0,0,0,0,0,0
0.022228,0.022687,0.021731,0,0,0,0,0,0,0,0,0,0,0,0
0.02093,0.021332,0.020652,0,0,0,0,0,0,0,0,0,0,0,0
0.020575,0.020614,0.020715,0,0,0,0,0,0,0,0,0,0,0,0
0.020966,0.020853,0.020656,0,0,0,0,0,0,0,0,0,0,0,0
0.02064,0.020662,0.020798,0,0,0,0,0,0,0,0,0,0,0,0
0.021096,0.021052,0.020824,0,0,0,0,0,0,0,0,0,0,0,0
0.021591,0.021242,0.021365,0,0,0,0,0,0,0,0,0,0,0,0
0.020619,0.020557,0.020335,0,0,0,0,0,0,0,0,0,0,0,0
0.020683,0.020635,0.020757,0,0,0,0,0,0,0,0,0,0,0,0
0.020877,0.021219,0.020514,0,0,0,0,0,0,0,0,0,0,0,0
0.020865,0.02068,0.02094,0,0,0,0,0,0,0,0,0,0,0,0
0.020517,0.020271,0.020182,0,0,0,0,0,0,0,0,0,0,0,0
0.021064,0.020854,0.021139,0,0,0,0,0,0,0,0,0,0,0,0
0.020749,0.020495,0.020401,0,0,0,0,0,0,0,0,0,0,0,0
0.020452,0.020256,0.020605,0,0,0,0,0,0,0,0,0,0,0,0
0.020481,0.020301,0.020243,0,0,0,0,0,0,0,0,0,0,0,0
0.020579,0.020282,0.02049,0,0,0,0,0,0,0,0,0,0,0,0
0.02092,0.020556,0.020549,0,0,0,0,0,0,0,0,0,0,0,0
0.020486,0.020196,0.020544,0,0,0,0,0,0,0,0,0,0,0,0
0.020746,0.020496,0.020432,0,0,0,0,0,0,0,0,0,0,0,0
0.0205,0.020403,0.020578,0,0,0,0,0,0,0,0,0,0,0,0
0.020399,0.020238,0.020238,0,0,0,0,0,0,0,0,0,0,0,0
0.020475,0.020222,0.020466,0,0,0,0,0,0,0,0,0,0,0,0
0.021498,0.021016,0.020935,0,0,0,0,0,0,0,0,0,0,0,0
0.021058,0.020801,0.020983,0,0,0,0,0,0,0,0,0,0,0,0
0.021111,0.020699,0.020862,0,0,0,0,0,0,0,0,0,0,0,0
0.02079,0.020525,0.020814,0,0,0,0,0,0,0,0,0,0,0,0
0.020857,0.020487,0.020597,0,0,0,0,0,0,0,0,0,0,0,0
0.020493,0.020289,0.020581,0,0,0,0,0,0,0,0,0,0,0,0
0.021154,0.020729,0.020655,0,0,0,0,0,0,0,0,0,0,0,0
0.020508,0.020269,0.020568,0,0,0,0,0,0,0,0,0,0,0,0
0.020448,0.020147,0.020161,0,0,0,0,0,0,0,0,0,0,0,0
0.021021,0.020722,0.020935,0,0,0,0,0,0,0,0,0,0,0,0
0.021096,0.020736,0.020754,0,0,0,0,0,0,0,0,0,0,0,0
0.021851,0.021504,0.021762,0,0,0,0,0,0,0,0,0,0,0,0
0.020603,0.020341,0.02037,0,0,0,0,0,0,0,0,0,0,0,0
0.021055,0.020832,0.021088,0,0,0,0,0,0,0,0,0,0,0,0
0.020525,0.020193,0.020263,0,0,0,0,0,0,0,0,0,0,0,0
0.020353,0.020223,0.020446,0,0,0,0,0,0,0,0,0,0,0,0
0.020367,0.020182,0.020203,0,0,0,0,0,0,0,0,0,0,0,0
0.020302,0.020127,0.020405,0,0,0,0,0,0,0,0,0,0,0,0
0.020388,0.020121,0.020146,0,0,0,0,0,0,0,0,0,0,0,0
0.020527,0.020316,0.020693,0,0,0,0,0,0,0,0,0,0,0,0
0.020325,0.020029,0.020043,0,0,0,0,0,0,0,0,0,0,0,0
0.020562,0.020374,0.020624,0,0,0,0,0,0,0,0,0,0,0,0
0.020587,0.020369,0.02027,0,0,0,0,0,0,0,0,0,0,0,0
0.020347,0.020202,0.020354,0,0,0,0,0,0,0,0,0,0,0,0
0.020365,0.020234,0.020176,0,0,0,0,0,0,0,0,0,0,0,0
0.020445,0.020178,0.020461,0,0,0,0,0,0,0,0,0,0,0,0
0.020661,0.020277,0.020367,0,0,0,0,0,0,0,0,0,0,0,0
0.020862,0.020631,0.020825,0,0,0,0,0,0,0,0,0,0,0,0
0.020352,0.020085,0.020184,0,0,0,0,0,0,0,0,0,0,0,0
0.020543,0.020316,0.020622,0,0,0,0,0,0,0,0,0,0,0,0
0.020337,0.020177,0.020148,0,0,0,0,0,0,0,0,0,0,0,0
0.020429,0.020201,0.020527,0,0,0,0,0,0,0,0,0,0,0,0
0.020719,0.020346,0.020384,0,0,0,0,0,0,0,0,0,0,0,0
0.020358,0.020102,0.020382,0,0,0,0,0,0,0,0,0,0,0,0
0.020449,0.020148,0.020112,0,0,0,0,0,0,0,0,0,0,0,0
0.020361,0.020112,0.020381,0,0,0,0,0,0,0,0,0,0,0,0
0.020369,0.020122,0.020104,0,0,0,0,0,0,0,0,0,0,0,0
0.020362,0.020125,0.020445,0,0,0,0,0,0,0,0,0,0,0,0
0.020313,0.020067,0.020101,0,0,0,0,0,0,0,0,0,0,0,0
0.020708,0.020476,0.020813,0,0,0,0,0,0,0,0,0,0,0,0
0.020393,0.020136,0.020157,0,0,0,0,0,0,0,0,0,0,0,0
0.020352,0.020074,0.020388,0,0,0,0,0,0,0,0,0,0,0,0
0.020275,0.020053,0.02001,0,0,0,0,0,0,0,0,0,0,0,0
0.020442,0.02022,0.020547,0,0,0,0,0,0,0,0,0,0,0,0
0.020564,0.020249,0.020307,0,0,0,0,0,0,0,0,0,0,0,0
0.020325,0.020123,0.02041,0,0,0,0,0,0,0,0,0,0,0,0
0.021186,0.020815,0.020801,0,0,0,0,0,0,0,0,0,0,0,0
0.020805,0.020616,0.02089,0,0,0,0,0,0,0,0,0,0,0,0
0.020613,0.020286,0.02026,0,0,0,0,0,0,0,0,0,0,0,0
0.020896,0.020626,0.020859,0,0,0,0,0,0,0,0,0,0,0,0
0.02098,0.020701,0.020703,0,0,0,0,0,0,0,0,0,0,0,0
0.020937,0.020728,0.021001,0,0,0,0,0,0,0,0,0,0,0,0
0.020876,0.020511,0.020552,0,0,0,0,0,0,0,0,0,0,0,0
0.021531,0.021227,0.021482,0,0,0,0,0,0,0,0,0,0,0,0
0.022016,0.021368,0.021412,0,0,0,0,0,0,0,0,0,0,0,0
0.02213,0.021557,0.021816,0,0,0,0,0,0,0,0,0,0,0,0
0.021474,0.021217,0.021216,0,0,0,0,0,0,0,0,0,0,0,0
0.021938,0.021583,0.021871,0,0,0,0,0,0,0,0,0,0,0,0
0.06464,0.063868,0.063949,0,0,0,0,0,0,0,0,0,0,0,0
0.028129,0.027628,0.027921,0,0,0,0,0,0,0,0,0,0,0,0
0.029618,0.02917,0.029244,0,0,0,0,0,0,0,0,0,0,0,0
0.024688,0.024486,0.024454,0,0,0,0,0,0,0,0,0,0,0,0
0.021123,0.020933,0.020715,0,0,0,0,0,0,0,0,0,0,0,0
0.021311,0.021048,0.020887,0,0,0,0,0,0,0,0,0,0,0,0
0.021574,0.021452,0.021169,0,0,0,0,0,0,0,0,0,0,0,0
0.021627,0.021473,0.02118,0,0,0,0,0,0,0,0,0,0,0,0
0.022412,0.022408,0.02195,0,0,0,0,0,0,0,0,0,0,0,0
0.022265,0.022186,0.021827,0,0,0,0,0,0,0,0,0,0,0,0
0.021814,0.021728,0.021454,0,0,0,0,0,0,0,0,0,0,0,0
0.022662,0.022567,0.022346,0,0,0,0,0,0,0,0,0,0,0,0
0.0227,0.022659,0.022279,0,0,0,0,0,0,0,0,0,0,0,0
0.022804,0.022648,0.022369,0,0,0,0,0,0,0,0,0,0,0,0
0.022504,0.022454,0.022117,0,0,0,0,0,0,0,0,0,0,0,0
0.022609,0.022523,0.022294,0,0,0,0,0,0,0,0,0,0,0,0
0.022474,0.022367,0.022129,0,0,0,0,0,0,0,0,0,0,0,0
0.022267,0.022085,0.02178,0,0,0,0,0,0,0,0,0,0,0,0
0.021687,0.021447,0.021305,0,0,0,0,0,0,0,0,0,0,0,0
0.021293,0.021063,0.020939,0,0,0,0,0,0,0,0,0,0,0,0
0.021664,0.021384,0.021207,0,0,0,0,0,0,0,0,0,0,0,0
0.021177,0.020937,0.020836,0,0,0,0,0,0,0,0,0,0,0,0
0.021196,0.021006,0.020777,0,0,0,0,0,0,0,0,0,0,0,0
0.021373,0.021145,0.020815,0,0,0,0,0,0,0,0,0,0,0,0
0.02132,0.021075,0.020806,0,0,0,0,0,0,0,0,0,0,0,0
0.021852,0.021683,0.021405,0,0,0,0,0,0,0,0,0,0,0,0
0.021425,0.021267,0.020984,0,0,0,0,0,0,0,0,0,0,0,0
0.021282,0.021175,0.020808,0,0,0,0,0,0,0,0,0,0,0,0
0.020808,0.020612,0.020315,0,0,0,0,0,0,0,0,0,0,0,0
0.020785,0.020589,0.020335,0,0,0,0,0,0,0,0,0,0,0,0
0.021745,0.02144,0.021272,0,0,0,0,0,0,0,0,0,0,0,0
0.021067,0.020842,0.0207,0,0,0,0,0,0,0,0,0,0,0,0
0.021094,0.020869,0.020761,0,0,0,0,0,0,0,0,0,0,0,0
0.021117,0.020827,0.020676,0,0,0,0,0,0,0,0,0,0,0,0
0.021354,0.021198,0.021101,0,0,0,0,0,0,0,0,0,0,0,0
0.021357,0.021137,0.020978,0,0,0,0,0,0,0,0,0,0,0,0
0.021374,0.021081,0.020994,0,0,0,0,0,0,0,0,0,0,0,0
0.021362,0.020811,0.020861,0,0,0,0,0,0,0,0,0,0,0,0
0.021663,0.021351,0.021142,0,0,0,0,0,0,0,0,0,0,0,0
0.021715,0.021135,0.021198,0,0,0,0,0,0,0,0,0,0,0,0
0.021339,0.020964,0.02074,0,0,0,0,0,0,0,0,0,0,0,0
0.021293,0.020656,0.020896,0,0,0,0,0,0,0,0,0,0,0,0
0.021599,0.0213,0.02101,0,0,0,0,0,0,0,0,0,0,0,0
0.020238,0.021316,0.02141,0,0,0,0,0,0,0,0,0,0,0,0
0.020985,0.020762,0.020693,0,0,0,0,0,0,0,0,0,0,0,0
0.021053,0.020435,0.020577,0,0,0,0,0,0,0,0,0,0,0,0
0.021329,0.021131,0.020978,0,0,0,0,0,0,0,0,0,0,0,0
0.021109,0.020522,0.0207,0,0,0,0,0,0,0,0,0,0,0,0
0.020784,0.020533,0.020455,0,0,0,0,0,0,0,0,0,0,0,0
0.021047,0.02054,0.020638,0,0,0,0,0,0,0,0,0,0,0,0
0.021076,0.020867,0.020678,0,0,0,0,0,0,0,0,0,0,0,0
0.020816,0.02016,0.020414,0,0,0,0,0,0,0,0,0,0,0,0
0.021187,0.020924,0.020875,0,0,0,0,0,0,0,0,0,0,0,0
0.021484,0.021105,0.021083,0,0,0,0,0,0,0,0,0,0,0,0
0.020524,0.020339,0.020244,0,0,0,0,0,0,0,0,0,0,0,0
0.021007,0.020399,0.02059,0,0,0,0,0,0,0,0,0,0,0,0
0.021245,0.020898,0.020796,0,0,0,0,0,0,0,0,0,0,0,0
0.021108,0.02059,0.020634,0,0,0,0,0,0,0,0,0,0,0,0
0.021181,0.020917,0.02082,0,0,0,0,0,0,0,0,0,0,0,0
0.02145,0.020973,0.021137,0,0,0,0,0,0,0,0,0,0,0,0
0.021486,0.021233,0.021246,0,0,0,0,0,0,0,0,0,0,0,0
0.020827,0.020247,0.020443,0,0,0,0,0,0,0,0,0,0,0,0
0.021293,0.021094,0.021036,0,0,0,0,0,0,0,0,0,0,0,0
0.021359,0.020739,0.020957,0,0,0,0,0,0,0,0,0,0,0,0
0.021254,0.021005,0.021016,0,0,0,0,0,0,0,0,0,0,0,0
0.021035,0.020573,0.02083,0,0,0,0,0,0,0,0,0,0,0,0
0.020427,0.020556,0.02047,0,0,0,0,0,0,0,0,0,0,0,0
0.021259,0.020515,0.020968,0,0,0,0,0,0,0,0,0,0,0,0
0.020672,0.020343,0.020765,0,0,0,0,0,0,0,0,0,0,0,0
0.020785,0.02012,0.020591,0,0,0,0,0,0,0,0,0,0,0,0
0.020752,0.020415,0.020823,0,0,0,0,0,0,0,0,0,0,0,0
0.020762,0.020099,0.020606,0,0,0,0,0,0,0,0,0,0,0,0
0.020441,0.020079,0.020494,0,0,0,0,0,0,0,0,0,0,0,0
0.021093,0.020372,0.020826,0,0,0,0,0,0,0,0,0,0,0,0
0.020857,0.020457,0.020831,0,0,0,0,0,0,0,0,0,0,0,0
0.02077,0.020048,0.020497,0,0,0,0,0,0,0,0,0,0,0,0
0.020829,0.020355,0.020741,0,0,0,0,0,0,0,0,0,0,0,0
0.02081,0.020063,0.020486,0,0,0,0,0,0,0,0,0,0,0,0
0.020466,0.020092,0.020588,0,0,0,0,0,0,0,0,0,0,0,0
0.021695,0.020944,0.021237,0,0,0,0,0,0,0,0,0,0,0,0
0.021106,0.020704,0.021036,0,0,0,0,0,0,0,0,0,0,0,0
0.020882,0.020141,0.020609,0,0,0,0,0,0,0,0,0,0,0,0
0.019738,0.019432,0.01981,0,0,0,0,0,0,0,0,0,0,0,0
0.020019,0.019407,0.019855,0,0,0,0,0,0,0,0,0,0,0,0
0.020023,0.019569,0.020041,0,0,0,0,0,0,0,0,0,0,0,0
0.020393,0.019606,0.020126,0,0,0,0,0,0,0,0,0,0,0,0
0.019964,0.019719,0.020097,0,0,0,0,0,0,0,0,0,0,0,0
0.020357,0.019612,0.020169,0,0,0,0,0,0,0,0,0,0,0,0
0.020093,0.019734,0.020053,0,0,0,0,0,0,0,0,0,0,0,0
0.020715,0.020081,0.020417,0,0,0,0,0,0,0,0,0,0,0,0
0.020528,0.020234,0.020487,0,0,0,0,0,0,0,0,0,0,0,0
0.02026,0.019572,0.020052,0,0,0,0,0,0,0,0,0,0,0,0
0.019781,0.019485,0.019818,0,0,0,0,0,0,0,0,0,0,0,0
0.020594,0.019766,0.020211,0,0,0,0,0,0,0,0,0,0,0,0
0.019792,0.019433,0.019733,0,0,0,0,0,0,0,0,0,0,0,0
0.02006,0.019353,0.019791,0,0,0,0,0,0,0,0,0,0,0,0
0.01976,0.019407,0.019831,0,0,0,0,0,0,0,0,0,0,0,0
0.020309,0.019594,0.020173,0,0,0,0,0,0,0,0,0,0,0,0
0.019758,0.01945,0.019694,0,0,0,0,0,0,0,0,0,0,0,0
0.020586,0.019932,0.020419,0,0,0,0,0,0,0,0,0,0,0,0
0.020018,0.019587,0.02004,0,0,0,0,0,0,0,0,0,0,0,0
0.020562,0.019959,0.02028,0,0,0,0,0,0,0,0,0,0,0,0
0.019941,0.019622,0.019803,0,0,0,0,0,0,0,0,0,0,0,0
0.020163,0.019504,0.019857,0,0,0,0,0,0,0,0,0,0,0,0
0.01983,0.019443,0.019796,0,0,0,0,0,0,0,0,0,0,0,0
0.02012,0.019383,0.019832,0,0,0,0,0,0,0,0,0,0,0,0
0.019739,0.019438,0.019802,0,0,0,0,0,0,0,0,0,0,0,0
0.020135,0.019371,0.019849,0,0,0,0,0,0,0,0,0,0,0,0
0.019894,0.019463,0.019784,0,0,0,0,0,0,0,0,0,0,0,0
0.020133,0.019436,0.019815,0,0,0,0,0,0,0,0,0,0,0,0
0.019764,0.019473,0.019906,0,0,0,0,0,0,0,0,0,0,0,0
0.019529,0.018856,0.019222,0,0,0,0,0,0,0,0,0,0,0,0
0.018991,0.018706,0.018938,0,0,0,0,0,0,0,0,0,0,0,0
0.019341,0.018707,0.019157,0,0,0,0,0,0,0,0,0,0,0,0
0.018945,0.018645,0.01895,0,0,0,0,0,0,0,0,0,0,0,0
0.019299,0.018651,0.019022,0,0,0,0,0,0,0,0,0,0,0,0
0.01904,0.0186,0.019006,0,0,0,0,0,0,0,0,0,0,0,0
0.019241,0.018577,0.018941,0,0,0,0,0,0,0,0,0,0,0,0
0.018959,0.01857,0.019014,0,0,0,0,0,0,0,0,0,0,0,0
0.019272,0.018583,0.019036,0,0,0,0,0,0,0,0,0,0,0,0
0.018903,0.018577,0.018974,0,0,0,0,0,0,0,0,0,0,0,0
0.019242,0.018586,0.019035,0,0,0,0,0,0,0,0,0,0,0,0
0.018936,0.018682,0.018906,0,0,0,0,0,0,0,0,0,0,0,0
0.019272,0.018698,0.018982,0,0,0,0,0,0,0,0,0,0,0,0
0.01897,0.018586,0.018992,0,0,0,0,0,0,0,0,0,0,0,0
0.019614,0.018997,0.019278,0,0,0,0,0,0,0,0,0,0,0,0
0.019312,0.019046,0.019245,0,0,0,0,0,0,0,0,0,0,0,0
0.019287,0.01868,0.017258,0,0,0,0,0,0,0,0,0,0,0,0
0.018949,0.017389,0.01893,0,0,0,0,0,0,0,0,0,0,0,0
0.019224,0.018588,0.019081,0,0,0,0,0,0,0,0,0,0,0,0
0.019016,0.01863,0.019089,0,0,0,0,0,0,0,0,0,0,0,0
0.020072,0.019384,0.019952,0,0,0,0,0,0,0,0,0,0,0,0
0.019768,0.019371,0.019823,0,0,0,0,0,0,0,0,0,0,0,0
0.020104,0.019363,0.019793,0,0,0,0,0,0,0,0,0,0,0,0
0.019804,0.019484,0.019863,0,0,0,0,0,0,0,0,0,0,0,0
0.020088,0.019418,0.019874,0,0,0,0,0,0,0,0,0,0,0,0
0.020229,0.019882,0.020161,0,0,0,0,0,0,0,0,0,0,0,0
0.02013,0.019437,0.019999,0,0,0,0,0,0,0,0,0,0,0,0
0.020123,0.019689,0.020096,0,0,0,0,0,0,0,0,0,0,0,0
0.020089,0.019458,0.020048,0,0,0,0,0,0,0,0,0,0,0,0
0.019843,0.019424,0.019923,0,0,0,0,0,0,0,0,0,0,0,0
0.020058,0.019434,0.01984,0,0,0,0,0,0,0,0,0,0,0,0
0.01986,0.019401,0.019793,0,0,0,0,0,0,0,0,0,0,0,0
0.020142,0.019372,0.020698,0,0,0,0,0,0,0,0,0,0,0,0
0.019789,0.019476,0.020051,0,0,0,0,0,0,0,0,0,0,0,0
0.020143,0.019468,0.019813,0,0,0,0,0,0,0,0,0,0,0,0
0.019773,0.019419,0.019809,0,0,0,0,0,0,0,0,0,0,0,0
0.020164,0.019344,0.019834,0,0,0,0,0,0,0,0,0,0,0,0
0.019762,0.019486,0.019838,0,0,0,0,0,0,0,0,0,0,0,0
0.020117,0.019358,0.019847,0,0,0,0,0,0,0,0,0,0,0,0
0.019817,0.019686,0.019756,0,0,0,0,0,0,0,0,0,0,0,0
0.020063,0.019416,0.019895,0,0,0,0,0,0,0,0,0,0,0,0
0.019792,0.019397,0.019772,0,0,0,0,0,0,0,0,0,0,0,0
0.020108,0.019369,0.019946,0,0,0,0,0,0,0,0,0,0,0,0
0.019795,0.019451,0.019769,0,0,0,0,0,0,0,0,0,0,0,0
0.020155,0.019433,0.019931,0,0,0,0,0,0,0,0,0,0,0,0
0.019713,0.019446,0.019709,0,0,0,0,0,0,0,0,0,0,0,0
0.020124,0.019393,0.019832,0,0,0,0,0,0,0,0,0,0,0,0
0.019752,0.019458,0.019826,0,0,0,0,0,0,0,0,0,0,0,0
0.020064,0.019356,0.019907,0,0,0,0,0,0,0,0,0,0,0,0
0.019739,0.019519,0.019826,0,0,0,0,0,0,0,0,0,0,0,0
0.020532,0.019957,0.020289,0,0,0,0,0,0,0,0,0,0,0,0
0.02035,0.02004,0.020229,0,0,0,0,0,0,0,0,0,0,0,0
0.020672,0.019968,0.020333,0,0,0,0,0,0,0,0,0,0,0,0
0.020277,0.019988,0.020327,0,0,0,0,0,0,0,0,0,0,0,0
0.020104,0.019556,0.019904,0,0,0,0,0,0,0,0,0,0,0,0
0.019796,0.019425,0.019773,0,0,0,0,0,0,0,0,0,0,0,0
0.020163,0.019353,0.019844,0,0,0,0,0,0,0,0,0,0,0,0
0.019766,0.019371,0.019741,0,0,0,0,0,0,0,0,0,0,0,0
0.020092,0.019531,0.019822,0,0,0,0,0,0,0,0,0,0,0,0
0.019717,0.019501,0.019841,0,0,0,0,0,0,0,0,0,0,0,0
0.020161,0.019386,0.019799,0,0,0,0,0,0,0,0,0,0,0,0
0.01981,0.019395,0.01974,0,0,0,0,0,0,0,0,0,0,0,0
0.020107,0.019423,0.019852,0,0,0,0,0,0,0,0,0,0,0,0
0.019807,0.019546,0.019845,0,0,0,0,0,0,0,0,0,0,0,0
0.020139,0.019439,0.019928,0,0,0,0,0,0,0,0,0,0,0,0
0.019802,0.019468,0.019771,0,0,0,0,0,0,0,0,0,0,0,0
0.020077,0.019399,0.019893,0,0,0,0,0,0,0,0,0,0,0,0
0.019708,0.019419,0.01974,0,0,0,0,0,0,0,0,0,0,0,0
0.020075,0.019441,0.02,0,0,0,0,0,0,0,0,0,0,0,0
0.019785,0.019423,0.019792,0,0,0,0,0,0,0,0,0,0,0,0
0.020078,0.019367,0.019869,0,0,0,0,0,0,0,0,0,0,0,0
0.019788,0.019425,0.019741,0,0,0,0,0,0,0,0,0,0,0,0
0.020159,0.019446,0.019875,0,0,0,0,0,0,0,0,0,0,0,0
0.01976,0.019397,0.01981,0,0,0,0,0,0,0,0,0,0,0,0
0.020072,0.019877,0.019804,0,0,0,0,0,0,0,0,0,0,0,0
0.019769,0.019585,0.019723,0,0,0,0,0,0,0,0,0,0,0,0
0.020073,0.019533,0.019863,0,0,0,0,0,0,0,0,0,0,0,0
0.0199,0.019525,0.019725,0,0,0,0,0,0,0,0,0,0,0,0
0.020048,0.019632,0.019889,0,0,0,0,0,0,0,0,0,0,0,0
0.020115,0.01984,0.020263,0,0,0,0,0,0,0,0,0,0,0,0
0.020166,0.019466,0.019843,0,0,0,0,0,0,0,0,0,0,0,0
0.019828,0.019594,0.019777,0,0,0,0,0,0,0,0,0,0,0,0
0.020145,0.019574,0.019811,0,0,0,0,0,0,0,0,0,0,0,0
0.019801,0.019555,0.019789,0,0,0,0,0,0,0,0,0,0,0,0
0.020085,0.019565,0.019827,0,0,0,0,0,0,0,0,0,0,0,0
0.019751,0.019495,0.019837,0,0,0,0,0,0,0,0,0,0,0,0
0.020105,0.019537,0.0199,0,0,0,0,0,0,0,0,0,0,0,0
0.019753,0.019552,0.01986,0,0,0,0,0,0,0,0,0,0,0,0
0.020107,0.019501,0.019922,0,0,0,0,0,0,0,0,0,0,0,0
0.019825,0.019676,0.019805,0,0,0,0,0,0,0,0,0,0,0,0
0.020076,0.019514,0.019818,0,0,0,0,0,0,0,0,0,0,0,0
0.019842,0.019519,0.019847,0,0,0,0,0,0,0,0,0,0,0,0
0.020083,0.019541,0.01985,0,0,0,0,0,0,0,0,0,0,0,0
0.019777,0.019485,0.019766,0,0,0,0,0,0,0,0,0,0,0,0
0.020133,0.019482,0.019896,0,0,0,0,0,0,0,0,0,0,0,0
0.019823,0.019461,0.019888,0,0,0,0,0,0,0,0,0,0,0,0
0.020149,0.01954,0.019837,0,0,0,0,0,0,0,0,0,0,0,0
0.019933,0.019774,0.019937,0,0,0,0,0,0,0,0,0,0,0,0
0.020111,0.019611,0.019982,0,0,0,0,0,0,0,0,0,0,0,0
0.01972,0.019555,0.019802,0,0,0,0,0,0,0,0,0,0,0,0
0.020045,0.019496,0.019851,0,0,0,0,0,0,0,0,0,0,0,0
0.019738,0.019541,0.019755,0,0,0,0,0,0,0,0,0,0,0,0
0.020076,0.019481,0.019936,0,0,0,0,0,0,0,0,0,0,0,0
0.019681,0.019557,0.019885,0,0,0,0,0,0,0,0,0,0,0,0
0.020066,0.019535,0.019922,0,0,0,0,0,0,0,0,0,0,0,0
0.019692,0.019538,0.019853,0,0,0,0,0,0,0,0,0,0,0,0
0.02008,0.019506,0.019783,0,0,0,0,0,0,0,0,0,0,0,0
0.019715,0.019496,0.019846,0,0,0,0,0,0,0,0,0,0,0,0
0.020103,0.019424,0.019788,0,0,0,0,0,0,0,0,0,0,0,0
0.019704,0.019568,0.019824,0,0,0,0,0,0,0,0,0,0,0,0
0.020183,0.019488,0.019983,0,0,0,0,0,0,0,0,0,0,0,0
0.019717,0.019434,0.019821,0,0,0,0,0,0,0,0,0,0,0,0
0.020038,0.019518,0.019964,0,0,0,0,0,0,0,0,0,0,0,0
0.019762,0.019512,0.019788,0,0,0,0,0,0,0,0,0,0,0,0
0.020021,0.019484,0.019809,0,0,0,0,0,0,0,0,0,0,0,0
0.019717,0.019516,0.019806,0,0,0,0,0,0,0,0,0,0,0,0
0.020101,0.019487,0.019827,0,0,0,0,0,0,0,0,0,0,0,0
0.019732,0.019462,0.019764,0,0,0,0,0,0,0,0,0,0,0,0
0.020073,0.019418,0.019891,0,0,0,0,0,0,0,0,0,0,0,0
0.019706,0.019521,0.019792,0,0,0,0,0,0,0,0,0,0,0,0
0.020138,0.019477,0.019824,0,0,0,0,0,0,0,0,0,0,0,0
0.019735,0.019477,0.019814,0,0,0,0,0,0,0,0,0,0,0,0
0.020076,0.019444,0.019843,0,0,0,0,0,0,0,0,0,0,0,0
0.020131,0.019967,0.020325,0,0,0,0,0,0,0,0,0,0,0,0
0.020092,0.019581,0.019968,0,0,0,0,0,0,0,0,0,0,0,0
0.019803,0.019663,0.019906,0,0,0,0,0,0,0,0,0,0,0,0
0.020158,0.019555,0.019838,0,0,0,0,0,0,0,0,0,0,0,0
0.019698,0.019475,0.019783,0,0,0,0,0,0,0,0,0,0,0,0
0.020051,0.019533,0.019874,0,0,0,0,0,0,0,0,0,0,0,0
0.019975,0.01985,0.020035,0,0,0,0,0,0,0,0,0,0,0,0
0.020189,0.01959,0.019877,0,0,0,0,0,0,0,0,0,0,0,0
0.019857,0.019594,0.019805,0,0,0,0,0,0,0,0,0,0,0,0
0.020266,0.019817,0.020174,0,0,0,0,0,0,0,0,0,0,0,0
0.019862,0.019695,0.019897,0,0,0,0,0,0,0,0,0,0,0,0
0.020532,0.020038,0.020331,0,0,0,0,0,0,0,0,0,0,0,0
0.020282,0.020651,0.020383,0,0,0,0,0,0,0,0,0,0,0,0
0.020108,0.020503,0.020274,0,0,0,0,0,0,0,0,0,0,0,0
0.019978,0.019885,0.020177,0,0,0,0,0,0,0,0,0,0,0,0
0.02015,0.020116,0.020346,0,0,0,0,0,0,0,0,0,0,0,0
0.019957,0.019894,0.020189,0,0,0,0,0,0,0,0,0,0,0,0
0.019705,0.019693,0.019903,0,0,0,0,0,0,0,0,0,0,0,0
0.019586,0.019396,0.019775,0,0,0,0,0,0,0,0,0,0,0,0
0.019858,0.019803,0.020124,0,0,0,0,0,0,0,0,0,0,0,0
0.019584,0.019517,0.019771,0,0,0,0,0,0,0,0,0,0,0,0
0.019604,0.019455,0.019811,0,0,0,0,0,0,0,0,0,0,0,0
0.019605,0.019547,0.019853,0,0,0,0,0,0,0,0,0,0,0,0
0.019548,0.019518,0.019839,0,0,0,0,0,0,0,0,0,0,0,0
0.01958,0.019428,0.019779,0,0,0,0,0,0,0,0,0,0,0,0
0.019529,0.019467,0.019836,0,0,0,0,0,0,0,0,0,0,0,0
0.019606,0.019507,0.019784,0,0,0,0,0,0,0,0,0,0,0,0
0.01963,0.019518,0.019843,0,0,0,0,0,0,0,0,0,0,0,0
0.019558,0.019417,0.019759,0,0,0,0,0,0,0,0,0,0,0,0
0.019558,0.019402,0.019768,0,0,0,0,0,0,0,0,0,0,0,0
0.019593,0.019543,0.01969,0,0,0,0,0,0,0,0,0,0,0,0
0.018741,0.018685,0.018995,0,0,0,0,0,0,0,0,0,0,0,0
0.018825,0.018573,0.018985,0,0,0,0,0,0,0,0,0,0,0,0
0.018872,0.018652,0.018988,0,0,0,0,0,0,0,0,0,0,0,0
0.018753,0.018583,0.018949,0,0,0,0,0,0,0,0,0,0,0,0
0.018837,0.018593,0.019415,0,0,0,0,0,0,0,0,0,0,0,0
0.018943,0.018643,0.019043,0,0,0,0,0,0,0,0,0,0,0,0
0.018813,0.018726,0.019065,0,0,0,0,0,0,0,0,0,0,0,0
0.018797,0.018608,0.019026,0,0,0,0,0,0,0,0,0,0,0,0
0.018738,0.018654,0.019098,0,0,0,0,0,0,0,0,0,0,0,0
0.018762,0.018654,0.019076,0,0,0,0,0,0,0,0,0,0,0,0
0.018716,0.018683,0.01908,0,0,0,0,0,0,0,0,0,0,0,0
0.01976,0.019571,0.019802,0,0,0,0,0,0,0,0,0,0,0,0
0.019573,0.019556,0.01981,0,0,0,0,0,0,0,0,0,0,0,0
0.019642,0.019455,0.019798,0,0,0,0,0,0,0,0,0,0,0,0
0.019616,0.019519,0.019844,0,0,0,0,0,0,0,0,0,0,0,0
0.019647,0.019511,0.019844,0,0,0,0,0,0,0,0,0,0,0,0
0.019624,0.019518,0.019865,0,0,0,0,0,0,0,0,0,0,0,0
0.019642,0.019543,0.019894,0,0,0,0,0,0,0,0,0,0,0,0
0.019753,0.01954,0.019907,0,0,0,0,0,0,0,0,0,0,0,0
0.020058,0.019899,0.020309,0,0,0,0,0,0,0,0,0,0,0,0
0.018734,0.018677,0.019145,0,0,0,0,0,0,0,0,0,0,0,0
0.018751,0.01929,0.0191,0,0,0,0,0,0,0,0,0,0,0,0
0.018797,0.019187,0.019134,0,0,0,0,0,0,0,0,0,0,0,0
0.018755,0.018744,0.019095,0,0,0,0,0,0,0,0,0,0,0,0
0.018749,0.018719,0.019072,0,0,0,0,0,0,0,0,0,0,0,0
0.018844,0.01865,0.019096,0,0,0,0,0,0,0,0,0,0,0,0
0.018759,0.018651,0.019075,0,0,0,0,0,0,0,0,0,0,0,0
0.018794,0.018775,0.019074,0,0,0,0,0,0,0,0,0,0,0,0
0.018738,0.018674,0.019083,0,0,0,0,0,0,0,0,0,0,0,0
0.01888,0.018651,0.019179,0,0,0,0,0,0,0,0,0,0,0,0
0.01878,0.018637,0.019092,0,0,0,0,0,0,0,0,0,0,0,0
0.018767,0.018657,0.019154,0,0,0,0,0,0,0,0,0,0,0,0
0.01876,0.018743,0.019058,0,0,0,0,0,0,0,0,0,0,0,0
0.018861,0.018643,0.019077,0,0,0,0,0,0,0,0,0,0,0,0
0.018779,0.018697,0.019113,0,0,0,0,0,0,0,0,0,0,0,0
0.018781,0.018697,0.019039,0,0,0,0,0,0,0,0,0,0,0,0
0.018802,0.018666,0.019127,0,0,0,0,0,0,0,0,0,0,0,0
0.018777,0.019258,0.019138,0,0,0,0,0,0,0,0,0,0,0,0
0.018803,0.019159,0.019108,0,0,0,0,0,0,0,0,0,0,0,0
0.018854,0.018699,0.019048,0,0,0,0,0,0,0,0,0,0,0,0
0.018804,0.019215,0.019123,0,0,0,0,0,0,0,0,0,0,0,0
NaN,NaN,NaN,0,0,0,0,0,0,0,0,0,0,0,0
NaN,NaN,NaN,0,0,0,0,0,0,0,0,0,0,0,0
NaN,NaN,NaN,0,0,0,0,0,0,0,0,0,0,0,0
NaN,NaN,NaN,0,0,0,0,0,0,0,0,0,0,0,0
0.18844,0.18994,0.19052,0,0,0,0,0,0,0,0,0,0,0,0
0.22068,0.21988,0.21994,0,0,0,0,0,0,0,0,0,0,0,0
0.054668,0.054255,0.054932,0,0,0,0,0,0,0,0,0,0,0,0
0.026179,0.026014,0.026764,0,0,0,0,0,0,0,0,0,0,0,0
0.035697,0.035746,0.036545,0,0,0,0,0,0,0,0,0,0,0,0
0.030615,0.030609,0.031155,0,0,0,0,0,0,0,0,0,0,0,0
0.024317,0.024454,0.024999,0,0,0,0,0,0,0,0,0,0,0,0
0.020581,0.020296,0.020993,0,0,0,0,0,0,0,0,0,0,0,0
0.020703,0.020767,0.021602,0,0,0,0,0,0,0,0,0,0,0,0
0.020613,0.020435,0.020133,0,0,0,0,0,0,0,0,0,0,0,0
0.020293,0.020304,0.020077,0,0,0,0,0,0,0,0,0,0,0,0
0.020531,0.020382,0.019898,0,0,0,0,0,0,0,0,0,0,0,0
0.020363,0.020429,0.020159,0,0,0,0,0,0,0,0,0,0,0,0
0.020241,0.019971,0.019653,0,0,0,0,0,0,0,0,0,0,0,0
NaN,NaN,NaN,0,0,0,0,0,0,0,0,0,0,0,0
NaN,NaN,NaN,0,0,0,0,0,0,0,0,0,0,0,0
NaN,NaN,NaN,0,0,0,0,0,0,0,0,0,0,0,0
NaN,NaN,NaN,0,0,0,0,0,0,0,0,0,0,0,0
0.19819,0.19162,0.19731,0,0,0,0,0,0,0,0,0,0,0,0
0.22124,0.21686,0.21774,0,0,0,0,0,0,0,0,0,0,0,0
0.053353,0.052566,0.052369,0,0,0,0,0,0,0,0,0,0,0,0
0.026007,0.02584,0.025617,0,0,0,0,0,0,0,0,0,0,0,0
0.034489,0.034253,0.034087,0,0,0,0,0,0,0,0,0,0,0,0
0.028951,0.028657,0.02855,0,0,0,0,0,0,0,0,0,0,0,0
0.022965,0.022701,0.022721,0,0,0,0,0,0,0,0,0,0,0,0
0.019566,0.019133,0.019445,0,0,0,0,0,0,0,0,0,0,0,0
0.02041,0.019741,0.019706,0,0,0,0,0,0,0,0,0,0,0,0
0.019612,0.018958,0.019209,0,0,0,0,0,0,0,0,0,0,0,0
0.019533,0.018932,0.018983,0,0,0,0,0,0,0,0,0,0,0,0
NaN,NaN,NaN,0,0,0,0,0,0,0,0,0,0,0,0
NaN,NaN,NaN,0,0,0,0,0,0,0,0,0,0,0,0
NaN,NaN,NaN,0,0,0,0,0,0,0,0,0,0,0,0
NaN,NaN,NaN,0,0,0,0,0,0,0,0,0,0,0,0
0.19237,0.19131,0.1928,0,0,0,0,0,0,0,0,0,0,0,0
0.21791,0.21774,0.21797,0,0,0,0,0,0,0,0,0,0,0,0
0.052513,0.052559,0.052417,0,0,0,0,0,0,0,0,0,0,0,0
0.026052,0.026157,0.025994,0,0,0,0,0,0,0,0,0,0,0,0
0.034986,0.035148,0.035036,0,0,0,0,0,0,0,0,0,0,0,0
0.029101,0.029254,0.029212,0,0,0,0,0,0,0,0,0,0,0,0
0.023477,0.023591,0.02343,0,0,0,0,0,0,0,0,0,0,0,0
0.019782,0.019484,0.019289,0,0,0,0,0,0,0,0,0,0,0,0
0.019555,0.019627,0.019158,0,0,0,0,0,0,0,0,0,0,0,0
0.019227,0.019019,0.018814,0,0,0,0,0,0,0,0,0,0,0,0
0.019249,0.019606,0.019157,0,0,0,0,0,0,0,0,0,0,0,0
0.019863,0.019484,0.019363,0,0,0,0,0,0,0,0,0,0,0,0
0.019172,0.019093,0.018633,0,0,0,0,0,0,0,0,0,0,0,0
0.019111,0.018685,0.018634,0,0,0,0,0,0,0,0,0,0,0,0
0.019527,0.019461,0.018955,0,0,0,0,0,0,0,0,0,0,0,0
0.019424,0.018931,0.018748,0,0,0,0,0,0,0,0,0,0,0,0
0.019858,0.019249,0.018947,0,0,0,0,0,0,0,0,0,0,0,0
0.018937,0.018756,0.018556,0,0,0,0,0,0,0,0,0,0,0,0
0.019188,0.019254,0.018719,0,0,0,0,0,0,0,0,0,0,0,0
0.018999,0.018711,0.018567,0,0,0,0,0,0,0,0,0,0,0,0
0.019244,0.019359,0.018947,0,0,0,0,0,0,0,0,0,0,0,0
0.019192,0.018923,0.018899,0,0,0,0,0,0,0,0,0,0,0,0
0.019004,0.019029,0.018539,0,0,0,0,0,0,0,0,0,0,0,0
0.018999,0.018807,0.018621,0,0,0,0,0,0,0,0,0,0,0,0
0.018984,0.019209,0.018576,0,0,0,0,0,0,0,0,0,0,0,0
0.01907,0.018733,0.018497,0,0,0,0,0,0,0,0,0,0,0,0
0.019031,0.019015,0.018558,0,0,0,0,0,0,0,0,0,0,0,0
0.019186,0.018957,0.018821,0,0,0,0,0,0,0,0,0,0,0,0
0.019086,0.019024,0.018527,0,0,0,0,0,0,0,0,0,0,0,0
0.059818,0.059687,0.06162,0,0,0,0,0,0,0,0,0,0,0,0
0.025009,0.02525,0.025437,0,0,0,0,0,0,0,0,0,0,0,0
0.028461,0.028874,0.028784,0,0,0,0,0,0,0,0,0,0,0,0
0.021986,0.0223,0.022406,0,0,0,0,0,0,0,0,0,0,0,0
0.019142,0.019401,0.0193,0,0,0,0,0,0,0,0,0,0,0,0
0.018944,0.019105,0.019101,0,0,0,0,0,0,0,0,0,0,0,0
0.018929,0.019026,0.019062,0,0,0,0,0,0,0,0,0,0,0,0
0.018895,0.019046,0.019086,0,0,0,0,0,0,0,0,0,0,0,0
0.019356,0.019385,0.019478,0,0,0,0,0,0,0,0,0,0,0,0
0.018895,0.01901,0.019097,0,0,0,0,0,0,0,0,0,0,0,0
0.019049,0.018982,0.019024,0,0,0,0,0,0,0,0,0,0,0,0
0.019385,0.019493,0.019483,0,0,0,0,0,0,0,0,0,0,0,0
0.019526,0.019572,0.019594,0,0,0,0,0,0,0,0,0,0,0,0
0.019696,0.019764,0.019785,0,0,0,0,0,0,0,0,0,0,0,0
0.019088,0.019179,0.019141,0,0,0,0,0,0,0,0,0,0,0,0
0.019495,0.019553,0.019556,0,0,0,0,0,0,0,0,0,0,0,0
0.03033,0.030411,0.030344,0,0,0,0,0,0,0,0,0,0,0,0
0.018938,0.019033,0.019002,0,0,0,0,0,0,0,0,0,0,0,0
0.018872,0.019034,0.01899,0,0,0,0,0,0,0,0,0,0,0,0
0.018823,0.018956,0.018914,0,0,0,0,0,0,0,0,0,0,0,0
0.018839,0.018927,0.018947,0,0,0,0,0,0,0,0,0,0,0,0
0.018813,0.019006,0.019024,0,0,0,0,0,0,0,0,0,0,0,0
0.018812,0.019033,0.01888,0,0,0,0,0,0,0,0,0,0,0,0
0.018805,0.018958,0.018988,0,0,0,0,0,0,0,0,0,0,0,0
0.019105,0.019121,0.019123,0,0,0,0,0,0,0,0,0,0,0,0
0.018832,0.018935,0.018898,0,0,0,0,0,0,0,0,0,0,0,0
0.018836,0.018983,0.019006,0,0,0,0,0,0,0,0,0,0,0,0
0.018805,0.01892,0.018843,0,0,0,0,0,0,0,0,0,0,0,0
0.018844,0.018995,0.018988,0,0,0,0,0,0,0,0,0,0,0,0
0.018921,0.01902,0.018935,0,0,0,0,0,0,0,0,0,0,0,0
0.018853,0.018986,0.018895,0,0,0,0,0,0,0,0,0,0,0,0
0.018852,0.019009,0.018874,0,0,0,0,0,0,0,0,0,0,0,0
0.018823,0.018918,0.018889,0,0,0,0,0,0,0,0,0,0,0,0
0.018978,0.019038,0.018929,0,0,0,0,0,0,0,0,0,0,0,0
0.019178,0.019233,0.019196,0,0,0,0,0,0,0,0,0,0,0,0
0.018879,0.018961,0.018868,0,0,0,0,0,0,0,0,0,0,0,0
0.018831,0.018961,0.018928,0,0,0,0,0,0,0,0,0,0,0,0
0.018853,0.018948,0.018919,0,0,0,0,0,0,0,0,0,0,0,0
0.018853,0.018914,0.018976,0,0,0,0,0,0,0,0,0,0,0,0
0.019,0.018954,0.018985,0,0,0,0,0,0,0,0,0,0,0,0
0.018861,0.018948,0.018963,0,0,0,0,0,0,0,0,0,0,0,0
0.018877,0.019002,0.01892,0,0,0,0,0,0,0,0,0,0,0,0
0.01888,0.018955,0.018893,0,0,0,0,0,0,0,0,0,0,0,0
0.018791,0.018931,0.018923,0,0,0,0,0,0,0,0,0,0,0,0
0.018738,0.018896,0.018813,0,0,0,0,0,0,0,0,0,0,0,0
0.018847,0.018927,0.018861,0,0,0,0,0,0,0,0,0,0,0,0
0.019117,0.019131,0.019055,0,0,0,0,0,0,0,0,0,0,0,0
0.01893,0.018936,0.018886,0,0,0,0,0,0,0,0,0,0,0,0
0.018739,0.018847,0.018775,0,0,0,0,0,0,0,0,0,0,0,0
0.018718,0.018919,0.018734,0,0,0,0,0,0,0,0,0,0,0,0
0.018644,0.018799,0.018763,0,0,0,0,0,0,0,0,0,0,0,0
0.018672,0.018865,0.01874,0,0,0,0,0,0,0,0,0,0,0,0
0.021246,0.021318,0.021371,0,0,0,0,0,0,0,0,0,0,0,0
0.0211,0.021168,0.021234,0,0,0,0,0,0,0,0,0,0,0,0
0.020847,0.020896,0.020915,0,0,0,0,0,0,0,0,0,0,0,0
0.021482,0.021391,0.021535,0,0,0,0,0,0,0,0,0,0,0,0
0.020927,0.020827,0.021082,0,0,0,0,0,0,0,0,0,0,0,0
0.018757,0.018876,0.018787,0,0,0,0,0,0,0,0,0,0,0,0
0.018894,0.018962,0.01897,0,0,0,0,0,0,0,0,0,0,0,0
0.01872,0.018752,0.018792,0,0,0,0,0,0,0,0,0,0,0,0
0.01868,0.018842,0.018794,0,0,0,0,0,0,0,0,0,0,0,0
0.018673,0.018838,0.018728,0,0,0,0,0,0,0,0,0,0,0,0
0.018619,0.018801,0.018715,0,0,0,0,0,0,0,0,0,0,0,0
0.019236,0.019226,0.019158,0,0,0,0,0,0,0,0,0,0,0,0
0.018698,0.018794,0.018736,0,0,0,0,0,0,0,0,0,0,0,0
0.018675,0.018737,0.018695,0,0,0,0,0,0,0,0,0,0,0,0
0.018677,0.018715,0.018691,0,0,0,0,0,0,0,0,0,0,0,0
0.01868,0.018777,0.01878,0,0,0,0,0,0,0,0,0,0,0,0
0.018707,0.018786,0.018686,0,0,0,0,0,0,0,0,0,0,0,0
0.018642,0.018787,0.018745,0,0,0,0,0,0,0,0,0,0,0,0
0.018676,0.01871,0.0188,0,0,0,0,0,0,0,0,0,0,0,0
0.019244,0.019289,0.019233,0,0,0,0,0,0,0,0,0,0,0,0
0.019365,0.019326,0.019349,0,0,0,0,0,0,0,0,0,0,0,0
0.019309,0.019189,0.019164,0,0,0,0,0,0,0,0,0,0,0,0
0.018841,0.018932,0.018787,0,0,0,0,0,0,0,0,0,0,0,0
0.018673,0.018754,0.018779,0,0,0,0,0,0,0,0,0,0,0,0
0.018678,0.018777,0.018722,0,0,0,0,0,0,0,0,0,0,0,0
0.018744,0.018832,0.018704,0,0,0,0,0,0,0,0,0,0,0,0
0.018681,0.018759,0.018729,0,0,0,0,0,0,0,0,0,0,0,0
0.018599,0.01877,0.018739,0,0,0,0,0,0,0,0,0,0,0,0
0.018652,0.018738,0.018696,0,0,0,0,0,0,0,0,0,0,0,0
0.018676,0.018803,0.018743,0,0,0,0,0,0,0,0,0,0,0,0
0.01913,0.019196,0.019041,0,0,0,0,0,0,0,0,0,0,0,0
0.019405,0.019345,0.019281,0,0,0,0,0,0,0,0,0,0,0,0
0.019301,0.019303,0.019192,0,0,0,0,0,0,0,0,0,0,0,0
0.019344,0.019223,0.019172,0,0,0,0,0,0,0,0,0,0,0,0
0.01913,0.019082,0.019105,0,0,0,0,0,0,0,0,0,0,0,0
0.018939,0.018962,0.018871,0,0,0,0,0,0,0,0,0,0,0,0
0.018635,0.01873,0.018739,0,0,0,0,0,0,0,0,0,0,0,0
0.018651,0.018749,0.018737,0,0,0,0,0,0,0,0,0,0,0,0
0.018631,0.018749,0.018729,0,0,0,0,0,0,0,0,0,0,0,0
0.018651,0.018777,0.018695,0,0,0,0,0,0,0,0,0,0,0,0
0.018698,0.018739,0.018626,0,0,0,0,0,0,0,0,0,0,0,0
0.018635,0.018723,0.018698,0,0,0,0,0,0,0,0,0,0,0,0
0.018651,0.018772,0.018691,0,0,0,0,0,0,0,0,0,0,0,0
0.018671,0.018804,0.018666,0,0,0,0,0,0,0,0,0,0,0,0
0.019277,0.019341,0.019268,0,0,0,0,0,0,0,0,0,0,0,0
0.019388,0.019385,0.019307,0,0,0,0,0,0,0,0,0,0,0,0
0.019392,0.019252,0.019234,0,0,0,0,0,0,0,0,0,0,0,0
0.021914,0.021681,0.021603,0,0,0,0,0,0,0,0,0,0,0,0
0.020718,0.020612,0.020537,0,0,0,0,0,0,0,0,0,0,0,0
0.020479,0.020288,0.020238,0,0,0,0,0,0,0,0,0,0,0,0
0.020445,0.020387,0.020248,0,0,0,0,0,0,0,0,0,0,0,0
0.019198,0.019119,0.019077,0,0,0,0,0,0,0,0,0,0,0,0
0.018649,0.018724,0.018648,0,0,0,0,0,0,0,0,0,0,0,0
0.020564,0.020661,0.020537,0,0,0,0,0,0,0,0,0,0,0,0
