0.20331
0.21486
0.059425
0.031076
0.040707
0.035045
0.029404
0.026071
0.026019
0.025487
0.025001
0.023948
0.024679
0.024458
0.025437
0.023889
0.025206
0.024509
0.023978
0.024489
0.024931
0.023265
0.023261
0.022961
0.02311
0.02282
0.023341
0.023214
0.022922
0.022687
0.022581
0.022976
0.022453
0.022196
0.021885
0.022804
0.022407
0.022712
0.022615
0.024026
0.023535
0.023125
0.024171
0.023518
0.02482
0.024403
0.023366
0.024355
0.024412
0.063566
0.025111
0.023633
0.0237
0.023261
0.028061
0.033176
0.023815
0.023854
0.024424
0.023214
0.024328
0.024442
0.02464
0.02486
0.024696
0.022589
0.02266
0.022559
0.022673
0.022468
0.022466
0.023291
0.022476
0.022453
0.023466
0.022807
0.023427
0.023313
0.023482
0.022586
0.022295
0.022626
0.022772
0.023312
0.024637
0.024455
0.025021
0.023512
0.022486
0.024578
0.024128
0.024562
0.02437
0.024098
0.025449
0.024016
0.024931
0.024713
0.028149
0.025881
0.02528
0.023261
0.024036
0.023423
0.023699
0.023698
0.023847
0.02379
0.023736
0.024382
0.024341
0.024345
0.024629
0.025334
0.02469
0.024202
0.023624
0.024061
0.024556
0.024542
0.024556
0.023423
0.024085
0.024493
0.024566
0.025188
0.025378
0.024793
0.024518
0.024589
0.025167
0.024764
0.024619
0.024515
0.024672
0.024382
0.024715
0.023695
0.023896
0.024672
0.024276
0.024906
0.024167
0.02467
0.024859
0.024738
0.024756
0.023737
0.024828
0.024766
0.024051
0.02404
0.024255
0.023618
0.024403
0.0242
0.023278
0.023243
0.024202
0.024288
0.024371
0.023451
0.02328
0.02362
