1
114.8487,44.6856,104.0026,104.2788
109.5186,38.5355,104.0026,104.2788
109.1086,34.8455,104.0026,104.2788
105.4186,32.7955,104.0026,104.2788
105.0086,30.7455,104.0026,104.2788
107.0060,30.2870,100.8279,101.0957
112.9683,29.8895,100.8279,101.0957
118.9306,27.9021,100.8279,101.0957
130.4577,12.4001,100.8279,101.0957
137.2150,8.8227,100.8279,101.0957
143.9723,11.6051,100.8279,101.0957
151.5245,15.1825,100.8279,101.0957
162.2056,21.8928,97.7501,98.0097
170.2486,28.3983,94.7662,95.0179
190.0009,6.3123,91.8735,92.1175
191.0410,15.3242,89.0690,89.3055
194.8846,24.7822,91.9156,92.1598
195.2469,33.1163,91.9156,92.1598
198.5081,42.1751,91.9156,92.1598
200.3005,50.4859,94.8533,95.1052
198.4308,56.8428,94.8533,95.1052
198.7567,64.6512,91.9578,92.2021
199.7977,70.7712,89.1508,89.3876
198.6982,81.6248,86.4295,86.6590
198.9952,86.0139,83.7912,84.0137
195.3616,92.9508,83.7912,84.0137
195.0136,80.0469,86.4691,86.6988
189.2004,110.3634,89.2327,89.4697
185.2857,123.3376,86.5088,86.7386
183.5622,122.2925,89.2737,89.5107
181.7837,121.2141,92.1268,92.3715
180.6941,121.5773,92.1268,92.3715
186.8216,116.0866,89.3146,89.5518
194.8747,93.8627,86.5883,86.8182
191.0760,92.1156,83.9451,84.1681
190.0407,62.6236,81.3827,81.5988
190.3203,62.9066,78.8985,79.1080
187.5210,38.9568,78.8985,79.1080
186.5480,26.7896,76.4901,76.6932
182.0248,17.4418,76.4901,76.6932
181.1202,8.0940,76.4901,76.6932
181.9861,-3.0987,74.1552,74.3521
178.1482,-9.2723,71.8916,72.0825
175.0306,-13.5235,71.8916,72.0825
168.4757,-16.6745,69.6971,69.8821
171.4628,-14.2341,67.5695,67.7490
166.3675,-11.3355,65.5070,65.6809
164.0101,-9.5583,63.5073,63.6760
163.7276,-7.8353,61.5688,61.7323
160.5723,-7.1072,61.5688,61.7323
159.3587,-5.8936,61.5688,61.7323
156.2033,-3.2237,61.5688,61.7323
152.0641,-3.4820,63.5365,63.7052
150.8118,-1.2277,63.5365,63.7052
151.5310,2.4998,61.5970,61.7606
148.8599,8.5706,61.5970,61.7606
144.2331,10.7404,63.5657,63.7345
141.9778,14.4993,63.5657,63.7345
140.2103,16.7385,65.5972,65.7714
137.3324,22.1385,63.5948,63.7637
136.5481,25.3681,61.6536,61.8173
135.7878,29.9574,59.7716,59.9303
136.4644,33.9353,57.9470,58.1009
132.5809,35.5344,57.9470,58.1009
131.4094,39.3909,56.1782,56.3274
128.0873,39.6124,56.1782,56.3274
127.3945,43.7941,54.4633,54.6080
124.1739,47.8735,54.4633,54.6080
120.5124,48.5039,56.2040,56.3532
115.8476,48.7112,58.0003,58.1543
111.9605,53.5128,58.0003,58.1543
108.0734,58.7718,58.0003,58.1543
104.6143,66.7476,56.2298,56.3791
100.8459,72.7327,56.2298,56.3791
96.6223,83.1370,58.0269,58.1810
91.8062,90.6712,59.8814,60.0405
85.8919,101.2790,61.7952,61.9594
79.8016,110.7799,61.7952,61.9594
73.2110,120.7523,63.7702,63.9396
61.8982,133.0707,63.7702,63.9396
55.5998,142.8591,65.8083,65.9831
42.8737,151.9225,67.9116,68.0919
32.4182,162.3465,70.0820,70.2681
20.5234,171.4459,72.3218,72.5139
7.1079,140.9209,74.6332,74.8314
62.7001,99.4167,77.0185,77.2230
47.8062,103.9515,79.4800,79.6911
31.1830,111.7646,82.0202,82.2380
12.7351,118.5340,84.6416,84.8663
2.3483,130.1733,82.0579,82.2758
0.6893,140.8103,79.5530,79.7643
0.9626,143.5958,77.1246,77.3295
-23.0568,142.0756,77.1246,77.3295
-23.3608,148.4605,77.1246,77.3295
-24.2892,146.9207,79.5895,79.8009
-23.9755,154.1372,79.5895,79.8009
-25.5611,155.0583,82.1332,82.3513
-25.2789,140.4496,79.6261,79.8375
-23.7497,135.7039,77.1955,77.4005
-24.0540,134.7910,77.1955,77.4005
-24.3583,150.9201,77.1955,77.4005
-23.4844,150.5798,74.8391,75.0378
-23.2273,147.2996,72.5546,72.7473
-22.4059,139.5430,70.3398,70.5266
-21.6097,122.0406,68.1927,68.3738
-21.3753,117.4387,66.1111,66.2866
-20.6269,114.0198,64.0930,64.2632
-20.4067,114.7480,62.1365,62.3016
-19.7033,110.0648,60.2398,60.3998
-19.4963,104.5748,58.4010,58.5561
-18.3747,100.6337,56.6183,56.7686
-17.2707,89.6824,58.4278,58.5830
-18.8954,84.3698,60.2951,60.4553
-19.6212,75.5597,62.2222,62.3874
-20.3702,65.9775,64.2108,64.3813
-19.6433,59.6192,62.2507,62.4161
-20.4110,53.9459,60.3505,60.5108
-19.2215,42.7638,60.3505,60.5108
-18.5205,29.6632,62.2793,62.4447
-19.2702,17.1259,64.2698,64.4404
-20.0438,9.7619,66.3238,66.5000
-19.8159,7.3779,64.2993,64.4700
-19.0880,3.5457,62.3365,62.5021
-18.3824,-2.6270,60.4337,60.5942
-18.1441,-10.4890,60.4337,60.5942
-20.7954,-5.0376,58.5889,58.7445
-18.2671,-12.2125,60.4614,60.6220
-23.2853,-21.5236,62.3938,62.5595
-23.0709,-24.2584,60.4892,60.6498
-22.3683,-25.4660,62.4224,62.5882
-22.1538,-31.1550,60.5169,60.6777
-21.4687,-24.2646,58.6696,58.8255
-20.8045,-24.5232,56.8787,57.0298
-21.0576,-23.8770,55.1425,55.2889
-20.4170,-25.8475,56.9049,57.0560
-20.6702,-22.0603,55.1678,55.3143
-20.0294,-23.5967,56.9310,57.0822
-19.3849,-23.3988,55.1931,55.3397
-19.1953,-23.6421,53.5084,53.6505
-19.0114,-22.1904,51.8750,52.0128
-19.2269,-23.2261,53.5329,53.6751
-18.6208,-23.4620,51.8988,52.0366
-18.0333,-22.0540,50.3146,50.4482
-17.8604,-21.8791,48.7787,48.9083
-17.3082,-21.7095,47.2897,47.4153
-16.7589,-22.2808,48.8011,48.9307
-16.9760,-21.3416,47.3114,47.4371
-17.5456,-21.5401,48.8235,48.9532
-17.3531,-21.3476,48.8235,48.9532
-18.3258,-22.3224,50.3839,50.5177
-17.7405,-22.1365,51.9942,52.1323
-18.3664,-23.1746,53.6559,53.7984
-19.0010,-23.3861,53.6559,53.7984
-18.7895,-24.0207,53.6559,53.7984
-19.4240,-23.3861,53.6559,53.7984
-19.6356,-23.5976,53.6559,53.7984
-19.8471,-23.8091,53.6559,53.7984
-19.2125,-24.0207,53.6559,53.7984
-19.8584,-23.3997,55.3708,55.5178
-19.2316,-23.2072,53.6805,53.8231
-19.4432,-23.8421,53.6805,53.8231
-19.6548,-24.4769,53.6805,53.8231
-19.8665,-24.2653,53.6805,53.8231
