0.19435
0.22167
0.057359
0.030569
0.039058
0.033154
0.027223
0.024062
0.023849
0.023823
0.023364
0.023888
0.023286
0.023458
0.02293
0.022715
0.022277
0.022733
0.022582
0.022805
0.023239
0.02297
0.022434
0.022844
0.022456
0.022629
0.022195
0.022732
0.02218
0.022693
0.022233
0.022954
0.022412
0.063944
0.028865
0.03185
0.025815
0.022665
0.022457
0.022603
0.023055
0.022964
0.023511
0.022528
0.023017
0.022649
0.022508
0.022343
0.022522
0.022498
0.022401
0.022906
0.025389
0.024272
0.024053
0.022423
0.022319
0.022372
0.022392
0.022372
0.022334
0.022411
0.022531
0.022534
0.022407
0.022424
0.022655
0.02251
0.022473
0.022411
0.022525
0.022403
0.022285
0.022374
0.022388
0.022589
0.022541
0.022348
0.022278
0.02232
0.022275
0.022523
0.022268
0.022426
0.022219
0.022367
0.022373
0.022216
0.022251
0.022187
0.022205
0.022197
0.022482
0.022284
0.022175
0.022128
0.022419
0.022218
0.022154
0.022232
0.022762
0.022883
0.022681
0.022527
0.022245
0.022196
0.022274
0.022379
0.022255
0.022239
0.02221
0.022601
0.023015
0.022732
0.022816
0.022659
0.022705
0.022449
0.022206
0.022371
