0.20602
0.21437
0.056187
0.027815
0.037931
0.032937
0.02659
0.023177
0.022739
0.023402
0.022964
0.022304
0.023336
0.02303
0.024145
0.023079
0.022977
0.02259
0.022817
0.021849
0.023651
0.022727
0.023251
0.022835
0.022948
0.023256
0.023301
0.022729
0.021871
0.022716
0.02202
0.022315
0.022128
0.022153
0.022121
0.022701
0.022651
0.022668
0.022791
0.022283
0.022955
0.023628
0.022971
0.022623
0.022681
0.022329
0.021697
0.021726
0.021712
0.021695
0.022352
0.022188
0.021819
0.023283
0.022225
0.02203
0.022647
0.022597
0.022189
0.022575
0.022569
0.021745
0.021959
0.022155
0.021703
0.022367
0.022318
0.02291
0.024234
0.022992
0.022937
0.024052
0.023992
0.023836
0.023653
0.022507
0.022225
0.022877
0.022042
0.022053
0.022117
0.022022
0.022085
0.022028
0.022718
NaN
NaN
NaN
NaN
0.19164
0.22302
0.055754
0.027151
0.036577
0.032266
0.026283
0.022387
0.022182
0.02259
0.022193
0.022887
0.022888
0.02305
0.023069
0.02265
0.021211
0.022638
0.022658
0.023152
0.022683
0.023085
0.022367
0.022442
0.022897
0.022762
0.022916
0.022407
0.021622
0.021554
0.021844
0.022688
0.021688
0.021925
0.021309
0.021776
0.022118
0.022113
0.021203
NaN
NaN
NaN
NaN
0.19352
0.22427
0.056104
0.027063
0.03662
0.0333
0.02626
0.021986
0.021877
0.021626
0.023561
0.020918
0.021773
0.0215
0.02186
0.020878
0.021236
0.021394
0.021101
0.020825
0.021449
0.02102
0.02159
0.021463
0.021699
0.02131
0.021847
0.02157
0.021235
0.020754
0.021192
0.021274
0.021447
0.021162
0.02127
0.020834
0.021292
0.020958
0.021146
0.020839
0.021786
0.021394
0.022124
0.021048
0.021794
0.02143
0.021185
0.021889
0.021631
0.020737
0.021092
0.020706
0.021074
0.020936
0.021044
0.020739
0.021155
0.020914
0.021245
0.020741
0.02115
0.020659
0.021682
0.021506
0.021148
NaN
NaN
NaN
NaN
0.19065
0.22266
0.055914
0.02728
0.036726
0.032398
0.025634
0.022213
0.021907
0.022607
0.022053
0.021503
0.022233
0.021931
0.021776
0.021344
0.021769
0.02174
0.021947
0.021612
0.021643
0.022049
0.02227
0.022318
0.021899
0.021724
0.021316
0.021498
0.021757
0.022056
0.021746
0.022252
0.02164
0.022037
0.021917
0.021784
0.021624
0.021756
0.021665
0.021481
0.022326
0.022004
0.02262
0.022027
0.022177
0.02178
0.021845
0.021314
0.021241
0.021462
0.021242
0.021262
0.021503
0.021867
0.021284
0.021735
0.021323
0.021877
0.021659
0.021592
0.021285
0.021218
0.021228
0.021449
0.021167
0.021317
0.021251
0.02128
0.021973
0.021497
0.021271
0.021184
0.021413
0.021231
0.021253
0.02169
NaN
NaN
NaN
NaN
0.19937
0.2144
0.056586
0.030173
0.037302
0.032384
0.026225
0.023069
0.023402
0.022618
0.022511
0.022467
0.021352
0.022174
0.021941
0.021559
0.021185
0.02142
0.021424
0.021125
0.021803
0.021296
0.021556
0.021124
0.021537
0.02122
0.021104
0.021452
0.021056
0.021141
0.061729
0.023451
0.021916
0.022193
0.022129
NaN
NaN
NaN
NaN
0.20092
0.21811
0.056736
0.027647
0.036845
0.03239
