0.0269
0.0269
0.0279
0.0279
0.0279
0.0279
0.0269
0.0269
0.0269
0.0279
0.0269
0.0279
0.0269
0.0269
0.0269
0.0279
0.0279
0.0269
0.0269
0.0269
0.0269
0.0269
0.0269
0.0279
0.0269
0.0279
0.0289
0.0279
0.0279
0.0279
0.0279
0.0279
0.0269
0.0269
0.0279
0.0269
0.0269
0.0269
0.0269
0.0269
0.0269
0.0279
0.0279
0.0269
0.0269
0.0269
0.0269
0.0269
0.0269
0.0269
0.0269
0.0269
0.0269
0.0269
0.0269
0.0269
0.0269
0.0269
0.0269
0.0269
0.0269
0.0269
0.0269
0.0269
0.0269
0.0269
0.0269
0.0269
0.0259
0.0269
0.0269
0.0259
0.0259
0.0259
0.0269
0.0259
0.0259
0.0279
0.0269
0.0269
0.0269
0.0259
0.0269
0.0269
0.0269
0.0269
0.0269
0.0269
0.0269
0.0269
0.0269
0.0269
0.0269
0.0269
0.0269
0.0269
0.0269
0.0259
0.0269
0.0269
0.0279
0.0269
0.0279
0.0269
0.0269
0.0269
0.0279
0.0269
0.0269
0.0269
0.0269
0.0269
0.0269
0.0269
0.0269
0.0269
0.0269
0.0269
0.0279
0.0269
0.0269
0.0269
0.0269
0.0269
0.0269
0.0269
0.0269
0.0279
0.0269
0.0269
0.0279
0.0269
0.0269
0.0269
0.0269
0.0269
0.0269
0.0269
0.0269
0.0269
0.0269
0.0269
0.0279
0.0269
0.0279
0.0269
0.0279
0.0279
0.0269
0.0269
0.0279
0.0269
0.0269
0.0269
0.0269
0.0279
0.0269
0.0269
0.0269
0.0269
0.0269
0.0269
0.0279
0.0269
0.0269
0.0269
0.0269
0.0269
0.0269
0.0269
0.0269
0.0269
0.0269
0.0269
0.0269
0.0269
0.0269
0.0269
0.0279
0.0269
0.0279
0.0269
0.0269
0.0269
0.0269
0.0269
0.0279
0.0279
0.0279
0.0339
0.0269