1
184.5631,21.9864,48.2116,37.7428
184.6371,22.5654,49.7525,38.9491
184.1142,23.4369,49.7525,38.9491
183.9399,26.0511,49.7525,38.9491
183.7657,27.2711,49.7525,38.9491
181.8485,29.1883,49.7525,38.9491
181.3257,30.4083,49.7525,38.9491
179.4085,31.9768,49.7525,38.9491
179.9936,33.7913,48.2338,37.7601
180.8987,35.5504,46.7614,36.6075
179.9877,36.4397,48.2559,37.7775
178.7094,37.3574,49.7982,38.9848
178.8839,38.9274,49.7982,38.9848
178.7094,39.4507,49.7982,38.9848
177.0414,40.7466,51.3897,40.2308
176.8614,42.0068,51.3897,40.2308
177.0414,42.5468,51.3897,40.2308
176.4002,44.2442,53.0321,41.5166
177.0239,45.0636,51.4133,40.2493
176.8438,46.3244,51.4133,40.2493
176.6637,47.9453,51.4133,40.2493
176.4836,48.4856,51.4133,40.2493
175.5830,50.8270,51.4133,40.2493
174.9416,52.1649,53.0565,41.5356
174.7557,53.0942,53.0565,41.5356
174.5698,53.6518,53.0565,41.5356
174.3840,54.5811,53.0565,41.5356
174.5698,55.8821,53.0565,41.5356
174.0123,56.8114,53.0565,41.5356
174.9416,57.7407,53.0565,41.5356
175.4991,57.5548,53.0565,41.5356
174.0937,57.8204,54.7522,42.8631
174.1778,57.7108,56.5021,44.2330
174.8422,57.3963,54.7773,42.8828
173.1837,57.4751,53.1052,41.5738
174.5524,57.9236,51.4842,40.3047
176.6006,58.3584,49.9126,39.0744
176.7754,58.5333,49.9126,39.0744
177.3000,58.3584,49.9126,39.0744
178.8736,57.8339,49.9126,39.0744
179.1109,57.9057,48.3890,37.8817
179.2804,57.0582,48.3890,37.8817
180.1884,57.1278,46.9119,36.7253
179.7541,57.8527,45.4799,35.6043
181.1879,58.3307,45.4799,35.6043
182.6218,57.8527,45.4799,35.6043
182.3730,58.0803,46.9334,36.7422
183.1950,57.9159,46.9334,36.7422
183.6883,57.7515,46.9334,36.7422
183.5239,57.2583,46.9334,36.7422
184.9112,57.4932,48.4334,37.9164
186.0035,57.0570,49.9814,39.1283
186.5288,55.8314,49.9814,39.1283
188.1046,56.0064,49.9814,39.1283
189.6804,54.7808,49.9814,39.1283
192.0190,54.8528,48.4557,37.9339
193.5467,53.3251,48.4557,37.9339
195.1349,53.0553,46.9765,36.7759
195.6286,53.2199,46.9765,36.7759
196.7806,52.0680,46.9765,36.7759
199.3077,51.1482,45.5426,35.6533
200.1624,50.5756,44.1524,34.5650
201.8637,49.8023,44.1524,34.5650
202.6371,49.9570,44.1524,34.5650
202.1730,49.8023,44.1524,34.5650
202.9464,49.6476,44.1524,34.5650
203.1010,49.1836,44.1524,34.5650
203.6203,49.8658,42.8046,33.5099
203.7702,49.4160,42.8046,33.5099
204.8734,50.0774,41.4980,32.4870
206.8151,50.7186,40.2312,31.4953
207.8016,51.1414,40.2312,31.4953
208.2244,50.4367,40.2312,31.4953
209.7746,49.7321,40.2312,31.4953
210.4793,49.8730,40.2312,31.4953
210.6202,49.7321,40.2312,31.4953
210.9639,50.2153,41.5170,32.5019
210.7367,50.1322,42.8439,33.5407
210.5023,50.0465,44.2132,34.6126
210.5702,49.6483,45.6263,35.7188
211.9189,48.2783,47.0845,36.8604
212.3211,47.8542,48.5893,38.0385
212.8317,47.3436,48.5893,38.0385
214.7648,46.0519,47.1061,36.8773
216.5799,45.8869,47.1061,36.8773
218.0651,45.7218,47.1061,36.8773
219.5502,45.2268,47.1061,36.8773
220.7053,45.0618,47.1061,36.8773
222.9094,44.7995,45.6682,35.7516
222.7494,43.6797,45.6682,35.7516
222.8195,42.9484,47.1277,36.8943
223.5522,42.8541,48.6339,38.0734
224.6491,42.0753,50.1883,39.2902
224.8249,40.1414,50.1883,39.2902
224.3602,40.9169,48.6563,38.0909
224.9324,39.6234,47.1710,36.9281
224.1062,37.4752,47.1710,36.9281
223.6695,38.5346,45.7311,35.8009
222.2277,37.4132,45.7311,35.8009
221.6571,35.7197,47.1927,36.9451
220.2283,34.1344,45.7521,35.8173
220.0680,32.3714,45.7521,35.8173
218.3622,31.7962,44.3555,34.7240
217.0193,29.9955,43.0015,33.6640
215.7173,28.8523,41.6889,32.6364
215.6234,28.6202,40.4163,31.6402
214.1165,28.1121,39.1826,30.6744
213.4303,26.3277,39.1826,30.6744
213.8420,24.5434,39.1826,30.6744
213.3531,23.0924,40.4349,31.6547
212.6955,22.0174,39.2006,30.6885
213.4311,22.0738,38.0040,29.7517
213.5642,21.6744,38.0040,29.7517
213.6974,20.4763,38.0040,29.7517
214.0968,18.7456,38.0040,29.7517
213.0901,17.0720,39.2186,30.7025
213.5513,16.0294,38.0214,29.7653
214.7975,15.0186,36.8608,28.8567
214.9267,12.3069,36.8608,28.8567
215.8766,11.8435,35.7356,27.9759
216.7976,10.6431,34.6448,27.1219
216.9623,9.4793,33.5872,26.2940
218.5338,9.2924,32.5620,25.4914
219.1449,8.1986,31.5680,24.7132
220.6219,8.2440,30.6044,23.9589
220.9818,7.0015,29.6702,23.2275
221.7465,6.0049,28.7645,22.5185
222.6893,5.4417,27.8865,21.8311
224.1895,5.8726,27.0352,21.1647
224.6969,6.6692,26.2099,20.5186
227.5759,7.0741,25.4099,19.8923
229.1209,5.8645,24.6342,19.2851
229.9283,4.5193,23.8823,18.6964
231.2131,3.8844,23.1533,18.1257
232.9164,5.4254,23.1533,18.1257
233.9707,6.1554,23.1533,18.1257
233.3574,5.9468,23.8932,18.7050
237.3212,4.9768,23.1639,18.1340
238.8919,3.8741,22.4568,17.5805
2
0
0
0
0
1
248.5842,39.9692,13.1147,51.6170
249.1925,39.8475,13.1147,51.6170
250.7741,38.9959,13.1147,51.6170
250.8958,39.1176,13.1147,51.6170
251.5040,37.7793,13.1147,51.6170
251.6257,35.9544,13.1147,51.6170
252.4773,34.3729,13.1147,51.6170
252.8423,33.5213,13.1147,51.6170
252.7206,32.1830,13.1147,51.6170
253.5291,32.6058,12.7143,50.0413
2
0
0
0
0
1
245.7469,99.1626,18.1011,55.4758
244.4861,99.8630,18.1011,55.4758
243.2253,100.2833,18.1011,55.4758
241.4041,100.7035,18.1011,55.4758
239.8632,101.6841,18.1011,55.4758
238.8826,102.1044,18.1011,55.4758
237.3416,103.6454,18.1011,55.4758
235.2403,102.9449,18.1011,55.4758
233.1390,103.6454,18.1011,55.4758
231.0377,103.5053,18.1011,55.4758
229.2166,103.6454,18.1011,55.4758
227.9558,104.0656,18.1011,55.4758
225.8454,104.7201,18.6796,57.2488
223.9661,104.2864,18.6796,57.2488
223.2433,105.2983,18.6796,57.2488
222.8096,105.7320,18.6796,57.2488
220.9302,105.5875,18.6796,57.2488
220.7857,105.4429,18.6796,57.2488
219.4846,105.5875,18.6796,57.2488
219.3400,106.8885,18.6796,57.2488
218.0389,108.4788,18.6796,57.2488
216.7379,109.4907,18.6796,57.2488
215.4368,110.7918,18.6796,57.2488
215.0031,112.9602,18.6796,57.2488
213.6926,114.2139,19.2766,59.0785
212.9467,115.5565,19.2766,59.0785
211.0073,117.7943,19.2766,59.0785
210.2614,120.0321,19.2766,59.0785
209.8138,121.0764,19.2766,59.0785
209.9534,122.0717,19.8927,60.9666
209.1836,123.4573,19.8927,60.9666
208.1059,124.5349,19.8927,60.9666
206.7204,124.0731,19.8927,60.9666
206.2585,124.2270,19.8927,60.9666
204.2571,124.3810,19.8927,60.9666
202.2514,125.4654,19.2855,59.1056
200.0126,125.0177,19.2855,59.1056
197.7738,124.5699,19.2855,59.1056
196.4306,125.6147,19.2855,59.1056
193.8933,125.7639,19.2855,59.1056
191.0478,124.9687,19.9018,60.9946
188.7374,125.7388,19.9018,60.9946
186.4271,126.2009,19.9018,60.9946
183.5007,128.2032,19.9018,60.9946
180.2662,129.8974,19.9018,60.9946
2
0
0
0
0
1
144.1068,201.1278,70.7230,48.9975
143.4027,202.3013,70.7230,48.9975
140.3517,204.4136,70.7230,48.9975
138.5174,205.2735,72.9833,50.5635
135.8532,206.0001,72.9833,50.5635
133.1890,208.1799,72.9833,50.5635
130.5249,208.9065,72.9833,50.5635
128.3451,209.6331,72.9833,50.5635
126.6497,209.8753,72.9833,50.5635
126.4075,210.1175,72.9833,50.5635
125.1965,210.8441,72.9833,50.5635
123.7880,211.7315,75.3158,52.1795
123.5381,212.4813,75.3158,52.1795
122.7882,213.2311,75.3158,52.1795
120.5388,216.9802,75.3158,52.1795
118.0855,217.3961,77.7229,53.8472
116.0697,217.8252,80.2069,55.5681
111.8601,218.8005,82.7703,57.3441
107.7400,221.8219,82.7703,57.3441
105.8172,223.1953,82.7703,57.3441
102.7958,223.4700,82.7703,57.3441
99.7743,224.2940,82.7703,57.3441
97.8516,224.5687,82.7703,57.3441
97.0275,225.3927,82.7703,57.3441
96.2035,225.1181,82.7703,57.3441
94.2807,223.7447,82.7703,57.3441
92.3580,224.0193,82.7703,57.3441
90.9846,223.1953,82.7703,57.3441
89.9366,222.5536,85.4157,59.1768
88.6892,224.3072,82.8083,57.3704
87.8648,222.9332,82.8083,57.3704
86.4907,220.4599,82.8083,57.3704
84.5671,220.1851,82.8083,57.3704
84.2923,218.2615,82.8083,57.3704
84.7318,218.8623,80.2806,55.6192
82.6496,217.7071,82.8464,57.3968
81.9896,217.7583,80.3174,55.6447
80.1238,218.0249,80.3174,55.6447
79.1069,215.8030,82.8844,57.4231
74.7568,215.1604,85.5334,59.2583
69.6999,215.0650,88.2670,61.1522
68.5823,213.2090,91.0880,63.1067
66.0429,215.0791,88.3075,61.1803
64.3387,215.5667,91.1299,63.1356
59.8024,216.4739,91.1299,63.1356
60.2861,220.1593,88.3481,61.2084
57.4083,219.4744,91.1717,63.1646
57.1058,219.7770,91.1717,63.1646
59.4050,222.8589,88.3886,61.2365
62.8073,227.0201,85.6906,59.3672
64.9682,231.0543,83.0748,57.5550
68.5522,231.3300,83.0748,57.5550
73.4041,233.5869,80.5389,55.7982
79.1770,233.6367,78.0805,54.0949
85.8101,232.1303,75.6970,52.4436
92.7431,233.1819,73.3864,50.8428
96.0550,231.7661,71.1462,49.2908
97.7077,232.0022,71.1462,49.2908
95.2521,229.2129,68.9745,47.7862
101.4323,230.3574,68.9745,47.7862
104.0873,230.4001,66.8690,46.3275
104.5721,231.2131,69.0061,47.8081
103.4271,234.6481,69.0061,47.8081
101.6373,233.6552,71.2116,49.3361
100.2631,233.1031,73.4875,50.9128
98.8449,232.5334,75.8361,52.5400
95.0699,232.7850,75.8361,52.5400
91.7982,231.0234,75.8361,52.5400
91.6973,231.0703,73.5212,50.9362
91.9413,228.3864,73.5212,50.9362
90.2334,227.1665,73.5212,50.9362
89.9894,224.4827,73.5212,50.9362
2
0
0
0
0
1
172.8074,210.9101,45.9833,49.5379
171.5085,209.5544,47.4529,51.1211
171.7025,209.7484,47.4529,51.1211
171.8966,209.9425,47.4529,51.1211
170.9442,208.9315,48.9695,52.7550
171.5449,209.5322,48.9695,52.7550
172.5459,209.7324,48.9695,52.7550
172.7645,208.6891,50.5346,54.4410
173.8164,207.6126,52.1497,56.1810
176.1812,206.9280,53.8164,57.9765
177.7214,206.2679,53.8164,57.9765
177.5014,206.4879,53.8164,57.9765
178.6015,207.1480,53.8164,57.9765
179.7016,207.8081,53.8164,57.9765
180.3819,207.9818,55.5364,59.8294
196.8965,211.3926,53.8411,58.0031
199.7582,211.6127,53.8411,58.0031
202.6198,210.9523,53.8411,58.0031
203.7205,210.2919,53.8411,58.0031
204.8211,209.1913,53.8411,58.0031
204.1809,203.6417,55.5619,59.8569
204.4288,201.5494,57.3376,61.7699
204.6847,195.6394,59.1701,63.7441
206.4002,193.4112,61.0612,65.7813
208.6470,191.6637,61.0612,65.7813
211.3931,188.9176,61.0612,65.7813
218.0670,183.6804,59.1973,63.7733
223.0849,183.9277,57.3903,61.8266
225.2181,183.6436,59.2245,63.8026
228.3659,181.9487,59.2245,63.8026
232.9665,180.2537,59.2245,63.8026
237.0182,181.9539,57.4166,61.8550
237.2744,182.6087,59.2517,63.8319
237.5388,181.3464,61.1453,65.8720
240.7887,179.5965,61.1453,65.8720
246.4718,179.8519,59.2789,63.8612
248.6530,179.6095,59.2789,63.8612
252.2237,180.8266,57.4693,61.9118
255.2155,182.0065,55.7151,60.0220
259.9383,180.4169,54.0144,58.1898
262.8092,177.5460,54.0144,58.1898
265.7002,175.5119,55.7407,60.0495
275.0647,168.3992,57.5221,61.9687
279.5331,165.8123,57.5221,61.9687
283.0823,160.3536,59.3605,63.9492
286.2595,156.6621,61.2577,65.9930
291.0409,153.3535,63.2155,68.1022
296.4685,149.9936,63.2155,68.1022
301.8271,148.1900,61.2858,66.0233
306.0866,147.4383,61.2858,66.0233
309.8680,146.1327,63.2445,68.1334
314.7809,144.8398,63.2445,68.1334
320.2346,142.9753,65.2658,70.3110
329.5027,141.6469,63.2736,68.1647
334.4415,139.7816,65.2958,70.3433
337.9364,137.3227,67.3826,72.5914
342.6198,136.4962,67.3826,72.5914
345.5766,135.1247,65.3258,70.3756
346.9120,134.8576,65.3258,70.3756
350.8470,134.5963,63.3317,68.2273
353.6261,134.8609,61.3984,66.1447
352.8960,135.5611,63.3607,68.2586
354.1221,135.3076,61.4266,66.1750
354.3732,135.0565,61.4266,66.1750
363.0961,128.2811,59.5516,64.1550
365.2224,128.5299,57.7337,62.1967
364.5359,127.2999,59.5789,64.1845
364.7795,126.0820,59.5789,64.1845
364.0487,125.8384,59.5789,64.1845
363.8051,125.5948,59.5789,64.1845
362.1223,125.2999,61.4830,66.2358
361.8709,123.5403,61.4830,66.2358
360.6141,124.2944,61.4830,66.2358
360.3627,123.0376,61.4830,66.2358
360.1113,121.7807,61.4830,66.2358
