1
592.7975,303.0074,191.2176,209.9442
601.4818,303.7969,191.2176,209.9442
627.2949,336.2117,185.3806,203.5355
640.0742,350.7988,179.7218,197.3226
653.9474,373.8448,174.2357,191.2992
651.8825,347.0489,179.8043,197.4131
644.9762,337.4420,174.3157,191.3871
595.4107,266.0129,179.8868,197.5038
584.3665,259.1433,185.6360,203.8160
594.0977,261.4877,179.9694,197.5945
615.4203,263.7605,174.4758,191.5628
611.6001,283.2523,169.1499,185.7153
651.1950,303.5459,163.9865,180.0463
609.8953,282.5575,163.9865,180.0463
621.1997,292.7530,158.9808,174.5503
628.2208,284.2587,154.1278,169.2221
657.9360,305.2954,149.4230,164.0566
692.9132,313.3516,144.8619,159.0487
747.1577,355.8509,140.4399,154.1937
747.5616,362.2631,136.1529,149.4869
759.1959,377.4736,131.9968,144.9237
757.3958,383.5003,127.9676,140.4999
765.3207,392.4820,127.9676,140.4999
772.0289,396.2114,124.0613,136.2111
2
0
0
0
0
1
668.5997,182.6296,242.8519,242.6417
669.5554,183.5853,242.8519,242.6417
700.9772,188.2443,235.4388,235.2350
688.8197,192.7611,228.2520,228.0544
673.5496,191.8629,228.2520,228.0544
688.7105,194.4454,221.2845,221.0929
691.2170,181.2742,214.5297,214.3440
637.9788,155.0546,221.3861,221.1944
635.3122,150.6486,228.4616,228.2638
614.6337,124.5757,228.4616,228.2638
586.7081,102.0477,235.7632,235.5591
572.7911,75.1415,235.7632,235.5591
577.3738,51.8935,243.2982,243.0876
568.7567,26.0423,243.2982,243.0876
585.0334,2.1059,243.2982,243.0876
601.1937,-12.3755,235.8714,235.6673
607.6349,-33.7777,243.4099,243.1992
2
0
0
0
0
1
652.6792,428.0587,193.6753,232.7186
653.7767,446.9788,199.8651,240.1563
654.2313,465.3539,193.7642,232.8254
654.6721,493.2345,187.8495,225.7184
666.8709,479.4091,187.8495,225.7184
666.3088,474.9889,193.8531,232.9323
665.4696,469.1141,193.8531,232.9323
