0.19788
0.22292
0.058667
0.029859
0.038949
0.034719
0.027894
0.02453
0.024759
0.024843
0.023763
0.023339
0.023307
0.023153
0.023696
0.023328
0.023234
0.022797
0.023144
0.023126
0.023086
0.022826
0.023127
0.023251
0.023169
0.023036
0.022799
0.023354
0.023406
0.022685
0.022776
0.023676
0.020245
0.021928
0.021725
0.022056
0.021806
0.022237
0.021988
0.02216
0.02265
0.022391
0.022866
0.022201
0.021891
0.022043
0.020709
0.020629
0.020551
0.020381
0.020683
0.022021
0.021209
0.022047
0.021382
0.022379
0.021827
0.021229
0.02187
0.021989
0.021839
0.020398
0.020571
0.020878
0.020578
0.020521
0.020591
0.020393
0.021924
0.021824
0.020397
0.021212
0.02171
0.021536
0.022179
0.021544
0.021528
0.022218
0.021197
0.022018
0.021269
0.021982
0.021203
0.021928
0.021253
0.021158
0.021192
0.021101
0.021991
0.022112
0.021096
0.021062
0.0215
0.020483
0.020333
0.020287
0.020276
0.02062
0.020449
0.020755
0.021223
0.021126
0.021033
0.02218
0.020362
0.020594
0.020332
0.020434
0.020558
0.021952
0.02126
0.022369
0.022316
0.021944
0.022411
0.021907
0.022601
0.023225
0.023291
0.023382
0.021936
0.021625
0.021845
0.021889
0.022063
0.02367
0.02334
0.023779
0.023438
0.02374
0.023888
0.023541
0.023054
0.023229
0.023361
0.024371
0.023803
0.022466
0.024242
0.024285
0.023532
0.022829
0.022029
0.025148
0.024361
0.023147
0.024384
0.02368
0.024447
0.023548
0.023583
0.023544
0.02271
0.022446
0.023709
0.022893
0.021965
0.023728
0.022983
0.022759
0.023703
0.023548
0.023557
0.023574
0.023579
0.023659
0.024497
0.023656
0.025743
0.024068
0.023775
0.023782
0.022898
0.024494
0.02269
0.022872
0.023521
0.023317
0.022745
0.023017
0.022929
0.022823
0.023413
0.023642
0.023529
0.023581
0.023539
0.023557
0.022822
0.023561
0.02395
0.024784
0.023934
0.02388
0.024024
0.023974
